2020-09-22 00
<HTML>
<TITLE>University of Wyoming - Radiosonde Data</TITLE>
<BODY BGCOLOR="white">
<H2>96749 WIII Jakarta Observations at 00Z 22 Sep 2020</H2>
<PRE>
-----------------------------------------------------------------------------
   PRES   HGHT   TEMP   DWPT   RELH   MIXR   DRCT   SKNT   THTA   THTE   THTV
    hPa     m      C      C      %    g/kg    deg   knot     K      K      K 
-----------------------------------------------------------------------------
 1011.0      8   23.8   21.5     87  16.25      0      0  296.0  343.0  298.9
 1000.0    107   24.0   21.4     85  16.33    200      3  297.1  344.6  300.1
  984.0    249   25.4   20.9     76  16.09    251      4  299.9  347.2  302.8
  978.0    303   25.1   20.6     76  15.84    270      5  300.1  346.8  303.0
  945.0    604   23.4   18.6     74  14.50    285      6  301.4  344.3  304.0
  925.0    792   22.4   17.4     73  13.70    270      7  302.2  342.9  304.7
  882.0   1203   19.6   15.6     78  12.79    240      7  303.4  341.7  305.8
  850.0   1522   17.4   14.2     81  12.12    240      4  304.4  340.7  306.6
  844.0   1583   17.0   13.6     80  11.73    237      4  304.6  339.8  306.7
  794.0   2102   15.2   10.6     74  10.24    215      5  307.9  339.2  309.8
  790.0   2145   15.0   10.4     74  10.12    202      5  308.2  339.2  310.1
  766.0   2404   13.2    9.8     80  10.02    125      2  309.0  339.8  310.9
  740.0   2694   11.2    9.1     87   9.90    125      1  309.9  340.4  311.7
  725.0   2866   10.0    8.7     92   9.83    107      2  310.4  340.8  312.2
  700.0   3158    9.0    6.4     84   8.69     75      4  312.4  339.6  314.1
  688.0   3301    8.3    5.5     82   8.30     75      6  313.2  339.3  314.8
  641.0   3886    5.6    1.8     77   6.85     75     15  316.5  338.5  317.8
  617.0   4196    3.6    0.5     80   6.47     75     20  317.7  338.5  318.9
  577.0   4740    0.0   -1.8     88   5.85     90     15  319.6  338.7  320.8
  565.0   4908   -1.7   -2.6     94   5.63     94     13  319.6  337.9  320.6
  551.0   5108   -2.3   -4.1     87   5.17    100     11  321.2  338.2  322.2
  545.0   5196   -2.5   -4.7     85   4.98     91     11  321.9  338.4  322.9
  531.0   5403   -1.9   -8.6     60   3.79     70     11  325.1  337.9  325.8
  527.0   5463   -1.7   -9.7     54   3.49     72     11  326.0  337.9  326.7
  511.0   5708   -3.9  -10.8     59   3.31     80     10  326.1  337.6  326.8
  500.0   5880   -5.5  -11.5     63   3.19     85     10  326.3  337.3  326.9
  492.0   6006   -6.1  -12.1     63   3.09     76     11  327.0  337.7  327.6
  477.0   6247   -7.5  -16.5     49   2.22     60     13  328.2  336.1  328.7
  473.0   6312   -8.0  -15.8     54   2.38     55     14  328.3  336.7  328.8
  451.0   6679  -11.1  -11.7     95   3.48     77     15  329.0  341.1  329.7
  438.0   6901  -12.3  -13.1     94   3.20     90     16  330.2  341.4  330.9
  400.0   7590  -16.1  -17.5     89   2.43     85     14  334.0  342.7  334.5
  397.0   7647  -16.5  -18.0     88   2.35     85     14  334.2  342.6  334.6
  385.0   7876  -18.5  -21.1     80   1.86     84     15  334.5  341.3  334.9
  371.0   8151  -20.1  -24.4     69   1.44     84     16  335.9  341.3  336.2
  359.0   8393  -22.1  -23.4     89   1.63     83     17  336.4  342.4  336.8
  344.0   8705  -22.9  -27.2     68   1.20     82     18  339.5  344.0  339.7
  300.0   9690  -30.7  -33.9     73   0.73     80     21  342.0  344.9  342.1
  293.0   9859  -32.1  -34.8     77   0.68     80     21  342.3  345.0  342.5
  267.0  10513  -36.7  -41.4     62   0.38     80     21  344.8  346.4  344.9
  264.0  10593  -37.3  -42.2     60   0.36     83     20  345.1  346.5  345.1
  259.0  10726  -38.1  -46.1     43   0.24     89     18  345.8  346.8  345.8
  251.0  10943  -40.1  -46.1     53   0.24     99     14  345.9  347.0  346.0
  250.0  10970  -40.3                         100     14  346.0         346.0
  214.0  11994  -49.4                         135     14  347.7         347.7
  200.0  12440  -53.3                         130     18  348.2         348.2
  161.0  13782  -63.9                         140     28  352.7         352.7
  150.0  14220  -67.3                         130     32  354.0         354.0
  124.0  15338  -76.7                          84     34  356.7         356.7
  112.0  15914  -80.5                          60     35  360.1         360.1
  109.0  16068  -81.5                          65     34  361.0         361.0
  101.0  16494  -81.5                          80     30  369.0         369.0
  100.0  16550  -81.5                          85     27  370.0         370.0
   97.2  16710  -81.1                          99     23  373.8         373.8
   96.0  16781  -79.0                         105     21  379.2         379.2
   93.7  16920  -74.9                          87     21  389.9         389.9
   91.7  17046  -72.3                          72     20  397.5         397.5
   86.0  17423  -72.8                          25     19  403.8         403.8
   82.0  17702  -73.2                           0     12  408.5         408.5
   78.0  17996  -73.7                         320      3  413.5         413.5
   74.1  18297  -74.1                         184      6  418.7         418.7
   74.0  18305  -74.1                         180      6  418.9         418.9
   70.4  18597  -73.5                         144     13  426.1         426.1
   70.0  18630  -73.5                         140     14  426.8         426.8
   67.5  18844  -69.3                         152     18  440.4         440.4
   64.0  19161  -69.3                         170     24  447.1         447.1
   61.0  19447  -69.3                         145     21  453.3         453.3
   60.5  19496  -69.3                         144     18  454.3         454.3
   58.0  19748  -68.3                         140      5  462.0         462.0
   56.4  19915  -67.7                         206      5  467.2         467.2
   55.5  20012  -64.9                         244      5  475.7         475.7
   55.0  20068  -64.5                         265      5  477.9         477.9
   53.1  20282  -62.9                         165      7  486.4         486.4
   52.0  20410  -63.6                         105      8  487.6         487.6
   50.4  20601  -64.7                          77     13  489.5         489.5
   50.0  20650  -64.5                          70     14  491.1         491.1
   47.6  20953  -60.9                         354     20  506.6         506.6
   47.0  21031  -61.0                         335     22  508.2         508.2
   43.0  21580  -61.7                         310     29  519.5         519.5
   37.4  22442  -62.9                         293     22  537.6         537.6
   35.0  22853  -59.7                         285     19  556.4         556.4
   34.6  22924  -59.1                         281     19  559.7         559.7
   32.0  23415  -58.3                         250     20  574.3         574.3
   30.0  23820  -57.7                         260     34  586.8         586.8
   29.0  24033  -57.9                         260     34  591.8         591.8
   26.7  24553  -58.5                         219     25  604.4         604.4
   24.0  25231  -56.5                         165     13  628.8         628.8
   23.0  25501  -55.7                         125     11  638.9         638.9
   21.0  26080  -54.0                         110     14  660.8         660.8
   20.0  26390  -53.1                          85     12  672.9         672.9
   19.0  26722  -52.3                          75      9  685.4         685.4
   18.1  27035  -51.5                          97      5  697.4         697.4
   18.0                                       100      5                     
</PRE><H3>Station information and sounding indices</H3><PRE>
                         Station identifier: WIII
                             Station number: 96749
                           Observation time: 200922/0000
                           Station latitude: -6.11
                          Station longitude: 106.65
                          Station elevation: 8.0
                            Showalter index: 1.09
                               Lifted index: -0.80
    LIFT computed using virtual temperature: -1.17
                                SWEAT index: 188.41
                                    K index: 34.50
                         Cross totals index: 19.70
                      Vertical totals index: 22.90
                        Totals totals index: 42.60
      Convective Available Potential Energy: 185.99
             CAPE using virtual temperature: 237.05
                      Convective Inhibition: -97.43
             CINS using virtual temperature: -72.51
                           Equilibrum Level: 346.83
 Equilibrum Level using virtual temperature: 346.12
                   Level of Free Convection: 745.64
             LFCT using virtual temperature: 758.13
                     Bulk Richardson Number: 30.52
          Bulk Richardson Number using CAPV: 38.90
  Temp [K] of the Lifted Condensation Level: 292.88
Pres [hPa] of the Lifted Condensation Level: 928.76
   Equivalent potential temp [K] of the LCL: 345.51
     Mean mixed layer potential temperature: 299.15
              Mean mixed layer mixing ratio: 15.86
              1000 hPa to 500 hPa thickness: 5773.00
Precipitable water [mm] for entire sounding: 55.90
</PRE>
<P>Description of the 
<A HREF="/upperair/columns.html">data columns</A>
or <A HREF="/upperair/indices.html">sounding indices</A>.

<P>
<FORM>
<INPUT CLASS="button" TYPE="button" VALUE=" Close this window " 
 onClick="window.close();">
<INPUT CLASS="button" TYPE="button" VALUE=" Select another map " 
 onClick="window.blur();">
</FORM>
<HR SIZE="1">
<I>Interested in graduate studies in atmospheric science?
Check out our program at the
<a href="http://www.uwyo.edu/atsc/howtoapply/"
target=_top>University of Wyoming
</a></I>
<HR SIZE="1"><FONT SIZE="-1">
Questions about the weather data provided by this site can be
addressed to <A HREF="mailto:ldoolman@uwyo.edu">
Larry Oolman (ldoolman@uwyo.edu)</A></FONT>
<HR SIZE="1">
<SCRIPT TYPE="text/javascript">
<!--
window.focus();
// -->
</SCRIPT>
</BODY>
</HTML>
