2020-09-26 00
<HTML>
<TITLE>University of Wyoming - Radiosonde Data</TITLE>
<BODY BGCOLOR="white">
<H2>96749 WIII Jakarta Observations at 00Z 26 Sep 2020</H2>
<PRE>
-----------------------------------------------------------------------------
   PRES   HGHT   TEMP   DWPT   RELH   MIXR   DRCT   SKNT   THTA   THTE   THTV
    hPa     m      C      C      %    g/kg    deg   knot     K      K      K 
-----------------------------------------------------------------------------
 1010.0      8   25.6   23.4     88  18.32    240      3  297.9  351.3  301.2
 1000.0     93   25.4   21.3     78  16.23    210      5  298.6  346.0  301.4
  988.0    200   26.0   21.2     75  16.33    202      4  300.2  348.2  303.1
  977.0    299   25.3   20.9     77  16.20    195      3  300.4  348.1  303.3
  945.0    594   23.1   20.0     83  15.81     45      6  301.1  347.8  303.9
  929.0    745   22.0   19.5     86  15.61     53      8  301.4  347.6  304.2
  925.0    783   21.8   19.3     86  15.48     55      9  301.6  347.4  304.4
  904.0    984   21.6   15.6     69  12.48     77      8  303.4  340.7  305.6
  882.0   1197   20.2   15.2     73  12.44    100      7  304.1  341.4  306.4
  854.0   1477   18.4   14.6     79  12.38     77     12  305.0  342.3  307.3
  852.0   1498   18.4   14.5     78  12.33     75     12  305.2  342.3  307.5
  850.0   1518   18.4   14.4     78  12.28     75     12  305.4  342.4  307.7
  740.0   2692   11.6    4.9     64   7.40     95     23  310.3  333.4  311.7
  728.0   2830   10.8    3.8     62   6.95     94     23  310.9  332.7  312.2
  717.0   2957   11.0   -1.0     43   4.99     92     22  312.5  328.4  313.4
  700.0   3157   10.0   -4.0     37   4.08     90     22  313.5  326.8  314.3
  680.0   3397    9.0  -12.0     21   2.25     93     19  315.0  322.6  315.4
  656.0   3693    7.6  -10.4     27   2.65     97     15  316.7  325.6  317.2
  640.0   3895    5.7   -5.0     46   4.15    100     12  316.8  330.5  317.6
  632.0   3998    4.8   -2.2     60   5.18    105     11  316.9  333.7  317.9
  617.0   4192    3.2   -2.7     65   5.12    115      9  317.2  333.9  318.2
  588.0   4581    0.0   -3.6     77   5.01     93     11  317.9  334.3  318.9
  549.0   5126   -4.5   -7.6     79   3.95     61     13  318.9  332.0  319.6
  540.0   5256   -4.9   -9.7     69   3.41     54     13  319.9  331.3  320.6
  538.0   5285   -5.1  -10.1     68   3.32     52     14  320.0  331.1  320.6
  530.0   5402   -4.1  -20.1     28   1.47     45     14  322.6  327.8  322.9
  511.0   5689   -4.7  -34.9      7   0.39     45     12  325.2  326.8  325.3
  510.0   5705   -4.7  -35.7      7   0.36     46     12  325.4  326.8  325.5
  500.0   5860   -5.1  -41.1      4   0.21     60     14  326.8  327.6  326.8
  491.0   6002   -6.1  -38.8      6   0.27     70     17  327.2  328.3  327.3
  468.0   6376   -8.7  -32.7     12   0.53     81     17  328.5  330.5  328.6
  444.0   6783   -9.7  -35.7     10   0.41     93     18  332.2  333.9  332.3
  404.0   7505  -14.6  -39.6     10   0.31    115     19  335.0  336.2  335.1
  403.0   7524  -14.7  -39.7     10   0.30    115     19  335.1  336.3  335.1
  400.0   7580  -15.3  -40.3     10   0.29    115     19  335.0  336.2  335.1
  389.0   7789  -17.0  -36.3     17   0.44    110     16  335.4  337.2  335.5
  381.0   7945  -18.3  -33.3     26   0.61     95     18  335.8  338.1  335.9
  374.0   8083  -18.9  -29.9     37   0.86     82     20  336.7  340.1  336.9
  373.0   8103  -18.9  -29.9     37   0.86     80     20  336.9  340.3  337.1
  369.0   8183  -19.1  -30.1     37   0.86     84     20  337.8  341.1  337.9
  362.0   8325  -18.9  -41.9     11   0.27     90     21  339.9  341.0  339.9
  330.0   9004  -24.8  -48.6      9   0.14    120     22  341.0  341.6  341.0
  323.0   9161  -26.1  -50.1      9   0.12    116     21  341.2  341.7  341.2
  300.0   9690  -30.5  -41.5     33   0.34    100     19  342.3  343.7  342.3
  292.0   9882  -32.3  -40.3     45   0.39    105     18  342.4  344.0  342.4
  254.0  10852  -40.7  -44.2     69   0.30     47     27  343.9  345.1  343.9
  250.0  10960  -41.5  -44.9     69   0.28     40     28  344.2  345.4  344.3
  245.0  11094  -42.7  -46.2     68   0.25     40     31  344.5  345.5  344.5
  200.0  12440  -54.3  -59.3     54   0.06     30     35  346.6  346.9  346.6
  190.0  12765  -57.3  -63.3     46   0.04     31     35  346.9  347.1  346.9
  182.0  13035  -59.7  -67.7     34   0.02     32     35  347.3  347.4  347.3
  168.0  13528  -64.1  -70.1     44   0.02     34     36  348.0  348.1  348.0
  161.0  13785  -66.6  -73.3     38   0.01     35     36  348.1  348.1  348.1
  158.0  13899  -67.7  -74.7     36   0.01     42     37  348.1  348.1  348.1
  152.0  14131  -67.9  -78.9     19   0.01     55     39  351.6  351.6  351.6
  150.0  14210  -67.9  -79.9     17   0.00     60     40  352.9  352.9  352.9
  125.0  15287  -75.4  -84.5     23   0.00    130     34  358.3  358.3  358.3
  124.0  15334  -75.7  -84.7     23   0.00    129     34  358.5  358.5  358.5
  118.0  15619  -77.3  -85.9     25   0.00    125     37  360.6  360.6  360.6
  111.0  15970  -79.3  -87.3     26   0.00    103     33  363.3  363.3  363.3
  106.0  16230  -81.3  -91.3     18   0.00     87     31  364.3  364.3  364.3
  101.0  16504  -79.6  -88.8     21   0.00     70     28  372.6  372.6  372.6
  100.0  16560  -79.3  -88.3     22   0.00     70     26  374.3  374.3  374.3
   94.8  16865  -76.5  -87.5     16   0.00     87     23  385.5  385.5  385.5
   91.0  17100  -77.3  -88.3     16   0.00    100     20  388.4  388.4  388.4
   89.2  17215  -77.7  -88.7     16   0.00     97     21  389.9  389.9  389.9
   80.1  17836  -74.3  -87.3     12   0.00     79     26  409.1  409.1  409.1
   78.0  17990  -75.2  -93.1      5   0.00     75     27  410.4  410.4  410.4
   76.7  18087  -75.7  -96.7      3   0.00     82     27  411.2  411.2  411.2
   76.2  18125  -75.9  -93.9      5   0.00     85     27  411.6  411.6  411.6
   75.7  18163  -73.1  -91.1      5   0.00     87     26  418.2  418.2  418.2
   73.8  18314  -69.7  -86.7      7   0.00     98     26  428.4  428.4  428.4
   70.0  18630  -67.7  -86.7      5   0.00    120     25  439.2  439.2  439.2
   67.5  18849  -67.1  -86.1      5   0.00     99     18  445.1  445.1  445.1
   67.0  18893  -67.3  -86.2      5   0.00     95     17  445.6  445.7  445.6
   64.0  19167  -68.5  -86.8      6   0.00    345     10  448.9  448.9  448.9
   58.2  19735  -70.9  -87.9      7   0.00    279      9  455.8  455.8  455.8
   55.0  20072  -69.8  -87.5      6   0.00    240      8  465.8  465.8  465.8
   52.0  20406  -68.7  -87.2      5   0.00     75      3  475.9  475.9  475.9
   50.0  20640  -67.9  -86.9      5   0.00    275      3  483.1  483.1  483.1
   49.6  20688  -68.1  -87.1      5   0.00    252      3  483.7  483.7  483.7
   47.0  21018  -65.7  -86.2      4   0.01     95      2  497.0  497.0  497.0
   45.0  21284  -63.7  -85.4      4   0.01     65      6  507.9  508.0  507.9
   43.0  21562  -61.7  -84.6      3   0.01    190      2  519.6  519.6  519.6
   41.3  21808  -59.9  -83.9      3   0.01    241      5  530.1  530.1  530.1
   41.0  21854  -59.8  -83.8      3   0.01    250      5  531.3  531.4  531.4
   39.0  22167  -59.4  -83.4      3   0.01    270     12  540.2  540.2  540.2
   37.0  22496  -58.9  -82.9      3   0.01    260     16  549.6  549.7  549.6
   36.3  22615  -58.7  -82.7      3   0.01    269     15  553.1  553.2  553.1
   35.6  22737  -58.9  -81.9      4   0.01    277     14  555.6  555.8  555.6
   35.0  22845  -56.2  -81.7      3   0.01    285     13  565.5  565.6  565.5
   34.9  22863  -55.7  -81.7      3   0.01    284     13  567.1  567.3  567.1
   31.0  23613  -57.4  -81.9      3   0.02    250     32  582.0  582.2  582.0
   30.0  23820  -57.9  -81.9      3   0.02    245     28  586.2  586.4  586.2
   29.0  24033  -58.7  -85.7      2   0.01    240     23  589.7  589.8  589.7
   27.0  24486  -57.0  -83.6      2   0.01    265     14  606.6  606.8  606.6
   24.7  25049  -54.9  -80.9      3   0.02    273     12  628.3  628.5  628.3
   24.0  25233  -54.8  -80.8      3   0.02    275     11  633.8  634.1  633.8
   22.0  25790  -54.5  -80.5      3   0.03    300     25  650.8  651.0  650.8
   20.0  26400  -54.1  -80.1      3   0.03    295     29  669.8  670.2  669.8
   19.0  26728  -54.3  -79.8      3   0.04    305     22  679.1  679.5  679.1
   17.0  27440  -54.7  -79.2      3   0.04    320     13  699.7  700.1  699.7
   16.2  27749  -54.9  -78.9      4   0.05    312     12  708.8  709.3  708.8
   15.0  28243  -53.6  -78.6      3   0.06    300     10  728.9  729.5  728.9
   14.0  28687  -52.4  -78.3      3   0.06    265     11  747.4  748.1  747.4
   13.9  28733  -52.3  -78.3      3   0.06                749.3  750.0  749.3
   13.0  29170  -47.5  -77.5      2   0.08                780.4  781.3  780.4
</PRE><H3>Station information and sounding indices</H3><PRE>
                         Station identifier: WIII
                             Station number: 96749
                           Observation time: 200926/0000
                           Station latitude: -6.11
                          Station longitude: 106.65
                          Station elevation: 8.0
                            Showalter index: 0.81
                               Lifted index: -1.28
    LIFT computed using virtual temperature: -2.19
                                SWEAT index: 210.81
                                    K index: 23.90
                         Cross totals index: 19.50
                      Vertical totals index: 23.50
                        Totals totals index: 43.00
      Convective Available Potential Energy: 454.53
             CAPE using virtual temperature: 622.28
                      Convective Inhibition: -74.40
             CINS using virtual temperature: -49.96
                           Equilibrum Level: 176.47
 Equilibrum Level using virtual temperature: 175.90
                   Level of Free Convection: 764.94
             LFCT using virtual temperature: 801.22
                     Bulk Richardson Number: 20.81
          Bulk Richardson Number using CAPV: 28.49
  Temp [K] of the Lifted Condensation Level: 293.31
Pres [hPa] of the Lifted Condensation Level: 925.70
   Equivalent potential temp [K] of the LCL: 347.85
     Mean mixed layer potential temperature: 299.87
              Mean mixed layer mixing ratio: 16.37
              1000 hPa to 500 hPa thickness: 5767.00
Precipitable water [mm] for entire sounding: 45.30
</PRE>
<P>Description of the 
<A HREF="/upperair/columns.html">data columns</A>
or <A HREF="/upperair/indices.html">sounding indices</A>.

<P>
<FORM>
<INPUT CLASS="button" TYPE="button" VALUE=" Close this window " 
 onClick="window.close();">
<INPUT CLASS="button" TYPE="button" VALUE=" Select another map " 
 onClick="window.blur();">
</FORM>
<HR SIZE="1">
<I>Interested in graduate studies in atmospheric science?
Check out our program at the
<a href="http://www.uwyo.edu/atsc/howtoapply/"
target=_top>University of Wyoming
</a></I>
<HR SIZE="1"><FONT SIZE="-1">
Questions about the weather data provided by this site can be
addressed to <A HREF="mailto:ldoolman@uwyo.edu">
Larry Oolman (ldoolman@uwyo.edu)</A></FONT>
<HR SIZE="1">
<SCRIPT TYPE="text/javascript">
<!--
window.focus();
// -->
</SCRIPT>
</BODY>
</HTML>
