2016-08-15 00
<HTML>
<TITLE>University of Wyoming - Radiosonde Data</TITLE>
<BODY BGCOLOR="white">
<H2>96749 WIII Jakarta Observations at 00Z 15 Aug 2016</H2>
<PRE>
-----------------------------------------------------------------------------
   PRES   HGHT   TEMP   DWPT   RELH   MIXR   DRCT   SKNT   THTA   THTE   THTV
    hPa     m      C      C      %    g/kg    deg   knot     K      K      K 
-----------------------------------------------------------------------------
 1010.0      8   25.8   23.6     88  18.55     20      2  298.1  352.2  301.4
 1000.0    101   25.4   22.9     86  17.94     25      5  298.6  351.0  301.8
  925.0    782   21.4   19.6     89  15.78     50      6  301.2  347.8  304.0
  881.0   1201   18.6   17.3     92  14.27     70      6  302.5  344.9  305.1
  860.0   1409   17.2   16.1     93  13.57     73      7  303.1  343.6  305.6
  850.0   1509   17.2   14.4     84  12.28     75      8  304.1  341.0  306.4
  846.0   1549   17.0   13.4     79  11.55     75      8  304.4  339.1  306.5
  822.0   1794   15.4   13.3     87  11.79     75      9  305.2  340.7  307.4
  793.0   2099   13.5   13.1     98  12.09      5      4  306.3  342.8  308.5
  792.0   2110   13.4   13.1     98  12.10      4      4  306.3  342.9  308.5
  765.0   2400   12.0   11.7     98  11.41    325      6  307.8  342.6  309.9
  700.0   3143    8.4    8.1     98   9.77    340      6  311.8  342.1  313.6
  662.0   3598    5.9    5.6     98   8.68    355      2  313.9  341.2  315.6
  638.0   3898    4.2    3.9     98   8.02     25      3  315.3  340.8  316.9
  616.0   4184    2.6    2.4     98   7.42     95      4  316.7  340.4  318.1
  593.0   4494    0.8    0.6     99   6.81    250      2  318.1  340.1  319.4
  582.0   4647    0.0   -0.2     99   6.52    314      2  318.8  340.0  320.1
  571.0   4799   -0.8   -1.0     99   6.29     20      3  319.6  340.1  320.8
  550.0   5097   -2.4   -2.5    100   5.85     30      5  321.2  340.4  322.3
  541.0   5228   -3.1   -3.1    100   5.66     26      8  321.9  340.5  323.0
  530.0   5391   -3.7   -3.7    100   5.51     20     11  323.0  341.2  324.1
  524.0   5481   -4.1   -4.1    100   5.42     31     12  323.6  341.6  324.7
  514.0   5633   -4.7   -5.4     95   5.01     49     13  324.7  341.4  325.7
  511.0   5679   -5.1   -8.9     75   3.84     54     13  324.7  337.8  325.5
  504.0   5787   -3.3  -15.3     39   2.32     67     14  328.2  336.4  328.7
  500.0   5850   -3.7  -20.7     25   1.48     75     14  328.5  333.8  328.8
  494.0   5946   -4.3  -30.3     11   0.63     85     15  328.9  331.3  329.0
  491.0   5993   -4.7  -30.0     12   0.65     90     16  329.0  331.5  329.1
  454.0   6606   -9.3  -26.7     23   0.95     95     14  330.6  334.2  330.8
  439.0   6868  -11.3  -25.3     30   1.12     77     13  331.3  335.5  331.5
  437.0   6903  -11.5  -25.7     30   1.09     75     13  331.5  335.6  331.7
  429.0   7046  -12.1  -27.1     28   0.97     84     14  332.5  336.1  332.6
  421.0   7190  -13.5  -28.5     27   0.87     94     16  332.5  335.8  332.6
  420.0   7208  -13.6  -28.9     26   0.84     95     16  332.6  335.8  332.8
  418.0   7245  -13.7  -29.7     25   0.78     95     17  332.9  335.9  333.0
  416.0   7281  -13.7  -32.7     19   0.59     94     17  333.3  335.6  333.5
  414.0   7318  -13.9  -31.9     20   0.64     94     18  333.5  336.0  333.7
  411.0   7374  -14.3  -27.3     32   1.00     93     19  333.7  337.5  333.9
  410.0   7392  -14.5  -28.5     29   0.89     93     19  333.7  337.1  333.9
  409.0   7411  -14.5  -19.5     66   2.01     92     19  333.9  341.2  334.3
  408.0   7429  -14.5  -21.5     55   1.69     92     20  334.2  340.4  334.5
  400.0   7580  -15.5  -22.5     55   1.58     90     22  334.8  340.6  335.1
  393.0   7713  -16.5  -25.5     46   1.23     89     23  335.1  339.8  335.4
  373.0   8102  -19.5  -24.5     65   1.42     87     25  336.2  341.5  336.5
  365.0   8262  -20.5  -31.5     37   0.76     86     26  337.0  339.9  337.1
  358.0   8405  -21.5  -29.5     48   0.93     85     27  337.5  341.1  337.7
  330.0   8998  -25.8  -35.6     39   0.56     95     29  339.6  341.8  339.7
  328.0   9043  -26.1  -36.1     39   0.54     94     30  339.7  341.9  339.8
  312.0   9401  -28.9  -34.9     56   0.64     83     35  340.7  343.2  340.8
  301.0   9656  -30.7  -36.7     56   0.55     76     40  341.7  343.9  341.8
  300.0   9680  -30.7  -36.7     56   0.55     75     40  342.0  344.2  342.1
  297.0   9752  -30.9  -35.9     61   0.60     77     42  342.7  345.1  342.8
  294.0   9825  -31.3  -41.3     37   0.35     78     45  343.1  344.6  343.2
  291.0   9898  -31.9  -46.1     23   0.21     80     47  343.3  344.2  343.3
  289.0   9947  -32.3  -49.3     17   0.15     80     47  343.4  344.0  343.4
  280.0  10171  -33.9  -51.9     15   0.11     80     47  344.2  344.7  344.2
  264.0  10584  -37.7  -43.7     53   0.30     80     48  344.5  345.7  344.5
  262.0  10636  -38.3  -42.7     63   0.34     80     48  344.3  345.8  344.4
  252.0  10905  -40.1  -49.1     38   0.17     80     48  345.5  346.3  345.6
  250.0  10960  -40.3                          80     48  346.0         346.0
  224.0  11683  -46.5                          70     52  347.5         347.5
  200.0  12430  -52.9                          55     52  348.8         348.8
  177.0  13194  -58.9                          55     56  351.3         351.3
  153.0  14106  -66.1                          70     71  354.0         354.0
  150.0  14230  -67.1                          70     68  354.3         354.3
  119.0  15574  -76.9                          75     49  360.4         360.4
  111.0  15978  -79.9                          70     50  362.1         362.1
  100.0  16570  -76.5                          40     42  379.7         379.7
   97.0  16746  -76.9                          44     34  382.2         382.2
   96.0  16806  -75.4                          45     31  386.3         386.3
   93.3  16973  -71.3                          80     26  397.5         397.5
   91.0  17119  -72.4                         110     22  398.1         398.1
   84.6  17547  -75.7                         110     24  399.9         399.9
   83.0  17659  -74.2                         110     25  405.0         405.0
   78.0  18026  -69.5                          80     12  422.1         422.1
   77.6  18056  -69.1                          80     12  423.6         423.6
   71.0  18585  -71.0                          80      6  430.4         430.4
   70.0  18670  -71.3                          85      7  431.5         431.5
   67.0  18926  -73.2                         105     10  432.8         432.8
   63.9  19203  -75.3                         100     15  434.1         434.1
   61.0  19476  -72.7                         100     29  445.8         445.8
   57.9  19782  -69.7                          82     30  459.2         459.2
   55.0  20090  -69.0                          65     30  467.6         467.6
   50.0  20660  -67.7                         140     23  483.5         483.5
   48.8  20806  -68.3                         134     23  485.5         485.5
   45.7  21204  -62.3                         116     25  509.2         509.2
   43.5  21508  -62.5                         103     26  515.9         515.9
   43.0  21579  -61.5                         100     26  520.0         520.0
   41.1  21861  -57.7                          53     10  536.3         536.3
   41.0  21876  -57.7                          50      9  536.6         536.6
   39.0  22190  -58.1                         320      8  543.3         543.3
   37.0  22520  -58.6                         335     13  550.4         550.4
   34.7  22922  -59.1                         282     14  559.2         559.2
   34.0  23051  -58.6                         265     14  563.9         563.9
   32.0  23433  -57.0                         265     23  578.0         578.0
   31.0  23633  -56.1                         290     19  585.5         585.5
   30.5  23735  -55.7                         295     20  589.4         589.4
   30.0  23840  -55.5                         300     22  592.7         592.7
   28.0  24279  -55.1                         285     22  605.7         605.7
   27.0  24510  -54.9                         305     23  612.6         612.6
   20.0  26420  -53.1                         250     24  672.9         672.9
   18.0  27100  -52.4                         250     27  695.6         695.6
   17.7  27208  -52.3                                     699.3         699.3
</PRE><H3>Station information and sounding indices</H3><PRE>
                         Station identifier: WIII
                             Station number: 96749
                           Observation time: 160815/0000
                           Station latitude: -6.11
                          Station longitude: 106.65
                          Station elevation: 8.0
                            Showalter index: 2.80
                               Lifted index: -0.71
    LIFT computed using virtual temperature: -1.48
                                SWEAT index: 202.81
                                    K index: 35.00
                         Cross totals index: 18.10
                      Vertical totals index: 20.90
                        Totals totals index: 39.00
      Convective Available Potential Energy: 880.40
             CAPE using virtual temperature: 1000.23
                      Convective Inhibition: -11.84
             CINS using virtual temperature: -8.58
                           Equilibrum Level: 192.38
 Equilibrum Level using virtual temperature: 192.16
                   Level of Free Convection: 895.35
             LFCT using virtual temperature: 904.93
                     Bulk Richardson Number: 26056.46
          Bulk Richardson Number using CAPV: 29602.98
  Temp [K] of the Lifted Condensation Level: 294.75
Pres [hPa] of the Lifted Condensation Level: 949.64
   Equivalent potential temp [K] of the LCL: 350.18
     Mean mixed layer potential temperature: 299.16
              Mean mixed layer mixing ratio: 17.46
              1000 hPa to 500 hPa thickness: 5749.00
Precipitable water [mm] for entire sounding: 59.31
</PRE>
<P>Description of the 
<A HREF="/upperair/columns.html">data columns</A>
or <A HREF="/upperair/indices.html">sounding indices</A>.

<P>
<FORM>
<INPUT CLASS="button" TYPE="button" VALUE=" Close this window " 
 onClick="window.close();">
<INPUT CLASS="button" TYPE="button" VALUE=" Select another map " 
 onClick="window.blur();">
</FORM>
<HR SIZE="1">
<I>Interested in graduate studies in atmospheric science?
Check out our program at the
<a href="http://www.uwyo.edu/atsc/howtoapply/"
target=_top>University of Wyoming
</a></I>
<HR SIZE="1"><FONT SIZE="-1">
Questions about the weather data provided by this site can be
addressed to <A HREF="mailto:ldoolman@uwyo.edu">
Larry Oolman (ldoolman@uwyo.edu)</A></FONT>
<HR SIZE="1">
<SCRIPT TYPE="text/javascript">
<!--
window.focus();
// -->
</SCRIPT>
</BODY>
</HTML>
