2022-12-08 00
<HTML>
<TITLE>University of Wyoming - Radiosonde Data</TITLE>
<BODY BGCOLOR="white">
<H2>96749 WIII Jakarta Observations at 00Z 08 Dec 2022</H2>
<PRE>
-----------------------------------------------------------------------------
   PRES   HGHT   TEMP   DWPT   RELH   MIXR   DRCT   SKNT   THTA   THTE   THTV
    hPa     m      C      C      %    g/kg    deg   knot     K      K      K 
-----------------------------------------------------------------------------
 1007.0      8   24.6   22.2     87  17.05    220      2  297.2  346.7  300.2
 1000.0     72   25.0   22.0     83  16.96    230      5  298.1  347.6  301.2
  983.0    223   25.8   19.8     69  15.02    227      7  300.4  344.7  303.1
  974.0    304   25.3   19.8     72  15.15    225      8  300.7  345.4  303.4
  942.0    597   23.4   19.7     80  15.61    255     11  301.7  347.9  304.5
  931.0    701   22.8   19.7     83  15.78    252     10  302.1  348.8  304.9
  925.0    757   22.4   19.3     83  15.48    250      9  302.2  348.1  305.0
  910.0    900   22.8   16.0     66  12.74    245     12  304.0  342.2  306.3
  909.0    910   22.8   15.8     65  12.57    246     12  304.1  341.8  306.4
  879.0   1201   20.8   14.8     69  12.18    275     11  305.0  341.7  307.2
  850.0   1492   18.8   13.8     73  11.80    280     11  305.8  341.5  308.0
  711.0   3002   10.0    7.3     83   9.08    280     17  312.1  340.4  313.8
  700.0   3134    9.2    6.7     84   8.87    265     11  312.6  340.4  314.3
  686.0   3300    8.2    5.9     86   8.54    275     12  313.3  340.1  314.9
  662.0   3592    6.3    4.4     88   7.99    280      8  314.4  339.6  315.9
  624.0   4078    3.2    2.0     92   7.14    260      5  316.2  339.0  317.6
  615.0   4195    2.7    1.4     91   6.92    255      4  317.0  339.2  318.3
  592.0   4503    1.4   -0.3     88   6.36    125      3  319.0  339.6  320.2
  571.0   4794    0.2   -1.9     86   5.87    145      6  320.9  340.1  322.0
  567.0   4851    0.0   -2.2     85   5.78    135      6  321.2  340.2  322.3
  550.0   5093   -1.1   -4.3     79   5.10     90      6  322.7  339.6  323.7
  529.0   5402   -2.6   -6.9     72   4.34     70      5  324.5  339.2  325.4
  500.0   5850   -4.7  -10.7     63   3.40     95      7  327.2  339.0  327.9
  491.0   5993   -5.3  -10.2     68   3.61    120      5  328.2  340.6  328.9
  485.0   6090   -5.7  -13.7     53   2.75    122      5  328.9  338.5  329.4
  450.0   6676   -9.5  -13.0     76   3.14    131      3  331.2  342.2  331.9
  437.0   6901  -10.8  -14.7     73   2.82    135      3  332.3  342.3  332.9
  420.0   7205  -12.7  -16.9     70   2.43     95      4  333.8  342.5  334.2
  404.0   7504  -14.4  -19.1     68   2.10    120      6  335.2  342.8  335.6
  400.0   7580  -14.9  -19.7     67   2.02    125      9  335.5  342.9  335.9
  373.0   8107  -17.8  -24.7     55   1.39    110     10  338.5  343.7  338.8
  372.0   8127  -17.9  -24.9     54   1.37    110     10  338.6  343.8  338.9
  344.0   8707  -22.3  -27.3     64   1.19    110     11  340.2  344.8  340.5
  337.0   8859  -23.5  -27.9     67   1.15    122     11  340.6  345.1  340.9
  330.0   9011  -24.6  -29.3     65   1.03    135     12  341.1  345.1  341.4
  317.0   9301  -26.8  -32.0     61   0.83    120     11  342.1  345.4  342.3
  300.0   9700  -29.7  -35.7     56   0.61    125     10  343.4  345.9  343.5
  283.0  10109  -32.9  -39.9     50   0.42    130     11  344.6  346.3  344.7
  250.0  10960  -40.3  -44.8     62   0.28    140     13  346.0  347.2  346.1
  224.0  11698  -46.6  -50.5     65   0.17    135     11  347.3  348.0  347.4
  211.0  12100  -50.1  -53.6     66   0.12    138     10  347.9  348.4  347.9
  205.0  12289  -51.8  -55.1     67   0.11    140     10  348.2  348.6  348.2
  201.0  12418  -52.9  -56.2     67   0.09    140     12  348.3  348.8  348.4
  200.0  12450  -53.3  -56.7     66   0.09    140     12  348.2  348.6  348.2
  198.0  12514  -53.7  -59.7     48   0.06    134     12  348.6  348.9  348.6
  195.0  12609  -54.5  -60.5     47   0.06    125     11  348.8  349.0  348.8
  178.0  13172  -59.5  -65.5     45   0.03     80     17  349.9  350.1  349.9
  150.0  14230  -68.7  -74.7     42   0.01     60     26  351.6  351.6  351.6
  139.0  14681  -72.7  -79.6     35   0.01     60     25  352.2  352.2  352.2
  137.0  14766  -73.5  -80.5     34   0.00     61     26  352.3  352.3  352.3
  132.0  14979  -75.2  -82.0     34   0.00     65     30  353.0  353.0  353.0
  113.0  15867  -82.5  -88.5     36   0.00     61     43  355.5  355.5  355.5
  106.0  16219  -85.1  -90.1     42   0.00     60     48  357.0  357.1  357.0
  101.0  16485  -87.1  -91.3     47   0.00     60     52  358.2  358.2  358.2
  100.0  16540  -87.5  -91.5     48   0.00     60     54  358.4  358.4  358.4
   92.8  16944  -89.9  -93.3     53   0.00     60     53  361.4  361.4  361.4
   90.0  17109  -89.4  -93.1     50   0.00     65     58  365.6  365.6  365.6
   88.3  17212  -89.1  -93.0     49   0.00     60     52  368.2  368.2  368.2
   86.9  17299  -85.1  -92.1     28   0.00     56     48  377.9  377.9  377.9
   85.3  17403  -80.5  -89.5     21   0.00     51     42  389.2  389.2  389.2
   85.0  17423  -80.2  -89.3     21   0.00     50     41  390.3  390.3  390.3
   78.0  17919  -71.9  -83.9     15   0.00    141     11  417.1  417.2  417.1
   77.0  17996  -71.8  -84.1     14   0.00    155      6  419.0  419.0  419.0
   73.0  18312  -71.2  -85.0     11   0.00    225     13  426.7  426.7  426.7
   70.0  18560  -70.7  -85.7      9   0.00    220     14  432.8  432.8  432.8
   66.4  18875  -68.1  -87.1      5   0.00    224      7  445.0  445.0  445.0
   66.0  18912  -68.1  -87.2      5   0.00    225      6  445.8  445.8  445.8
   60.0  19484  -68.1  -88.9      4   0.00    210     15  458.1  458.1  458.1
   56.0  19899  -68.1  -90.1      3   0.00    259      8  467.2  467.2  467.2
   54.0  20120  -66.0  -90.3      2   0.00    285      5  476.9  476.9  476.9
   51.7  20384  -63.5  -90.5      1   0.00    277      7  488.7  488.8  488.7
   50.0  20590  -63.1  -90.1      2   0.00    270      8  494.4  494.4  494.4
   49.0  20714  -63.4  -90.4      1   0.00    265     12  496.4  496.4  496.4
   47.0  20970  -64.2  -91.2      1   0.00    230     14  500.7  500.7  500.7
   45.5  21169  -64.7  -91.7      1   0.00    260     15  504.0  504.0  504.0
   45.0  21237  -63.7  -91.7      1   0.00    270     15  508.0  508.0  508.0
   44.0  21376  -61.7  -91.7      1   0.00    273     18  516.2  516.2  516.2
   42.0  21666  -61.4  -92.2      1   0.00    280     23  523.8  523.8  523.8
   40.0  21970  -61.1  -92.7      1   0.00    240     23  531.8  531.8  531.8
   39.0  22127  -61.0  -93.0      1   0.00    230     30  536.1  536.1  536.1
   35.0  22801  -60.4  -94.2      0   0.00    180     14  554.6  554.6  554.6
   34.7  22855  -60.3  -94.3      0   0.00    184     13  556.1  556.1  556.1
   32.0  23364  -58.9  -92.8      1   0.00    220      5  573.0  573.0  573.0
   30.0  23770  -57.7  -91.7      1   0.00    355      9  586.8  586.8  586.8
   28.0  24210  -54.9  -89.8      1   0.00    305     11  606.3  606.4  606.3
   26.0  24683  -51.8  -87.7      1   0.01    280      7  627.9  628.0  627.9
   25.8  24732  -51.5  -87.5      1   0.01    287      8  630.2  630.3  630.2
   25.0  24936  -51.5  -87.5      1   0.01    315     10  635.9  636.0  635.9
   24.0  25201  -51.5  -87.5      1   0.01    305     16  643.4  643.5  643.4
   20.8  26127  -51.5  -87.5      1   0.01    289     17  670.2  670.3  670.2
   20.0  26380  -52.5  -88.5      1   0.01    285     17  674.7  674.8  674.7
   18.0  27057  -54.2  -89.5      1   0.01    260     12  690.1  690.1  690.1
   17.2  27349  -54.9  -89.9      1   0.01    200      6  696.8  696.9  696.8
   17.0  27424  -54.9  -89.9      1   0.01    185      5  699.2  699.3  699.2
   16.0  27812  -54.6  -89.7      1   0.01     20      7  712.1  712.2  712.1
   15.0  28225  -54.4  -89.4      1   0.01      0      6  726.1  726.2  726.2
   14.0  28666  -54.2  -89.2      1   0.01     55     11  741.4  741.5  741.4
   13.7  28805  -54.1  -89.1      1   0.01     61     11  746.3  746.4  746.3
   13.0  29145  -52.3  -87.7      1   0.01     75     12  763.7  763.9  763.8
   12.0  29664  -49.6  -85.5      1   0.02    135     20  791.1  791.3  791.1
   11.9  29718  -49.3  -85.3      1   0.02                794.0  794.2  794.0
</PRE><H3>Station information and sounding indices</H3><PRE>
                         Station identifier: WIII
                             Station number: 96749
                           Observation time: 221208/0000
                           Station latitude: -6.11
                          Station longitude: 106.65
                          Station elevation: 8.0
                            Showalter index: 1.58
                               Lifted index: -0.19
    LIFT computed using virtual temperature: -0.54
                                SWEAT index: 194.58
                                    K index: 34.80
                         Cross totals index: 18.50
                      Vertical totals index: 23.50
                        Totals totals index: 42.00
      Convective Available Potential Energy: 89.15
             CAPE using virtual temperature: 131.09
                      Convective Inhibition: -141.66
             CINS using virtual temperature: -113.66
                           Equilibrum Level: 417.14
 Equilibrum Level using virtual temperature: 400.55
                   Level of Free Convection: 710.21
             LFCT using virtual temperature: 730.19
                     Bulk Richardson Number: 37.79
          Bulk Richardson Number using CAPV: 55.57
  Temp [K] of the Lifted Condensation Level: 292.46
Pres [hPa] of the Lifted Condensation Level: 914.98
   Equivalent potential temp [K] of the LCL: 346.01
     Mean mixed layer potential temperature: 300.00
              Mean mixed layer mixing ratio: 15.70
              1000 hPa to 500 hPa thickness: 5778.00
Precipitable water [mm] for entire sounding: 56.04
</PRE>
<P>Description of the 
<A HREF="/upperair/columns.html">data columns</A>
or <A HREF="/upperair/indices.html">sounding indices</A>.

<P>
<FORM>
<INPUT CLASS="button" TYPE="button" VALUE=" Close this window " 
 onClick="window.close();">
<INPUT CLASS="button" TYPE="button" VALUE=" Select another map " 
 onClick="window.blur();">
</FORM>
<HR SIZE="1">
<I>Interested in graduate studies in atmospheric science?
Check out our program at the
<a href="http://www.uwyo.edu/atsc/howtoapply/"
target=_top>University of Wyoming
</a></I>
<HR SIZE="1"><FONT SIZE="-1">
Questions about the weather data provided by this site can be
addressed to <A HREF="mailto:ldoolman@uwyo.edu">
Larry Oolman (ldoolman@uwyo.edu)</A></FONT>
<HR SIZE="1">
<SCRIPT TYPE="text/javascript">
<!--
window.focus();
// -->
</SCRIPT>
</BODY>
</HTML>
