2021-01-27 12
<HTML>
<TITLE>University of Wyoming - Radiosonde Data</TITLE>
<BODY BGCOLOR="white">
<H2>96749 WIII Jakarta Observations at 00Z 27 Jan 2021</H2>
<PRE>
-----------------------------------------------------------------------------
   PRES   HGHT   TEMP   DWPT   RELH   MIXR   DRCT   SKNT   THTA   THTE   THTV
    hPa     m      C      C      %    g/kg    deg   knot     K      K      K 
-----------------------------------------------------------------------------
 1007.0      8   23.6   22.5     94  17.37    220      2  296.2  346.4  299.2
 1000.0     73   23.8   22.2     91  17.17    220      6  296.9  346.8  300.0
  974.0    303   23.3   20.8     86  16.17    240     14  298.7  345.9  301.6
  970.0    339   23.2   20.6     85  16.02    242     15  298.9  345.8  301.8
  925.0    753   21.6   18.0     80  14.24    265     29  301.4  343.5  304.0
  879.0   1196   19.4   15.7     79  12.93    270     30  303.6  342.2  305.9
  850.0   1488   18.0   14.2     78  12.12    265     29  305.0  341.5  307.2
  848.0   1508   17.9   14.1     78  12.04    265     29  305.1  341.4  307.3
  804.0   1962   16.0   11.0     72  10.35    257     31  307.8  339.4  309.7
  791.0   2099   15.2   10.6     74  10.25    255     31  308.3  339.7  310.2
  737.0   2692   11.6    8.9     84   9.82    250     13  310.7  341.1  312.5
  700.0   3124    9.0    7.7     92   9.51    265     16  312.4  342.1  314.2
  684.0   3316    7.4    7.1     98   9.34    265     16  312.7  341.9  314.5
  649.0   3748    5.4    2.9     84   7.32    265     15  315.2  338.4  316.6
  592.0   4494    0.9    0.5     97   6.75    265     14  318.4  340.1  319.6
  581.0   4646    0.0    0.0    100   6.63    269     13  319.0  340.5  320.3
  549.0   5099   -1.8   -1.8     99   6.13    280     10  322.1  342.3  323.3
  543.0   5187   -2.1   -2.2     99   6.03    280      9  322.7  342.6  323.9
  529.0   5394   -3.2   -3.5     98   5.63    280      7  323.8  342.5  324.9
  509.0   5699   -4.9   -5.3     97   5.08    215      6  325.3  342.4  326.3
  500.0   5840   -5.7   -6.2     96   4.84    200      4  326.0  342.4  327.0
  490.0   5996   -6.6   -7.2     95   4.56    210      2  326.8  342.3  327.7
  472.0   6284   -8.3   -9.2     93   4.06    100      2  328.2  342.2  329.0
  453.0   6601  -10.1  -11.3     91   3.57    110      2  329.8  342.2  330.5
  419.0   7202  -13.6  -15.4     87   2.77     85      4  332.8  342.6  333.3
  400.0   7560  -15.7  -17.8     84   2.37    105      8  334.5  343.1  335.0
  397.0   7617  -15.9  -18.1     83   2.33    106      9  335.0  343.4  335.4
  358.0   8383  -21.1  -23.3     82   1.64    125     16  338.1  344.2  338.4
  334.0   8898  -24.5  -26.8     81   1.28    123     19  340.1  345.0  340.4
  300.0   9670  -30.5  -33.3     76   0.77    120     24  342.3  345.3  342.4
  279.0  10186  -34.3  -37.6     72   0.54    120     26  344.0  346.2  344.1
  278.0  10211  -34.5  -37.8     72   0.53    120     26  344.0  346.2  344.1
  250.0  10950  -40.7  -43.3     76   0.33    125     27  345.4  346.8  345.5
  213.0  12005  -50.3  -53.5     69   0.12    160     26  346.6  347.2  346.7
  204.0  12290  -52.9  -56.2     67   0.09    165     30  346.9  347.3  346.9
  200.0  12420  -54.1  -57.5     66   0.08    165     33  346.9  347.3  346.9
  192.0  12681  -56.7  -59.6     70   0.06    162     32  346.8  347.1  346.9
  185.0  12915  -58.6  -63.1     56   0.04    160     31  347.5  347.7  347.5
  183.0  12983  -59.1  -64.1     52   0.04    156     31  347.7  347.9  347.7
  177.0  13187  -60.9  -66.0     50   0.03    145     29  348.1  348.3  348.1
  160.0  13805  -66.3  -71.9     45   0.01    115     34  349.2  349.3  349.2
  150.0  14200  -69.7  -75.7     41   0.01    105     33  349.8  349.9  349.8
  138.0  14689  -74.0  -80.0     39   0.00     80     43  350.7  350.7  350.7
  134.0  14861  -75.5  -81.5     39   0.00     80     46  351.0  351.0  351.0
  131.0  14990  -76.7  -82.7     38   0.00     80     49  351.2  351.2  351.2
  118.0  15583  -82.1  -88.1     36   0.00     78     55  351.8  351.8  351.8
  108.0  16073  -85.7  -91.7     34   0.00     75     61  354.0  354.0  354.0
  106.0  16176  -84.6  -92.0     27   0.00     75     62  357.9  357.9  357.9
  105.0  16228  -84.1  -92.1     24   0.00     77     57  359.9  359.9  359.9
  100.0  16500  -81.1  -88.1     30   0.00     90     34  370.8  370.8  370.8
   95.0  16788  -81.9  -88.5     32   0.00    115     32  374.7  374.7  374.7
   89.3  17136  -82.9  -88.9     35   0.00    101     25  379.4  379.4  379.4
   85.9  17355  -79.3  -87.3     26   0.00     92     21  390.9  390.9  390.9
   85.0  17415  -79.3  -87.1     27   0.00     90     20  392.1  392.1  392.1
   81.0  17690  -79.2  -85.9     32   0.00    130     11  397.7  397.8  397.7
   78.1  17898  -79.1  -85.1     37   0.00    128     16  402.1  402.1  402.1
   73.0  18287  -75.8  -82.8     33   0.01    125     26  416.9  417.0  416.9
   72.9  18295  -75.7  -82.7     33   0.01    124     26  417.2  417.3  417.2
   70.0  18530  -76.5  -81.3     47   0.01    105     21  420.4  420.4  420.4
   69.2  18596  -76.7  -81.3     48   0.01    103     20  421.4  421.4  421.4
   64.0  19047  -73.9  -80.9     34   0.01     90     17  437.0  437.1  437.0
   62.0  19232  -73.5  -79.2     41   0.01     85     15  441.8  441.9  441.8
   60.9  19336  -73.3  -78.3     47   0.01     88     13  444.6  444.7  444.6
   56.0  19828  -71.7  -76.4     49   0.02    100      5  459.0  459.1  459.0
   54.2  20020  -71.1  -75.7     50   0.02    181      6  464.7  464.9  464.7
   54.0  20042  -70.9  -75.8     49   0.02    190      6  465.6  465.7  465.6
   51.0  20382  -68.5  -77.2     27   0.02    185      8  479.0  479.1  479.0
   50.1  20488  -67.7  -77.7     23   0.02    158      4  483.3  483.4  483.3
   50.0  20500  -67.7  -77.7     23   0.02    155      3  483.5  483.7  483.5
   48.4  20697  -65.5  -74.5     28   0.03     28      5  493.3  493.5  493.3
   48.0  20747  -65.7  -74.5     28   0.03    355      6  494.1  494.3  494.1
   46.0  21006  -66.5  -74.7     31   0.03    310     10  498.0  498.3  498.0
   45.6  21059  -66.7  -74.7     32   0.03    309     11  498.9  499.1  498.9
   43.9  21291  -63.1  -73.1     25   0.04    302     16  513.1  513.4  513.1
   42.0  21562  -63.9  -73.2     27   0.05    295     21  517.7  518.1  517.8
   38.6  22079  -65.3  -73.3     32   0.05    295     16  526.7  527.1  526.7
   38.0  22176  -65.0  -73.3     31   0.05    295     15  529.7  530.1  529.7
   33.0  23043  -62.8  -73.7     22   0.05    210     19  557.5  557.9  557.5
   31.2  23388  -61.9  -73.9     19   0.06    204     23  568.9  569.4  568.9
   30.0  23630  -62.9  -76.9     14   0.04    200     25  572.6  572.9  572.6
   29.2  23796  -63.9  -78.9     11   0.03    192     24  574.3  574.5  574.3
   28.0  24056  -63.1  -78.1     11   0.03    180     23  583.3  583.6  583.3
   24.2  24957  -60.5  -75.5     12   0.06    114     17  615.8  616.3  615.8
   24.0  25009  -60.6  -77.0     10   0.04    110     17  616.9  617.3  616.9
   23.0  25273  -61.3  -84.7      3   0.01     90      8  622.3  622.5  622.3
   22.0  25549  -62.1  -92.8      1   0.00    100     12  628.1  628.1  628.1
   21.7  25634  -62.3  -95.3      1   0.00     99     13  629.9  629.9  629.9
   20.0  26140  -60.5  -94.5      0   0.00     95     19  650.3  650.3  650.3
   19.0  26460  -60.0  -94.0      0   0.00     85     29  661.4  661.4  661.4
   18.4  26660  -59.7  -93.7      0   0.00     82     34  668.4  668.5  668.4
   17.0  27160  -57.3  -91.8      1   0.01     75     45  691.4  691.5  691.4
   16.0  27543  -55.5  -90.3      1   0.01     75     52  709.5  709.5  709.5
   15.7  27663  -54.9  -89.9      1   0.01     74     51  715.2  715.3  715.2
   15.1  27913  -51.9  -87.9      1   0.01     71     50  733.1  733.3  733.1
   15.0  27957  -51.6  -87.6      1   0.01     70     50  735.5  735.6  735.5
   14.2  28314  -49.3  -85.3      1   0.02     74     41  754.9  755.1  754.9
   14.0  28407  -49.3  -86.0      1   0.02     75     39  757.9  758.1  757.9
   12.0  29416  -49.5  -93.8      0   0.00     90     51  791.5  791.5  791.5
   11.6  29638  -49.5  -95.5      0   0.00                799.1  799.1  799.1
</PRE><H3>Station information and sounding indices</H3><PRE>
                         Station identifier: WIII
                             Station number: 96749
                           Observation time: 210127/0000
                           Station latitude: -6.11
                          Station longitude: 106.65
                          Station elevation: 8.0
                            Showalter index: 0.60
                               Lifted index: -1.15
    LIFT computed using virtual temperature: -1.26
                                SWEAT index: 232.40
                                    K index: 36.60
                         Cross totals index: 19.90
                      Vertical totals index: 23.70
                        Totals totals index: 43.60
      Convective Available Potential Energy: 199.18
             CAPE using virtual temperature: 229.54
                      Convective Inhibition: -100.34
             CINS using virtual temperature: -73.41
                           Equilibrum Level: 340.48
 Equilibrum Level using virtual temperature: 338.04
                   Level of Free Convection: 719.42
             LFCT using virtual temperature: 736.76
                     Bulk Richardson Number: 24.03
          Bulk Richardson Number using CAPV: 27.69
  Temp [K] of the Lifted Condensation Level: 293.69
Pres [hPa] of the Lifted Condensation Level: 947.46
   Equivalent potential temp [K] of the LCL: 345.91
     Mean mixed layer potential temperature: 298.27
              Mean mixed layer mixing ratio: 16.36
              1000 hPa to 500 hPa thickness: 5767.00
Precipitable water [mm] for entire sounding: 58.92
</PRE>
<P>Description of the 
<A HREF="/upperair/columns.html">data columns</A>
or <A HREF="/upperair/indices.html">sounding indices</A>.

<P>
<FORM>
<INPUT CLASS="button" TYPE="button" VALUE=" Close this window " 
 onClick="window.close();">
<INPUT CLASS="button" TYPE="button" VALUE=" Select another map " 
 onClick="window.blur();">
</FORM>
<HR SIZE="1">
<I>Interested in graduate studies in atmospheric science?
Check out our program at the
<a href="http://www.uwyo.edu/atsc/howtoapply/"
target=_top>University of Wyoming
</a></I>
<HR SIZE="1"><FONT SIZE="-1">
Questions about the weather data provided by this site can be
addressed to <A HREF="mailto:ldoolman@uwyo.edu">
Larry Oolman (ldoolman@uwyo.edu)</A></FONT>
<HR SIZE="1">
<SCRIPT TYPE="text/javascript">
<!--
window.focus();
// -->
</SCRIPT>
</BODY>
</HTML>
