2022-01-16 12
<HTML>
<TITLE>University of Wyoming - Radiosonde Data</TITLE>
<BODY BGCOLOR="white">
<H2>96749 WIII Jakarta Observations at 00Z 16 Jan 2022</H2>
<PRE>
-----------------------------------------------------------------------------
   PRES   HGHT   TEMP   DWPT   RELH   MIXR   DRCT   SKNT   THTA   THTE   THTV
    hPa     m      C      C      %    g/kg    deg   knot     K      K      K 
-----------------------------------------------------------------------------
 1009.0      8   24.8   24.3     97  19.39    210      3  297.2  353.5  300.6
 1000.0     88   25.2   23.4     90  18.51    255      8  298.4  352.4  301.6
  989.0    186   25.6   23.5     88  18.84    264      8  299.7  355.0  303.1
  976.0    302   24.8   22.8     89  18.29    275      9  300.0  353.8  303.3
  944.0    595   22.8   21.1     90  16.96    290     11  300.9  350.9  303.9
  925.0    774   21.6   20.0     91  16.19    295     11  301.4  349.2  304.3
  905.0    963   20.0   19.4     96  15.93    291     12  301.6  348.8  304.5
  850.0   1503   18.0   15.2     84  12.94    280     14  305.0  343.9  307.4
  812.0   1895   15.2   12.9     86  11.65    264     15  306.0  341.2  308.2
  793.0   2095   14.5    9.8     73   9.67    255     15  307.4  336.9  309.2
  753.0   2534   13.0    3.0     51   6.35    224     12  310.3  330.2  311.5
  744.0   2635   12.8    6.8     67   8.40    217     11  311.2  337.3  312.7
  700.0   3147   10.0    5.0     71   7.87    180      8  313.5  338.4  315.0
  687.0   3301    9.1    3.9     70   7.41    175      7  314.2  337.7  315.6
  633.0   3976    5.0   -1.0     65   5.65    137     12  317.0  335.3  318.1
  616.0   4197    3.1   -0.1     79   6.22    125     13  317.3  337.4  318.5
  611.0   4263    2.6    0.2     84   6.40    121     13  317.4  338.1  318.7
  593.0   4503    1.6   -2.1     76   5.58    105     12  319.1  337.3  320.1
  563.0   4921    0.0   -6.0     64   4.36    126      9  321.9  336.4  322.7
  536.0   5312   -2.7   -9.7     59   3.44    145      6  323.2  334.9  323.9
  531.0   5387   -3.3   -9.3     63   3.58    149      5  323.4  335.5  324.1
  530.0   5402   -3.4  -10.4     58   3.30    150      5  323.4  334.7  324.1
  525.0   5476   -3.7  -15.7     39   2.16    155      6  323.9  331.4  324.3
  500.0   5860   -5.1  -17.1     38   2.01    180     12  326.8  333.9  327.2
  491.0   6003   -6.1  -18.1     38   1.88    190     11  327.2  333.9  327.6
  485.0   6099   -6.7  -11.7     68   3.24    200     10  327.6  338.9  328.3
  481.0   6164   -7.3  -11.0     75   3.45    207      9  327.7  339.6  328.4
  473.0   6295   -8.2  -16.6     51   2.22    220      8  328.1  336.0  328.6
  467.0   6394   -8.9  -20.9     37   1.56    213      8  328.5  334.1  328.8
  461.0   6494   -9.5  -24.5     28   1.15    207      9  328.9  333.2  329.2
  455.0   6596   -9.9  -24.2     30   1.19    200      9  329.6  334.0  329.9
  453.0   6630  -10.1  -24.1     31   1.21    203      9  329.8  334.3  330.1
  449.0   6698  -10.7  -24.7     31   1.16    208      9  329.9  334.2  330.1
  444.0   6785  -11.5  -15.1     75   2.68    215      9  330.0  339.4  330.5
  437.0   6906  -12.2  -16.5     70   2.43    225      9  330.6  339.3  331.1
  421.0   7192  -13.7  -19.7     61   1.92    220     12  332.2  339.1  332.6
  400.0   7580  -16.5  -20.4     72   1.90    230     15  333.5  340.4  333.8
  373.0   8098  -20.1  -23.5     74   1.55    220     12  335.5  341.2  335.8
  358.0   8403  -22.1  -25.3     76   1.37    240      6  336.6  341.8  336.9
  350.0   8571  -23.3  -26.3     76   1.28    215      4  337.2  342.1  337.5
  344.0   8695  -24.2  -27.4     75   1.18    195      2  337.7  342.1  337.9
  330.0   8994  -26.4  -30.2     70   0.95     95      6  338.7  342.3  338.9
  317.0   9283  -28.6  -32.9     67   0.76     75     14  339.6  342.6  339.8
  300.0   9680  -31.5  -36.5     61   0.56     70     15  340.9  343.1  341.0
  283.0  10089  -34.9  -41.9     49   0.34     72     18  341.7  343.1  341.8
  250.0  10940  -41.7  -45.8     64   0.25     75     25  343.9  345.0  344.0
  244.0  11103  -43.1  -47.0     66   0.23     80     25  344.2  345.2  344.3
  235.0  11356  -45.3  -48.8     68   0.19     81     26  344.6  345.4  344.7
  213.0  11998  -51.0  -55.4     60   0.10     85     28  345.5  346.0  345.6
  200.0  12410  -54.7  -59.6     54   0.06     80     31  346.0  346.3  346.0
  194.0  12600  -56.3  -61.3     53   0.05     80     32  346.5  346.7  346.5
  168.0  13496  -63.8  -69.6     45   0.02     75     47  348.5  348.6  348.5
  160.0  13800  -66.4  -72.3     43   0.01     75     55  349.1  349.1  349.1
  159.0  13840  -66.7  -72.7     43   0.01     74     56  349.1  349.2  349.1
  152.0  14110  -68.9  -75.6     37   0.01     70     67  349.9  350.0  349.9
  150.0  14190  -69.5  -76.5     35   0.01     70     69  350.2  350.2  350.2
  148.0  14270  -70.1  -77.1     35   0.01     70     70  350.5  350.5  350.5
  145.0  14392  -69.8  -78.5     27   0.01     70     71  353.0  353.0  353.0
  134.0  14861  -68.9  -83.9     10   0.00     67     41  362.7  362.7  362.7
  124.0  15311  -71.8  -86.0     10   0.00     65     12  365.6  365.6  365.6
  118.0  15599  -73.7  -87.4     11   0.00    220      5  367.3  367.3  367.3
  107.0  16167  -77.4  -90.0     12   0.00    245     22  370.8  370.8  370.8
  100.0  16560  -79.9  -91.9     12   0.00    265     26  373.1  373.1  373.1
   96.3  16775  -77.5  -91.5      9   0.00    247     23  381.8  381.8  381.8
   96.0  16792  -77.6  -91.6      9   0.00    245     23  381.9  381.9  381.9
   82.0  17679  -84.0  -96.2     11   0.00    170     25  386.4  386.4  386.4
   81.1  17741  -84.5  -96.5     11   0.00    165     24  386.7  386.7  386.7
   77.0  18029  -83.7  -95.7     11   0.00    195      8  394.1  394.1  394.1
   73.0  18325  -82.9  -94.9     12   0.00    115     14  401.9  401.9  401.9
   72.2  18386  -82.7  -94.7     12   0.00    108     13  403.6  403.6  403.6
   70.1  18552  -79.5  -93.5      9   0.00     91     11  413.8  413.8  413.8
   70.0  18560  -79.3  -93.3      9   0.00     90     11  414.4  414.4  414.4
   64.3  19042  -79.7  -91.7     13   0.00     85     18  423.7  423.7  423.7
   59.0  19544  -70.7  -88.3      6   0.00     80     26  454.6  454.6  454.6
   57.8  19664  -68.5  -87.5      5   0.00     63     23  462.1  462.1  462.1
   54.0  20070  -69.2  -89.7      4   0.00      5     13  469.4  469.5  469.4
   51.0  20412  -69.9  -91.5      3   0.00      5      7  475.7  475.7  475.7
   50.0  20530  -70.1  -92.1      3   0.00     55      9  477.9  477.9  477.9
   49.8  20554  -70.1  -92.1      3   0.00     61     10  478.4  478.4  478.4
   49.0  20651  -68.1  -91.5      2   0.00     85     16  485.3  485.3  485.3
   48.1  20763  -65.9  -90.9      2   0.00     87     18  493.2  493.2  493.2
   43.0  21445  -65.1  -90.1      2   0.00     98     33  511.2  511.2  511.2
   42.0  21591  -64.2  -90.0      2   0.00    100     36  516.8  516.8  516.8
   36.4  22476  -59.1  -89.1      1   0.00    100     44  551.6  551.6  551.6
   36.0  22546  -59.0  -88.8      1   0.00    100     45  553.8  553.8  553.8
   33.4  23017  -57.9  -86.9      1   0.01     91     55  568.5  568.5  568.5
   33.0  23093  -58.2  -87.0      1   0.01     90     57  569.5  569.6  569.5
   30.3  23628  -60.7  -87.7      2   0.01     86     53  576.9  577.0  576.9
   30.0  23690  -60.7  -87.7      2   0.01     85     52  578.6  578.6  578.6
   28.4  24032  -58.9  -87.9      1   0.01     88     52  592.7  592.8  592.7
   25.5  24704  -61.1  -87.1      2   0.01     94     52  604.9  605.0  604.9
   25.0  24828  -60.5  -87.5      2   0.01     95     52  610.2  610.3  610.2
   24.1  25056  -59.3  -88.3      1   0.01                620.0  620.1  620.0
</PRE><H3>Station information and sounding indices</H3><PRE>
                         Station identifier: WIII
                             Station number: 96749
                           Observation time: 220116/0000
                           Station latitude: -6.11
                          Station longitude: 106.65
                          Station elevation: 8.0
                            Showalter index: 0.23
                               Lifted index: -3.19
    LIFT computed using virtual temperature: -3.96
                                SWEAT index: 222.42
                                    K index: 33.30
                         Cross totals index: 20.30
                      Vertical totals index: 23.10
                        Totals totals index: 43.40
      Convective Available Potential Energy: 1807.77
             CAPE using virtual temperature: 1988.78
                      Convective Inhibition: -5.46
             CINS using virtual temperature: -3.48
                           Equilibrum Level: 144.72
 Equilibrum Level using virtual temperature: 144.73
                   Level of Free Convection: 919.54
             LFCT using virtual temperature: 926.20
                     Bulk Richardson Number: 442.26
          Bulk Richardson Number using CAPV: 486.55
  Temp [K] of the Lifted Condensation Level: 295.64
Pres [hPa] of the Lifted Condensation Level: 955.27
   Equivalent potential temp [K] of the LCL: 353.31
     Mean mixed layer potential temperature: 299.55
              Mean mixed layer mixing ratio: 18.35
              1000 hPa to 500 hPa thickness: 5772.00
Precipitable water [mm] for entire sounding: 55.22
</PRE>
<P>Description of the 
<A HREF="/upperair/columns.html">data columns</A>
or <A HREF="/upperair/indices.html">sounding indices</A>.

<P>
<FORM>
<INPUT CLASS="button" TYPE="button" VALUE=" Close this window " 
 onClick="window.close();">
<INPUT CLASS="button" TYPE="button" VALUE=" Select another map " 
 onClick="window.blur();">
</FORM>
<HR SIZE="1">
<I>Interested in graduate studies in atmospheric science?
Check out our program at the
<a href="http://www.uwyo.edu/atsc/howtoapply/"
target=_top>University of Wyoming
</a></I>
<HR SIZE="1"><FONT SIZE="-1">
Questions about the weather data provided by this site can be
addressed to <A HREF="mailto:ldoolman@uwyo.edu">
Larry Oolman (ldoolman@uwyo.edu)</A></FONT>
<HR SIZE="1">
<SCRIPT TYPE="text/javascript">
<!--
window.focus();
// -->
</SCRIPT>
</BODY>
</HTML>
