2022-02-15 00
<HTML>
<TITLE>University of Wyoming - Radiosonde Data</TITLE>
<BODY BGCOLOR="white">
<H2>96749 WIII Jakarta Observations at 00Z 15 Feb 2022</H2>
<PRE>
-----------------------------------------------------------------------------
   PRES   HGHT   TEMP   DWPT   RELH   MIXR   DRCT   SKNT   THTA   THTE   THTV
    hPa     m      C      C      %    g/kg    deg   knot     K      K      K 
-----------------------------------------------------------------------------
 1008.0      8   24.0   22.4     91  17.25    230      1  296.5  346.4  299.5
 1006.0     24   24.4   21.3     83  16.13    226      2  297.0  343.9  299.9
 1000.0     73   25.6   20.9     75  15.83    215      4  298.8  345.0  301.6
  997.0    100   26.2   20.2     70  15.19    209      4  299.6  344.2  302.3
  983.0    225   27.8   17.8     55  13.22    181      7  302.4  341.8  304.8
  981.0    243   28.0   17.0     51  12.58    177      7  302.8  340.3  305.1
  975.0    297   27.6   16.6     51  12.35    165      8  303.0  339.9  305.2
  942.0    600   25.5   14.5     51  11.15    215      9  303.8  337.3  305.8
  925.0    761   24.4   13.4     50  10.55    225     14  304.2  336.0  306.2
  887.0   1127   22.8    7.8     38   7.54    242     17  306.3  329.4  307.7
  880.0   1196   22.1    8.6     42   8.04    245     18  306.2  330.8  307.7
  860.0   1395   20.0   11.0     56   9.67    245     19  306.1  335.5  307.8
  850.0   1496   19.4   10.4     56   9.40    245     19  306.4  335.1  308.2
  820.0   1805   18.2    2.2     34   5.50    243     19  308.4  325.6  309.4
  773.0   2308   14.6    4.6     51   6.92    240     18  309.7  331.3  311.0
  759.0   2462   14.4   -2.6     31   4.18    239     18  311.1  324.6  311.9
  703.0   3104    9.6   -1.4     46   4.94    235     17  312.7  328.5  313.6
  700.0   3140    9.4   -1.6     46   4.89    235     17  312.9  328.5  313.8
  687.0   3295    8.6   -8.4     29   2.97    240     19  313.6  323.4  314.2
  686.0   3307    8.5   -8.2     30   3.02    240     19  313.7  323.7  314.3
  640.0   3876    4.8    1.7     80   6.81    254      8  315.8  337.5  317.1
  638.0   3902    4.7    1.6     81   6.80    255      7  315.9  337.6  317.2
  615.0   4198    3.0    0.9     86   6.68    130      4  317.3  338.8  318.6
  575.0   4742    0.0   -0.5     96   6.46    116      9  319.9  341.0  321.2
  571.0   4798   -0.3   -0.8     96   6.35    115      9  320.2  341.0  321.5
  550.0   5095   -1.8   -2.6     94   5.78    115     11  321.9  341.0  323.1
  516.0   5602   -4.3   -5.6     91   4.91    112     14  324.8  341.3  325.8
  500.0   5850   -5.7   -6.9     91   4.59    110     16  326.0  341.5  326.9
  478.0   6201   -8.7   -8.7    100   4.17    105     15  326.5  340.7  327.4
  454.0   6598  -10.2  -11.8     88   3.43    100     14  329.4  341.4  330.1
  410.0   7382  -13.3  -17.9     68   2.30     74     18  335.2  343.6  335.7
  404.0   7494  -14.0  -18.8     67   2.16     70     19  335.7  343.6  336.2
  400.0   7570  -14.5  -19.4     66   2.07     70     20  336.1  343.6  336.5
  332.0   8958  -24.7  -29.3     66   1.02    106     25  340.4  344.4  340.7
  306.0   9548  -29.1  -40.1     34   0.38    121     27  342.3  343.9  342.4
  300.0   9690  -29.9  -40.9     34   0.36    125     27  343.1  344.6  343.2
  291.0   9906  -31.5  -41.8     36   0.34    130     26  343.8  345.2  343.9
  288.0   9979  -32.1  -42.1     36   0.33    131     27  344.0  345.4  344.1
  272.0  10379  -35.5  -39.5     67   0.46    137     30  344.7  346.6  344.8
  250.0  10960  -40.1  -45.1     59   0.27    145     35  346.3  347.5  346.4
  245.0  11097  -41.3  -47.3     52   0.22    145     36  346.5  347.5  346.6
  236.0  11351  -43.5  -51.5     41   0.14    145     37  346.9  347.5  346.9
  221.0  11788  -47.7  -53.7     50   0.12    145     38  347.0  347.6  347.1
  200.0  12440  -53.1  -60.1     42   0.06    145     39  348.5  348.8  348.5
  186.0  12900  -56.6  -65.3     33   0.03    145     40  350.2  350.3  350.2
  177.0  13214  -59.0  -68.8     27   0.02    145     49  351.2  351.4  351.2
  169.0  13507  -61.2  -72.1     22   0.01    140     48  352.2  352.3  352.2
  168.0  13545  -61.5  -72.5     22   0.01    139     47  352.3  352.4  352.3
  150.0  14240  -67.1  -78.1     20   0.01    115     35  354.3  354.3  354.3
  141.0  14610  -70.7  -78.7     30   0.01    103     34  354.3  354.4  354.3
  119.0  15590  -79.0  -87.8     23   0.00     70     33  356.6  356.6  356.6
  115.0  15787  -80.7  -89.7     21   0.00     75     35  357.0  357.0  357.0
  100.0  16570  -82.9  -94.9     11   0.00     95     45  367.3  367.3  367.3
   91.0  17100  -79.2  -93.4      8   0.00     95     41  384.7  384.7  384.7
   88.1  17282  -77.9  -92.9      8   0.00     97     37  390.9  390.9  390.9
   82.0  17691  -77.8  -94.4      6   0.00    100     28  399.2  399.2  399.2
   77.2  18034  -77.7  -95.7      4   0.00    100     23  406.3  406.3  406.3
   75.8  18139  -77.7  -93.7      6   0.00    100     22  408.4  408.4  408.4
   74.3  18254  -73.9  -92.9      4   0.00    100     21  418.8  418.8  418.8
   70.0  18600  -73.7  -92.7      4   0.00    100     16  426.4  426.4  426.4
   54.9  20030  -73.1  -99.1      1   0.00     89     21  458.4  458.4  458.4
   50.0  20590  -66.3  -96.3      1   0.00     85     23  486.8  486.8  486.8
   49.0  20713  -64.8  -94.8      1   0.00     90     24  493.2  493.2  493.2
   48.8  20738  -64.5  -94.5      1   0.00     90     24  494.5  494.5  494.5
   45.0  21229  -66.0  -97.1      1   0.00     95     32  502.4  502.4  502.4
   42.1  21633  -67.3  -99.3      0   0.00     93     35  508.9  508.9  508.9
   38.0  22257  -62.8  -95.8      0   0.00     90     40  535.3  535.4  535.3
   37.7  22306  -62.5  -95.5      1   0.00     87     44  537.4  537.4  537.4
   37.0  22421  -62.5  -95.5      1   0.00     80     52  540.3  540.3  540.3
   34.6  22835  -62.5  -95.5      1   0.00     85     56  550.8  550.8  550.8
   30.0  23720  -59.5  -87.5      2   0.01     95     66  581.9  581.9  581.9
   28.5  24041  -59.1  -83.1      3   0.01     98     68  591.5  591.7  591.5
   27.4  24290  -56.9  -92.4      0   0.00    100     69  604.3  604.3  604.3
   27.0  24383  -56.1  -95.9      0   0.00    100     69  609.1  609.1  609.1
   26.7  24453  -55.5  -98.5      0   0.00                612.8  612.8  612.8
</PRE><H3>Station information and sounding indices</H3><PRE>
                         Station identifier: WIII
                             Station number: 96749
                           Observation time: 220215/0000
                           Station latitude: -6.11
                          Station longitude: 106.65
                          Station elevation: 8.0
                            Showalter index: 3.28
                               Lifted index: 0.78
    LIFT computed using virtual temperature: 0.76
                                SWEAT index: 178.80
                                    K index: 24.50
                         Cross totals index: 16.10
                      Vertical totals index: 25.10
                        Totals totals index: 41.20
      Convective Available Potential Energy: 0.07
             CAPE using virtual temperature: 0.08
                      Convective Inhibition: -361.72
             CINS using virtual temperature: -262.81
                           Equilibrum Level: 475.81
 Equilibrum Level using virtual temperature: 475.71
                   Level of Free Convection: 479.97
             LFCT using virtual temperature: 480.10
                     Bulk Richardson Number: 0.02
          Bulk Richardson Number using CAPV: 0.02
  Temp [K] of the Lifted Condensation Level: 288.94
Pres [hPa] of the Lifted Condensation Level: 860.69
   Equivalent potential temp [K] of the LCL: 340.92
     Mean mixed layer potential temperature: 301.61
              Mean mixed layer mixing ratio: 13.38
              1000 hPa to 500 hPa thickness: 5777.00
Precipitable water [mm] for entire sounding: 42.74
</PRE>
<P>Description of the 
<A HREF="/upperair/columns.html">data columns</A>
or <A HREF="/upperair/indices.html">sounding indices</A>.

<P>
<FORM>
<INPUT CLASS="button" TYPE="button" VALUE=" Close this window " 
 onClick="window.close();">
<INPUT CLASS="button" TYPE="button" VALUE=" Select another map " 
 onClick="window.blur();">
</FORM>
<HR SIZE="1">
<I>Interested in graduate studies in atmospheric science?
Check out our program at the
<a href="http://www.uwyo.edu/atsc/howtoapply/"
target=_top>University of Wyoming
</a></I>
<HR SIZE="1"><FONT SIZE="-1">
Questions about the weather data provided by this site can be
addressed to <A HREF="mailto:ldoolman@uwyo.edu">
Larry Oolman (ldoolman@uwyo.edu)</A></FONT>
<HR SIZE="1">
<SCRIPT TYPE="text/javascript">
<!--
window.focus();
// -->
</SCRIPT>
</BODY>
</HTML>
