2019-02-24 00
<HTML>
<TITLE>University of Wyoming - Radiosonde Data</TITLE>
<BODY BGCOLOR="white">
<H2>96749 WIII Jakarta Observations at 00Z 24 Feb 2019</H2>
<PRE>
-----------------------------------------------------------------------------
   PRES   HGHT   TEMP   DWPT   RELH   MIXR   DRCT   SKNT   THTA   THTE   THTV
    hPa     m      C      C      %    g/kg    deg   knot     K      K      K 
-----------------------------------------------------------------------------
 1009.0      8   24.0   22.9     94  17.78    150      2  296.4  347.8  299.5
 1008.0     17   25.0   23.7     93  18.70    147      2  297.5  351.9  300.8
 1000.0     91   24.8   23.4     92  18.51    125      3  297.9  351.9  301.2
  976.0    304   24.4   21.9     86  17.26    175      1  299.6  350.2  302.7
  967.0    386   24.2   21.3     84  16.80    152      2  300.2  349.6  303.2
  943.0    606   22.9   20.6     86  16.45     90      3  301.1  349.7  304.1
  925.0    774   22.0   20.0     88  16.19     45      5  301.8  349.7  304.7
  911.0    905   21.2   19.3     89  15.70     35      5  302.3  348.9  305.1
  850.0   1501   17.6   16.0     90  13.64     55      5  304.6  345.5  307.1
  821.0   1794   16.1   14.3     89  12.64     80      5  306.0  344.2  308.4
  792.0   2098   14.6   12.6     88  11.67    130      1  307.6  343.1  309.7
  765.0   2391   13.1   10.9     86  10.79      0      1  309.0  342.1  311.0
  738.0   2694   11.6    9.1     85   9.94    305      3  310.5  341.3  312.4
  712.0   2997   10.0    7.4     84   9.14    275      5  312.1  340.6  313.8
  708.0   3045    9.8    7.1     83   9.02    273      6  312.3  340.4  314.0
  700.0   3139    9.2    6.5     83   8.75    270      7  312.6  340.0  314.3
  662.0   3598    6.1    3.1     81   7.30    260      6  314.2  337.3  315.6
  640.0   3877    4.2    1.1     80   6.52    265      4  315.1  335.9  316.3
  638.0   3902    4.1    0.9     80   6.46    265      4  315.2  335.8  316.4
  615.0   4200    2.4   -1.1     78   5.78    295      3  316.6  335.2  317.7
  605.0   4333    1.6   -2.0     77   5.49    320      5  317.2  335.0  318.2
  593.0   4494    0.9   -3.2     74   5.12    350      8  318.2  334.9  319.2
  591.0   4521    0.8   -3.4     73   5.06    351      8  318.4  334.9  319.3
  587.0   4576    0.6   -7.4     55   3.76    354      9  318.8  331.2  319.5
  585.0   4603    0.6   -9.4     47   3.22    355      9  319.1  329.9  319.7
  580.0   4672    0.0   -6.0     64   4.23    359      9  319.1  333.2  320.0
  571.0   4797   -0.6   -6.6     64   4.11      5     10  319.9  333.5  320.7
  550.0   5096   -2.0   -8.0     64   3.82     15      8  321.6  334.4  322.4
  549.0   5111   -2.1   -8.1     63   3.80     16      8  321.7  334.5  322.4
  547.0   5140   -1.9  -12.9     43   2.60     19      8  322.3  331.2  322.8
  543.0   5198   -2.3  -16.3     33   1.98     23      8  322.5  329.4  322.9
  542.0   5213   -1.9  -22.9     18   1.13     25      8  323.1  327.2  323.4
  537.0   5286   -2.1  -25.1     15   0.93     31      7  323.7  327.2  323.9
  534.0   5331   -2.5  -21.5     22   1.29     35      7  323.8  328.4  324.0
  531.0   5376   -2.9  -10.9     54   3.15     38      7  323.8  334.6  324.4
  530.0   5390   -3.1  -10.1     58   3.37     40      7  323.8  335.2  324.4
  525.0   5466   -3.3  -13.3     46   2.63     46      7  324.4  333.5  324.9
  521.0   5526   -3.7  -10.7     58   3.26     51      7  324.6  335.8  325.3
  519.0   5556   -3.7  -10.7     58   3.28     53      6  325.0  336.2  325.6
  516.0   5602   -3.9  -15.9     39   2.16     57      6  325.3  332.9  325.7
  514.0   5633   -3.9  -20.9     25   1.41     60      6  325.6  330.7  325.9
  510.0   5694   -4.4  -23.0     22   1.19     65      6  325.8  330.1  326.0
  509.0   5710   -4.5  -23.5     21   1.14     65      6  325.8  330.0  326.1
  500.0   5850   -5.7  -12.7     58   2.90     65      6  326.0  336.1  326.6
  495.0   5929   -6.7  -10.8     73   3.41     68      7  325.7  337.4  326.4
  458.0   6530  -10.5  -13.4     79   2.99     88     11  328.3  338.7  328.9
  454.0   6597  -10.8  -14.2     76   2.82     90     12  328.7  338.6  329.3
  445.0   6751  -11.5  -16.0     69   2.48     85     11  329.8  338.5  330.2
  440.0   6837  -12.1  -14.6     82   2.82     82     10  330.1  340.0  330.6
  437.0   6889  -12.1  -15.0     79   2.75     80     10  330.7  340.4  331.3
  434.0   6942  -12.3  -17.2     67   2.30     82     10  331.1  339.3  331.6
  427.0   7066  -13.1  -16.2     78   2.54     85     10  331.6  340.7  332.1
  409.0   7392  -15.1  -18.0     78   2.28     95     10  333.1  341.4  333.6
  400.0   7560  -15.9  -18.5     80   2.24    100     10  334.2  342.3  334.7
  373.0   8083  -18.9  -24.2     63   1.46    105     13  337.0  342.5  337.3
  366.0   8225  -19.7  -25.7     59   1.30    103     14  337.8  342.7  338.0
  343.0   8700  -23.2  -27.4     68   1.18     95     17  339.3  343.8  339.6
  325.0   9096  -26.1  -28.9     77   1.09    105     17  340.6  344.8  340.8
  305.0   9552  -29.3  -34.3     62   0.69    117     16  342.4  345.1  342.5
  300.0   9670  -30.1  -38.1     46   0.48    120     16  342.8  344.8  342.9
  299.0   9694  -30.1  -40.1     37   0.39    120     16  343.2  344.8  343.2
  267.0  10483  -36.6  -46.6     35   0.22    130     24  345.0  345.9  345.0
  252.0  10886  -39.9  -49.9     34   0.16    134     21  345.8  346.5  345.9
  250.0  10940  -40.3                         135     21  346.0         346.0
  223.0  11698  -46.8                         130     20  347.6         347.6
  200.0  12420  -52.9                         110     16  348.8         348.8
  169.0  13468  -61.7                          85     14  351.4         351.4
  153.0  14087  -66.9                          90     10  352.7         352.7
  150.0  14210  -67.9                          80      9  352.9         352.9
  142.0  14537  -70.7                          50     10  353.6         353.6
  138.0  14701  -71.7                          35     11  354.8         354.8
  131.0  15000  -73.5                          25     15  356.8         356.8
  125.0  15269  -75.1                          35     20  358.7         358.7
  107.0  16162  -80.5                          35     20  364.7         364.7
  100.0  16550  -82.9                          65     13  367.3         367.3
   91.0  17068  -86.0                         115     17  371.2         371.2
   82.2  17627  -89.3                         120     25  375.4         375.4
   81.0  17706  -89.1                         120     27  377.3         377.3
   72.8  18285  -87.9                          98     31  391.6         391.6
   70.0  18500  -84.9                          90     33  402.4         402.4
   69.4  18547  -84.7                          90     34  403.9         403.9
   69.0  18580  -82.8                          90     34  408.7         408.7
   67.8  18679  -76.9                          97     36  423.4         423.4
   65.0  18927  -72.2                         115     40  438.8         438.8
   62.0  19205  -66.9                         110     36  456.5         456.5
   59.0  19505  -66.0                         105     31  465.1         465.1
   57.6  19650  -65.5                         114     21  469.4         469.4
   56.0  19819  -66.4                         125     10  471.1         471.1
   53.0  20150  -68.2                         215     13  474.4         474.4
   51.0  20381  -69.5                         225     23  476.7         476.7
   50.0  20500  -70.1                         220     24  477.9         477.9
   49.3  20584  -70.7                         215     22  478.4         478.4
   48.0  20743  -70.1                         200     18  483.5         483.5
   46.7  20906  -69.5                         153     15  488.7         488.7
   44.0  21267  -63.8                          50      7  511.0         511.0
   43.4  21351  -62.5                          25      8  516.2         516.2
   42.0  21555  -61.1                         325     11  524.6         524.6
   39.6  21922  -58.5                         301     20  540.0         540.0
   38.0  22180  -58.8                         285     27  545.5         545.5
   35.0  22696  -59.5                         247     24  556.8         556.8
   33.0  23067  -57.4                         220     22  571.8         571.8
   32.2  23222  -56.5                         206     17  578.2         578.2
   31.0  23462  -56.9                         185     10  583.4         583.4
   30.0  23670  -57.3                         215     11  587.8         587.8
   29.5  23776  -57.5                         213     10  590.1         590.1
   29.0  23885  -56.5                         210      9  595.9         595.9
   27.9  24130  -54.1                         253      7  609.0         609.0
   27.0  24339  -54.7                         290      5  613.0         613.0
   24.1  25061  -56.9                         274     10  627.0         627.0
   22.3  25555  -54.1                         263     14  649.3         649.3
   21.0  25939  -54.8                         255     17  658.6         658.6
   20.0  26250  -55.3                         230     14  666.2         666.2
   19.9  26282  -55.3                         233     14  667.1         667.1
   19.0  26580  -54.2                         260     13  679.3         679.3
   16.0  27689  -50.3                                     726.3         726.3
</PRE><H3>Station information and sounding indices</H3><PRE>
                         Station identifier: WIII
                             Station number: 96749
                           Observation time: 190224/0000
                           Station latitude: -6.11
                          Station longitude: 106.65
                          Station elevation: 8.0
                            Showalter index: -0.97
                               Lifted index: -2.83
    LIFT computed using virtual temperature: -3.38
                                SWEAT index: 207.99
                                    K index: 36.60
                         Cross totals index: 21.70
                      Vertical totals index: 23.30
                        Totals totals index: 45.00
      Convective Available Potential Energy: 893.47
             CAPE using virtual temperature: 1022.38
                      Convective Inhibition: -25.98
             CINS using virtual temperature: -20.77
                           Equilibrum Level: 184.94
 Equilibrum Level using virtual temperature: 184.27
                   Level of Free Convection: 858.00
             LFCT using virtual temperature: 870.95
                     Bulk Richardson Number: 569.75
          Bulk Richardson Number using CAPV: 651.96
  Temp [K] of the Lifted Condensation Level: 294.87
Pres [hPa] of the Lifted Condensation Level: 950.65
   Equivalent potential temp [K] of the LCL: 350.54
     Mean mixed layer potential temperature: 299.18
              Mean mixed layer mixing ratio: 17.57
              1000 hPa to 500 hPa thickness: 5759.00
Precipitable water [mm] for entire sounding: 57.80
</PRE>
<P>Description of the 
<A HREF="/upperair/columns.html">data columns</A>
or <A HREF="/upperair/indices.html">sounding indices</A>.

<P>
<FORM>
<INPUT CLASS="button" TYPE="button" VALUE=" Close this window " 
 onClick="window.close();">
<INPUT CLASS="button" TYPE="button" VALUE=" Select another map " 
 onClick="window.blur();">
</FORM>
<HR SIZE="1">
<I>Interested in graduate studies in atmospheric science?
Check out our program at the
<a href="http://www.uwyo.edu/atsc/howtoapply/"
target=_top>University of Wyoming
</a></I>
<HR SIZE="1"><FONT SIZE="-1">
Questions about the weather data provided by this site can be
addressed to <A HREF="mailto:ldoolman@uwyo.edu">
Larry Oolman (ldoolman@uwyo.edu)</A></FONT>
<HR SIZE="1">
<SCRIPT TYPE="text/javascript">
<!--
window.focus();
// -->
</SCRIPT>
</BODY>
</HTML>
