2020-05-17 00
<HTML>
<TITLE>University of Wyoming - Radiosonde Data</TITLE>
<BODY BGCOLOR="white">
<H2>96749 WIII Jakarta Observations at 00Z 17 May 2020</H2>
<PRE>
-----------------------------------------------------------------------------
   PRES   HGHT   TEMP   DWPT   RELH   MIXR   DRCT   SKNT   THTA   THTE   THTV
    hPa     m      C      C      %    g/kg    deg   knot     K      K      K 
-----------------------------------------------------------------------------
 1006.0      8   25.4   23.7     90  18.74    160      2  298.0  352.7  301.4
 1005.0     17   26.6   23.2     82  18.19    159      2  299.3  352.6  302.6
 1000.0     60   26.8   23.3     81  18.39    155      3  299.9  354.0  303.2
  974.0    295   26.7   20.0     67  15.37    105      9  302.1  347.7  304.9
  963.0    396   26.6   18.6     61  14.21    107     10  303.0  345.4  305.6
  925.0    753   25.0   16.0     57  12.51    115     12  304.9  342.5  307.2
  910.0    896   24.4   15.0     56  11.95    100     14  305.7  341.8  307.9
  888.0   1111   23.6   13.6     53  11.14     93     15  307.0  340.9  309.1
  850.0   1492   21.2   12.2     56  10.61     80     16  308.3  340.8  310.3
  849.0   1502   21.1   12.2     57  10.61     80     16  308.4  340.9  310.3
  792.0   2097   17.1   11.3     69  10.73     70      8  310.2  343.3  312.2
  767.0   2372   15.2   10.9     75  10.79     88      8  311.1  344.4  313.1
  738.0   2696   13.7    9.1     74   9.94    110      9  312.8  343.9  314.7
  712.0   2998   12.3    7.5     73   9.21     85      8  314.5  343.5  316.2
  700.0   3141   11.6    6.7     72   8.87     95      8  315.3  343.4  317.0
  691.0   3250   11.2    6.2     71   8.68    105      7  316.0  343.6  317.7
  687.0   3297   10.9    6.0     72   8.63    110      6  316.2  343.6  317.8
  639.0   3896    6.9    4.0     82   8.03     35      6  318.2  344.0  319.8
  596.0   4471    3.0    2.0     93   7.48     45      5  320.2  344.4  321.6
  594.0   4498    2.9    1.8     93   7.39     45      5  320.3  344.3  321.8
  547.0   5164    0.0   -3.1     80   5.60     40      5  324.5  343.2  325.6
  522.0   5539   -2.5   -5.1     82   5.04     36      5  325.9  342.9  326.9
  511.0   5707   -3.4   -7.7     72   4.23     35      5  326.8  341.2  327.6
  500.0   5880   -4.3  -10.3     63   3.51     35      8  327.7  339.9  328.4
  486.0   6104   -5.3  -16.3     42   2.21     40     10  329.2  337.1  329.6
  474.0   6300   -6.6  -19.0     37   1.81     45     12  330.0  336.5  330.3
  469.0   6383   -7.1  -20.1     35   1.66     42     13  330.3  336.3  330.6
  466.0   6433   -7.3  -19.3     38   1.79     41     13  330.7  337.1  331.0
  463.0   6483   -7.9  -15.9     53   2.40     39     13  330.5  339.1  331.0
  457.0   6585   -8.9  -12.8     73   3.14     36     14  330.5  341.5  331.1
  456.0   6602   -8.9  -12.8     74   3.16     35     14  330.7  341.8  331.4
  455.0   6619   -8.9  -12.7     74   3.18     35     14  330.9  342.1  331.6
  450.0   6704   -9.1  -21.1     37   1.59     38     15  331.7  337.5  332.0
  447.0   6756   -8.7  -27.7     20   0.88     39     15  332.9  336.2  333.0
  400.0   7610  -13.5  -38.5     10   0.35     60     20  337.4  338.8  337.4
  390.0   7802  -14.5  -40.5      9   0.29     60     19  338.5  339.7  338.6
  375.0   8097  -16.2  -39.1     12   0.34     60     12  340.0  341.4  340.1
  366.0   8280  -17.3  -38.3     14   0.38     21      7  341.0  342.5  341.0
  360.0   8403  -18.3  -37.0     18   0.45    355      4  341.2  343.0  341.3
  351.0   8591  -19.9  -34.9     25   0.56    301      8  341.6  343.8  341.7
  346.0   8697  -20.5  -29.5     44   0.96    270     10  342.1  345.9  342.4
  339.0   8848  -20.7  -29.7     44   0.97    258     12  343.9  347.7  344.1
  332.0   9002  -21.8  -40.4     17   0.34    245     14  344.5  345.9  344.6
  331.0   9024  -21.9  -41.9     15   0.29    245     14  344.6  345.8  344.6
  321.0   9249  -23.5  -36.5     29   0.53    248     15  345.4  347.6  345.5
  300.0   9740  -26.7  -38.7     31   0.45    255     17  347.6  349.5  347.7
  289.0  10007  -29.1  -46.1     18   0.21    264     17  347.9  348.9  348.0
  267.0  10565  -33.9  -46.9     26   0.21    284     18  348.9  349.8  348.9
  252.0  10965  -37.3  -43.3     54   0.33    298     19  349.7  351.1  349.8
  250.0  11020  -37.9  -42.9     59   0.35    300     19  349.6  351.1  349.6
  247.0  11103  -38.4  -45.6     47   0.26    310     20  350.0  351.1  350.0
  239.0  11329  -39.9  -52.9     24   0.12    315     22  351.1  351.6  351.1
  216.0  12005  -45.5                         330     28  352.8         352.8
  200.0  12520  -49.7                         315     25  353.9         353.9
  180.0  13183  -55.5                         310     29  355.3         355.3
  150.0  14330  -65.5                         310     40  357.1         357.1
  115.0  15863  -79.5                         305     40  359.2         359.2
  100.0  16670  -86.9                         290     30  359.6         359.6
   92.0  17119  -90.4                         280     33  361.4         361.4
   90.9  17184  -90.9                         280     31  361.6         361.6
   87.0  17421  -88.7                         310     22  370.5         370.5
   83.0  17676  -86.4                           5     14  380.3         380.3
   81.5  17775  -85.5                          37     13  384.1         384.1
   78.0  18015  -85.8                         115     11  388.3         388.3
   75.1  18223  -86.1                          93     12  391.9         391.9
   74.0  18305  -83.3                          85     13  399.5         399.5
   72.3  18435  -78.9                          95     15  411.4         411.4
   71.3  18514  -78.7                         102     16  413.5         413.5
   70.5  18579  -75.1                         107     16  422.5         422.5
   70.0  18620  -73.3                         110     17  427.2         427.2
   67.5  18834  -71.9                          93     20  434.7         434.7
   67.0  18878  -72.1                          90     21  435.1         435.1
   61.4  19389  -74.9                          74     15  440.0         440.0
   60.0  19524  -74.3                          70     14  444.2         444.2
   57.5  19773  -73.3                         107     12  451.9         451.9
   57.0  19824  -72.8                         115     12  454.1         454.1
   54.3  20111  -70.3                          91     21  466.3         466.3
   53.4  20211  -66.9                          83     24  476.4         476.4
   52.0  20372  -66.7                          70     29  480.4         480.4
   50.0  20610  -66.5                          70     28  486.4         486.4
   46.5  21051  -65.1                          89     33  499.9         499.9
   44.8  21279  -62.5                          99     36  511.6         511.6
   43.0  21532  -62.5                         110     39  517.5         517.5
   35.0  22801  -62.7                          85     36  548.4         548.4
   33.8  23018  -59.7                          92     30  561.8         561.8
   30.0  23760  -61.5                         115     10  576.4         576.4
   29.0  23967  -62.7                         120      6  578.8         578.8
   27.0  24405  -65.1                         190      8  583.9         583.9
   26.0  24638  -62.2                         180     13  598.5         598.5
   24.6  24979  -57.9                         145     21  620.4         620.4
   24.0  25135  -57.4                         130     24  626.4         626.4
   22.3  25599  -55.7                         122     27  644.6         644.6
   22.0  25686  -54.8                         120     27  649.7         649.7
   20.2  26235  -49.3                          80     41  682.6         682.6
   20.0  26300  -48.9                          75     43  685.7         685.7
   18.0  26994  -47.6                          40     24  710.9         710.9
   17.9  27030  -47.5                                     712.2         712.2
</PRE><H3>Station information and sounding indices</H3><PRE>
                         Station identifier: WIII
                             Station number: 96749
                           Observation time: 200517/0000
                           Station latitude: -6.11
                          Station longitude: 106.65
                          Station elevation: 8.0
                            Showalter index: 2.25
                               Lifted index: -0.75
    LIFT computed using virtual temperature: -1.15
                                SWEAT index: 186.42
                                    K index: 32.80
                         Cross totals index: 16.50
                      Vertical totals index: 25.50
                        Totals totals index: 42.00
      Convective Available Potential Energy: 59.64
             CAPE using virtual temperature: 103.33
                      Convective Inhibition: -275.91
             CINS using virtual temperature: -219.11
                           Equilibrum Level: 434.41
 Equilibrum Level using virtual temperature: 397.62
                   Level of Free Convection: 627.11
             LFCT using virtual temperature: 637.74
                     Bulk Richardson Number: 30.43
          Bulk Richardson Number using CAPV: 52.72
  Temp [K] of the Lifted Condensation Level: 292.33
Pres [hPa] of the Lifted Condensation Level: 896.20
   Equivalent potential temp [K] of the LCL: 348.59
     Mean mixed layer potential temperature: 301.65
              Mean mixed layer mixing ratio: 15.97
              1000 hPa to 500 hPa thickness: 5820.00
Precipitable water [mm] for entire sounding: 53.28
</PRE>
<P>Description of the 
<A HREF="/upperair/columns.html">data columns</A>
or <A HREF="/upperair/indices.html">sounding indices</A>.

<P>
<FORM>
<INPUT CLASS="button" TYPE="button" VALUE=" Close this window " 
 onClick="window.close();">
<INPUT CLASS="button" TYPE="button" VALUE=" Select another map " 
 onClick="window.blur();">
</FORM>
<HR SIZE="1">
<I>Interested in graduate studies in atmospheric science?
Check out our program at the
<a href="http://www.uwyo.edu/atsc/howtoapply/"
target=_top>University of Wyoming
</a></I>
<HR SIZE="1"><FONT SIZE="-1">
Questions about the weather data provided by this site can be
addressed to <A HREF="mailto:ldoolman@uwyo.edu">
Larry Oolman (ldoolman@uwyo.edu)</A></FONT>
<HR SIZE="1">
<SCRIPT TYPE="text/javascript">
<!--
window.focus();
// -->
</SCRIPT>
</BODY>
</HTML>
