2019-07-20 00
<HTML>
<TITLE>University of Wyoming - Radiosonde Data</TITLE>
<BODY BGCOLOR="white">
<H2>96749 WIII Jakarta Observations at 00Z 20 Jul 2019</H2>
<PRE>
-----------------------------------------------------------------------------
   PRES   HGHT   TEMP   DWPT   RELH   MIXR   DRCT   SKNT   THTA   THTE   THTV
    hPa     m      C      C      %    g/kg    deg   knot     K      K      K 
-----------------------------------------------------------------------------
 1009.0      8   26.0   22.6     82  17.45    210      2  298.4  349.3  301.5
 1000.0     89   26.2   21.5     75  16.44    210      3  299.4  347.5  302.3
  976.0    305   25.6   19.9     71  15.21    190      6  300.8  345.7  303.6
  969.0    368   25.4   19.4     69  14.86    181      6  301.2  345.2  303.9
  943.0    608   23.9   17.3     67  13.35    145      7  302.1  341.7  304.5
  925.0    778   22.8   15.8     65  12.35    130     10  302.6  339.4  304.9
  850.0   1507   18.2   14.1     77  12.04     90     23  305.2  341.5  307.4
  822.0   1790   16.4   12.8     79  11.42     75     21  306.2  340.8  308.3
  713.0   2992    8.8    7.2     90   9.03     65     21  310.5  338.5  312.2
  700.0   3148    7.8    6.5     91   8.75     70     21  311.1  338.3  312.7
  693.0   3231    7.4    6.2     92   8.65     68     22  311.5  338.5  313.2
  662.0   3607    5.4    3.8     89   7.64     60     25  313.4  337.5  314.8
  656.0   3682    5.0    3.3     89   7.45     59     25  313.8  337.3  315.2
  624.0   4089    2.0   -4.0     64   4.58     52     27  314.8  329.7  315.7
  623.0   4102    1.6   -5.4     60   4.13     52     27  314.5  328.0  315.3
  616.0   4193    2.1   -4.9     60   4.32     50     27  316.1  330.2  316.9
  608.0   4299    2.6   -4.4     60   4.56     51     26  317.9  332.9  318.8
  605.0   4339    2.2   -5.8     55   4.12     52     26  317.9  331.5  318.7
  600.0   4406    2.6   -5.4     56   4.29     53     25  319.1  333.2  319.9
  597.0   4447    3.4   -5.6     52   4.24     53     25  320.5  334.6  321.3
  596.0   4460    4.6   -4.4     52   4.66     54     25  322.0  337.5  322.9
  593.0   4501    5.2   -3.8     52   4.90     54     25  323.2  339.5  324.1
  540.0   5259    0.0  -12.0     40   2.84     64     19  325.7  335.6  326.3
  511.0   5698   -3.8  -15.8     39   2.19     70     16  326.3  334.0  326.7
  509.0   5729   -4.1  -16.1     39   2.15     72     15  326.3  333.9  326.7
  500.0   5870   -4.9  -18.9     33   1.73     80     13  327.0  333.2  327.3
  492.0   5996   -5.4  -22.0     26   1.34     95     10  327.9  332.8  328.2
  473.0   6304   -6.6  -29.7     14   0.69    160      9  330.1  332.8  330.3
  462.0   6488   -7.3  -34.3     10   0.46    160     11  331.5  333.3  331.6
  421.0   7199  -12.9  -35.9     13   0.43    160     17  333.2  334.9  333.3
  405.0   7496  -15.2  -36.6     14   0.41    150      8  333.9  335.5  334.0
  402.0   7552  -15.7  -36.7     15   0.41    138      7  334.0  335.7  334.1
  400.0   7590  -16.1  -37.1     15   0.40    130      6  334.0  335.6  334.1
  389.0   7799  -16.8  -37.8     14   0.38     35     11  335.8  337.3  335.9
  374.0   8095  -17.7  -38.7     14   0.36     25     19  338.3  339.8  338.4
  359.0   8398  -19.8  -39.6     15   0.34     40     17  339.5  340.9  339.6
  345.0   8693  -21.9  -40.5     17   0.33     35     21  340.6  341.9  340.7
  338.0   8844  -22.9  -40.9     18   0.32     42     20  341.2  342.5  341.2
  326.0   9109  -23.7  -50.7      6   0.11     56     19  343.6  344.1  343.6
  305.0   9590  -27.9  -54.9      6   0.07     80     16  344.4  344.7  344.4
  300.0   9710  -28.9  -55.9      6   0.07     80     15  344.5  344.8  344.5
  257.0  10789  -38.8  -55.2     16   0.08     90     11  345.4  345.8  345.5
  252.0  10926  -40.1  -55.1     19   0.09     86     11  345.5  345.9  345.5
  250.0  10980  -40.5                          85     11  345.7         345.7
  235.0  11388  -43.7                          60      9  347.0         347.0
  224.0  11703  -46.2                          25     10  348.0         348.0
  214.0  12004  -48.6                         335     15  348.9         348.9
  205.0  12287  -50.8                         310     16  349.7         349.7
  200.0  12450  -52.1                         300     17  350.1         350.1
  178.0  13189  -58.8                         320     19  350.9         350.9
  167.0  13593  -62.5                         344     16  351.3         351.3
  162.0  13779  -63.8                         355     14  352.1         352.1
  154.0  14089  -66.0                          60     11  353.6         353.6
  150.0  14250  -67.1                          90     13  354.3         354.3
  146.0  14408  -68.3                         105     17  355.0         355.0
  126.0  15269  -74.8                         150     25  358.4         358.4
  115.0  15803  -78.9                         139     32  360.4         360.4
  107.0  16209  -80.5                         130     37  364.7         364.7
  102.0  16479  -81.7                         135     22  367.6         367.6
  100.0  16590  -82.1                         135     18  368.9         368.9
   98.7  16663  -82.5                         130     17  369.5         369.5
   96.0  16819  -81.9                         105     15  373.5         373.5
   93.9  16942  -81.5                          80     14  376.7         376.7
   92.3  17039  -80.1                          61     13  381.4         381.4
   91.0  17121  -75.5                          45     12  392.1         392.1
   90.9  17127  -75.1                          44     12  392.9         392.9
   87.8  17329  -73.3                           5      7  400.5         400.5
   87.0  17383  -73.5                         355      6  401.1         401.1
   82.0  17727  -74.7                         340     10  405.5         405.5
   78.0  18018  -75.7                         290      6  409.2         409.2
   77.4  18063  -75.9                         289      7  409.8         409.8
   70.0  18650  -71.7                         275     17  430.7         430.7
   69.2  18718  -69.9                         275     19  435.9         435.9
   67.0  18911  -68.4                         275     25  443.1         443.1
   63.9  19195  -66.3                         280     28  453.9         453.9
   61.0  19474  -67.3                         285     30  457.8         457.8
   58.0  19777  -68.3                         279     27  462.1         462.1
   52.0  20434  -66.2                         265     22  481.6         481.6
   50.0  20670  -65.5                         285     19  488.7         488.7
   47.4  20993  -66.9                         294     26  492.9         492.9
   47.0  21045  -65.7                         295     27  497.0         497.0
   46.1  21163  -62.9                         292     30  506.4         506.4
   43.2  21565  -60.1                         281     41  522.8         522.8
   39.2  22167  -62.5                         266     57  531.5         531.5
   39.0  22199  -62.5                         265     58  532.3         532.3
   34.0  23045  -62.3                         250     31  554.0         554.0
   33.0  23229  -62.3                         256     31  558.8         558.8
   30.0  23820  -59.9                         275     29  580.8         580.8
   29.0  24031  -59.9                         275     31  586.4         586.4
   26.6  24568  -59.9                         261     26  601.1         601.1
   25.3  24881  -56.7                         253     24  618.9         618.9
   24.0  25215  -56.3                         245     21  629.3         629.3
   23.0  25485  -56.0                         255     11  637.9         637.9
   22.0  25766  -55.8                         310      8  646.9         646.9
   20.0  26370  -55.1                         350     17  666.8         666.8
   19.1  26665  -53.3                         335     16  681.2         681.2
   18.0  27044  -54.2                         315     15  689.9         689.9
   17.0  27409  -55.1                         335     17  698.3         698.3
   16.0  27796  -56.1                         325     12  707.4         707.4
   15.6  27958  -56.5                         335     10  711.2         711.2
   15.0  28208  -56.0                         350      7  720.7         720.7
   14.3  28511  -55.5                          25      8  732.5         732.5
   14.0  28648  -54.1                          40      8  741.6         741.6
   13.4  28929  -51.3                                     760.6         760.6
</PRE><H3>Station information and sounding indices</H3><PRE>
                         Station identifier: WIII
                             Station number: 96749
                           Observation time: 190720/0000
                           Station latitude: -6.11
                          Station longitude: 106.65
                          Station elevation: 8.0
                            Showalter index: 1.39
                               Lifted index: -0.36
    LIFT computed using virtual temperature: -0.98
                                SWEAT index: 228.19
                                    K index: 35.90
                         Cross totals index: 19.00
                      Vertical totals index: 23.10
                        Totals totals index: 42.10
      Convective Available Potential Energy: 126.78
             CAPE using virtual temperature: 194.32
                      Convective Inhibition: -91.30
             CINS using virtual temperature: -67.35
                           Equilibrum Level: 385.31
 Equilibrum Level using virtual temperature: 380.69
                   Level of Free Convection: 772.66
             LFCT using virtual temperature: 789.05
                     Bulk Richardson Number: 2.66
          Bulk Richardson Number using CAPV: 4.07
  Temp [K] of the Lifted Condensation Level: 292.13
Pres [hPa] of the Lifted Condensation Level: 907.23
   Equivalent potential temp [K] of the LCL: 345.92
     Mean mixed layer potential temperature: 300.39
              Mean mixed layer mixing ratio: 15.52
              1000 hPa to 500 hPa thickness: 5781.00
Precipitable water [mm] for entire sounding: 48.84
</PRE>
<P>Description of the 
<A HREF="/upperair/columns.html">data columns</A>
or <A HREF="/upperair/indices.html">sounding indices</A>.

<P>
<FORM>
<INPUT CLASS="button" TYPE="button" VALUE=" Close this window " 
 onClick="window.close();">
<INPUT CLASS="button" TYPE="button" VALUE=" Select another map " 
 onClick="window.blur();">
</FORM>
<HR SIZE="1">
<I>Interested in graduate studies in atmospheric science?
Check out our program at the
<a href="http://www.uwyo.edu/atsc/howtoapply/"
target=_top>University of Wyoming
</a></I>
<HR SIZE="1"><FONT SIZE="-1">
Questions about the weather data provided by this site can be
addressed to <A HREF="mailto:ldoolman@uwyo.edu">
Larry Oolman (ldoolman@uwyo.edu)</A></FONT>
<HR SIZE="1">
<SCRIPT TYPE="text/javascript">
<!--
window.focus();
// -->
</SCRIPT>
</BODY>
</HTML>
