2020-08-22 12
<HTML>
<TITLE>University of Wyoming - Radiosonde Data</TITLE>
<BODY BGCOLOR="white">
<H2>96749 WIII Jakarta Observations at 00Z 22 Aug 2020</H2>
<PRE>
-----------------------------------------------------------------------------
   PRES   HGHT   TEMP   DWPT   RELH   MIXR   DRCT   SKNT   THTA   THTE   THTV
    hPa     m      C      C      %    g/kg    deg   knot     K      K      K 
-----------------------------------------------------------------------------
 1012.0      8   23.8   19.5     77  14.31    200      1  295.9  337.3  298.5
 1004.0     76   24.4   19.5     74  14.42    173      5  297.2  339.1  299.8
 1000.0    110   24.6   19.6     74  14.57    160      7  297.8  340.2  300.4
  999.0    119   25.2   19.2     69  14.22    158      7  298.4  340.0  301.0
  979.0    298   25.4   18.6     66  13.96    115     11  300.3  341.5  302.8
  973.0    352   25.4   18.4     65  13.88    112     12  300.9  341.9  303.4
  925.0    798   22.8   14.8     61  11.57     90     19  302.6  337.1  304.7
  898.0   1055   20.4   15.4     73  12.40     84     19  302.7  339.7  305.0
  883.0   1201   20.0   12.9     64  10.72     80     19  303.8  335.9  305.7
  869.0   1339   19.6   10.6     56   9.32     80     18  304.7  332.9  306.4
  850.0   1529   18.0   10.0     60   9.15     80     16  305.0  332.7  306.7
  818.0   1856   15.8    8.8     63   8.76     71     16  306.0  332.7  307.6
  804.0   2002   15.4    9.4     67   9.29     67     17  307.1  335.5  308.8
  802.0   2024   15.4    9.4     67   9.31     67     17  307.3  335.8  309.1
  792.0   2130   16.0    0.0     34   4.85     64     17  309.1  324.4  310.0
  746.0   2634   12.8   -3.2     33   4.07     50     18  310.9  324.0  311.7
  741.0   2690   12.6   -3.4     33   4.03     49     18  311.3  324.3  312.1
  736.0   2747   12.0    1.0     47   5.62     47     18  311.2  329.1  312.3
  732.0   2792   11.2    5.2     67   7.63     46     18  310.9  334.7  312.3
  714.0   3000   10.0    1.0     54   5.80     40     18  311.8  330.1  312.9
  706.0   3093    9.4    4.4     71   7.48     43     17  312.1  335.6  313.5
  700.0   3164    9.4    3.4     66   7.03     45     17  312.9  335.1  314.2
  617.0   4194    4.0   -3.2     60   4.92     50     22  318.1  334.2  319.0
  563.0   4941    0.0   -8.0     55   3.74     71     20  321.9  334.4  322.6
  552.0   5097   -1.1   -8.6     57   3.64     75     19  322.4  334.7  323.1
  500.0   5880   -6.7  -11.5     69   3.19     65     15  324.8  335.8  325.4
  429.0   7061  -14.3  -16.6     83   2.45     47     21  329.7  338.3  330.1
  421.0   7203  -15.1  -18.1     78   2.19     45     22  330.4  338.2  330.8
  400.0   7590  -17.3  -22.3     65   1.61     50     21  332.4  338.3  332.7
  387.0   7837  -18.9  -23.4     68   1.51     52     22  333.5  339.0  333.8
  383.0   7914  -19.7  -23.6     71   1.50     53     23  333.4  338.9  333.7
  380.0   7972  -20.3  -24.1     72   1.44     54     23  333.4  338.7  333.7
  379.0   7991  -20.3  -24.7     68   1.37     54     23  333.6  338.7  333.9
  375.0   8070  -19.9  -31.9     34   0.71     54     24  335.2  337.9  335.3
  369.0   8189  -19.9  -36.9     21   0.44     56     25  336.7  338.5  336.8
  300.0   9690  -30.5  -51.5     11   0.11     70     34  342.3  342.8  342.3
  267.0  10502  -36.9  -57.2     10   0.06     70     40  344.5  344.8  344.5
  252.0  10906  -40.1  -60.1     10   0.05     66     41  345.5  345.7  345.5
  250.0  10960  -40.5                          65     41  345.7         345.7
  224.0  11698  -44.4                          70     31  350.8         350.8
  216.0  11943  -45.7                          82     22  352.4         352.4
  205.0  12287  -48.5                         100     10  353.2         353.2
  200.0  12450  -49.9                         130      8  353.6         353.6
  195.0  12609  -51.4                         155      9  353.7         353.7
  178.0  13183  -56.9                         175     17  354.1         354.1
  150.0  14260  -67.1                         160     18  354.3         354.3
  148.0  14340  -67.9                         160     16  354.3         354.3
  147.0  14380  -68.2                         160     15  354.5         354.5
  119.0  15597  -76.4                          20      6  361.5         361.5
  113.0  15896  -78.4                          10      7  363.2         363.2
  108.0  16156  -80.1                         340      6  364.6         364.6
  102.0  16486  -82.3                          10      7  366.3         366.3
  100.0  16600  -83.1                          25      6  366.9         366.9
   97.0  16769  -83.9                          85      9  368.6         368.6
   95.6  16849  -84.3                          85     11  369.3         369.3
   89.5  17215  -83.1                          96     15  378.8         378.8
   87.9  17316  -80.3                          99     16  386.3         386.3
   82.6  17668  -79.3                         109     20  395.3         395.3
   82.0  17710  -78.5                         110     20  397.7         397.7
   78.0  17998  -73.0                          60     22  414.8         414.8
   77.9  18005  -72.9                          60     22  415.2         415.2
   70.0  18630  -74.1                          65     27  425.5         425.5
   68.4  18765  -74.5                          67     28  427.5         427.5
   64.6  19100  -72.7                          73     29  438.5         438.5
   63.8  19173  -70.5                          74     29  444.9         444.9
   60.0  19541  -69.2                          80     31  455.8         455.8
   57.2  19826  -68.1                         102     22  464.4         464.4
   55.0  20065  -64.7                         120     14  477.4         477.4
   54.5  20120  -63.9                         134     13  480.5         480.5
   52.0  20409  -63.7                         205     10  487.5         487.5
   50.0  20650  -63.5                         235     16  493.4         493.4
   45.0  21302  -61.1                         295     15  514.3         514.3
   41.9  21743  -59.5                         249     19  528.9         528.9
   41.0  21878  -59.9                         235     20  531.1         531.1
   37.4  22449  -61.7                         253     40  540.7         540.7
   37.0  22516  -61.7                         255     42  542.4         542.4
   33.4  23149  -61.5                         229     24  559.0         559.0
   31.0  23615  -58.4                         210     11  579.3         579.3
   30.0  23820  -57.1                         220      9  588.4         588.4
   29.8  23862  -56.3                         232      8  591.7         591.7
   29.0  24036  -56.1                         280      4  596.7         596.7
   28.0  24260  -56.0                         315     12  603.3         603.3
   24.0  25245  -55.1                         285     28  632.9         632.9
   22.0  25801  -54.6                         265     24  650.3         650.3
   20.0  26410  -54.1                         230     15  669.8         669.8
   17.2  27377  -54.1                         211     10  699.3         699.3
   17.0  27453  -53.8                         210     10  702.6         702.6
   16.0  27845  -52.3                         165      6  719.9         719.9
   15.0  28263  -50.6                         255      7  738.8         738.8
   14.7  28393  -50.1                                     744.8         744.8
</PRE><H3>Station information and sounding indices</H3><PRE>
                         Station identifier: WIII
                             Station number: 96749
                           Observation time: 200822/0000
                           Station latitude: -6.11
                          Station longitude: 106.65
                          Station elevation: 8.0
                            Showalter index: 3.36
                               Lifted index: 0.01
    LIFT computed using virtual temperature: -0.22
                                SWEAT index: 167.01
                                    K index: 28.70
                         Cross totals index: 16.70
                      Vertical totals index: 24.70
                        Totals totals index: 41.40
      Convective Available Potential Energy: 5.33
             CAPE using virtual temperature: 13.41
                      Convective Inhibition: -357.16
             CINS using virtual temperature: -262.67
                           Equilibrum Level: 420.38
 Equilibrum Level using virtual temperature: 415.37
                   Level of Free Convection: 493.32
             LFCT using virtual temperature: 509.87
                     Bulk Richardson Number: 0.23
          Bulk Richardson Number using CAPV: 0.59
  Temp [K] of the Lifted Condensation Level: 290.33
Pres [hPa] of the Lifted Condensation Level: 896.98
   Equivalent potential temp [K] of the LCL: 340.37
     Mean mixed layer potential temperature: 299.50
              Mean mixed layer mixing ratio: 13.95
              1000 hPa to 500 hPa thickness: 5770.00
Precipitable water [mm] for entire sounding: 43.25
</PRE>
<P>Description of the 
<A HREF="/upperair/columns.html">data columns</A>
or <A HREF="/upperair/indices.html">sounding indices</A>.

<P>
<FORM>
<INPUT CLASS="button" TYPE="button" VALUE=" Close this window " 
 onClick="window.close();">
<INPUT CLASS="button" TYPE="button" VALUE=" Select another map " 
 onClick="window.blur();">
</FORM>
<HR SIZE="1">
<I>Interested in graduate studies in atmospheric science?
Check out our program at the
<a href="http://www.uwyo.edu/atsc/howtoapply/"
target=_top>University of Wyoming
</a></I>
<HR SIZE="1"><FONT SIZE="-1">
Questions about the weather data provided by this site can be
addressed to <A HREF="mailto:ldoolman@uwyo.edu">
Larry Oolman (ldoolman@uwyo.edu)</A></FONT>
<HR SIZE="1">
<SCRIPT TYPE="text/javascript">
<!--
window.focus();
// -->
</SCRIPT>
</BODY>
</HTML>
