2018-03-07 00
<HTML>
<TITLE>University of Wyoming - Radiosonde Data</TITLE>
<BODY BGCOLOR="white">
<H2>96749 WIII Jakarta Observations at 00Z 07 Mar 2018</H2>
<PRE>
-----------------------------------------------------------------------------
   PRES   HGHT   TEMP   DWPT   RELH   MIXR   DRCT   SKNT   THTA   THTE   THTV
    hPa     m      C      C      %    g/kg    deg   knot     K      K      K 
-----------------------------------------------------------------------------
 1008.0      8   25.4   22.7     85  17.58    240      5  297.9  349.1  301.0
 1000.0     81   24.8   21.9     84  16.85    235     13  297.9  347.1  300.9
  984.0    223   23.6   21.0     85  16.19    232     16  298.1  345.3  301.0
  975.0    304   23.9   20.8     82  16.09    230     18  299.2  346.4  302.1
  962.0    422   24.4   20.4     78  15.95    235     18  300.9  347.9  303.7
  925.0    766   21.6   19.0     85  15.19    250     16  301.4  346.3  304.1
  850.0   1498   17.8   15.5     86  13.20    275     12  304.8  344.4  307.2
  792.0   2099   14.0   11.8     87  11.12    250      4  306.9  340.7  308.9
  778.0   2250   13.0   10.9     87  10.63    231      4  307.4  339.8  309.4
  738.0   2692   11.2    8.8     85   9.69    175      3  310.1  340.1  311.9
  711.0   3004    9.9    7.2     83   9.06    115      1  312.1  340.3  313.8
  700.0   3134    9.4    6.6     83   8.81    105      1  312.9  340.4  314.5
  686.0   3301    8.8    5.2     78   8.16    110      1  313.9  339.7  315.5
  670.0   3497    8.0    3.6     74   7.45     64      3  315.2  338.9  316.6
  662.0   3595    7.4    3.1     74   7.30     40      4  315.6  338.9  317.0
  638.0   3895    5.5    1.7     77   6.84     65      5  316.8  338.8  318.1
  592.0   4504    1.7   -1.1     82   5.98     45      4  319.2  338.7  320.4
  573.0   4769    0.0   -2.4     84   5.63     54      4  320.3  338.7  321.4
  571.0   4797   -0.1   -2.6     84   5.58     55      4  320.4  338.7  321.5
  550.0   5096   -1.8   -4.4     83   5.06     25      7  321.9  338.6  322.9
  534.0   5331   -3.1   -5.8     82   4.67     31      9  323.1  338.7  324.0
  510.0   5694   -4.5   -8.8     72   3.87     40     11  325.6  338.8  326.4
  500.0   5850   -5.1  -10.1     68   3.57     55      9  326.8  339.0  327.5
  491.0   5993   -5.5  -13.5     53   2.76     75      8  328.0  337.6  328.5
  458.0   6534   -9.5  -15.5     62   2.51     87      9  329.6  338.4  330.1
  446.0   6739  -10.1  -17.1     57   2.26     91      9  331.3  339.4  331.8
  441.0   6826  -10.7  -19.7     48   1.83     93     10  331.6  338.2  332.0
  438.0   6878  -10.9  -19.9     47   1.81     95     10  332.0  338.6  332.4
  437.0   6896  -11.1  -16.0     67   2.53     95     10  332.0  341.0  332.5
  435.0   6931  -11.1  -19.1     52   1.95     96     10  332.4  339.5  332.8
  425.0   7109  -12.1  -20.1     51   1.83    100     10  333.4  340.0  333.7
  410.0   7383  -13.7  -19.7     61   1.97    106     11  334.7  341.9  335.1
  400.0   7570  -14.7  -21.7     55   1.70    110     11  335.8  342.1  336.1
  388.0   7800  -16.0  -26.8     39   1.11    115     12  337.0  341.2  337.2
  384.0   7879  -16.5  -28.5     35   0.95    111     12  337.4  341.0  337.6
  344.0   8695  -22.4  -31.3     44   0.82     70     10  340.2  343.4  340.4
  333.0   8937  -24.1  -32.1     48   0.78     74     10  341.0  344.1  341.1
  330.0   9002  -24.7  -31.9     51   0.80     75     10  341.1  344.2  341.2
  317.0   9294  -27.3  -31.1     70   0.91    110     10  341.4  344.9  341.6
  304.0   9595  -29.4  -33.6     67   0.74    105     10  342.5  345.4  342.6
  300.0   9690  -30.1  -34.4     66   0.69    110      8  342.8  345.6  343.0
  292.0   9882  -31.3  -40.3     41   0.39    127      9  343.8  345.4  343.9
  279.0  10198  -33.9  -42.3     42   0.33    155     10  344.6  345.9  344.6
  251.0  10933  -39.9  -46.9     47   0.22    136     10  346.2  347.2  346.3
  250.0  10960  -40.1                         135     10  346.3         346.3
  224.0  11693  -46.4                         140     12  347.7         347.7
  205.0  12285  -51.5                         110     11  348.6         348.6
  200.0  12450  -52.9                         115     12  348.8         348.8
  169.0  13498  -61.9                         105     18  351.1         351.1
  154.0  14076  -66.9                          80     20  352.0         352.0
  150.0  14240  -68.3                          80     21  352.2         352.2
  122.0  15443  -79.3                          77     34  353.6         353.6
  107.0  16173  -83.7                          75     42  358.9         358.9
  100.0  16550  -85.9                          90     43  361.5         361.5
   98.2  16650  -86.7                          90     48  361.9         361.9
   96.0  16774  -86.8                          85     54  364.1         364.1
   92.0  17008  -86.9                          84     45  368.3         368.3
   84.4  17491  -79.1                          81     27  393.2         393.2
   81.0  17728  -77.9                          80     19  400.4         400.4
   77.0  18020  -76.4                         335      9  409.2         409.2
   75.6  18126  -75.9                         313     13  412.5         412.5
   73.0  18328  -77.2                         270     21  414.0         414.0
   70.7  18513  -78.3                         247     24  415.4         415.4
   70.0  18570  -78.3                         240     25  416.6         416.6
   66.0  18911  -76.3                         185     17  428.0         428.0
   63.0  19181  -74.7                         125     13  437.2         437.2
   60.0  19464  -73.0                          35     10  447.1         447.1
   57.0  19762  -71.3                         320     17  457.6         457.6
   51.2  20392  -73.7                         267     13  466.2         466.2
   51.0  20414  -73.6                         265     13  466.9         466.9
   50.0  20530  -73.3                         250      9  470.4         470.4
   49.0  20648  -73.2                         180      6  473.2         473.2
   46.0  21018  -73.0                         155     10  482.4         482.4
   44.5  21212  -72.9                         162      6  487.2         487.2
   44.0  21279  -72.5                         165      4  489.8         489.8
   42.0  21554  -70.8                         105     17  500.5         500.5
   40.5  21769  -69.5                          90     27  509.0         509.0
   40.0  21843  -68.0                          85     31  514.7         514.7
   39.2  21965  -65.5                          87     32  523.9         523.9
   34.0  22828  -66.2                         105     40  543.8         543.8
   33.4  22936  -66.3                         103     41  546.3         546.3
   30.0  23590  -63.5                          90     50  571.0         571.0
   28.3  23948  -61.3                          82     56  586.6         586.6
   28.0  24013  -61.3                          80     57  588.5         588.5
   24.2  24913  -60.9                          87     64  614.6         614.6
   20.0  26110  -53.9                          95     73  670.4         670.4
   16.2  27478  -48.1                          93     79  730.9         730.9
   15.0  27983  -49.1                          92     82  743.8         743.8
   13.0  28929  -46.6                          90     86  783.4         783.4
   12.7  29083  -46.2                          90     86  790.0         790.0
   11.9  29513  -45.1                          90     81  808.9         808.9
   10.0  30690  -38.3                          90     69  875.4         875.4
    9.9  30759  -37.1                          90     67  882.4         882.4
    9.0  31421  -36.6                          85     44  908.8         908.8
    7.0  33164  -35.2                         100     61  982.2         982.2
    6.9  33264  -35.1                                     986.6         986.6
</PRE><H3>Station information and sounding indices</H3><PRE>
                         Station identifier: WIII
                             Station number: 96749
                           Observation time: 180307/0000
                           Station latitude: -6.11
                          Station longitude: 106.65
                          Station elevation: 8.0
                            Showalter index: 0.03
                               Lifted index: -0.89
    LIFT computed using virtual temperature: -1.23
                                SWEAT index: 219.00
                                    K index: 35.60
                         Cross totals index: 20.60
                      Vertical totals index: 22.90
                        Totals totals index: 43.50
      Convective Available Potential Energy: 153.97
             CAPE using virtual temperature: 227.31
                      Convective Inhibition: -56.68
             CINS using virtual temperature: -47.75
                           Equilibrum Level: 302.79
 Equilibrum Level using virtual temperature: 300.64
                   Level of Free Convection: 805.01
             LFCT using virtual temperature: 817.73
                     Bulk Richardson Number: 7.75
          Bulk Richardson Number using CAPV: 11.44
  Temp [K] of the Lifted Condensation Level: 293.46
Pres [hPa] of the Lifted Condensation Level: 935.91
   Equivalent potential temp [K] of the LCL: 346.81
     Mean mixed layer potential temperature: 299.08
              Mean mixed layer mixing ratio: 16.33
              1000 hPa to 500 hPa thickness: 5769.00
Precipitable water [mm] for entire sounding: 56.81
</PRE>
<P>Description of the 
<A HREF="/upperair/columns.html">data columns</A>
or <A HREF="/upperair/indices.html">sounding indices</A>.

<P>
<FORM>
<INPUT CLASS="button" TYPE="button" VALUE=" Close this window " 
 onClick="window.close();">
<INPUT CLASS="button" TYPE="button" VALUE=" Select another map " 
 onClick="window.blur();">
</FORM>
<HR SIZE="1">
<I>Interested in graduate studies in atmospheric science?
Check out our program at the
<a href="http://www.uwyo.edu/atsc/howtoapply/"
target=_top>University of Wyoming
</a></I>
<HR SIZE="1"><FONT SIZE="-1">
Questions about the weather data provided by this site can be
addressed to <A HREF="mailto:ldoolman@uwyo.edu">
Larry Oolman (ldoolman@uwyo.edu)</A></FONT>
<HR SIZE="1">
<SCRIPT TYPE="text/javascript">
<!--
window.focus();
// -->
</SCRIPT>
</BODY>
</HTML>
