2021-08-22 12
<HTML>
<TITLE>University of Wyoming - Radiosonde Data</TITLE>
<BODY BGCOLOR="white">
<H2>96749 WIII Jakarta Observations at 00Z 22 Aug 2021</H2>
<PRE>
-----------------------------------------------------------------------------
   PRES   HGHT   TEMP   DWPT   RELH   MIXR   DRCT   SKNT   THTA   THTE   THTV
    hPa     m      C      C      %    g/kg    deg   knot     K      K      K 
-----------------------------------------------------------------------------
 1010.0      8   23.6   22.2     92  17.00    200      2  295.9  345.0  298.9
 1009.0     17   24.8   21.5     82  16.29    194      2  297.2  344.5  300.1
 1000.0     99   24.8   20.9     79  15.83    140      3  297.9  344.1  300.8
  977.0    304   24.8   19.9     74  15.24     75      9  299.9  344.7  302.7
  974.0    331   24.8   19.8     74  15.16     74      9  300.2  344.8  302.9
  925.0    783   22.0   17.5     76  13.79     65     11  301.8  342.7  304.3
  912.0    905   21.3   17.1     77  13.62     60     11  302.3  342.7  304.7
  882.0   1195   19.5   16.1     81  13.21     75      8  303.4  342.8  305.8
  850.0   1514   17.6   15.0     85  12.77    105     10  304.6  342.9  306.9
  822.0   1799   16.1   12.1     77  10.91    100     11  305.9  338.9  307.9
  764.0   2420   12.8    5.8     62   7.62     97     10  308.8  332.4  310.2
  758.0   2487   12.2    7.8     74   8.83     96     10  308.9  336.1  310.5
  739.0   2699   11.5    1.6     50   5.82     95     10  310.3  328.7  311.4
  732.0   2779   11.2   -0.8     43   4.96     91     11  310.9  326.6  311.8
  700.0   3151    9.4   -4.6     37   3.90     75     14  312.9  325.5  313.6
  676.0   3439    8.0   -2.0     49   4.91     81     15  314.4  330.3  315.4
  667.0   3550    7.6   -8.4     31   3.06     84     16  315.2  325.3  315.8
  663.0   3599    7.2   -6.5     37   3.56     85     16  315.3  327.0  315.9
  648.0   3787    5.6    0.6     70   6.21     85     15  315.5  335.4  316.7
  639.0   3901    4.9    1.0     76   6.47     85     14  316.1  336.8  317.3
  629.0   4029    4.2    1.4     82   6.78     85     12  316.6  338.4  317.9
  616.0   4199    3.3    0.0     79   6.26     85      9  317.5  337.7  318.7
  612.0   4252    3.0   -0.4     78   6.11     85      9  317.7  337.5  318.9
  604.0   4358    2.6   -4.4     60   4.59     85     10  318.5  333.6  319.4
  603.0   4372    2.6   -6.4     52   3.95     85     10  318.6  331.7  319.4
  600.0   4412    2.2   -2.8     70   5.22     85     10  318.6  335.7  319.6
  594.0   4493    2.2   -8.8     44   3.33     85     11  319.5  330.7  320.2
  568.0   4853    0.0  -11.0     43   2.92     85     12  321.1  331.0  321.6
  554.0   5052   -1.5  -13.5     40   2.45     85     13  321.6  330.0  322.1
  551.0   5095   -1.8  -13.3     41   2.49     85     13  321.8  330.3  322.2
  527.0   5447   -4.1  -12.1     54   2.88     64     13  323.1  333.0  323.6
  523.0   5507   -4.5  -12.5     54   2.81     61     13  323.3  333.0  323.9
  521.0   5537   -4.7  -10.7     63   3.26     59     13  323.4  334.5  324.1
  518.0   5583   -4.7   -7.4     81   4.26     56     13  323.9  338.3  324.8
  500.0   5860   -6.3   -8.9     82   3.92     40     13  325.3  338.6  326.1
  491.0   6001   -7.1   -8.9     87   4.01     40     12  326.0  339.7  326.8
  475.0   6259   -8.5   -8.8     98   4.16     13      8  327.4  341.6  328.2
  473.0   6292   -8.7   -9.0     97   4.11     10      7  327.5  341.6  328.3
  404.0   7494  -16.4  -17.8     89   2.36     35      8  332.6  341.1  333.1
  400.0   7570  -16.9  -18.3     89   2.27     35      8  332.9  341.1  333.4
  388.0   7797  -18.4  -20.1     86   2.01     25      9  333.9  341.2  334.3
  373.0   8090  -20.3  -22.4     83   1.71     50     17  335.1  341.4  335.5
  361.0   8334  -21.9  -24.3     81   1.49     52     17  336.1  341.7  336.4
  300.0   9670  -31.9  -34.8     75   0.67     60     20  340.3  342.9  340.4
  279.0  10178  -35.7  -38.8     73   0.48     62     24  342.0  343.9  342.1
  255.0  10794  -41.0  -44.5     68   0.29     65     29  343.1  344.3  343.2
  250.0  10930  -42.1  -45.8     67   0.25     65     29  343.3  344.4  343.4
  244.0  11090  -43.5  -47.2     67   0.22     65     30  343.6  344.6  343.7
  200.0  12400  -54.9  -58.7     63   0.07     70     35  345.7  346.0  345.7
  170.0  13415  -63.9  -68.0     57   0.02     70     40  347.2  347.3  347.2
  150.0  14170  -69.9  -75.9     41   0.01     70     44  349.5  349.5  349.5
  142.0  14493  -73.1  -79.1     40   0.01     72     45  349.4  349.4  349.4
  130.0  15004  -76.0  -83.5     30   0.00     75     47  353.1  353.1  353.1
  126.0  15185  -77.1  -85.1     27   0.00     72     50  354.3  354.3  354.3
  124.0  15277  -77.5  -85.8     26   0.00     70     51  355.1  355.2  355.1
  118.0  15560  -78.9  -87.9     22   0.00     61     54  357.7  357.7  357.7
  117.0  15608  -79.4  -87.9     24   0.00     60     54  357.7  357.7  357.7
  116.0  15657  -79.9  -87.9     26   0.00     55     51  357.6  357.6  357.6
  115.0  15706  -79.9  -88.9     22   0.00     50     48  358.5  358.5  358.5
  114.0  15755  -79.5  -87.5     26   0.00     46     45  360.1  360.1  360.1
  113.0  15805  -77.1  -87.1     19   0.00     41     41  365.5  365.5  365.5
  112.0  15857  -72.1  -86.1     11   0.00     36     38  375.8  375.8  375.8
  111.0  15910  -69.7  -83.7     11   0.00     31     35  381.3  381.3  381.3
  106.0  16184  -69.9  -83.9     11   0.00      5     18  386.0  386.0  386.0
  101.0  16471  -70.1  -84.1     11   0.00    305     16  391.0  391.0  391.0
  100.0  16530  -70.1  -84.1     11   0.00    295     19  392.0  392.1  392.0
   88.3  17261  -74.5  -87.5     12   0.00    210     15  397.4  397.4  397.4
   86.0  17415  -74.0  -87.2     12   0.00    185     14  401.4  401.4  401.4
   82.0  17694  -73.2  -86.7     11   0.00    115      8  408.6  408.6  408.6
   78.0  17986  -72.3  -86.1     11   0.00    240      5  416.3  416.3  416.3
   75.4  18184  -71.7  -85.7     11   0.00    246     14  421.6  421.6  421.6
   72.2  18443  -66.7  -83.7      8   0.01    254     25  437.5  437.5  437.5
   70.0  18630  -66.1  -82.1      9   0.01    260     33  442.6  442.7  442.6
   64.6  19114  -68.5  -82.5     12   0.01    263     32  447.7  447.7  447.7
   61.0  19460  -67.4  -82.5     10   0.01    265     32  457.4  457.5  457.4
   58.0  19763  -66.5  -82.5      9   0.01    257     28  466.2  466.2  466.2
   50.0  20660  -67.3  -82.3     10   0.01    235     15  484.5  484.5  484.5
   49.1  20769  -68.1  -83.1     10   0.01    226     14  485.1  485.2  485.1
   45.0  21298  -65.6  -83.4      7   0.01    180     12  503.5  503.6  503.5
   43.4  21518  -64.5  -83.5      6   0.01    144     14  511.3  511.4  511.3
   43.0  21575  -64.0  -83.2      6   0.01    135     14  514.0  514.1  514.0
   41.0  21870  -61.1  -81.3      5   0.01    120     24  528.1  528.2  528.1
   39.5  22101  -58.9  -79.9      5   0.02    113     31  539.4  539.5  539.4
   39.0  22181  -58.9  -80.2      5   0.02    110     33  541.4  541.5  541.4
   35.0  22861  -58.7  -82.5      3   0.01     80     43  558.8  558.9  558.8
   34.6  22933  -58.7  -82.7      3   0.01     80     44  560.7  560.8  560.7
   32.5  23330  -55.3  -89.3      1   0.00     82     51  579.9  579.9  579.9
   30.0  23840  -56.3  -91.3      1   0.00     85     60  590.6  590.6  590.6
   29.0  24055  -56.8  -91.3      1   0.00     85     58  594.9  594.9  594.9
   28.1  24254  -57.3  -91.3      1   0.00     85     58  598.9  599.0  598.9
   20.0  26420  -53.9  -88.9      1   0.01     90     62  670.4  670.5  670.4
   18.6  26887  -53.9  -88.9      1   0.01     91     60  684.5  684.6  684.5
   16.2  27785  -49.1  -86.1      1   0.01     92     57  727.6  727.8  727.6
   12.0  29747  -51.0  -87.1      1   0.02     95     50  785.9  786.1  785.9
   11.9  29802  -51.1  -87.1      1   0.02     95     48  787.6  787.8  787.6
   11.0  30317  -50.2  -86.7      1   0.02     90     28  808.8  809.0  808.8
   10.0  30940  -49.1  -86.1      1   0.02     75     21  835.2  835.5  835.2
    9.7  31140  -48.5  -93.5      0   0.01                844.7  844.8  844.7
</PRE><H3>Station information and sounding indices</H3><PRE>
                         Station identifier: WIII
                             Station number: 96749
                           Observation time: 210822/0000
                           Station latitude: -6.11
                          Station longitude: 106.65
                          Station elevation: 8.0
                            Showalter index: -0.58
                               Lifted index: -1.15
    LIFT computed using virtual temperature: -1.36
                                SWEAT index: 213.00
                                    K index: 24.90
                         Cross totals index: 21.30
                      Vertical totals index: 23.90
                        Totals totals index: 45.20
      Convective Available Potential Energy: 179.51
             CAPE using virtual temperature: 248.80
                      Convective Inhibition: -119.75
             CINS using virtual temperature: -75.83
                           Equilibrum Level: 285.03
 Equilibrum Level using virtual temperature: 284.31
                   Level of Free Convection: 652.76
             LFCT using virtual temperature: 773.95
                     Bulk Richardson Number: 64.32
          Bulk Richardson Number using CAPV: 89.14
  Temp [K] of the Lifted Condensation Level: 292.26
Pres [hPa] of the Lifted Condensation Level: 920.38
   Equivalent potential temp [K] of the LCL: 344.31
     Mean mixed layer potential temperature: 299.29
              Mean mixed layer mixing ratio: 15.39
              1000 hPa to 500 hPa thickness: 5761.00
Precipitable water [mm] for entire sounding: 49.57
</PRE>
<P>Description of the 
<A HREF="/upperair/columns.html">data columns</A>
or <A HREF="/upperair/indices.html">sounding indices</A>.

<P>
<FORM>
<INPUT CLASS="button" TYPE="button" VALUE=" Close this window " 
 onClick="window.close();">
<INPUT CLASS="button" TYPE="button" VALUE=" Select another map " 
 onClick="window.blur();">
</FORM>
<HR SIZE="1">
<I>Interested in graduate studies in atmospheric science?
Check out our program at the
<a href="http://www.uwyo.edu/atsc/howtoapply/"
target=_top>University of Wyoming
</a></I>
<HR SIZE="1"><FONT SIZE="-1">
Questions about the weather data provided by this site can be
addressed to <A HREF="mailto:ldoolman@uwyo.edu">
Larry Oolman (ldoolman@uwyo.edu)</A></FONT>
<HR SIZE="1">
<SCRIPT TYPE="text/javascript">
<!--
window.focus();
// -->
</SCRIPT>
</BODY>
</HTML>
