2022-12-03 00
<HTML>
<TITLE>University of Wyoming - Radiosonde Data</TITLE>
<BODY BGCOLOR="white">
<H2>96749 WIII Jakarta Observations at 00Z 03 Dec 2022</H2>
<PRE>
-----------------------------------------------------------------------------
   PRES   HGHT   TEMP   DWPT   RELH   MIXR   DRCT   SKNT   THTA   THTE   THTV
    hPa     m      C      C      %    g/kg    deg   knot     K      K      K 
-----------------------------------------------------------------------------
 1007.0      8   24.4   22.6     90  17.48    210      4  297.0  347.7  300.1
 1000.0     69   24.6   22.0     85  16.96    200      6  297.8  347.1  300.8
  974.0    300   24.0   20.2     80  15.60    130      3  299.4  345.1  302.2
  941.0    603   23.2   17.9     72  13.95    145      4  301.5  342.9  304.1
  925.0    754   22.8   16.8     69  13.18    185      7  302.6  341.9  305.0
  917.0    830   23.0   16.0     65  12.63    200      7  303.6  341.3  305.9
  909.0    906   22.5   15.2     63  12.10    215      7  303.9  340.1  306.1
  879.0   1198   20.7   12.2     58  10.27    110      3  304.9  336.0  306.8
  867.0   1317   20.0   11.0     56   9.59    145      3  305.4  334.4  307.1
  850.0   1488   18.6   11.6     64  10.19    195      4  305.6  336.5  307.5
  838.0   1610   17.2   13.7     80  11.89    233      4  305.4  341.3  307.6
  819.0   1806   16.4   11.9     75  10.83    295      5  306.5  339.4  308.5
  788.0   2135   15.0    9.0     67   9.22    268      6  308.4  336.8  310.2
  763.0   2407   13.0    7.0     67   8.28    245      6  309.1  334.7  310.6
  761.0   2429   12.8    6.8     67   8.21    247      6  309.2  334.6  310.7
  753.0   2518   12.2   10.3     88  10.55    257      6  309.4  341.9  311.4
  728.0   2801   11.0    5.0     66   7.57    288      6  311.1  334.8  312.6
  711.0   2998    9.6    6.7     82   8.73    310      6  311.6  338.9  313.3
  707.0   3045    9.2    7.1     87   9.03    321      5  311.8  339.9  313.4
  700.0   3128    9.0    6.1     82   8.51    340      4  312.4  339.0  314.0
  697.0   3164    9.2    4.5     72   7.63    336      4  313.0  337.1  314.5
  683.0   3332    7.8    5.6     86   8.42    315      3  313.3  339.7  314.9
  648.0   3766    5.8    0.8     70   6.30    262      2  315.8  336.0  317.0
  643.0   3829    5.8   -4.2     49   4.38    254      2  316.5  330.8  317.3
  637.0   3906    5.1   -1.5     62   5.40    245      2  316.6  334.0  317.6
  634.0   3944    4.8   -0.2     70   5.98    243      2  316.6  335.9  317.8
  624.0   4074    4.0   -1.0     70   5.73    237      2  317.1  335.7  318.2
  614.0   4206    3.6   -8.4     41   3.32    230      3  318.1  329.2  318.8
  606.0   4312    3.4   -2.6     65   5.24    225      3  319.1  336.3  320.1
  592.0   4501    2.4   -2.8     69   5.28    215      3  320.0  337.4  321.0
  571.0   4793    0.7   -3.1     75   5.34    300      8  321.4  339.1  322.5
  562.0   4922    0.0   -3.3     78   5.37    298      8  322.0  339.8  323.1
  550.0   5094   -1.4   -3.8     83   5.28    295      8  322.4  339.9  323.4
  532.0   5359   -3.5   -4.6     92   5.14    257     11  322.9  340.0  323.9
  529.0   5404   -3.6   -4.9     91   5.05    250     11  323.4  340.2  324.3
  500.0   5850   -4.5   -8.1     76   4.18    275     11  327.5  341.8  328.3
  491.0   5992   -5.2   -9.4     72   3.84    275     10  328.3  341.6  329.1
  480.0   6170   -6.1  -11.0     68   3.46    261      9  329.4  341.4  330.1
  473.0   6284   -6.3  -21.3     29   1.48    251      9  330.5  335.9  330.8
  465.0   6417   -6.7  -32.7     11   0.53    240      8  331.6  333.7  331.7
  454.0   6602   -7.6  -34.4     10   0.46    225      7  332.7  334.5  332.8
  451.0   6654   -7.9  -34.9      9   0.44    223      7  333.0  334.8  333.1
  442.0   6809   -9.1  -31.1     15   0.65    216      7  333.4  335.9  333.6
  439.0   6862   -9.5  -25.5     26   1.10    214      7  333.6  337.7  333.8
  426.0   7092  -11.1  -25.1     31   1.18    205      8  334.4  338.8  334.6
  422.0   7164  -11.7  -27.7     25   0.94    202      8  334.5  338.1  334.7
  420.0   7200  -12.1  -23.4     38   1.38    200      8  334.5  339.6  334.8
  419.0   7219  -12.3  -21.3     47   1.68    206      8  334.4  340.6  334.8
  416.0   7273  -12.9  -18.9     61   2.08    222      7  334.4  341.9  334.8
  405.0   7476  -14.3  -22.3     51   1.59    284      4  335.1  341.0  335.4
  404.0   7495  -14.5  -22.5     51   1.57    290      4  335.1  341.0  335.5
  400.0   7570  -15.1  -23.1     50   1.50    275      5  335.3  340.8  335.6
  388.0   7800  -16.7  -22.4     62   1.65    300      2  336.1  342.2  336.4
  384.0   7879  -17.3  -22.1     66   1.70    339      3  336.3  342.6  336.7
  373.0   8096  -18.7  -24.3     61   1.44     90      5  337.3  342.7  337.6
  358.0   8403  -20.6  -27.5     54   1.13     65      8  338.6  342.9  338.9
  356.0   8445  -20.9  -27.9     53   1.09     66      8  338.8  343.0  339.1
  344.0   8697  -22.9  -28.5     60   1.06     75      6  339.4  343.5  339.7
  328.0   9047  -25.7  -29.4     71   1.03     55      4  340.3  344.2  340.5
  317.0   9293  -27.5  -31.7     67   0.85     40      3  341.0  344.4  341.2
  304.0   9595  -29.8  -34.6     63   0.67    355      5  342.0  344.6  342.1
  300.0   9690  -30.5  -35.5     62   0.62    340      5  342.3  344.8  342.4
  291.0   9903  -32.2  -37.2     61   0.54    345      5  342.9  345.1  343.0
  279.0  10197  -34.5  -39.5     60   0.44     10      7  343.6  345.5  343.7
  267.0  10504  -37.0  -42.0     60   0.36     10      7  344.4  345.9  344.5
  256.0  10798  -39.3  -44.3     59   0.29      0      8  345.1  346.4  345.2
  250.0  10960  -41.1  -46.0     59   0.25    350      8  344.8  345.9  344.9
  245.0  11093  -42.2  -47.2     58   0.22      0      8  345.1  346.1  345.2
  234.0  11396  -44.8  -50.0     56   0.17     20      7  345.8  346.6  345.9
  204.0  12300  -52.4  -58.3     49   0.07     40      7  347.7  348.0  347.7
  200.0  12430  -53.5  -59.5     48   0.06     20      8  347.9  348.2  347.9
  195.0  12588  -54.9  -60.8     48   0.05     15      9  348.2  348.4  348.2
  186.0  12882  -57.5  -63.2     48   0.04     15     10  348.6  348.8  348.7
  177.0  13190  -60.3  -65.8     48   0.03     35     12  349.1  349.2  349.1
  169.0  13478  -62.9  -68.2     49   0.02     35     14  349.5  349.6  349.5
  161.0  13780  -65.6  -70.7     49   0.02     55     16  349.8  349.9  349.8
  150.0  14220  -69.5  -74.3     50   0.01     55     18  350.2  350.2  350.2
  125.0  15277  -78.5  -82.9     49   0.00     80     28  352.6  352.6  352.6
  124.0  15323  -78.9  -83.3     49   0.00     79     29  352.7  352.7  352.7
  106.0  16198  -84.0  -88.7     44   0.00     65     53  359.2  359.2  359.2
  105.0  16251  -84.3  -89.0     44   0.00     65     54  359.6  359.6  359.6
  100.0  16520  -83.9  -89.9     35   0.00     75     46  365.4  365.4  365.4
   95.0  16804  -85.0  -89.8     43   0.00     80     44  368.6  368.7  368.6
   93.6  16886  -85.3  -89.8     45   0.00     80     44  369.6  369.6  369.6
   87.4  17264  -84.5  -89.5     42   0.00     80     42  378.5  378.5  378.5
   85.2  17406  -81.5  -88.5     30   0.00     80     41  387.3  387.4  387.4
   85.0  17420  -80.6  -88.3     27   0.00     80     41  389.4  389.4  389.4
   83.3  17536  -72.9  -86.9     10   0.00     65     28  407.3  407.4  407.3
   81.3  17679  -70.1  -84.1     11   0.00     48     13  415.9  415.9  415.9
   81.0  17701  -70.1  -84.2     11   0.00     45     11  416.4  416.4  416.4
   77.0  18003  -70.2  -85.3      9   0.00    260     16  422.3  422.3  422.3
   73.0  18320  -70.2  -86.4      8   0.00    215     26  428.6  428.6  428.6
   70.0  18570  -70.3  -87.3      7   0.00    215     15  433.7  433.7  433.7
   66.2  18903  -71.1  -88.1      7   0.00    229     12  438.9  438.9  438.9
   66.0  18922  -71.0  -88.1      6   0.00    230     12  439.4  439.4  439.4
   60.0  19494  -69.0  -88.6      4   0.00    115      3  456.2  456.2  456.2
   57.2  19781  -67.9  -88.9      4   0.00     68     12  464.9  464.9  464.9
   57.0  19803  -67.6  -88.9      3   0.00     65     13  466.0  466.0  466.0
   54.7  20055  -64.3  -89.3      2   0.00     19      5  479.1  479.1  479.1
   54.0  20134  -64.1  -89.4      2   0.00      5      2  481.3  481.3  481.3
   52.0  20368  -63.5  -89.6      2   0.00    270      1  487.9  487.9  487.9
   50.0  20610  -62.9  -89.9      2   0.00    290      6  494.8  494.9  494.8
   49.0  20734  -62.7  -90.3      1   0.00    250      5  498.3  498.3  498.3
   47.0  20991  -62.2  -91.0      1   0.00    330      4  505.4  505.4  505.4
   45.2  21232  -61.7  -91.7      1   0.00    294      3  512.2  512.2  512.2
   45.0  21259  -61.4  -91.7      1   0.00    290      3  513.6  513.7  513.7
   43.0  21543  -58.0  -91.7      1   0.00    310     10  528.6  528.6  528.6
   42.8  21572  -57.7  -91.7      1   0.00    310     10  530.1  530.1  530.1
   41.0  21844  -56.8  -91.1      1   0.00    305      6  538.9  539.0  538.9
   39.0  22161  -55.7  -90.5      1   0.00    305     15  549.4  549.4  549.4
   37.9  22342  -55.1  -90.1      1   0.00    292     16  555.5  555.5  555.5
   34.0  23034  -55.0  -90.0      1   0.00    245     18  573.3  573.4  573.3
   32.2  23381  -54.9  -89.9      1   0.00    227     19  582.5  582.5  582.5
   31.0  23622  -56.0  -90.4      1   0.00    215     19  585.9  586.0  585.9
   30.0  23830  -56.9  -90.9      1   0.00    220     19  588.9  589.0  588.9
   29.0  24044  -57.7  -91.7      1   0.00    230     19  592.4  592.5  592.4
   27.6  24355  -58.9  -92.9      1   0.00    192     14  597.5  597.6  597.5
   27.0  24494  -58.7  -92.7      1   0.00    175     12  601.9  602.0  601.9
   25.0  24979  -57.9  -91.9      1   0.00    150      6  617.5  617.6  617.5
   24.0  25236  -57.5  -91.5      1   0.00    130      8  626.0  626.0  626.0
   23.0  25504  -57.1  -91.1      1   0.00    190     12  634.9  634.9  634.9
   22.6  25615  -56.9  -90.9      1   0.00    184      9  638.6  638.6  638.6
   22.0  25786  -56.0  -90.3      1   0.01    175      5  646.1  646.1  646.1
   21.0  26083  -54.5  -89.3      1   0.01    165     11  659.3  659.4  659.3
   20.6  26205  -53.9  -88.9      1   0.01                664.8  664.9  664.8
</PRE><H3>Station information and sounding indices</H3><PRE>
                         Station identifier: WIII
                             Station number: 96749
                           Observation time: 221203/0000
                           Station latitude: -6.11
                          Station longitude: 106.65
                          Station elevation: 8.0
                            Showalter index: 3.87
                               Lifted index: 0.24
    LIFT computed using virtual temperature: 0.04
                                SWEAT index: 158.20
                                    K index: 31.80
                         Cross totals index: 16.10
                      Vertical totals index: 23.10
                        Totals totals index: 39.20
      Convective Available Potential Energy: 45.04
             CAPE using virtual temperature: 86.98
                      Convective Inhibition: -139.24
             CINS using virtual temperature: -99.64
                           Equilibrum Level: 504.51
 Equilibrum Level using virtual temperature: 381.99
                   Level of Free Convection: 718.45
             LFCT using virtual temperature: 767.61
                     Bulk Richardson Number: 15.28
          Bulk Richardson Number using CAPV: 29.51
  Temp [K] of the Lifted Condensation Level: 292.91
Pres [hPa] of the Lifted Condensation Level: 930.12
   Equivalent potential temp [K] of the LCL: 345.41
     Mean mixed layer potential temperature: 299.05
              Mean mixed layer mixing ratio: 15.88
              1000 hPa to 500 hPa thickness: 5781.00
Precipitable water [mm] for entire sounding: 50.68
</PRE>
<P>Description of the 
<A HREF="/upperair/columns.html">data columns</A>
or <A HREF="/upperair/indices.html">sounding indices</A>.

<P>
<FORM>
<INPUT CLASS="button" TYPE="button" VALUE=" Close this window " 
 onClick="window.close();">
<INPUT CLASS="button" TYPE="button" VALUE=" Select another map " 
 onClick="window.blur();">
</FORM>
<HR SIZE="1">
<I>Interested in graduate studies in atmospheric science?
Check out our program at the
<a href="http://www.uwyo.edu/atsc/howtoapply/"
target=_top>University of Wyoming
</a></I>
<HR SIZE="1"><FONT SIZE="-1">
Questions about the weather data provided by this site can be
addressed to <A HREF="mailto:ldoolman@uwyo.edu">
Larry Oolman (ldoolman@uwyo.edu)</A></FONT>
<HR SIZE="1">
<SCRIPT TYPE="text/javascript">
<!--
window.focus();
// -->
</SCRIPT>
</BODY>
</HTML>
