2016-02-25 00
<HTML>
<TITLE>University of Wyoming - Radiosonde Data</TITLE>
<BODY BGCOLOR="white">
<H2>96749 WIII Jakarta Observations at 00Z 25 Feb 2016</H2>
<PRE>
-----------------------------------------------------------------------------
   PRES   HGHT   TEMP   DWPT   RELH   MIXR   DRCT   SKNT   THTA   THTE   THTV
    hPa     m      C      C      %    g/kg    deg   knot     K      K      K 
-----------------------------------------------------------------------------
 1011.0      8   24.4   23.9     97  18.88    220      4  296.6  351.3  300.0
 1000.0    107   24.6   23.7     95  18.86    245      6  297.8  352.7  301.1
  988.0    214   24.6   23.2     92  18.51    272      9  298.8  352.9  302.1
  978.0    303   24.1   22.7     92  18.17    295     12  299.1  352.3  302.4
  925.0    791   21.2   20.2     94  16.40    305     19  301.0  349.4  303.9
  914.0    894   20.7   19.7     94  16.07    305     19  301.5  349.0  304.4
  850.0   1522   17.4   16.6     95  14.18    295     19  304.4  346.8  306.9
  823.0   1795   16.0   15.2     95  13.38    300     19  305.7  346.0  308.2
  795.0   2087   14.5   13.7     95  12.55    310     17  307.1  345.2  309.5
  740.0   2692   11.4   10.6     95  10.97    320     10  310.1  343.9  312.2
  700.0   3161    9.0    8.2     95   9.84    265      8  312.4  343.1  314.3
  698.0   3185    9.0    8.2     95   9.87    260      8  312.7  343.5  314.5
  689.0   3292    8.9    7.3     90   9.40    240      8  313.7  343.2  315.4
  673.0   3487    8.6    5.7     82   8.61    250      8  315.5  342.8  317.1
  641.0   3884    6.2    3.5     83   7.73    270      8  317.1  341.9  318.6
  618.0   4181    4.3    1.8     84   7.11    250      2  318.4  341.3  319.7
  595.0   4490    2.4    0.1     85   6.52    205      4  319.6  340.8  320.9
  567.0   4882    0.0   -2.1     86   5.82    194     10  321.2  340.3  322.4
  532.0   5388   -2.6   -3.7     92   5.52    180     19  324.0  342.4  325.1
  512.0   5692   -4.1   -4.6     96   5.34    175     10  325.7  343.6  326.8
  500.0   5880   -5.1   -5.2     99   5.23    155      8  326.8  344.4  327.8
  475.0   6278   -7.3   -7.6     98   4.58    135      6  328.9  344.5  329.8
  457.0   6577   -9.0   -9.4     97   4.13    290      4  330.4  344.7  331.2
  422.0   7195  -12.4  -13.1     94   3.32     20     12  333.6  345.4  334.3
  400.0   7610  -14.7  -15.6     93   2.85     30     14  335.8  346.0  336.4
  369.0   8218  -18.7  -19.4     94   2.24     38     18  338.3  346.5  338.8
  360.0   8398  -20.0  -20.7     95   2.06     40     19  338.9  346.5  339.3
  332.0   8990  -24.4  -24.9     96   1.53     30     12  340.8  346.6  341.2
  306.0   9585  -28.8  -29.2     97   1.13     50     12  342.7  347.0  342.9
  300.0   9730  -29.9  -30.2     97   1.04     50     12  343.1  347.2  343.3
  269.0  10491  -36.3  -37.5     88   0.57     30     10  344.7  347.0  344.8
  252.0  10946  -40.1  -41.9     83   0.38     57     12  345.5  347.1  345.6
  250.0  11000  -40.5                          60     12  345.7         345.7
  247.0  11080  -41.1                          65     12  346.0         346.0
  206.0  12284  -50.7                          65     17  349.3         349.3
  200.0  12480  -52.3                          45     12  349.8         349.8
  196.0  12606  -53.3                          35      8  350.2         350.2
  187.0  12898  -55.7                          45      4  351.1         351.1
  179.0  13170  -57.9                         210      2  351.9         351.9
  170.0  13491  -60.5                         335      6  352.7         352.7
  162.0  13791  -63.0                         315      6  353.5         353.5
  155.0  14066  -65.2                         270     10  354.2         354.2
  150.0  14270  -66.9                         260     14  354.6         354.6
  133.0  14967  -71.8                         240     17  358.3         358.3
  120.0  15563  -76.0                         210     16  361.2         361.2
  102.0  16505  -82.7                         210     23  365.6         365.6
  100.0  16620  -83.5                         195     19  366.2         366.2
   97.0  16789  -84.1                         175     14  368.2         368.2
   95.8  16858  -84.3                         160     14  369.1         369.1
   92.0  17084  -82.6                         100     17  376.8         376.8
   87.1  17390  -80.3                          55     20  387.3         387.3
   83.0  17665  -77.7                          15     23  398.0         398.0
   82.4  17706  -77.3                          11     23  399.6         399.6
   78.0  18020  -77.6                         340     23  405.4         405.4
   74.0  18322  -77.8                         345     29  411.0         411.0
   71.0  18559  -78.0                         340     29  415.4         415.4
   70.0  18640  -78.1                         335     29  417.0         417.0
   68.9  18731  -77.3                         324     28  420.6         420.6
   66.6  18927  -74.1                         299     25  431.6         431.6
   64.0  19160  -74.1                         270     21  436.5         436.5
   60.0  19536  -74.2                         280     17  444.5         444.5
   57.0  19836  -74.2                         250     10  451.0         451.0
   55.0  20044  -74.2                         135      8  455.6         455.6
   52.0  20371  -74.3                         165      2  462.9         462.9
   50.0  20600  -74.3                         155      6  468.0         468.0
   46.4  21037  -72.7                         129     13  481.9         481.9
   42.0  21639  -69.2                          95     23  504.5         504.5
   36.0  22571  -63.8                         110     27  541.1         541.1
   35.0  22741  -62.8                          95     25  548.1         548.1
   33.3  23042  -61.1                          61     18  560.5         560.5
   33.0  23098  -61.1                          55     17  561.9         561.9
   31.0  23486  -61.4                          65      8  571.4         571.4
   30.0  23690  -61.5                         105     10  576.4         576.4
   29.0  23902  -61.0                         115      6  583.4         583.4
   27.0  24350  -59.9                         255      4  598.5         598.5
   26.0  24587  -59.3                         245     14  606.6         606.6
   25.0  24832  -58.8                         215     10  615.1         615.1
   22.7  25437  -57.3                         306      9  636.6         636.6
   21.0  25935  -52.9                          20      8  664.2         664.2
   20.0  26250  -52.5                          90      6  674.7         674.7
   19.0  26582  -52.1                         280      6  686.0         686.0
   18.0  26933  -51.6                         265     17  698.2         698.2
   17.0  27303  -51.1                                     711.3         711.3
</PRE><H3>Station information and sounding indices</H3><PRE>
                         Station identifier: WIII
                             Station number: 96749
                           Observation time: 160225/0000
                           Station latitude: -6.11
                          Station longitude: 106.65
                          Station elevation: 8.0
                            Showalter index: -0.88
                               Lifted index: -2.78
    LIFT computed using virtual temperature: -2.99
                                SWEAT index: 245.20
                                    K index: 38.30
                         Cross totals index: 21.70
                      Vertical totals index: 22.50
                        Totals totals index: 44.20
      Convective Available Potential Energy: 956.50
             CAPE using virtual temperature: 1040.85
                      Convective Inhibition: -3.55
             CINS using virtual temperature: -2.16
                           Equilibrum Level: 180.58
 Equilibrum Level using virtual temperature: 180.51
                   Level of Free Convection: 916.28
             LFCT using virtual temperature: 928.86
                     Bulk Richardson Number: 24995.96
          Bulk Richardson Number using CAPV: 27200.29
  Temp [K] of the Lifted Condensation Level: 295.80
Pres [hPa] of the Lifted Condensation Level: 966.76
   Equivalent potential temp [K] of the LCL: 352.10
     Mean mixed layer potential temperature: 298.68
              Mean mixed layer mixing ratio: 18.29
              1000 hPa to 500 hPa thickness: 5773.00
Precipitable water [mm] for entire sounding: 66.08
</PRE>
<P>Description of the 
<A HREF="/upperair/columns.html">data columns</A>
or <A HREF="/upperair/indices.html">sounding indices</A>.

<P>
<FORM>
<INPUT CLASS="button" TYPE="button" VALUE=" Close this window " 
 onClick="window.close();">
<INPUT CLASS="button" TYPE="button" VALUE=" Select another map " 
 onClick="window.blur();">
</FORM>
<HR SIZE="1">
<I>Interested in graduate studies in atmospheric science?
Check out our program at the
<a href="http://www.uwyo.edu/atsc/howtoapply/"
target=_top>University of Wyoming
</a></I>
<HR SIZE="1"><FONT SIZE="-1">
Questions about the weather data provided by this site can be
addressed to <A HREF="mailto:ldoolman@uwyo.edu">
Larry Oolman (ldoolman@uwyo.edu)</A></FONT>
<HR SIZE="1">
<SCRIPT TYPE="text/javascript">
<!--
window.focus();
// -->
</SCRIPT>
</BODY>
</HTML>
