2018-06-09 00
<HTML>
<TITLE>University of Wyoming - Radiosonde Data</TITLE>
<BODY BGCOLOR="white">
<H2>96749 WIII Jakarta Observations at 00Z 09 Jun 2018</H2>
<PRE>
-----------------------------------------------------------------------------
   PRES   HGHT   TEMP   DWPT   RELH   MIXR   DRCT   SKNT   THTA   THTE   THTV
    hPa     m      C      C      %    g/kg    deg   knot     K      K      K 
-----------------------------------------------------------------------------
 1010.0      8   24.4   23.4     94  18.32    200      2  296.7  349.8  299.9
 1009.0     17   25.6   23.1     86  18.00    197      2  298.0  350.4  301.2
 1000.0     97   25.8   22.7     83  17.72    170      3  298.9  350.8  302.1
  996.0    133   26.2   22.9     82  18.02    160      3  299.7  352.6  302.9
  977.0    302   25.4   21.8     81  17.16    110      5  300.5  351.1  303.6
  944.0    606   23.9   19.9     78  15.71     80      7  302.0  348.5  304.8
  925.0    785   23.0   18.7     77  14.90     80      7  302.8  347.2  305.5
  882.0   1195   20.9   16.2     75  13.28     85     10  304.8  344.6  307.2
  852.0   1494   19.3   14.3     73  12.19    110      9  306.1  343.0  308.4
  850.0   1514   19.2   14.2     73  12.12    110      9  306.2  342.9  308.5
  780.0   2252   14.4    9.4     72   9.58    114      7  308.7  338.1  310.5
  767.0   2395   13.9    7.4     65   8.50    115      7  309.7  336.0  311.2
  754.0   2540   13.4    5.4     58   7.51    104      8  310.6  334.1  312.0
  714.0   2999   11.3    3.4     58   6.86     70     13  313.2  335.0  314.5
  700.0   3166   10.6    2.6     58   6.64     80     13  314.2  335.3  315.4
  689.0   3297    9.9    0.6     53   5.85     85     13  314.8  333.5  315.9
  665.0   3590    8.2   -3.8     42   4.36     80     14  316.1  330.4  317.0
  664.0   3603    8.1   -3.8     43   4.37     80     14  316.1  330.4  317.0
  640.0   3904    5.5   -4.0     50   4.48     95     12  316.6  331.2  317.4
  635.0   3968    5.0   -4.0     52   4.50     93     11  316.7  331.4  317.6
  617.0   4201    3.7  -11.0     33   2.69     85      8  317.8  326.9  318.3
  610.0   4294    3.2  -13.8     28   2.17     90      7  318.3  325.7  318.7
  595.0   4494    1.5  -12.8     34   2.40    100      6  318.6  326.8  319.0
  582.0   4671    0.0  -12.0     40   2.63     93      9  318.8  327.8  319.3
  571.0   4823   -1.3  -13.3     40   2.41     87     11  319.1  327.3  319.5
  568.0   4865   -1.5  -14.5     36   2.20     86     12  319.3  326.8  319.7
  555.0   5049   -0.9  -26.9     12   0.77     79     15  322.1  324.9  322.3
  531.0   5398   -3.7  -25.3     17   0.93     65     21  322.8  326.2  323.0
  528.0   5443   -4.1  -25.1     18   0.95     66     21  322.9  326.4  323.1
  505.0   5792   -5.1  -27.1     16   0.83     73     23  325.8  328.9  326.0
  500.0   5870   -4.3  -27.3     15   0.82     75     23  327.7  330.8  327.9
  430.0   7052   -8.7  -44.7      4   0.17     99     26  336.6  337.3  336.6
  400.0   7610  -12.3  -47.3      4   0.13    110     28  338.9  339.5  338.9
  390.0   7803  -13.7  -47.7      4   0.13    113     27  339.5  340.1  339.6
  332.0   8985  -23.6  -52.1      5   0.09    130     23  341.9  342.3  341.9
  300.0   9730  -29.9  -54.9      7   0.07    110     21  343.1  343.4  343.1
  289.0   9995  -32.3  -56.3      7   0.06    104     23  343.4  343.7  343.4
  276.0  10318  -34.7  -56.7      9   0.06     96     26  344.5  344.8  344.5
  267.0  10548  -36.7  -54.7     14   0.09     91     29  344.8  345.2  344.8
  262.0  10679  -37.9  -53.9     17   0.10     88     30  344.9  345.4  344.9
  252.0  10946  -40.1  -46.1     53   0.24     81     32  345.5  346.6  345.6
  250.0  11000  -40.5                          80     33  345.7         345.7
  200.0  12480  -52.7                          35     36  349.1         349.1
  187.0  12902  -56.0                          35     47  350.7         350.7
  156.0  14041  -64.7                          39     59  354.4         354.4
  150.0  14280  -66.5                          40     61  355.3         355.3
  147.0  14402  -66.7                          45     64  357.0         357.0
  137.0  14828  -67.5                          57     47  362.9         362.9
  127.0  15267  -71.5                          70     28  363.6         363.6
  103.0  16479  -82.5                         110     13  364.9         364.9
  100.0  16650  -84.1                         115     15  365.0         365.0
   98.7  16723  -84.3                         105     13  366.0         366.0
   97.0  16819  -82.5                          95     12  371.2         371.2
   95.8  16889  -81.3                          77     11  375.0         375.0
   92.0  17115  -81.9                          20      8  378.1         378.1
   88.0  17364  -82.6                         260      8  381.6         381.6
   83.0  17691  -83.5                         235      4  386.2         386.2
   82.8  17705  -83.5                         241      4  386.4         386.4
   79.0  17967  -81.7                           0      3  395.3         395.3
   78.5  18003  -81.5                         348      4  396.5         396.5
   76.5  18149  -78.1                         301      6  406.5         406.5
   75.0  18263  -77.6                         265      8  410.0         410.0
   70.0  18660  -75.7                         250      5  422.1         422.1
   68.7  18768  -74.7                         237      5  426.5         426.5
   67.0  18913  -74.9                         220      6  429.2         429.2
   64.0  19179  -75.3                         315      4  434.0         434.0
   63.7  19206  -75.3                         314      4  434.5         434.5
   59.9  19566  -69.9                         295      5  454.3         454.3
   58.0  19759  -68.6                         285      6  461.5         461.5
   56.2  19947  -67.3                         208      6  468.6         468.6
   55.0  20077  -67.3                         155      6  471.4         471.4
   52.0  20414  -67.4                         110     16  478.8         478.8
   50.0  20650  -67.5                         105     23  484.0         484.0
   49.9  20662  -67.5                         105     23  484.3         484.3
   44.3  21385  -63.1                          98     36  511.8         511.8
   39.7  22057  -63.9                          91     47  526.0         526.0
   39.0  22168  -63.3                          90     49  530.3         530.3
   30.0  23810  -54.1                         100     48  596.6         596.6
   29.6  23896  -53.5                         100     49  600.5         600.5
   25.5  24852  -54.7                          95     54  623.2         623.2
   22.0  25805  -52.1                          90     60  657.6         657.6
   20.0  26420  -50.5                          95     63  680.8         680.8
   19.3  26653  -48.7                          96     62  693.4         693.4
   16.6  27640  -50.3                          99     58  718.7         718.7
   16.0  27880  -50.2                         100     57  726.7         726.7
   15.6  28045  -50.1                          97     53  732.2         732.2
   14.6  28479  -48.9                          90     43  750.2         750.2
   14.1  28708  -48.1                          86     37  760.5         760.5
   14.0  28755  -47.7                          85     36  763.5         763.5
   13.6  28947  -45.9                          71     27  775.9         775.9
   13.2  29148  -39.9                          57     17  803.2         803.2
   13.1  29200  -37.5                          54     14  813.2         813.2
   13.0  29253  -36.7                          50     12  817.7         817.7
   11.0  30400  -39.5                         290     43  847.7         847.7
   10.2  30918  -40.7                         262     49  861.6         861.6
   10.0                                       255     50                     
</PRE><H3>Station information and sounding indices</H3><PRE>
                         Station identifier: WIII
                             Station number: 96749
                           Observation time: 180609/0000
                           Station latitude: -6.11
                          Station longitude: 106.65
                          Station elevation: 8.0
                            Showalter index: 1.42
                               Lifted index: -1.54
    LIFT computed using virtual temperature: -2.44
                                SWEAT index: 211.39
                                    K index: 29.70
                         Cross totals index: 18.50
                      Vertical totals index: 23.50
                        Totals totals index: 42.00
      Convective Available Potential Energy: 517.08
             CAPE using virtual temperature: 709.52
                      Convective Inhibition: -74.69
             CINS using virtual temperature: -51.32
                           Equilibrum Level: 190.01
 Equilibrum Level using virtual temperature: 189.98
                   Level of Free Convection: 792.75
             LFCT using virtual temperature: 818.44
                     Bulk Richardson Number: 78.12
          Bulk Richardson Number using CAPV: 107.20
  Temp [K] of the Lifted Condensation Level: 294.33
Pres [hPa] of the Lifted Condensation Level: 934.58
   Equivalent potential temp [K] of the LCL: 350.83
     Mean mixed layer potential temperature: 300.09
              Mean mixed layer mixing ratio: 17.29
              1000 hPa to 500 hPa thickness: 5773.00
Precipitable water [mm] for entire sounding: 45.09
</PRE>
<P>Description of the 
<A HREF="/upperair/columns.html">data columns</A>
or <A HREF="/upperair/indices.html">sounding indices</A>.

<P>
<FORM>
<INPUT CLASS="button" TYPE="button" VALUE=" Close this window " 
 onClick="window.close();">
<INPUT CLASS="button" TYPE="button" VALUE=" Select another map " 
 onClick="window.blur();">
</FORM>
<HR SIZE="1">
<I>Interested in graduate studies in atmospheric science?
Check out our program at the
<a href="http://www.uwyo.edu/atsc/howtoapply/"
target=_top>University of Wyoming
</a></I>
<HR SIZE="1"><FONT SIZE="-1">
Questions about the weather data provided by this site can be
addressed to <A HREF="mailto:ldoolman@uwyo.edu">
Larry Oolman (ldoolman@uwyo.edu)</A></FONT>
<HR SIZE="1">
<SCRIPT TYPE="text/javascript">
<!--
window.focus();
// -->
</SCRIPT>
</BODY>
</HTML>
