2016-08-09 00
<HTML>
<TITLE>University of Wyoming - Radiosonde Data</TITLE>
<BODY BGCOLOR="white">
<H2>96749 WIII Jakarta Observations at 00Z 09 Aug 2016</H2>
<PRE>
-----------------------------------------------------------------------------
   PRES   HGHT   TEMP   DWPT   RELH   MIXR   DRCT   SKNT   THTA   THTE   THTV
    hPa     m      C      C      %    g/kg    deg   knot     K      K      K 
-----------------------------------------------------------------------------
 1011.0      8   24.6   22.8     90  17.63    200      2  296.8  347.9  299.9
 1000.0    100   25.8   23.0     85  18.05     75      5  298.9  351.8  302.2
  977.0    306   25.4   20.5     74  15.81     70     11  300.6  347.2  303.4
  976.0    315   25.4   20.4     74  15.72     70     11  300.6  347.0  303.5
  925.0    787   22.4   17.7     75  13.97     85     12  302.2  343.7  304.7
  913.0    899   21.6   17.1     76  13.65     85     13  302.5  343.1  305.0
  850.0   1515   17.4   14.0     80  11.96     70     13  304.4  340.3  306.6
  820.0   1823   16.2   10.2     68   9.61     64     13  306.2  335.5  308.0
  814.0   1885   15.6   11.8     78  10.79     63     13  306.2  339.0  308.2
  744.0   2646   11.8    7.7     76   8.94     49     12  310.1  337.8  311.7
  720.0   2921   11.0    1.0     50   5.75     44     12  312.1  330.4  313.2
  700.0   3156    9.8   -1.2     46   5.03     40     12  313.3  329.5  314.3
  688.0   3298    8.8   -0.7     51   5.31     40     12  313.8  330.8  314.8
  639.0   3905    4.7    1.4     80   6.69    100      9  315.8  337.2  317.0
  629.0   4035    3.8    1.9     87   7.03    104     10  316.2  338.7  317.5
  607.0   4324    3.4   -0.8     74   5.98    114     12  318.9  338.4  320.1
  594.0   4499    2.0   -2.1     74   5.54    120     13  319.4  337.5  320.4
  575.0   4761    0.0   -4.1     74   4.94    114     14  319.9  336.2  320.9
  556.0   5030   -2.1   -4.9     81   4.81    107     16  320.5  336.4  321.5
  551.0   5101   -2.6   -6.1     77   4.42    105     16  320.8  335.5  321.6
  544.0   5203   -3.3   -7.8     71   3.93    108     16  321.1  334.3  321.9
  539.0   5276   -3.3  -10.3     58   3.26    111     16  322.0  333.0  322.6
  528.0   5439   -2.1  -16.1     33   2.07    116     15  325.3  332.6  325.7
  512.0   5683   -3.1  -17.1     33   1.97    124     15  327.0  333.9  327.4
  511.0   5698   -3.2  -17.0     34   1.99    125     15  327.0  334.1  327.4
  503.0   5823   -4.1  -16.1     39   2.18    121     14  327.4  335.1  327.9
  500.0   5870   -4.3  -15.3     42   2.34    120     14  327.7  336.0  328.2
  498.0   5902   -4.3  -23.3     21   1.18    119     14  328.1  332.4  328.3
  488.0   6061   -4.9  -33.9      8   0.45    116     15  329.3  331.0  329.4
  473.0   6305   -6.9  -29.9     14   0.68    111     16  329.8  332.3  329.9
  468.0   6388   -7.3  -23.3     27   1.26    109     16  330.3  334.9  330.5
  464.0   6454   -7.9  -17.9     45   2.03    108     16  330.3  337.6  330.7
  459.0   6538   -8.1  -24.1     26   1.19    106     17  331.1  335.5  331.3
  455.0   6606   -8.6  -26.2     23   1.00    105     17  331.3  335.0  331.5
  444.0   6795  -10.1  -32.1     15   0.59    107     18  331.7  334.0  331.9
  439.0   6882  -10.5  -40.5      7   0.26    108     19  332.3  333.3  332.4
  435.0   6952  -11.1  -41.1      6   0.24    108     19  332.4  333.4  332.5
  431.0   7023  -11.7  -25.7     30   1.10    109     20  332.5  336.6  332.8
  429.0   7058  -11.7  -28.7     23   0.84    110     20  333.0  336.2  333.1
  419.0   7238  -13.3  -25.3     36   1.17    111     21  333.2  337.6  333.4
  407.0   7459  -14.1  -26.1     36   1.12    114     22  334.9  339.1  335.1
  400.0   7590  -15.1  -25.1     42   1.25    115     23  335.3  340.0  335.5
  399.0   7609  -15.3  -24.3     46   1.35    115     23  335.2  340.3  335.5
  389.0   7800  -16.3  -29.3     32   0.87    116     25  336.4  339.8  336.6
  374.0   8095  -18.7  -25.7     54   1.27    118     27  337.0  341.8  337.3
  333.0   8950  -25.1  -29.6     66   0.99    123     35  339.6  343.4  339.8
  317.0   9306  -27.8  -33.5     58   0.72    125     38  340.7  343.5  340.8
  313.0   9397  -28.5  -34.5     56   0.66    124     38  340.9  343.6  341.1
  302.0   9653  -30.5  -40.5     37   0.37    121     37  341.6  343.1  341.7
  300.0   9700  -30.7  -42.7     30   0.30    120     37  342.0  343.2  342.1
  292.0   9893  -31.9  -39.9     45   0.41    117     36  342.9  344.6  343.0
  252.0  10925  -40.1  -53.1     24   0.11    101     28  345.5  346.0  345.6
  250.0  10980  -40.7                         100     28  345.4         345.4
  205.0  12287  -51.5                          70     30  348.5         348.5
  200.0  12450  -52.9                          65     35  348.8         348.8
  161.0  13807  -64.7                          55     64  351.3         351.3
  150.0  14250  -68.5                          55     71  351.9         351.9
  129.0  15128  -76.7                          58     77  352.7         352.7
  123.0  15398  -79.3                          59     79  352.8         352.8
  120.0  15537  -80.5                          60     80  353.1         353.1
  119.0  15584  -79.9                          60     80  355.0         355.0
  114.0  15826  -76.9                          73     68  365.0         365.0
  101.0  16514  -78.4                         110     35  375.0         375.0
  100.0  16570  -78.5                         115     36  375.8         375.8
   92.7  17002  -81.3                         118     29  378.5         378.5
   90.0  17171  -78.1                         119     26  388.1         388.1
   87.0  17367  -77.1                         120     23  393.8         393.8
   81.6  17738  -75.3                         110     24  404.8         404.8
   74.2  18291  -76.9                          94     25  412.6         412.6
   70.0  18630  -74.3                          85     26  425.1         425.1
   68.2  18782  -71.7                          82     30  433.9         433.9
   67.0  18887  -71.7                          80     33  436.0         436.0
   63.0  19249  -71.9                          91     39  443.4         443.4
   61.1  19429  -70.7                          97     41  449.9         449.9
   60.0  19538  -66.7                         100     43  461.2         461.2
   59.3  19609  -64.1                          97     40  468.6         468.6
   56.6  19896  -59.7                          83     28  484.9         484.9
   55.0  20075  -59.6                          75     21  489.2         489.2
   50.0  20670  -59.1                          95      4  503.8         503.8
   47.8  20953  -58.1                           8      9  512.7         512.7
   47.0  21058  -58.5                         335     11  514.2         514.2
   43.0  21613  -60.6                         260     22  522.1         522.1
   39.0  22221  -63.0                         250     21  531.0         531.0
   38.2  22350  -63.5                         252     19  532.9         532.9
   37.0  22549  -61.6                         255     16  542.7         542.7
   36.0  22719  -59.9                         305     15  551.2         551.2
   35.4  22824  -58.9                         296     16  556.5         556.5
   32.0  23456  -60.5                         240     24  568.7         568.7
   31.5  23554  -60.7                         240     21  570.6         570.6
   31.0  23655  -60.0                         240     18  575.0         575.0
   30.0  23860  -58.7                         260     23  584.0         584.0
   29.0  24073  -58.4                         270     29  590.5         590.5
   28.6  24160  -58.3                                     593.2         593.2
</PRE><H3>Station information and sounding indices</H3><PRE>
                         Station identifier: WIII
                             Station number: 96749
                           Observation time: 160809/0000
                           Station latitude: -6.11
                          Station longitude: 106.65
                          Station elevation: 8.0
                            Showalter index: 2.48
                               Lifted index: -0.57
    LIFT computed using virtual temperature: -1.14
                                SWEAT index: 208.00
                                    K index: 24.70
                         Cross totals index: 18.30
                      Vertical totals index: 21.70
                        Totals totals index: 40.00
      Convective Available Potential Energy: 359.50
             CAPE using virtual temperature: 506.26
                      Convective Inhibition: -49.82
             CINS using virtual temperature: -32.81
                           Equilibrum Level: 228.36
 Equilibrum Level using virtual temperature: 228.83
                   Level of Free Convection: 812.90
             LFCT using virtual temperature: 858.95
                     Bulk Richardson Number: 289.34
          Bulk Richardson Number using CAPV: 407.46
  Temp [K] of the Lifted Condensation Level: 293.44
Pres [hPa] of the Lifted Condensation Level: 927.26
   Equivalent potential temp [K] of the LCL: 348.12
     Mean mixed layer potential temperature: 299.86
              Mean mixed layer mixing ratio: 16.49
              1000 hPa to 500 hPa thickness: 5770.00
Precipitable water [mm] for entire sounding: 49.83
</PRE>
<P>Description of the 
<A HREF="/upperair/columns.html">data columns</A>
or <A HREF="/upperair/indices.html">sounding indices</A>.

<P>
<FORM>
<INPUT CLASS="button" TYPE="button" VALUE=" Close this window " 
 onClick="window.close();">
<INPUT CLASS="button" TYPE="button" VALUE=" Select another map " 
 onClick="window.blur();">
</FORM>
<HR SIZE="1">
<I>Interested in graduate studies in atmospheric science?
Check out our program at the
<a href="http://www.uwyo.edu/atsc/howtoapply/"
target=_top>University of Wyoming
</a></I>
<HR SIZE="1"><FONT SIZE="-1">
Questions about the weather data provided by this site can be
addressed to <A HREF="mailto:ldoolman@uwyo.edu">
Larry Oolman (ldoolman@uwyo.edu)</A></FONT>
<HR SIZE="1">
<SCRIPT TYPE="text/javascript">
<!--
window.focus();
// -->
</SCRIPT>
</BODY>
</HTML>
