2021-09-25 12
<HTML>
<TITLE>University of Wyoming - Radiosonde Data</TITLE>
<BODY BGCOLOR="white">
<H2>96749 WIII Jakarta Observations at 00Z 25 Sep 2021</H2>
<PRE>
-----------------------------------------------------------------------------
   PRES   HGHT   TEMP   DWPT   RELH   MIXR   DRCT   SKNT   THTA   THTE   THTV
    hPa     m      C      C      %    g/kg    deg   knot     K      K      K 
-----------------------------------------------------------------------------
 1009.0      8   27.2   23.0     78  17.89    110      4  299.6  352.1  302.8
 1000.0     83   26.8   22.1     75  17.07     90      5  299.9  350.1  303.0
  976.0    298   25.4   21.3     78  16.66    100     11  300.7  349.8  303.6
  925.0    772   22.4   19.6     84  15.78     85     19  302.2  349.0  305.1
  867.0   1333   18.4   16.7     90  13.99     66     20  303.7  345.5  306.2
  850.0   1503   17.6   15.4     87  13.11     60     20  304.6  343.9  307.0
  768.0   2368   14.2   10.8     80  10.70     49     15  309.9  342.8  311.9
  738.0   2703   11.8    9.7     87  10.32     45     13  310.8  342.8  312.8
  723.0   2876   10.6    9.1     90  10.13     37     11  311.3  342.7  313.2
  700.0   3146    9.8    5.5     75   8.16     25      7  313.3  339.0  314.9
  687.0   3301    9.1    4.0     70   7.46     15      8  314.2  337.9  315.7
  663.0   3594    7.9    1.1     62   6.29    355      7  316.1  336.2  317.2
  639.0   3898    6.6   -1.9     55   5.24    350      9  317.9  335.0  318.9
  618.0   4173    5.4   -4.6     49   4.42      4      7  319.6  334.2  320.5
  616.0   4200    5.2   -4.7     49   4.41      5      7  319.7  334.3  320.6
  555.0   5044    0.0   -7.0     59   4.10     44      6  323.2  337.0  324.0
  531.0   5395   -2.7   -7.9     67   4.00     60      5  324.1  337.6  324.9
  512.0   5684   -4.9   -8.6     75   3.92     57      4  324.8  338.1  325.6
  500.0   5870   -6.1  -11.1     68   3.29     55      4  325.5  336.9  326.2
  473.0   6303   -7.7  -15.5     54   2.44     50      4  328.7  337.3  329.2
  461.0   6504   -8.5  -17.5     48   2.11     67      5  330.2  337.7  330.6
  453.0   6639   -8.9  -22.9     31   1.35     78      6  331.3  336.3  331.6
  438.0   6899  -10.9  -19.9     47   1.80    100      7  332.0  338.6  332.4
  426.0   7112  -12.5  -17.5     66   2.28     96      8  332.6  340.8  333.1
  420.0   7221  -13.7  -17.8     71   2.26     95      8  332.4  340.5  332.9
  405.0   7496  -15.6  -23.3     51   1.45     90      9  333.5  338.8  333.8
  404.0   7515  -15.7  -23.7     50   1.41     93      9  333.6  338.8  333.8
  403.0   7534  -15.7  -26.7     38   1.07     96     10  333.8  337.8  334.0
  402.0   7552  -15.9  -28.9     32   0.88     99     10  333.8  337.1  333.9
  401.0   7571  -16.1  -22.1     60   1.63    102     11  333.7  339.7  334.1
  400.0   7590  -16.1  -22.1     60   1.64    105     11  334.0  340.0  334.3
  387.0   7839  -17.7  -21.3     73   1.81    103     11  335.0  341.7  335.4
  384.0   7898  -18.1  -21.9     72   1.74    102     11  335.3  341.6  335.6
  378.0   8016  -18.3  -30.3     34   0.82    101     11  336.5  339.7  336.7
  374.0   8095  -19.1  -36.1     21   0.47    100     11  336.5  338.4  336.6
  366.0   8257  -20.5  -32.5     33   0.69    101     10  336.7  339.4  336.8
  357.0   8441  -20.9  -40.9     15   0.30    103      9  338.6  339.8  338.6
  354.0   8504  -20.9  -49.9      6   0.11    103      8  339.4  339.9  339.4
  346.0   8673  -22.5  -39.5     20   0.36    105      7  339.4  340.9  339.5
  345.0   8694  -22.7  -38.7     22   0.39    105      7  339.4  341.0  339.5
  340.0   8802  -23.7  -34.7     36   0.59     99      8  339.5  341.9  339.6
  339.0   8823  -23.9  -34.9     36   0.58     97      9  339.5  341.8  339.6
  336.0   8889  -23.5  -42.5     16   0.27     94      9  340.9  342.1  341.0
  318.0   9288  -26.6  -43.7     18   0.25     70     14  342.0  343.1  342.1
  305.0   9590  -29.0  -44.5     21   0.24     75      9  342.8  343.8  342.9
  300.0   9710  -29.9  -44.9     22   0.23     85      8  343.1  344.1  343.2
  292.0   9898  -31.6  -46.3     22   0.21     90      7  343.4  344.3  343.5
  268.0  10496  -36.8  -50.6     23   0.14     40      6  344.3  344.9  344.3
  257.0  10788  -39.4  -52.7     23   0.11     70      6  344.6  345.1  344.6
  250.0  10980  -41.1  -54.1     23   0.10     85      9  344.8  345.3  344.9
  245.0  11116  -42.2  -55.9     21   0.08     70      9  345.2  345.6  345.2
  237.0  11339  -43.9  -58.9     17   0.06     42     12  345.9  346.2  345.9
  235.0  11395  -44.4  -59.1     18   0.06     35     13  346.0  346.2  346.0
  200.0  12450  -53.9  -63.9     28   0.04     45     23  347.2  347.4  347.3
  186.0  12908  -57.7  -66.5     32   0.03     45     19  348.3  348.5  348.3
  169.0  13512  -62.8  -69.9     38   0.02     65     11  349.6  349.7  349.6
  168.0  13550  -63.1  -70.1     38   0.02     65     11  349.7  349.8  349.7
  161.0  13809  -65.1  -72.1     37   0.01     65      8  350.5  350.6  350.5
  154.0  14080  -67.2  -74.2     36   0.01    145      3  351.4  351.4  351.4
  150.0  14240  -68.5  -75.5     36   0.01    230      2  351.9  351.9  351.9
  146.0  14400  -69.6  -77.2     32   0.01    275      2  352.8  352.8  352.8
  139.0  14691  -71.5  -80.2     26   0.00    225      3  354.3  354.4  354.3
  137.0  14776  -72.1  -81.1     25   0.00    221      3  354.8  354.8  354.8
  132.0  14993  -73.3  -83.0     22   0.00    210      4  356.5  356.5  356.5
  125.0  15309  -75.0  -85.7     18   0.00     85      1  358.9  359.0  358.9
  123.0  15403  -75.5  -86.5     17   0.00     41      2  359.7  359.7  359.7
  119.0  15593  -75.8  -86.8     16   0.00    310      4  362.4  362.5  362.4
  113.0  15889  -76.4  -87.4     16   0.00      5      5  366.8  366.8  366.8
  107.0  16202  -77.0  -88.0     16   0.00      0     14  371.5  371.5  371.5
  102.0  16476  -77.5  -88.5     16   0.00    295      9  375.6  375.6  375.6
  100.0  16590  -77.7  -88.7     16   0.00    275     11  377.4  377.4  377.4
   95.6  16847  -79.1  -90.1     15   0.00    280     20  379.5  379.5  379.5
   94.7  16901  -78.7  -89.7     15   0.00    282     22  381.3  381.3  381.3
   93.9  16950  -74.1  -89.1      8   0.00    283     24  391.3  391.3  391.3
   92.2  17057  -71.9  -86.9      9   0.00    285     28  397.7  397.7  397.7
   92.0  17069  -72.0  -87.0      9   0.00    285     28  397.8  397.8  397.8
   87.4  17371  -73.7  -88.7      9   0.00    257     22  400.2  400.2  400.2
   87.0  17398  -73.6  -89.3      8   0.00    255     21  401.0  401.0  401.0
   83.0  17675  -72.3  -95.0      2   0.00    235      8  409.1  409.1  409.1
   79.0  17966  -70.9 -100.9      1   0.00    140      3  417.7  417.7  417.7
   78.5  18003  -70.7 -101.7      0   0.00    157      3  418.9  418.9  418.9
   75.0  18273  -71.4 -102.4      0   0.00    275      5  422.8  422.8  422.8
   71.0  18596  -72.3 -103.3      0   0.00    275     17  427.6  427.6  427.6
   70.0  18680  -72.1 -103.1      0   0.00    275     20  429.8  429.8  429.8
   68.0  18851  -70.7 -101.7      0   0.00    275     20  436.3  436.3  436.3
   66.8  18957  -69.9 -100.9      0   0.00    275     20  440.4  440.4  440.4
   62.9  19313  -71.7 -102.7      0   0.00    277     18  444.0  444.0  444.0
   56.9  19909  -67.7  -99.7      0   0.00    279     15  466.0  466.0  466.0
   55.0  20116  -64.6  -97.3      0   0.00    280     14  477.6  477.6  477.6
   54.1  20216  -63.1  -96.1      0   0.00    256     18  483.4  483.4  483.4
   53.0  20342  -63.1  -96.1      0   0.00    225     23  486.2  486.2  486.2
   50.0  20700  -63.1  -96.1      0   0.00    215     18  494.4  494.4  494.4
   49.1  20811  -63.9  -96.9      0   0.00    219     15  495.0  495.1  495.0
   48.0  20952  -62.8  -96.0      0   0.00    225     11  500.9  500.9  500.9
   45.0  21351  -59.6  -93.6      1   0.00    310     12  517.9  518.0  517.9
   44.9  21365  -59.5  -93.5      1   0.00    307     12  518.5  518.5  518.5
   43.0  21633  -61.3  -94.8      0   0.00    245      3  520.5  520.5  520.5
   41.2  21898  -63.1  -96.1      0   0.00    124      7  522.5  522.5  522.5
   41.0  21928  -62.9  -95.9      0   0.00    110      8  523.7  523.7  523.7
   37.4  22499  -58.9  -92.9      1   0.00     74     22  547.9  547.9  547.9
   37.0  22566  -59.0  -93.0      1   0.00     70     24  549.4  549.4  549.4
   34.0  23095  -59.5  -93.5      1   0.00     80     36  561.3  561.3  561.3
   32.3  23416  -59.9  -93.9      0   0.00     84     38  568.6  568.6  568.6
   30.3  23817  -57.3  -91.3      1   0.00     89     42  586.2  586.2  586.2
   30.0  23880  -57.9  -91.9      1   0.00     90     42  586.2  586.2  586.2
   29.0  24093  -58.8  -92.8      1   0.00     90     44  589.4  589.4  589.4
   28.0  24313  -59.8  -93.8      0   0.00     95     50  592.6  592.6  592.6
   27.1  24518  -60.7  -94.7      0   0.00     94     51  595.6  595.6  595.6
   24.0  25291  -57.3  -91.3      1   0.00     90     54  626.4  626.5  626.4
   21.0  26140  -53.6  -87.7      1   0.01     90     64  661.9  662.0  661.9
   20.0  26450  -52.3  -86.3      1   0.01     85     70  675.3  675.5  675.3
   17.6  27283  -48.9  -82.9      1   0.02     89     75  711.2  711.5  711.2
   17.5  27320  -48.5  -82.8      1   0.02     89     75  713.7  713.9  713.7
   17.0  27511  -48.5  -82.4      1   0.03     90     76  719.5  719.8  719.5
   16.8  27589  -48.5  -82.3      1   0.03     90     76  722.0  722.2  722.0
   14.0  28787  -48.6  -79.8      1   0.05     90     72  760.1  760.7  760.2
   13.0  29274  -48.7  -78.8      2   0.06     90     67  776.2  777.0  776.3
   12.9  29325  -48.7  -78.7      2   0.06                778.0  778.7  778.0
   12.5  29532  -48.1  -79.1      2   0.06                787.1  787.8  787.1
</PRE><H3>Station information and sounding indices</H3><PRE>
                         Station identifier: WIII
                             Station number: 96749
                           Observation time: 210925/0000
                           Station latitude: -6.11
                          Station longitude: 106.65
                          Station elevation: 8.0
                            Showalter index: -0.77
                               Lifted index: -3.02
    LIFT computed using virtual temperature: -3.49
                                SWEAT index: 228.82
                                    K index: 34.80
                         Cross totals index: 21.50
                      Vertical totals index: 23.70
                        Totals totals index: 45.20
      Convective Available Potential Energy: 649.16
             CAPE using virtual temperature: 785.13
                      Convective Inhibition: -28.71
             CINS using virtual temperature: -23.21
                           Equilibrum Level: 167.90
 Equilibrum Level using virtual temperature: 167.86
                   Level of Free Convection: 850.06
             LFCT using virtual temperature: 872.73
                     Bulk Richardson Number: 108.95
          Bulk Richardson Number using CAPV: 131.77
  Temp [K] of the Lifted Condensation Level: 293.68
Pres [hPa] of the Lifted Condensation Level: 922.92
   Equivalent potential temp [K] of the LCL: 349.91
     Mean mixed layer potential temperature: 300.50
              Mean mixed layer mixing ratio: 16.80
              1000 hPa to 500 hPa thickness: 5787.00
Precipitable water [mm] for entire sounding: 55.27
</PRE>
<P>Description of the 
<A HREF="/upperair/columns.html">data columns</A>
or <A HREF="/upperair/indices.html">sounding indices</A>.

<P>
<FORM>
<INPUT CLASS="button" TYPE="button" VALUE=" Close this window " 
 onClick="window.close();">
<INPUT CLASS="button" TYPE="button" VALUE=" Select another map " 
 onClick="window.blur();">
</FORM>
<HR SIZE="1">
<I>Interested in graduate studies in atmospheric science?
Check out our program at the
<a href="http://www.uwyo.edu/atsc/howtoapply/"
target=_top>University of Wyoming
</a></I>
<HR SIZE="1"><FONT SIZE="-1">
Questions about the weather data provided by this site can be
addressed to <A HREF="mailto:ldoolman@uwyo.edu">
Larry Oolman (ldoolman@uwyo.edu)</A></FONT>
<HR SIZE="1">
<SCRIPT TYPE="text/javascript">
<!--
window.focus();
// -->
</SCRIPT>
</BODY>
</HTML>
