2018-05-02 00
<HTML>
<TITLE>University of Wyoming - Radiosonde Data</TITLE>
<BODY BGCOLOR="white">
<H2>96749 WIII Jakarta Observations at 00Z 02 May 2018</H2>
<PRE>
-----------------------------------------------------------------------------
   PRES   HGHT   TEMP   DWPT   RELH   MIXR   DRCT   SKNT   THTA   THTE   THTV
    hPa     m      C      C      %    g/kg    deg   knot     K      K      K 
-----------------------------------------------------------------------------
 1011.0      8   24.0   21.1     84  15.85    190      4  296.2  342.1  299.0
 1000.0    102   25.6   21.7     79  16.64    145      8  298.8  347.4  301.7
  998.0    120   26.0   22.2     80  17.21    142      8  299.3  349.8  302.4
  978.0    298   25.1   21.0     78  16.29    115      8  300.1  348.1  303.1
  925.0    788   22.6   17.7     74  13.97    130      9  302.4  343.9  304.9
  913.0    901   22.2   15.7     66  12.42    130      9  303.1  340.2  305.4
  888.0   1141   21.4   11.4     53   9.62    102      7  304.7  333.8  306.5
  852.0   1497   18.8    9.7     56   8.94     60      3  305.6  332.8  307.2
  850.0   1517   18.6    9.6     56   8.90     60      3  305.6  332.7  307.3
  846.0   1558   18.2    9.2     56   8.70     72      3  305.6  332.1  307.2
  839.0   1629   17.6    8.6     56   8.42     92      3  305.7  331.4  307.3
  835.0   1670   17.8    8.8     56   8.58    104      2  306.3  332.6  307.9
  829.0   1732   18.0    2.0     34   5.36    122      2  307.2  323.9  308.2
  823.0   1794   17.5    2.0     35   5.40    140      2  307.3  324.2  308.3
  805.0   1983   16.0    2.0     39   5.52    208      1  307.6  324.9  308.7
  798.0   2057   14.8    7.8     63   8.39    235      1  307.1  332.8  308.7
  794.0   2099   14.5    7.8     64   8.41    250      1  307.3  333.1  308.8
  766.0   2402   12.6    7.5     71   8.55    300      6  308.3  334.7  309.9
  739.0   2704   10.6    7.2     79   8.70    330     10  309.4  336.2  311.0
  720.0   2923    9.2    7.0     86   8.80    332     10  310.1  337.4  311.8
  708.0   3063    8.8    2.8     66   6.66    334     11  311.2  332.1  312.4
  700.0   3157    9.0    0.0     53   5.50    335     11  312.4  329.9  313.5
  693.0   3240    9.8   -5.2     34   3.77    333     11  314.2  326.5  314.9
  637.0   3935    6.2  -12.8     24   2.25    317     10  317.8  325.4  318.2
  616.0   4206    3.9  -12.9     28   2.32    310      9  318.1  326.0  318.6
  583.0   4652    0.0  -13.0     37   2.42    317     11  318.7  326.9  319.1
  572.0   4804   -0.6  -12.9     39   2.48    320     12  319.7  328.2  320.2
  567.0   4874   -0.9  -12.9     40   2.51    315     13  320.2  328.7  320.6
  565.0   4902   -1.1  -12.1     43   2.69    313     14  320.2  329.4  320.8
  556.0   5030    0.0  -20.0     21   1.41    305     16  323.0  328.1  323.3
  551.0   5102   -0.5  -20.8     20   1.33    300     17  323.3  328.0  323.5
  526.0   5472   -3.1  -25.1     16   0.95    310     23  324.5  327.9  324.6
  503.0   5823   -6.1  -15.1     49   2.36    319     28  325.0  333.2  325.4
  500.0   5870   -6.5  -14.5     53   2.50    320     29  325.1  333.7  325.5
  473.0   6301   -8.9  -21.3     36   1.49    325     29  327.2  332.6  327.5
  469.0   6367   -9.3  -22.3     34   1.37    323     26  327.6  332.6  327.9
  468.0   6383   -9.3  -22.3     34   1.37    323     26  327.8  332.8  328.1
  446.0   6755   -8.3  -46.3      3   0.13    314     11  333.6  334.1  333.6
  438.0   6895   -9.1  -46.3      3   0.14    310      6  334.3  334.9  334.3
  421.0   7199  -10.8  -46.3      4   0.14    210      5  335.9  336.5  336.0
  416.0   7291  -11.3  -46.3      4   0.14    202      5  336.4  337.0  336.4
  405.0   7495  -13.2  -48.9      3   0.11    185      5  336.5  337.0  336.6
  400.0   7590  -14.1  -50.1      3   0.10    180      5  336.6  337.0  336.6
  381.0   7956  -17.3  -50.3      4   0.10    191      6  337.1  337.5  337.1
  374.0   8091  -18.2  -51.0      4   0.09    195      6  337.7  338.1  337.7
  331.0   8985  -24.2  -55.9      4   0.06    100      8  341.4  341.7  341.4
  317.0   9301  -26.3  -57.6      4   0.05     90     10  342.7  342.9  342.7
  307.0   9535  -27.9  -58.9      4   0.04     67      6  343.7  343.9  343.7
  304.0   9605  -28.5  -58.6      4   0.05     60      5  343.8  344.0  343.8
  300.0   9700  -29.3  -58.3      4   0.05     25      5  344.0  344.2  344.0
  292.0   9893  -30.8  -56.6      6   0.06    320      8  344.5  344.8  344.6
  285.0  10066  -32.1  -55.1      8   0.08    306     13  345.0  345.4  345.1
  280.0  10190  -33.2  -52.3     13   0.11    295     17  345.2  345.7  345.3
  266.0  10551  -36.3  -44.3     43   0.28    300     18  345.8  347.0  345.8
  250.0  10980  -39.7  -48.7     38   0.18    305     20  346.9  347.7  346.9
  249.0  11007  -39.9  -47.9     42   0.20    305     20  347.0  347.9  347.1
  215.0  11987  -48.1                         305     25  349.2         349.2
  200.0  12470  -52.1                         300     21  350.1         350.1
  187.0  12894  -55.8                         285     18  350.9         350.9
  162.0  13799  -63.8                         250     18  352.1         352.1
  160.0  13878  -64.5                         251     17  352.2         352.2
  150.0  14270  -67.5                         255     11  353.6         353.6
  147.0  14386  -68.3                         255      6  354.3         354.3
  139.0  14708  -70.5                         210      2  356.1         356.1
  133.0  14961  -72.3                         215      4  357.4         357.4
  120.0  15552  -76.4                         265      3  360.6         360.6
  108.0  16158  -80.6                         240      4  363.6         363.6
  102.0  16486  -82.9                         185      4  365.2         365.2
  100.0  16600  -83.7                         185      6  365.8         365.8
   97.0  16768  -84.5                         185     12  367.4         367.4
   94.1  16936  -85.3                         170     15  369.0         369.0
   87.0  17374  -81.2                         130     20  385.6         385.6
   82.5  17672  -78.5                          76      7  397.0         397.0
   82.0  17706  -78.5                          70      6  397.8         397.8
   78.0  17992  -78.1                         285      7  404.3         404.3
   74.0  18293  -77.7                         300     12  411.3         411.3
   70.4  18577  -77.3                         273     15  418.0         418.0
   70.0  18610  -77.1                         270     15  419.1         419.1
   67.1  18857  -72.3                         278     18  434.6         434.6
   60.0  19523  -70.3                         300     26  453.1         453.1
   57.0  19829  -69.4                         285     24  461.8         461.8
   55.9  19945  -69.1                         264     21  465.2         465.2
   52.0  20376  -71.3                         185     11  469.8         469.8
   51.6  20422  -71.5                         185     10  470.3         470.3
   50.0  20610  -69.9                         185      7  478.4         478.4
   49.0  20731  -69.3                         200      7  482.6         482.6
   47.2  20954  -68.1                         146     11  490.6         490.6
   47.0  20980  -67.5                         140     12  492.7         492.7
   45.8  21137  -63.7                         122     22  505.5         505.5
   45.0  21245  -64.0                         110     28  507.4         507.4
   42.0  21666  -64.9                         115     27  515.1         515.1
   40.9  21828  -65.3                                     518.1         518.1
</PRE><H3>Station information and sounding indices</H3><PRE>
                         Station identifier: WIII
                             Station number: 96749
                           Observation time: 180502/0000
                           Station latitude: -6.11
                          Station longitude: 106.65
                          Station elevation: 8.0
                            Showalter index: 3.57
                               Lifted index: -2.45
    LIFT computed using virtual temperature: -2.98
                                SWEAT index: 150.18
                                    K index: 25.70
                         Cross totals index: 16.10
                      Vertical totals index: 25.10
                        Totals totals index: 41.20
      Convective Available Potential Energy: 193.91
             CAPE using virtual temperature: 341.77
                      Convective Inhibition: -104.72
             CINS using virtual temperature: -60.47
                           Equilibrum Level: 343.01
 Equilibrum Level using virtual temperature: 328.96
                   Level of Free Convection: 790.70
             LFCT using virtual temperature: 815.52
                     Bulk Richardson Number: 9.90
          Bulk Richardson Number using CAPV: 17.46
  Temp [K] of the Lifted Condensation Level: 293.24
Pres [hPa] of the Lifted Condensation Level: 927.42
   Equivalent potential temp [K] of the LCL: 347.25
     Mean mixed layer potential temperature: 299.64
              Mean mixed layer mixing ratio: 16.26
              1000 hPa to 500 hPa thickness: 5768.00
Precipitable water [mm] for entire sounding: 39.44
</PRE>
<P>Description of the 
<A HREF="/upperair/columns.html">data columns</A>
or <A HREF="/upperair/indices.html">sounding indices</A>.

<P>
<FORM>
<INPUT CLASS="button" TYPE="button" VALUE=" Close this window " 
 onClick="window.close();">
<INPUT CLASS="button" TYPE="button" VALUE=" Select another map " 
 onClick="window.blur();">
</FORM>
<HR SIZE="1">
<I>Interested in graduate studies in atmospheric science?
Check out our program at the
<a href="http://www.uwyo.edu/atsc/howtoapply/"
target=_top>University of Wyoming
</a></I>
<HR SIZE="1"><FONT SIZE="-1">
Questions about the weather data provided by this site can be
addressed to <A HREF="mailto:ldoolman@uwyo.edu">
Larry Oolman (ldoolman@uwyo.edu)</A></FONT>
<HR SIZE="1">
<SCRIPT TYPE="text/javascript">
<!--
window.focus();
// -->
</SCRIPT>
</BODY>
</HTML>
