2021-05-09 00
<HTML>
<TITLE>University of Wyoming - Radiosonde Data</TITLE>
<BODY BGCOLOR="white">
<H2>96749 WIII Jakarta Observations at 00Z 09 May 2021</H2>
<PRE>
-----------------------------------------------------------------------------
   PRES   HGHT   TEMP   DWPT   RELH   MIXR   DRCT   SKNT   THTA   THTE   THTV
    hPa     m      C      C      %    g/kg    deg   knot     K      K      K 
-----------------------------------------------------------------------------
 1009.0      8   24.6   23.5     94  18.45    180      4  297.0  350.5  300.3
 1007.0     25   24.4   23.7     96  18.72    180      4  297.0  351.3  300.3
 1000.0     83   24.4   23.3     94  18.39    180      6  297.6  351.1  300.8
  976.0    297   25.8   20.5     73  15.80    210      5  301.0  347.6  303.9
  972.0    333   26.0   20.0     70  15.39    201      5  301.6  347.1  304.4
  949.0    544   25.0   18.0     65  13.88    150      4  302.6  343.9  305.2
  925.0    769   23.6   17.6     69  13.88     95      3  303.4  344.9  306.0
  911.0    902   22.8   17.2     71  13.73     85      3  303.9  345.0  306.4
  851.0   1496   19.1   15.3     79  13.04    170      4  306.0  345.4  308.4
  850.0   1506   19.0   15.3     79  13.03    170      4  306.0  345.4  308.4
  796.0   2067   15.2   13.8     91  12.62    158      5  307.8  346.1  310.1
  765.0   2402   13.5   11.2     86  11.06    150      5  309.5  343.4  311.5
  739.0   2693   12.1    9.0     81   9.83    165      4  310.9  341.4  312.8
  738.0   2705   12.0    8.9     81   9.79    164      4  311.0  341.4  312.8
  700.0   3145    8.8    8.1     95   9.77    135      6  312.2  342.6  314.0
  663.0   3593    5.4    5.3    100   8.50     90      8  313.2  339.9  314.8
  659.0   3643    5.0    5.0    100   8.37     89      8  313.4  339.6  314.9
  616.0   4190    2.7    2.6     99   7.53     80     12  316.8  340.9  318.2
  569.0   4834    0.0   -0.3     98   6.62     84     11  320.9  342.5  322.2
  523.0   5505   -4.3   -4.3    100   5.35     89     10  323.6  341.3  324.6
  511.0   5688   -4.6   -5.6     92   4.94     90     10  325.3  341.9  326.3
  500.0   5860   -4.9   -6.9     86   4.59    100      9  327.0  342.6  327.9
  497.0   5907   -4.9   -7.2     84   4.51    100      9  327.6  342.9  328.5
  438.0   6893  -10.1  -14.1     72   2.94    110     10  333.0  343.4  333.6
  432.0   7001  -10.7  -14.9     71   2.80    113      9  333.6  343.6  334.1
  405.0   7495  -14.1  -18.6     69   2.19    125      7  335.4  343.4  335.9
  400.0   7590  -14.7  -19.3     68   2.09    120      8  335.8  343.4  336.2
  374.0   8091  -18.1  -22.9     66   1.63    100      8  337.8  343.8  338.1
  350.0   8586  -21.5  -26.5     64   1.26     92     14  339.7  344.5  339.9
  345.0   8690  -22.3  -27.1     65   1.21     90     15  339.9  344.5  340.2
  304.0   9604  -29.7  -32.7     75   0.81    150     10  342.1  345.2  342.2
  300.0   9700  -30.5  -33.3     76   0.77    140     10  342.3  345.3  342.4
  295.0   9819  -31.5  -34.2     77   0.72    131      9  342.5  345.4  342.6
  292.0   9891  -32.1  -34.8     77   0.69    125      8  342.7  345.4  342.8
  268.0  10489  -37.1  -39.8     76   0.45    125      6  343.9  345.7  344.0
  258.0  10755  -39.3  -42.0     75   0.37     98      6  344.4  345.9  344.5
  250.0  10970  -41.1  -43.8     75   0.32     75      6  344.8  346.1  344.9
  245.0  11107  -42.2  -45.1     73   0.28     45      7  345.1  346.3  345.2
  237.0  11332  -44.1  -47.3     70   0.23     37     11  345.6  346.6  345.6
  235.0  11389  -44.6  -47.7     70   0.22     35     12  345.7  346.7  345.8
  231.0  11504  -45.5  -48.6     71   0.20     36     13  346.0  346.9  346.1
  224.0  11709  -47.3  -54.3     44   0.11     38     14  346.3  346.8  346.3
  214.0  12010  -50.0  -55.2     54   0.10     40     16  346.6  347.1  346.6
  213.0  12041  -50.3  -55.3     55   0.10     38     16  346.7  347.1  346.7
  207.0  12227  -51.7  -59.7     38   0.06     25     17  347.3  347.6  347.3
  203.0  12354  -52.7  -58.7     48   0.07     17     18  347.7  348.0  347.7
  200.0  12450  -53.1  -59.1     48   0.07     10     18  348.5  348.8  348.5
  195.0  12612  -54.2  -62.4     36   0.04     10     19  349.3  349.5  349.4
  189.0  12811  -55.5  -66.5     24   0.03     19     20  350.3  350.5  350.3
  178.0  13187  -58.4  -67.8     29   0.02     35     23  351.7  351.8  351.7
  168.0  13549  -61.1  -69.1     34   0.02     38     30  353.0  353.1  353.0
  161.0  13809  -63.3  -73.1     25   0.01     40     35  353.6  353.7  353.6
  153.0  14121  -65.9  -77.9     17   0.01     40     34  354.4  354.4  354.4
  150.0  14240  -66.7  -78.7     17   0.01     40     34  355.0  355.0  355.0
  146.0  14399  -68.0  -79.9     17   0.00     40     33  355.5  355.5  355.5
  139.0  14687  -70.3  -82.0     17   0.00     45     29  356.4  356.5  356.4
  126.0  15264  -75.0  -86.3     16   0.00     70     30  358.2  358.2  358.2
  117.0  15699  -78.5  -89.5     16   0.00     75     32  359.3  359.3  359.3
  105.0  16308  -83.1  -93.1     17   0.00     83     35  361.9  361.9  361.9
  102.0  16470  -82.6  -92.6     17   0.00     85     36  365.8  365.8  365.8
  100.0  16580  -82.3  -92.3     17   0.00     80     36  368.5  368.5  368.5
   96.0  16811  -81.6  -92.3     15   0.00     65     27  374.1  374.1  374.1
   91.0  17114  -80.7  -92.3     13   0.00     25     10  381.7  381.7  381.7
   88.8  17252  -80.3  -92.3     12   0.00    333     11  385.2  385.2  385.2
   87.5  17337  -77.7  -91.7      9   0.00    302     11  392.0  392.0  392.0
   87.0  17369  -77.8  -91.8      9   0.00    290     11  392.5  392.5  392.5
   78.1  17989  -79.5  -93.5      9   0.00    162     21  401.2  401.2  401.2
   78.0  17996  -79.5  -93.5      9   0.00    160     21  401.5  401.5  401.5
   70.0  18620  -75.7  -91.7      7   0.00    185     15  422.1  422.1  422.1
   69.3  18678  -74.7  -91.7      6   0.00    190     15  425.5  425.5  425.5
   63.0  19233  -73.6  -92.2      4   0.00    240     17  439.6  439.6  439.6
   60.0  19517  -73.1  -92.5      4   0.00    190     18  447.0  447.0  447.0
   58.0  19714  -72.7  -92.7      4   0.00    180     16  452.2  452.2  452.2
   54.0  20141  -65.6  -90.3      2   0.00    160     11  477.9  477.9  477.9
   53.0  20253  -63.7  -89.7      2   0.00    202      9  484.8  484.8  484.8
   52.0  20370  -63.4  -89.8      2   0.00    245      6  488.1  488.1  488.1
   50.0  20610  -62.9  -89.9      2   0.00    300     12  494.8  494.9  494.8
   49.0  20735  -62.8  -89.8      2   0.00    310     17  497.9  497.9  497.9
   47.0  20991  -62.6  -89.7      2   0.00    305     22  504.3  504.3  504.3
   43.2  21511  -62.3  -89.3      2   0.00    267     28  517.4  517.4  517.4
   43.0  21539  -62.4  -89.3      2   0.00    265     28  517.9  518.0  517.9
   39.0  22138  -63.8  -89.8      2   0.00    260     31  528.9  528.9  528.9
   37.0  22461  -64.6  -90.1      2   0.00    255     26  534.8  534.9  534.8
   35.4  22731  -65.3  -90.3      2   0.00    246     23  539.9  539.9  539.9
   32.0  23347  -64.9  -90.5      2   0.00    225     15  556.7  556.7  556.7
   30.0  23740  -64.7  -90.7      2   0.00    185      9  567.7  567.7  567.7
   29.4  23863  -64.9  -90.9      2   0.00    173     11  570.4  570.5  570.4
   27.6  24251  -62.9  -90.9      1   0.00    134     16  586.4  586.4  586.4
   27.0  24388  -60.5  -90.0      1   0.00    120     18  596.8  596.8  596.8
   26.4  24528  -58.1  -89.1      1   0.01    116     19  607.5  607.5  607.5
   25.0  24875  -56.1  -88.0      1   0.01    105     23  622.7  622.8  622.7
   23.4  25296  -53.7  -86.7      1   0.01     84     37  641.6  641.7  641.6
   22.0  25690  -55.7  -85.6      1   0.01     65     51  647.1  647.2  647.1
   21.6  25808  -56.3  -85.3      1   0.01     68     49  648.7  648.8  648.7
   20.0  26300  -53.5  -88.5      1   0.01     80     42  671.7  671.8  671.7
   19.9  26332  -52.5  -88.5      1   0.01     81     43  675.7  675.8  675.7
   19.0  26631  -52.5  -88.5      1   0.01     90     50  684.7  684.8  684.7
   18.5  26803  -52.5  -88.5      1   0.01     90     50  689.9  690.0  689.9
   17.0  27359  -49.2  -86.1      1   0.01     90     49  717.4  717.6  717.4
   16.0  27756  -46.8  -84.4      1   0.02     95     47  737.7  737.9  737.7
   15.4  28007  -45.3  -83.3      1   0.03     95     51  750.8  751.0  750.8
   15.0  28183  -45.4  -82.0      1   0.03     95     54  756.0  756.3  756.0
   14.3  28501  -45.7  -79.7      1   0.05                765.5  766.0  765.5
</PRE><H3>Station information and sounding indices</H3><PRE>
                         Station identifier: WIII
                             Station number: 96749
                           Observation time: 210509/0000
                           Station latitude: -6.11
                          Station longitude: 106.65
                          Station elevation: 8.0
                            Showalter index: -0.13
                               Lifted index: -1.14
    LIFT computed using virtual temperature: -1.34
                                SWEAT index: 200.60
                                    K index: 38.50
                         Cross totals index: 20.20
                      Vertical totals index: 23.90
                        Totals totals index: 44.10
      Convective Available Potential Energy: 381.04
             CAPE using virtual temperature: 432.74
                      Convective Inhibition: -116.93
             CINS using virtual temperature: -96.65
                           Equilibrum Level: 206.62
 Equilibrum Level using virtual temperature: 206.39
                   Level of Free Convection: 735.84
             LFCT using virtual temperature: 768.50
                     Bulk Richardson Number: 74.61
          Bulk Richardson Number using CAPV: 84.73
  Temp [K] of the Lifted Condensation Level: 293.28
Pres [hPa] of the Lifted Condensation Level: 923.80
   Equivalent potential temp [K] of the LCL: 348.02
     Mean mixed layer potential temperature: 300.02
              Mean mixed layer mixing ratio: 16.43
              1000 hPa to 500 hPa thickness: 5777.00
Precipitable water [mm] for entire sounding: 60.83
</PRE>
<P>Description of the 
<A HREF="/upperair/columns.html">data columns</A>
or <A HREF="/upperair/indices.html">sounding indices</A>.

<P>
<FORM>
<INPUT CLASS="button" TYPE="button" VALUE=" Close this window " 
 onClick="window.close();">
<INPUT CLASS="button" TYPE="button" VALUE=" Select another map " 
 onClick="window.blur();">
</FORM>
<HR SIZE="1">
<I>Interested in graduate studies in atmospheric science?
Check out our program at the
<a href="http://www.uwyo.edu/atsc/howtoapply/"
target=_top>University of Wyoming
</a></I>
<HR SIZE="1"><FONT SIZE="-1">
Questions about the weather data provided by this site can be
addressed to <A HREF="mailto:ldoolman@uwyo.edu">
Larry Oolman (ldoolman@uwyo.edu)</A></FONT>
<HR SIZE="1">
<SCRIPT TYPE="text/javascript">
<!--
window.focus();
// -->
</SCRIPT>
</BODY>
</HTML>
