2021-05-21 00
<HTML>
<TITLE>University of Wyoming - Radiosonde Data</TITLE>
<BODY BGCOLOR="white">
<H2>96749 WIII Jakarta Observations at 00Z 21 May 2021</H2>
<PRE>
-----------------------------------------------------------------------------
   PRES   HGHT   TEMP   DWPT   RELH   MIXR   DRCT   SKNT   THTA   THTE   THTV
    hPa     m      C      C      %    g/kg    deg   knot     K      K      K 
-----------------------------------------------------------------------------
 1010.0      8   24.6   22.9     90  17.76    200      2  296.9  348.4  300.1
 1009.0     17   25.8   23.5     87  18.45    192      2  298.2  352.0  301.5
 1000.0     94   25.8   23.0     85  18.05    115      4  298.9  351.8  302.2
  986.0    219   26.4   23.2     83  18.55     79      6  300.8  355.5  304.1
  977.0    299   26.0   22.7     82  18.11     55      8  301.1  354.6  304.4
  944.0    601   24.4   20.7     80  16.55     45     10  302.4  351.6  305.4
  925.0    780   23.4   19.5     79  15.68     60      7  303.2  350.0  306.1
  912.0    903   23.0   18.3     75  14.71     90      5  304.0  348.0  306.7
  907.0    951   22.8   17.8     73  14.35    103      5  304.3  347.3  306.9
  881.0   1203   20.6   17.0     80  14.04    170      4  304.6  346.7  307.1
  865.0   1362   19.2   16.5     84  13.84    181      5  304.7  346.2  307.2
  851.0   1502   18.6   15.5     82  13.16    190      6  305.6  345.2  308.0
  850.0   1512   18.6   15.4     82  13.11    190      6  305.6  345.1  308.0
  805.0   1978   15.8   14.4     91  12.98    130      5  307.4  346.8  309.8
  739.0   2700   12.4    9.4     82  10.11     35      3  311.3  342.6  313.2
  718.0   2944   11.2    7.7     79   9.27     48      2  312.6  341.5  314.3
  700.0   3156   10.4    5.4     71   8.10     60      1  314.0  339.5  315.5
  688.0   3300    9.9    2.0     58   6.45      0      1  315.0  335.6  316.2
  684.0   3348    9.8    0.8     53   5.96    332      1  315.4  334.5  316.5
  671.0   3508    9.0    3.0     66   7.13    240      2  316.2  339.0  317.6
  664.0   3594    8.5    0.7     58   6.11    190      3  316.6  336.3  317.8
  648.0   3796    7.4   -4.6     42   4.22    167      3  317.6  331.4  318.4
  640.0   3898    6.6   -0.4     61   5.84    155      3  317.8  336.8  318.9
  617.0   4195    4.8   -1.9     62   5.42    120      3  319.1  336.8  320.1
  595.0   4490    3.0   -3.4     63   5.02    135      3  320.4  336.9  321.3
  559.0   4996    0.0   -6.0     64   4.39    210      1  322.5  337.2  323.4
  552.0   5097   -0.7   -7.7     59   3.90    225      1  322.9  336.0  323.6
  546.0   5184   -1.5   -5.4     75   4.71    263      1  322.9  338.7  323.8
  531.0   5405   -2.6   -8.3     65   3.87      0      1  324.1  337.2  324.9
  520.0   5571   -3.5  -10.5     58   3.32      9      3  325.0  336.4  325.7
  503.0   5833   -5.7   -9.7     73   3.66     23      7  325.5  338.0  326.2
  500.0   5880   -5.7  -11.7     63   3.14     25      8  326.0  336.9  326.6
  499.0   5896   -5.7  -12.7     58   2.90     23      8  326.2  336.3  326.8
  492.0   6007   -6.2  -13.2     58   2.82      5      8  326.9  336.7  327.4
  491.0   6023   -6.3  -13.3     58   2.81      5      8  327.0  336.8  327.5
  490.0   6039   -6.5  -11.4     68   3.28      4      8  326.9  338.3  327.6
  488.0   6071   -6.5  -13.5     58   2.78      4      8  327.3  337.0  327.9
  487.0   6087   -6.5  -16.5     45   2.17      4      8  327.5  335.2  327.9
  474.0   6299   -7.6  -18.9     40   1.82      0      8  328.7  335.2  329.1
  468.0   6399   -8.1  -20.1     37   1.67    355      7  329.3  335.3  329.6
  456.0   6601   -9.6  -14.8     66   2.68    345      5  329.8  339.2  330.3
  454.0   6635   -9.9  -13.9     73   2.89    337      5  329.9  340.0  330.5
  439.0   6895  -11.4  -14.1     80   2.95    280      5  331.2  341.6  331.8
  438.0   6913  -11.5  -14.1     81   2.95    279      5  331.2  341.6  331.8
  434.0   6984  -11.3  -18.3     56   2.10    273      6  332.4  339.9  332.8
  422.0   7199  -12.0  -25.7     31   1.12    255     10  334.1  338.4  334.4
  411.0   7403  -12.7  -32.7     17   0.60    241      9  335.8  338.1  335.9
  406.0   7496  -13.2  -35.0     14   0.48    235      8  336.3  338.2  336.4
  400.0   7610  -13.9  -37.9     11   0.37    220      8  336.8  338.3  336.9
  392.0   7762  -14.9  -49.9      3   0.10    207      6  337.5  337.9  337.5
  375.0   8094  -17.5  -34.4     21   0.56    180      3  338.4  340.6  338.5
  366.0   8275  -18.9  -25.9     54   1.27    187      6  338.8  343.7  339.1
  346.0   8689  -22.3  -33.3     36   0.67    204     12  339.7  342.4  339.9
  345.0   8710  -22.3  -36.1     27   0.51    205     12  340.0  342.1  340.1
  340.0   8817  -22.1  -50.1      6   0.12    202     12  341.7  342.2  341.7
  305.0   9601  -28.5  -42.6     25   0.29    180     10  343.4  344.7  343.5
  300.0   9720  -29.5  -41.5     30   0.34    165      8  343.7  345.1  343.8
  293.0   9888  -31.0  -43.0     30   0.30    165      5  343.9  345.2  344.0
  284.0  10111  -32.9  -44.9     29   0.25    154      3  344.2  345.3  344.3
  281.0  10186  -33.5  -45.5     29   0.23    150      2  344.4  345.4  344.5
  275.0  10338  -34.7  -46.7     28   0.21     71      3  344.8  345.7  344.9
  269.0  10492  -36.2  -46.5     34   0.22    350      4  344.8  345.7  344.8
  268.0  10519  -36.5  -46.5     35   0.22    350      4  344.7  345.7  344.8
  265.0  10597  -36.9  -42.9     54   0.33    348      6  345.3  346.6  345.3
  263.0  10650  -37.3  -41.3     66   0.39    348      6  345.4  347.1  345.5
  258.0  10783  -38.1  -45.1     48   0.27    345      9  346.1  347.3  346.2
  257.0  10810  -38.4  -45.6     46   0.25    345      9  346.1  347.2  346.1
  250.0  11000  -40.5  -49.5     37   0.17    350     11  345.7  346.4  345.8
  246.0  11110  -41.3  -51.0     34   0.14      0     13  346.1  346.8  346.1
  244.0  11165  -41.7  -51.7     33   0.13      4     13  346.3  346.9  346.4
  236.0  11389  -43.5  -50.4     46   0.16     20     15  346.9  347.6  346.9
  231.0  11533  -44.7  -49.6     58   0.18     24     16  347.2  348.0  347.3
  200.0  12480  -52.7  -58.7     48   0.07     50     19  349.1  349.5  349.2
  192.0  12743  -55.1  -59.6     57   0.06     53     18  349.4  349.7  349.4
  187.0  12911  -56.3  -63.3     41   0.04     55     18  350.1  350.3  350.1
  183.0  13048  -57.3  -66.3     31   0.03     53     19  350.7  350.8  350.7
  162.0  13803  -63.1  -72.7     26   0.01     40     25  353.4  353.4  353.4
  150.0  14280  -66.7  -76.7     23   0.01     45     25  355.0  355.0  355.0
  140.0  14681  -69.4  -79.8     21   0.00     60     28  357.4  357.4  357.4
  114.0  15876  -77.3  -88.8     15   0.00    160     21  364.2  364.2  364.2
  104.0  16410  -80.9  -92.9     12   0.00    150     18  367.0  367.0  367.0
  102.0  16519  -80.4  -92.4     12   0.00    155     15  370.0  370.0  370.0
  100.0  16630  -79.9  -91.9     12   0.00    160     12  373.1  373.1  373.1
   97.0  16801  -80.4  -92.4     12   0.00    170     12  375.3  375.3  375.3
   92.0  17099  -81.4  -93.4     12   0.00    150      6  379.2  379.2  379.2
   90.3  17204  -81.7  -93.7     12   0.00    202      6  380.6  380.6  380.6
   87.0  17415  -79.5  -93.5      9   0.00    305      5  389.0  389.0  389.0
   83.7  17634  -77.3  -93.3      6   0.00    301     10  397.9  397.9  397.9
   79.0  17963  -78.4  -94.1      7   0.00    295     18  402.2  402.2  402.2
   71.0  18569  -80.4  -95.5      7   0.00    275     14  410.3  410.3  410.3
   70.0  18650  -80.7  -95.7      7   0.00    280     13  411.4  411.4  411.4
   68.0  18814  -79.7  -95.7      6   0.00    280     10  417.0  417.0  417.0
   67.0  18899  -77.2  -94.5      5   0.00    280      9  424.2  424.2  424.2
   65.7  19012  -73.9  -92.9      4   0.00    280     11  433.8  433.8  433.8
   62.2  19331  -73.3  -93.3      3   0.00    280     18  441.9  441.9  441.9
   61.0  19447  -71.5  -93.1      3   0.00    280     20  448.4  448.5  448.4
   58.6  19685  -67.7  -92.7      2   0.00    296     30  462.1  462.1  462.1
   58.0  19747  -67.2  -92.6      2   0.00    300     33  464.6  464.6  464.6
   54.8  20092  -64.3  -92.3      1   0.00    287     38  478.8  478.8  478.8
   50.0  20650  -65.9  -94.9      1   0.00    265     46  487.8  487.8  487.8
   47.3  20986  -67.5  -96.5      1   0.00    256     41  491.7  491.8  491.8
   43.0  21566  -66.4  -95.9      1   0.00    240     33  508.1  508.1  508.1
   39.0  22160  -65.2  -95.2      1   0.00    245     10  525.4  525.4  525.4
   37.0  22481  -64.6  -94.9      1   0.00    270      6  535.0  535.0  535.0
   35.0  22819  -63.9  -94.5      1   0.00    335      3  545.3  545.3  545.3
   33.0  23177  -63.2  -94.2      1   0.00     10      9  556.4  556.4  556.4
   32.7  23233  -63.1  -94.1      1   0.00     13      8  558.1  558.1  558.1
   32.0  23367  -61.4  -93.8      1   0.00     20      6  566.0  566.0  566.0
   31.2  23524  -59.5  -93.5      1   0.00     40     12  575.4  575.4  575.4
   30.0  23770  -58.9  -91.9      1   0.00     70     20  583.5  583.5  583.5
   28.9  24004  -58.3  -90.3      1   0.00     81     29  591.4  591.4  591.4
   28.0  24200  -59.5  -91.0      1   0.00     90     36  593.6  593.6  593.6
   24.9  24927  -63.7  -93.7      1   0.00     95     41  601.6  601.6  601.6
   24.2  25102  -63.3  -94.3      1   0.00     97     41  607.7  607.7  607.7
   23.8  25204  -59.9  -93.9      0   0.00     98     40  620.5  620.5  620.5
   23.0  25421  -56.7  -91.2      1   0.00    100     40  636.1  636.1  636.1
   22.2  25645  -53.3  -88.3      1   0.01     96     47  652.5  652.6  652.5
   22.0  25703  -53.0  -88.0      1   0.01     95     49  655.1  655.2  655.1
   20.0  26320  -49.7  -84.7      1   0.02     85     49  683.3  683.4  683.3
   18.1  26973  -49.7  -82.7      1   0.02     83     51  703.0  703.3  703.1
   16.8  27465  -45.7  -80.7      1   0.04     82     52  731.0  731.4  731.0
   15.0  28223  -45.2  -80.7      1   0.04     80     54  756.7  757.2  756.7
   11.0  30298  -43.9  -80.5      1   0.06     90     67  831.7  832.4  831.7
   10.1  30869  -43.5  -80.5      1   0.06                853.6  854.4  853.6
</PRE><H3>Station information and sounding indices</H3><PRE>
                         Station identifier: WIII
                             Station number: 96749
                           Observation time: 210521/0000
                           Station latitude: -6.11
                          Station longitude: 106.65
                          Station elevation: 8.0
                            Showalter index: -0.84
                               Lifted index: -3.83
    LIFT computed using virtual temperature: -4.42
                                SWEAT index: 204.81
                                    K index: 34.70
                         Cross totals index: 21.10
                      Vertical totals index: 24.30
                        Totals totals index: 45.40
      Convective Available Potential Energy: 1090.40
             CAPE using virtual temperature: 1259.42
                      Convective Inhibition: -45.48
             CINS using virtual temperature: -33.33
                           Equilibrum Level: 163.65
 Equilibrum Level using virtual temperature: 163.53
                   Level of Free Convection: 840.77
             LFCT using virtual temperature: 871.41
                     Bulk Richardson Number: 505.32
          Bulk Richardson Number using CAPV: 583.64
  Temp [K] of the Lifted Condensation Level: 295.04
Pres [hPa] of the Lifted Condensation Level: 938.14
   Equivalent potential temp [K] of the LCL: 353.41
     Mean mixed layer potential temperature: 300.49
              Mean mixed layer mixing ratio: 17.99
              1000 hPa to 500 hPa thickness: 5786.00
Precipitable water [mm] for entire sounding: 56.37
</PRE>
<P>Description of the 
<A HREF="/upperair/columns.html">data columns</A>
or <A HREF="/upperair/indices.html">sounding indices</A>.

<P>
<FORM>
<INPUT CLASS="button" TYPE="button" VALUE=" Close this window " 
 onClick="window.close();">
<INPUT CLASS="button" TYPE="button" VALUE=" Select another map " 
 onClick="window.blur();">
</FORM>
<HR SIZE="1">
<I>Interested in graduate studies in atmospheric science?
Check out our program at the
<a href="http://www.uwyo.edu/atsc/howtoapply/"
target=_top>University of Wyoming
</a></I>
<HR SIZE="1"><FONT SIZE="-1">
Questions about the weather data provided by this site can be
addressed to <A HREF="mailto:ldoolman@uwyo.edu">
Larry Oolman (ldoolman@uwyo.edu)</A></FONT>
<HR SIZE="1">
<SCRIPT TYPE="text/javascript">
<!--
window.focus();
// -->
</SCRIPT>
</BODY>
</HTML>
