2019-05-01 00
<HTML>
<TITLE>University of Wyoming - Radiosonde Data</TITLE>
<BODY BGCOLOR="white">
<H2>96749 WIII Jakarta Observations at 00Z 01 May 2019</H2>
<PRE>
-----------------------------------------------------------------------------
   PRES   HGHT   TEMP   DWPT   RELH   MIXR   DRCT   SKNT   THTA   THTE   THTV
    hPa     m      C      C      %    g/kg    deg   knot     K      K      K 
-----------------------------------------------------------------------------
 1010.0      8   26.0   22.5     81  17.32    250      3  298.3  348.9  301.4
 1000.0     96   25.4   22.0     81  16.96    240     13  298.6  348.1  301.6
  971.0    355   23.4   21.1     87  16.52    232     17  299.1  347.4  302.0
  963.0    427   24.4   20.8     80  16.34    230     18  300.8  349.0  303.7
  944.0    601   23.2   19.7     81  15.57    225     21  301.3  347.3  304.1
  925.0    779   22.0   18.6     81  14.80    220     19  301.8  345.7  304.5
  850.0   1513   17.4   16.4     94  14.00    230     10  304.4  346.3  306.9
  822.0   1800   16.1   15.4     96  13.60    230     10  305.9  346.9  308.4
  821.0   1811   16.0   15.4     96  13.59    231     10  305.9  346.9  308.4
  797.0   2063   13.8   12.6     92  11.63    250      8  306.2  341.4  308.3
  766.0   2397   12.4   11.4     93  11.18    275      6  308.2  342.4  310.3
  713.0   3000   10.0    9.2     95  10.39    265      8  311.9  344.2  313.9
  700.0   3155    9.4    8.7     95  10.19    240     11  312.9  344.6  314.8
  667.0   3555    7.6    7.2     97   9.64    218     10  315.2  345.6  317.0
  663.0   3604    7.3    6.9     97   9.52    215     10  315.4  345.5  317.2
  617.0   4188    4.2    3.6     96   8.09    185      8  318.4  344.4  319.9
  560.0   4976    0.0   -0.9     94   6.44    189     18  322.4  343.5  323.6
  552.0   5091   -1.1   -2.7     89   5.73    190     20  322.3  341.2  323.4
  551.0   5106   -1.3   -2.9     89   5.64    189     20  322.3  341.0  323.4
  549.0   5134   -1.9   -4.1     85   5.17    186     20  321.9  339.1  322.9
  546.0   5178   -4.1  -11.1     58   3.02    182     20  319.8  330.0  320.4
  545.0   5192   -5.5  -13.5     53   2.49    181     21  318.3  326.8  318.8
  539.0   5279   -5.9  -15.9     45   2.06    173     21  318.9  325.9  319.3
  532.0   5381   -5.5  -18.5     35   1.68    164     21  320.5  326.4  320.9
  526.0   5470   -4.7  -18.7     33   1.67    156     22  322.5  328.4  322.9
  523.0   5515   -4.5  -19.5     30   1.57    152     22  323.3  328.9  323.6
  520.0   5560   -3.7  -14.7     42   2.36    147     22  324.8  333.0  325.3
  519.0   5575   -3.3  -11.3     54   3.12    146     22  325.5  336.2  326.1
  511.0   5698   -3.2  -11.2     54   3.19    135     23  327.0  338.1  327.6
  501.0   5854   -3.1  -11.1     54   3.29    126     23  329.0  340.4  329.7
  500.0   5870   -3.3  -11.3     54   3.24    125     23  328.9  340.2  329.6
  448.0   6731  -10.1  -20.1     44   1.74    133     19  330.9  337.2  331.2
  438.0   6905  -11.3  -19.3     51   1.90    135     18  331.5  338.4  331.9
  423.0   7173  -13.1  -18.1     66   2.19    107     11  332.5  340.4  333.0
  422.0   7191  -13.2  -18.4     65   2.14    105     11  332.7  340.4  333.1
  415.0   7319  -13.5  -20.5     56   1.81    113     11  333.8  340.4  334.2
  401.0   7581  -14.3  -18.2     72   2.29    129     10  336.1  344.4  336.5
  400.0   7600  -14.3  -17.1     79   2.52    130     10  336.3  345.4  336.8
  390.0   7791  -15.8  -19.2     75   2.16    125     14  336.9  344.8  337.3
  381.0   7967  -17.1  -21.1     71   1.88    127     13  337.3  344.3  337.7
  379.0   8007  -17.1  -22.1     65   1.73    127     13  337.8  344.3  338.2
  371.0   8166  -18.1  -21.8     73   1.81    129     13  338.6  345.3  338.9
  349.0   8620  -21.1  -30.1     44   0.90    134     11  340.5  344.0  340.7
  348.0   8641  -20.9  -35.9     25   0.52    134     11  341.0  343.1  341.1
  345.0   8705  -21.4  -35.4     27   0.55    135     11  341.2  343.4  341.3
  337.0   8878  -22.9  -33.9     36   0.65    144     13  341.5  344.0  341.6
  331.0   9009  -23.7  -34.0     38   0.65    150     15  342.1  344.7  342.3
  328.0   9076  -24.1  -34.1     39   0.65    149     15  342.5  345.1  342.6
  326.0   9120  -24.3  -39.3     24   0.39    148     16  342.8  344.4  342.9
  313.0   9415  -26.5  -43.5     19   0.26    144     17  343.7  344.8  343.8
  300.0   9720  -28.9  -38.9     38   0.44    140     19  344.5  346.3  344.6
  293.0   9889  -30.3  -36.3     56   0.59    140     15  344.9  347.2  345.0
  280.0  10207  -32.9  -38.6     57   0.49    115      6  345.6  347.6  345.7
  257.0  10807  -37.9  -43.0     59   0.34     90      4  346.8  348.2  346.9
  250.0  11000  -39.5  -44.4     60   0.30    100      9  347.2  348.5  347.3
  248.0  11055  -39.9  -44.6     61   0.29    101     10  347.4  348.6  347.5
  236.0  11383  -42.7                         105     15  348.2         348.2
  200.0  12480  -51.9                          85     27  350.4         350.4
  170.0  13503  -59.7                          70     19  354.1         354.1
  150.0  14290  -65.7                          30     13  356.7         356.7
  140.0  14686  -69.0                          10      8  358.1         358.1
  133.0  14981  -71.4                           5      4  359.1         359.1
  126.0  15292  -74.0                          65      3  360.0         360.0
  108.0  16178  -81.3                         105      6  362.4         362.4
  102.0  16506  -84.0                         140     12  363.2         363.2
  100.0  16620  -84.9                         145     13  363.4         363.4
   97.0  16788  -85.9                         150     15  364.6         364.6
   95.4  16880  -86.5                         145     17  365.2         365.2
   92.0  17081  -85.7                         115     14  370.6         370.6
   87.0  17392  -84.5                         135     21  379.1         379.1
   78.8  17942  -82.3                         112     27  394.4         394.4
   78.0  18000  -81.6                         110     28  397.1         397.1
   74.0  18300  -77.9                         100      4  410.8         410.8
   72.7  18401  -76.7                          54      4  415.5         415.5
   70.0  18620  -76.5                         315      5  420.4         420.4
   67.1  18863  -76.3                         309      7  425.9         425.9
   63.0  19232  -71.8                         300     11  443.5         443.5
   60.0  19518  -68.4                         270     26  457.4         457.4
   59.4  19577  -67.7                         270     27  460.3         460.3
   55.0  20038  -67.3                         270     39  471.4         471.4
   50.0  20610  -66.9                         240     28  485.4         485.4
   47.0  20984  -67.0                         230     24  493.9         493.9
   43.0  21523  -67.0                         235     16  506.4         506.4
   40.9  21825  -67.1                         200      8  513.6         513.6
   40.0  21962  -65.5                         185      4  520.8         520.8
   39.0  22117  -63.7                          55      4  529.1         529.1
   38.0  22276  -61.9                          55      4  537.7         537.7
   37.0  22442  -61.7                          55      3  542.5         542.5
   35.0  22787  -61.2                         295      7  552.4         552.4
   33.9  22985  -60.9                         303     14  558.2         558.2
   33.0  23155  -59.0                         310     19  567.7         567.7
   31.9  23368  -56.5                         298     24  579.8         579.8
   30.0  23760  -54.9                         275     32  594.4         594.4
   29.0  23975  -55.0                         270     30  599.8         599.8
   28.0  24198  -55.2                         255     22  605.5         605.5
   25.8  24717  -55.5                         284     25  618.8         618.8
   25.0  24917  -55.4                         295     26  624.9         624.9
   23.7  25255  -55.1                         285     26  635.2         635.2
   22.0  25733  -51.3                         270     27  660.2         660.2
   21.5  25881  -50.1                         260     27  668.1         668.1
   21.0  26033  -50.2                         250     28  672.4         672.4
   20.0  26350  -50.3                         260     25  681.5         681.5
   19.0  26686  -49.4                         280     19  694.4         694.4
   18.5  26860  -48.9                         275     18  701.2         701.2
   17.5  27223  -51.3                         265     15  704.8         704.8
   17.0  27412  -51.2                         260     13  711.0         711.0
   15.0  28227  -50.6                          55     14  738.7         738.7
   14.0  28676  -50.3                          80     13  754.5         754.5
   13.3  29010  -50.1                          83     15  766.4         766.4
   12.0  29689  -45.3                          90     18  806.2         806.2
   11.9  29745  -44.9                                     809.6         809.6
</PRE><H3>Station information and sounding indices</H3><PRE>
                         Station identifier: WIII
                             Station number: 96749
                           Observation time: 190501/0000
                           Station latitude: -6.11
                          Station longitude: 106.65
                          Station elevation: 8.0
                            Showalter index: 1.12
                               Lifted index: 0.47
    LIFT computed using virtual temperature: 0.06
                                SWEAT index: 239.81
                                    K index: 36.40
                         Cross totals index: 19.70
                      Vertical totals index: 20.70
                        Totals totals index: 40.40
      Convective Available Potential Energy: 220.12
             CAPE using virtual temperature: 282.91
                      Convective Inhibition: -45.17
             CINS using virtual temperature: -37.64
                           Equilibrum Level: 353.41
 Equilibrum Level using virtual temperature: 335.76
                   Level of Free Convection: 818.28
             LFCT using virtual temperature: 820.21
                     Bulk Richardson Number: 40.62
          Bulk Richardson Number using CAPV: 52.21
  Temp [K] of the Lifted Condensation Level: 293.84
Pres [hPa] of the Lifted Condensation Level: 938.58
   Equivalent potential temp [K] of the LCL: 348.00
     Mean mixed layer potential temperature: 299.23
              Mean mixed layer mixing ratio: 16.67
              1000 hPa to 500 hPa thickness: 5774.00
Precipitable water [mm] for entire sounding: 60.76
</PRE>
<P>Description of the 
<A HREF="/upperair/columns.html">data columns</A>
or <A HREF="/upperair/indices.html">sounding indices</A>.

<P>
<FORM>
<INPUT CLASS="button" TYPE="button" VALUE=" Close this window " 
 onClick="window.close();">
<INPUT CLASS="button" TYPE="button" VALUE=" Select another map " 
 onClick="window.blur();">
</FORM>
<HR SIZE="1">
<I>Interested in graduate studies in atmospheric science?
Check out our program at the
<a href="http://www.uwyo.edu/atsc/howtoapply/"
target=_top>University of Wyoming
</a></I>
<HR SIZE="1"><FONT SIZE="-1">
Questions about the weather data provided by this site can be
addressed to <A HREF="mailto:ldoolman@uwyo.edu">
Larry Oolman (ldoolman@uwyo.edu)</A></FONT>
<HR SIZE="1">
<SCRIPT TYPE="text/javascript">
<!--
window.focus();
// -->
</SCRIPT>
</BODY>
</HTML>
