2022-02-05 12
<HTML>
<TITLE>University of Wyoming - Radiosonde Data</TITLE>
<BODY BGCOLOR="white">
<H2>96749 WIII Jakarta Observations at 00Z 05 Feb 2022</H2>
<PRE>
-----------------------------------------------------------------------------
   PRES   HGHT   TEMP   DWPT   RELH   MIXR   DRCT   SKNT   THTA   THTE   THTV
    hPa     m      C      C      %    g/kg    deg   knot     K      K      K 
-----------------------------------------------------------------------------
 1008.0      8   24.2   23.4     95  18.36    250      3  296.7  349.9  299.9
 1006.0     25   24.4   22.4     89  17.28    244      3  297.0  347.2  300.1
 1000.0     75   24.8   22.0     84  16.96    225      5  297.9  347.4  301.0
  977.0    281   24.4   22.0     86  17.37    294     11  299.5  350.5  302.6
  975.0    299   24.3   21.9     86  17.26    300     12  299.6  350.3  302.7
  925.0    762   22.2   18.5     80  14.71    270     14  302.0  345.6  304.7
  866.0   1330   19.2   14.6     75  12.21    266     15  304.6  341.3  306.9
  850.0   1490   18.0   13.9     77  11.88    265     15  305.0  340.8  307.2
  820.0   1794   16.4   12.6     78  11.29    255     14  306.4  340.7  308.5
  711.0   3003   10.1    7.4     83   9.15    225     11  312.2  340.8  313.9
  700.0   3135    9.4    6.8     84   8.93    235      9  312.9  340.8  314.6
  686.0   3301    8.3    6.1     86   8.67    245      7  313.5  340.7  315.1
  638.0   3897    4.4    3.5     93   7.75    195      7  315.6  340.3  317.1
  628.0   4027    3.6    2.9     95   7.57    199      8  316.1  340.2  317.5
  615.0   4196    2.9    2.0     94   7.26    205     10  317.1  340.4  318.5
  567.0   4852    0.0   -1.3     91   6.18    178     11  321.2  341.5  322.4
  546.0   5153   -2.7   -2.7    100   5.78    165     12  321.5  340.5  322.6
  530.0   5389   -3.1   -4.3     91   5.29    155     12  323.8  341.4  324.8
  511.0   5678   -3.5   -6.2     82   4.74    155     13  326.7  342.7  327.6
  500.0   5850   -4.9   -7.0     85   4.55    155     14  327.0  342.5  327.9
  400.0   7580  -15.5  -19.1     74   2.12    145     20  334.8  342.5  335.2
  391.0   7751  -16.9  -19.7     79   2.06    138     21  335.1  342.6  335.5
  388.0   7808  -17.2  -20.1     79   2.02    135     21  335.4  342.8  335.8
  356.0   8449  -20.9  -24.1     75   1.54    124     27  338.8  344.6  339.1
  347.0   8637  -21.7  -27.7     58   1.14    121     28  340.2  344.6  340.5
  344.0   8701  -22.2  -27.7     61   1.15    120     29  340.3  344.7  340.6
  333.0   8938  -24.3  -27.7     73   1.19    124     25  340.7  345.2  340.9
  320.0   9227  -25.9  -32.9     52   0.75    129     21  342.4  345.4  342.6
  317.0   9295  -26.4  -33.2     53   0.74    130     20  342.5  345.5  342.7
  300.0   9690  -29.7  -34.7     62   0.67    130     20  343.4  346.1  343.5
  295.0   9811  -30.7  -35.2     65   0.65    129     20  343.6  346.2  343.8
  265.0  10567  -37.3  -47.3     35   0.20    120     19  344.7  345.6  344.7
  250.0  10970  -40.7  -47.7     47   0.21    115     18  345.4  346.3  345.5
  246.0  11080  -41.5  -47.5     52   0.21    114     18  345.8  346.7  345.9
  233.0  11446  -44.5  -55.5     28   0.09    112     19  346.7  347.1  346.7
  203.0  12354  -52.5  -57.5     55   0.08    106     22  348.0  348.4  348.0
  200.0  12450  -53.5  -58.2     56   0.07    105     22  347.9  348.2  347.9
  184.0  12977  -58.1  -62.0     61   0.05     99     23  348.8  349.0  348.8
  150.0  14220  -70.1  -77.1     35   0.01     85     26  349.1  349.2  349.1
  146.0  14380  -71.7  -78.7     35   0.01     85     27  349.1  349.1  349.1
  145.0  14421  -72.1  -79.1     34   0.01     85     28  349.1  349.1  349.1
  125.0  15275  -78.1  -87.1     22   0.00     85     60  353.4  353.4  353.4
  116.0  15705  -81.1  -91.1     18   0.00     85     73  355.4  355.4  355.4
  113.0  15852  -81.9  -91.9     17   0.00     85     77  356.6  356.6  356.6
  112.0  15902  -81.7  -92.1     16   0.00     85     79  357.8  357.8  357.8
  106.0  16212  -80.8  -93.4     11   0.00     75     71  365.3  365.3  365.3
  100.0  16540  -79.7  -94.7      7   0.00     75     47  373.5  373.5  373.5
   96.0  16772  -80.3  -94.7      8   0.00     85     32  376.6  376.6  376.6
   93.9  16897  -80.7  -94.7      8   0.00     91     34  378.3  378.3  378.3
   91.0  17076  -79.1  -94.3      7   0.00    100     37  384.9  384.9  384.9
   89.3  17183  -78.1  -94.1      6   0.00    102     34  389.0  389.0  389.0
   86.0  17398  -79.0  -95.3      6   0.00    105     28  391.4  391.4  391.4
   82.0  17669  -80.1  -96.9      5   0.00    135     13  394.4  394.4  394.4
   79.4  17853  -80.9  -97.9      5   0.00    128     15  396.5  396.5  396.5
   74.6  18210  -75.9  -92.9      6   0.00    114     18  414.1  414.1  414.1
   70.0  18580  -75.1  -99.1      1   0.00    100     22  423.4  423.4  423.4
   63.1  19183  -74.3 -103.3      1   0.00     83     15  437.9  437.9  437.9
   60.8  19401  -70.9  -94.9      2   0.00     77     13  450.1  450.1  450.1
   60.1  19470  -67.7  -94.7      1   0.00     75     12  458.8  458.8  458.8
   60.0  19480  -67.7  -94.7      1   0.00     75     12  459.0  459.0  459.0
   57.0  19789  -67.3  -95.9      1   0.00    120      8  466.6  466.6  466.6
   54.0  20116  -66.9  -97.2      1   0.00    165      5  474.8  474.8  474.8
   52.0  20343  -66.7  -98.0      1   0.00     60      6  480.6  480.6  480.6
   50.9  20472  -66.5  -98.5      0   0.00     85      4  483.9  483.9  483.9
   50.0  20580  -67.1  -99.1      0   0.00    105      2  484.9  484.9  484.9
   49.0  20701  -67.8  -99.6      0   0.00    200      1  486.0  486.0  486.0
   47.0  20950  -69.3 -100.7      0   0.00    255      5  488.2  488.3  488.2
   45.5  21144  -70.5 -101.5      0   0.00    245      5  490.0  490.0  490.0
   44.0  21343  -70.5 -101.5      0   0.00    240      2  494.7  494.7  494.7
   43.7  21383  -70.5 -101.5      0   0.00    217      4  495.7  495.7  495.7
   42.0  21621  -67.4  -99.1      0   0.00     85     17  508.9  509.0  508.9
   41.3  21722  -66.1  -98.1      0   0.00     87     20  514.7  514.7  514.7
   40.0  21918  -64.8  -97.1      0   0.00     90     27  522.7  522.7  522.7
   38.0  22232  -62.7  -95.4      1   0.00     85     37  535.7  535.7  535.7
   36.9  22412  -61.5  -94.5      1   0.00     85     40  543.3  543.3  543.3
   33.8  22958  -59.7  -93.7      0   0.00     85     49  561.8  561.9  561.8
   33.0  23107  -59.8  -93.8      0   0.00     85     51  565.5  565.5  565.5
   31.9  23319  -59.9  -93.9      0   0.00     89     52  570.7  570.7  570.7
   30.0  23700  -62.3  -95.3      1   0.00     95     54  574.2  574.2  574.2
   27.5  24233  -65.9  -97.9      0   0.00    100     52  578.6  578.6  578.6
   26.0  24575  -64.2  -97.0      0   0.00    100     61  592.9  592.9  592.9
   25.6  24670  -63.7  -96.7      0   0.00     99     63  596.9  596.9  596.9
   24.0  25072  -60.2  -93.7      1   0.00     95     70  618.2  618.3  618.2
   22.7  25420  -57.1  -91.1      1   0.00     93     72  637.2  637.2  637.2
   21.6  25738  -52.1  -88.1      1   0.01     92     73  661.2  661.3  661.2
   20.4  26111  -49.6  -86.3      1   0.01     90     75  679.8  679.9  679.8
   20.0  26240  -48.7  -85.7      1   0.01     90     71  686.3  686.5  686.4
   19.7  26340  -46.9  -83.9      1   0.02     94     66  694.8  695.0  694.9
   19.0  26581  -46.0  -83.3      1   0.02    105     55  704.7  704.9  704.7
   17.5  27129  -44.1  -82.1      1   0.03     98     43  727.6  727.9  727.7
   17.0  27324  -43.8  -81.8      1   0.03     95     39  734.8  735.1  734.8
   16.1  27689  -43.1  -81.1      1   0.03     91     34  748.4  748.8  748.5
   16.0  27731  -43.3  -82.0      1   0.03     90     33  749.0  749.4  749.0
   15.0  28163  -45.7  -91.7      0   0.01                755.1  755.2  755.1
</PRE><H3>Station information and sounding indices</H3><PRE>
                         Station identifier: WIII
                             Station number: 96749
                           Observation time: 220205/0000
                           Station latitude: -6.11
                          Station longitude: 106.65
                          Station elevation: 8.0
                            Showalter index: 1.68
                               Lifted index: -1.42
    LIFT computed using virtual temperature: -1.65
                                SWEAT index: 210.80
                                    K index: 34.20
                         Cross totals index: 18.80
                      Vertical totals index: 22.90
                        Totals totals index: 41.70
      Convective Available Potential Energy: 465.95
             CAPE using virtual temperature: 540.53
                      Convective Inhibition: -56.92
             CINS using virtual temperature: -36.55
                           Equilibrum Level: 192.34
 Equilibrum Level using virtual temperature: 191.88
                   Level of Free Convection: 780.83
             LFCT using virtual temperature: 834.21
                     Bulk Richardson Number: 72.87
          Bulk Richardson Number using CAPV: 84.53
  Temp [K] of the Lifted Condensation Level: 294.22
Pres [hPa] of the Lifted Condensation Level: 943.59
   Equivalent potential temp [K] of the LCL: 348.81
     Mean mixed layer potential temperature: 299.15
              Mean mixed layer mixing ratio: 16.98
              1000 hPa to 500 hPa thickness: 5775.00
Precipitable water [mm] for entire sounding: 59.00
</PRE>
<P>Description of the 
<A HREF="/upperair/columns.html">data columns</A>
or <A HREF="/upperair/indices.html">sounding indices</A>.

<P>
<FORM>
<INPUT CLASS="button" TYPE="button" VALUE=" Close this window " 
 onClick="window.close();">
<INPUT CLASS="button" TYPE="button" VALUE=" Select another map " 
 onClick="window.blur();">
</FORM>
<HR SIZE="1">
<I>Interested in graduate studies in atmospheric science?
Check out our program at the
<a href="http://www.uwyo.edu/atsc/howtoapply/"
target=_top>University of Wyoming
</a></I>
<HR SIZE="1"><FONT SIZE="-1">
Questions about the weather data provided by this site can be
addressed to <A HREF="mailto:ldoolman@uwyo.edu">
Larry Oolman (ldoolman@uwyo.edu)</A></FONT>
<HR SIZE="1">
<SCRIPT TYPE="text/javascript">
<!--
window.focus();
// -->
</SCRIPT>
</BODY>
</HTML>
