2020-11-25 00
<HTML>
<TITLE>University of Wyoming - Radiosonde Data</TITLE>
<BODY BGCOLOR="white">
<H2>96749 WIII Jakarta Observations at 00Z 25 Nov 2020</H2>
<PRE>
-----------------------------------------------------------------------------
   PRES   HGHT   TEMP   DWPT   RELH   MIXR   DRCT   SKNT   THTA   THTE   THTV
    hPa     m      C      C      %    g/kg    deg   knot     K      K      K 
-----------------------------------------------------------------------------
 1009.0      8   26.2   23.0     83  17.89    230      8  298.6  350.9  301.8
 1000.0     87   25.4   22.3     83  17.28    240      9  298.6  349.0  301.6
  980.0    265   24.2   21.8     86  17.10    232     15  299.1  349.1  302.1
  976.0    301   24.0   21.5     86  16.85    230     16  299.2  348.6  302.2
  972.0    337   23.8   21.2     85  16.60    225     15  299.4  348.0  302.3
  968.0    374   25.2   20.9     77  16.36    219     15  301.1  349.5  304.1
  949.0    549   24.8   19.8     74  15.57    193     11  302.4  348.7  305.3
  925.0    774   23.2   18.2     73  14.43    160      7  303.0  346.0  305.6
  912.0    897   22.3   17.7     76  14.20    150      8  303.3  345.6  305.9
  887.0   1139   20.4   16.8     80  13.76    162     10  303.8  344.9  306.3
  881.0   1198   20.1   16.5     80  13.61    165     10  304.1  344.9  306.6
  851.0   1497   18.8   15.2     79  12.88    160      9  305.8  344.6  308.1
  850.0   1507   18.8   15.1     79  12.86    160      9  305.8  344.6  308.2
  793.0   2102   16.2    9.3     63   9.36    130      4  309.2  338.1  311.0
  792.0   2113   16.2    9.2     63   9.30    131      4  309.3  338.0  311.0
  765.0   2405   14.3    8.0     66   8.87    165      6  310.3  337.8  311.9
  713.0   2999   10.3    5.5     72   8.03    145      8  312.3  337.4  313.8
  706.0   3082    9.8    5.2     73   7.92    140      8  312.5  337.4  314.0
  700.0   3153    9.6    4.9     72   7.82    135      8  313.1  337.7  314.6
  687.0   3308    9.3    4.2     70   7.61    135     10  314.5  338.6  315.9
  659.0   3654    8.8    2.8     66   7.16    170     12  317.6  340.6  319.0
  640.0   3892    7.2    1.9     69   6.93    195     14  318.5  340.8  319.8
  562.0   4951    0.0   -1.9     87   5.96    179     15  322.0  341.7  323.2
  526.0   5479   -2.1   -6.6     71   4.46    171     15  325.7  340.8  326.5
  500.0   5880   -4.9   -9.3     71   3.80    165     15  327.0  340.0  327.8
  452.0   6667  -10.3  -12.4     85   3.28    159     13  329.8  341.2  330.4
  428.0   7086  -12.3  -16.4     71   2.49    156     11  332.4  341.3  332.9
  422.0   7193  -13.1  -16.7     74   2.47    155     11  332.8  341.7  333.3
  400.0   7600  -15.9  -17.7     86   2.39    125     10  334.2  342.9  334.7
  390.0   7791  -17.4  -18.6     90   2.27    125     10  334.8  343.0  335.2
  381.0   7967  -18.7  -19.5     93   2.15    128     10  335.2  343.1  335.7
  364.0   8308  -19.5  -23.5     71   1.59    134     11  338.6  344.5  338.9
  360.0   8389  -20.1  -24.0     71   1.53    135     11  338.8  344.6  339.1
  331.0   9004  -24.9  -28.0     75   1.16     85      6  340.5  344.9  340.8
  306.0   9578  -29.3  -31.8     79   0.88     69      8  342.0  345.5  342.2
  300.0   9720  -30.5  -33.5     75   0.76     65      8  342.3  345.3  342.4
  280.0  10199  -34.2  -39.7     57   0.43     80      6  343.8  345.6  343.9
  268.0  10504  -36.5  -43.7     47   0.30    105      5  344.8  346.0  344.8
  262.0  10661  -37.7  -45.7     43   0.25     75      6  345.2  346.3  345.3
  257.0  10792  -38.9  -46.9     42   0.22     50      6  345.3  346.2  345.4
  250.0  10980  -40.7  -48.7     42   0.18     70      5  345.4  346.2  345.5
  246.0  11088  -41.6  -49.2     44   0.18     65      5  345.6  346.4  345.6
  225.0  11686  -46.9  -52.0     55   0.14     25     15  346.6  347.2  346.6
  218.0  11898  -48.7  -53.0     61   0.13     25     17  346.8  347.4  346.9
  200.0  12460  -53.5  -58.4     55   0.07     25     21  347.9  348.2  347.9
  150.0  14240  -68.9  -75.9     36   0.01     45     24  351.2  351.2  351.2
  139.0  14690  -73.5  -80.5     34   0.00     50     26  350.9  350.9  350.9
  125.0  15297  -77.9  -87.0     22   0.00     60     27  353.7  353.7  353.7
  119.0  15578  -79.9  -90.1     18   0.00     55     32  355.0  355.0  355.0
  114.0  15823  -81.7  -92.7     14   0.00     55     37  356.1  356.1  356.1
  110.0  16023  -83.1  -94.1     14   0.00     55     42  357.1  357.1  357.1
  108.0  16124  -83.3  -93.3     17   0.00     55     44  358.6  358.6  358.6
  107.0  16177  -82.4  -93.0     15   0.00     55     45  361.2  361.2  361.2
  101.0  16504  -76.9  -91.2      9   0.00     35     13  377.9  377.9  377.9
  100.0  16560  -75.9  -90.9      8   0.00     25     10  380.8  380.8  380.8
   96.0  16795  -76.5  -92.7      6   0.00    300     10  384.1  384.1  384.1
   91.0  17103  -77.3  -95.1      5   0.00    295      6  388.5  388.5  388.5
   87.3  17342  -77.9  -96.9      3   0.00    343      2  391.9  391.9  391.9
   86.0  17428  -77.8  -96.6      4   0.00      0      1  393.7  393.7  393.7
   82.3  17680  -77.7  -95.7      4   0.00    231      7  398.9  399.0  398.9
   82.0  17701  -77.2  -95.5      4   0.00    220      8  400.4  400.4  400.4
   80.7  17794  -74.9  -94.9      3   0.00    204      8  406.9  406.9  406.9
   77.0  18066  -75.1  -94.1      4   0.00    156      7  412.0  412.0  412.0
   74.3  18276  -71.7  -93.7      3   0.00    119      7  423.4  423.4  423.4
   74.0  18300  -71.5  -94.1      2   0.00    115      7  424.2  424.2  424.2
   70.0  18630  -69.5  -99.5      1   0.00    105      6  435.4  435.4  435.4
   67.0  18891  -69.6 -100.2      1   0.00    305     12  440.6  440.6  440.6
   64.9  19080  -69.7 -100.7      0   0.00    293     14  444.4  444.4  444.4
   63.6  19201  -67.1  -99.1      0   0.00    286     15  452.7  452.7  452.7
   61.0  19453  -67.1  -99.1      0   0.00    270     18  458.2  458.2  458.2
   58.0  19757  -67.1  -99.1      0   0.00    255     14  464.8  464.8  464.8
   57.5  19809  -67.1  -99.1      0   0.00    268     13  466.0  466.0  466.0
   55.0  20079  -65.1  -97.8      0   0.00    335      6  476.6  476.6  476.6
   54.1  20179  -64.3  -97.3      0   0.00    333      7  480.6  480.6  480.6
   50.0  20660  -64.3  -97.3      0   0.00    325      9  491.5  491.5  491.5
   47.0  21036  -65.9  -98.3      0   0.00    265     15  496.5  496.5  496.5
   44.8  21328  -67.1  -99.1      0   0.00    257     10  500.4  500.4  500.4
   43.0  21577  -64.9  -97.7      0   0.00    250      5  511.8  511.8  511.8
   42.7  21620  -64.5  -97.5      0   0.00    258      5  513.7  513.7  513.7
   40.4  21957  -66.1  -98.1      0   0.00    323      7  517.9  517.9  517.9
   39.0  22174  -64.3  -96.9      0   0.00      5      8  527.8  527.8  527.8
   37.0  22498  -61.6  -95.1      0   0.00    330      8  542.7  542.7  542.7
   36.1  22650  -60.3  -94.3      0   0.00    285      7  549.8  549.8  549.8
   34.0  23022  -61.6  -95.0      0   0.00    175      5  555.9  555.9  555.9
   32.9  23227  -62.3  -95.3      1   0.00    151      4  559.3  559.3  559.3
   32.0  23399  -61.7  -94.7      1   0.00    130      3  565.3  565.3  565.3
   31.0  23596  -61.0  -94.0      1   0.00    330      6  572.3  572.3  572.3
   30.5  23697  -60.7  -93.7      1   0.00    325      7  575.9  575.9  575.9
   30.0  23800  -58.9  -92.9      1   0.00    320      8  583.5  583.5  583.5
   29.6  23885  -56.1  -91.1      1   0.00    326     10  593.4  593.4  593.4
   29.0  24016  -54.8  -90.0      1   0.00    335     13  600.6  600.6  600.6
   27.6  24334  -51.5  -87.5      1   0.01    307     11  618.2  618.3  618.2
   27.0  24476  -51.7  -87.6      1   0.01    295     10  621.5  621.5  621.5
   23.0  25509  -53.3  -88.2      1   0.01    275     23  645.9  646.0  645.9
   21.0  26096  -54.2  -88.5      1   0.01    250     29  660.2  660.3  660.2
   20.0  26410  -54.7  -88.7      1   0.01    250     24  668.0  668.1  668.0
   19.9  26442  -54.9  -88.9      1   0.01    250     23  668.3  668.4  668.3
   18.7  26841  -53.5  -88.5      1   0.01    250     14  684.7  684.8  684.7
   18.0  27088  -51.5  -87.1      1   0.01    250      9  698.5  698.7  698.5
   17.6  27233  -50.3  -86.3      1   0.01    191      9  706.8  706.9  706.8
   17.3  27346  -47.7  -84.7      1   0.02    146      8  718.6  718.8  718.6
   17.0  27462  -47.5  -84.4      1   0.02    100      8  722.8  723.0  722.8
   14.6  28471  -45.7  -81.7      1   0.03     76     31  761.0  761.4  761.0
   14.0  28749  -46.8  -81.7      1   0.04     70     37  766.5  766.9  766.5
   13.5  28990  -47.7  -81.7      1   0.04     72     38  771.3  771.8  771.4
   13.0  29241  -45.5  -82.0      1   0.04     75     40  787.2  787.6  787.2
   12.9  29292  -45.1  -82.1      1   0.04                790.4  790.9  790.4
</PRE><H3>Station information and sounding indices</H3><PRE>
                         Station identifier: WIII
                             Station number: 96749
                           Observation time: 201125/0000
                           Station latitude: -6.11
                          Station longitude: 106.65
                          Station elevation: 8.0
                            Showalter index: 0.15
                               Lifted index: -1.51
    LIFT computed using virtual temperature: -1.87
                                SWEAT index: 214.18
                                    K index: 34.10
                         Cross totals index: 20.00
                      Vertical totals index: 23.70
                        Totals totals index: 43.70
      Convective Available Potential Energy: 453.72
             CAPE using virtual temperature: 524.85
                      Convective Inhibition: -111.06
             CINS using virtual temperature: -77.44
                           Equilibrum Level: 189.82
 Equilibrum Level using virtual temperature: 187.71
                   Level of Free Convection: 735.72
             LFCT using virtual temperature: 764.23
                     Bulk Richardson Number: 36.82
          Bulk Richardson Number using CAPV: 42.59
  Temp [K] of the Lifted Condensation Level: 293.94
Pres [hPa] of the Lifted Condensation Level: 934.77
   Equivalent potential temp [K] of the LCL: 349.06
     Mean mixed layer potential temperature: 299.68
              Mean mixed layer mixing ratio: 16.86
              1000 hPa to 500 hPa thickness: 5793.00
Precipitable water [mm] for entire sounding: 56.60
</PRE>
<P>Description of the 
<A HREF="/upperair/columns.html">data columns</A>
or <A HREF="/upperair/indices.html">sounding indices</A>.

<P>
<FORM>
<INPUT CLASS="button" TYPE="button" VALUE=" Close this window " 
 onClick="window.close();">
<INPUT CLASS="button" TYPE="button" VALUE=" Select another map " 
 onClick="window.blur();">
</FORM>
<HR SIZE="1">
<I>Interested in graduate studies in atmospheric science?
Check out our program at the
<a href="http://www.uwyo.edu/atsc/howtoapply/"
target=_top>University of Wyoming
</a></I>
<HR SIZE="1"><FONT SIZE="-1">
Questions about the weather data provided by this site can be
addressed to <A HREF="mailto:ldoolman@uwyo.edu">
Larry Oolman (ldoolman@uwyo.edu)</A></FONT>
<HR SIZE="1">
<SCRIPT TYPE="text/javascript">
<!--
window.focus();
// -->
</SCRIPT>
</BODY>
</HTML>
