2021-05-31 00
<HTML>
<TITLE>University of Wyoming - Radiosonde Data</TITLE>
<BODY BGCOLOR="white">
<H2>96749 WIII Jakarta Observations at 00Z 31 May 2021</H2>
<PRE>
-----------------------------------------------------------------------------
   PRES   HGHT   TEMP   DWPT   RELH   MIXR   DRCT   SKNT   THTA   THTE   THTV
    hPa     m      C      C      %    g/kg    deg   knot     K      K      K 
-----------------------------------------------------------------------------
 1008.0      8   24.8   23.7     94  18.70    170      2  297.3  351.6  300.6
 1007.0     17   24.6   16.6     61  11.94    167      2  297.2  331.9  299.3
 1006.0     25   25.0   23.6     92  18.63    165      2  297.6  351.9  300.9
  997.0    105   26.4   23.3     83  18.45    140      2  299.8  354.0  303.1
  986.0    203   26.2   23.7     86  19.13    109      3  300.6  357.0  304.0
  974.0    311   25.4   23.2     87  18.78     75      3  300.9  356.3  304.2
  942.0    604   23.4   21.8     91  17.85     80      4  301.7  354.5  304.9
  910.0    907   21.3   20.4     95  16.91    340      4  302.5  352.7  305.5
  894.0   1062   20.2   19.7     97  16.45    348      3  302.9  351.8  305.9
  879.0   1208   19.6   18.3     92  15.34    355      3  303.8  349.6  306.6
  849.0   1506   18.5   15.6     83  13.27     50      5  305.6  345.6  308.1
  820.0   1805   17.4   12.8     74  11.44     35      5  307.5  342.3  309.6
  796.0   2060   16.4   10.4     68  10.04     56      4  309.1  339.9  310.9
  764.0   2403   14.2    8.9     71   9.49     85      3  310.3  339.7  312.1
  738.0   2693   12.3    7.7     74   9.03     85      2  311.4  339.5  313.0
  712.0   2992   10.4    6.5     77   8.58    135      3  312.4  339.3  314.0
  686.0   3303    8.4    5.2     80   8.13     20      1  313.5  339.1  315.1
  647.0   3792    5.2    3.1     86   7.45     32      2  315.2  338.9  316.6
  638.0   3906    4.7    1.0     77   6.47     35      2  315.9  336.6  317.1
  620.0   4140    3.6   -3.4     60   4.83     62      4  317.2  333.0  318.2
  617.0   4179    3.4   -4.6     56   4.43     67      4  317.5  332.0  318.3
  615.0   4205    3.5   -6.3     49   3.90     70      4  317.9  330.7  318.6
  607.0   4312    3.8  -13.2     28   2.29     70      5  319.4  327.2  319.9
  571.0   4805    1.1  -10.2     43   3.10     70     12  321.9  332.4  322.5
  557.0   5005    0.0   -9.0     51   3.49     78     10  322.9  334.7  323.5
  549.0   5121   -0.3  -13.3     37   2.51     83      9  323.8  332.5  324.3
  530.0   5401   -2.4  -10.5     54   3.26     95      6  324.6  335.8  325.2
  515.0   5629   -4.1   -8.2     73   4.02     74      6  325.2  338.9  326.0
  492.0   5988   -6.3   -7.7     90   4.38     41      5  326.8  341.7  327.7
  491.0   6004   -6.4   -7.8     90   4.35     40      5  326.9  341.7  327.7
  454.0   6612   -9.9  -12.2     83   3.32     35      5  329.9  341.5  330.5
  442.0   6820  -11.1  -13.7     81   3.02      7      4  330.9  341.5  331.5
  439.0   6872  -11.5  -14.2     80   2.92    360      3  331.0  341.3  331.6
  437.0   6907  -11.4  -15.2     74   2.71    355      3  331.6  341.2  332.1
  429.0   7049  -11.1  -19.1     52   1.98    357      4  333.7  340.9  334.1
  420.0   7210  -12.2  -20.2     51   1.84      0      5  334.3  341.1  334.7
  399.0   7601  -14.9  -22.9     51   1.53    334      4  335.8  341.4  336.1
  390.0   7774  -15.9  -19.8     72   2.05    323      4  336.7  344.2  337.1
  388.0   7812  -16.2  -20.1     72   2.00    320      4  336.8  344.1  337.2
  380.0   7969  -17.3  -21.5     70   1.82    323      5  337.3  344.0  337.7
  377.0   8028  -17.7  -21.0     75   1.91    324      5  337.6  344.6  337.9
  372.0   8128  -18.1  -23.0     65   1.63    325      6  338.3  344.4  338.6
  370.0   8169  -18.5  -23.0     68   1.63    326      6  338.3  344.4  338.6
  368.0   8209  -18.5  -25.5     54   1.31    327      6  338.8  343.8  339.1
  367.0   8229  -18.5  -30.5     34   0.83    327      6  339.1  342.3  339.3
  358.0   8411  -19.9  -32.0     33   0.73    330      7  339.7  342.5  339.8
  344.0   8703  -22.1  -34.5     32   0.60      0      8  340.5  342.9  340.7
  330.0   9007  -24.4  -37.0     30   0.48      5      7  341.4  343.4  341.5
  317.0   9301  -26.7  -39.5     29   0.39      5      5  342.3  343.9  342.3
  310.0   9465  -27.9  -40.9     28   0.35    344      5  342.7  344.1  342.8
  304.0   9604  -28.9  -43.2     24   0.28    325      5  343.3  344.5  343.4
  288.0   9989  -31.5  -49.5     15   0.15    338      6  344.9  345.5  344.9
  279.0  10210  -33.3  -51.1     15   0.13    345      6  345.4  346.0  345.5
  268.0  10489  -35.5  -53.1     15   0.10      5      4  346.2  346.6  346.2
  256.0  10808  -38.1  -55.3     15   0.08    295      4  346.9  347.3  346.9
  247.0  11056  -40.1  -57.1     15   0.07    304      5  347.5  347.8  347.5
  245.0  11112  -40.5  -59.5     11   0.05    306      5  347.7  348.0  347.7
  242.0  11196  -41.1  -57.1     16   0.07    309      5  348.0  348.4  348.1
  241.0  11224  -41.3  -57.3     16   0.07    310      5  348.2  348.5  348.2
  239.0  11280  -41.9  -52.9     29   0.12    312      5  348.1  348.6  348.1
  238.0  11308  -41.9  -48.9     46   0.19    313      5  348.5  349.3  348.5
  233.0  11452  -42.9  -52.9     32   0.12    319      6  349.1  349.6  349.1
  224.0  11716  -45.5  -53.5     40   0.12    329      6  349.1  349.6  349.1
  222.0  11776  -45.9  -52.9     45   0.13    331      6  349.4  349.9  349.4
  218.0  11896  -46.9  -57.9     27   0.07    335      7  349.6  349.9  349.6
  214.0  12017  -48.0  -59.3     26   0.06    340      7  349.8  350.1  349.8
  205.0  12298  -50.5  -62.6     22   0.04     10      9  350.2  350.4  350.2
  196.0  12591  -53.1  -66.1     19   0.03     12      9  350.5  350.7  350.5
  187.0  12892  -55.8  -63.6     37   0.04     15      9  350.9  351.1  351.0
  184.0  12995  -56.7  -62.7     47   0.05     10      8  351.1  351.3  351.1
  178.0  13203  -58.7  -63.6     53   0.04      0      6  351.1  351.3  351.1
  174.0  13346  -60.1  -64.2     58   0.04    354      6  351.1  351.3  351.1
  162.0  13785  -63.5  -70.6     38   0.02    335      7  352.6  352.7  352.6
  154.0  14095  -66.0  -75.1     27   0.01    340      7  353.6  353.6  353.6
  151.0  14216  -66.9  -76.9     23   0.01    353      7  354.0  354.0  354.0
  146.0  14411  -68.2  -78.2     23   0.01     15      8  355.1  355.1  355.1
  139.0  14696  -70.2  -80.0     23   0.00     30     15  356.7  356.7  356.7
  126.0  15265  -74.1  -83.7     22   0.00     35     24  359.7  359.8  359.7
  119.0  15597  -76.4  -85.8     21   0.00     40     32  361.5  361.5  361.5
  113.0  15897  -78.4  -87.7     21   0.00     35     28  363.0  363.0  363.0
  107.0  16213  -80.6  -89.8     21   0.00     15     12  364.6  364.6  364.6
  102.0  16490  -82.5  -91.6     20   0.00    270      5  366.0  366.0  366.0
  100.0  16605  -83.3  -92.3     20   0.00                366.5  366.6  366.5
   96.0  16833  -83.0  -92.6     18   0.00    220     19  371.4  371.4  371.4
   82.4  17685  -81.9  -93.9     12   0.00    244     19  390.2  390.2  390.2
   75.0  18219  -76.7  -93.7      5   0.00    259     18  411.8  411.8  411.8
   70.0  18616  -76.5  -95.2      4   0.00    270     18  420.3  420.3  420.3
   69.1  18690  -76.5  -95.5      4   0.00    279     18  422.0  422.0  422.0
   67.4  18834  -76.5  -96.5      3   0.00    296     18  425.0  425.0  425.0
   67.0  18868  -75.2  -96.3      3   0.00    300     18  428.6  428.6  428.6
   66.4  18921  -73.1  -96.1      2   0.00    294     18  434.2  434.2  434.2
   63.0  19231  -71.1  -97.0      1   0.00    260     20  445.2  445.2  445.2
   60.8  19441  -69.7  -97.7      1   0.00    260     22  452.8  452.8  452.8
   57.6  19762  -71.1 -102.1      0   0.00    260     25  456.7  456.7  456.7
   52.0  20377  -66.4  -98.7      0   0.00    260     30  481.2  481.2  481.2
   49.3  20698  -63.9  -96.9      0   0.00    260     32  494.5  494.5  494.5
   47.0  20993  -63.5  -96.5      0   0.00    260     33  502.3  502.3  502.3
   43.0  21542  -62.6  -95.7      0   0.00    255     24  517.2  517.2  517.2
   39.0  22144  -61.8  -94.8      1   0.00    220     16  534.1  534.1  534.1
   35.5  22724  -60.9  -93.9      1   0.00    103     10  550.9  550.9  550.9
   35.0  22813  -60.2  -93.4      1   0.00     85      9  554.9  554.9  554.9
   33.0  23182  -57.4  -91.4      1   0.00     55     10  571.7  571.7  571.7
   32.9  23201  -57.3  -91.3      1   0.00     51     10  572.5  572.6  572.5
   32.0  23375  -57.9  -91.9      1   0.00     10     14  575.5  575.6  575.5
   30.0  23781  -59.2  -93.2      1   0.00     15     13  582.6  582.6  582.6
   29.9  23802  -59.3  -93.3      1   0.00     19     14  583.0  583.0  583.0
   29.1  23972  -58.7  -92.7      1   0.00     50     20  589.1  589.2  589.1
   28.6  24082  -55.1  -90.1      1   0.00     70     23  602.0  602.0  602.0
   28.1  24195  -53.5  -88.5      1   0.01     91     27  609.5  609.5  609.5
   28.0  24217  -53.6  -88.6      1   0.01     95     28  609.8  609.8  609.8
   25.0  24935  -57.5  -91.9      1   0.00     95     29  618.7  618.8  618.7
   24.0  25194  -58.9  -93.0      1   0.00    100     34  621.9  622.0  621.9
   23.3  25382  -59.9  -93.9      0   0.00     98     36  624.2  624.3  624.2
   22.5  25601  -57.1  -91.1      1   0.00     96     38  638.8  638.8  638.8
   21.5  25888  -58.5  -92.5      1   0.00     93     40  643.0  643.0  643.0
   19.9  26379  -53.7  -88.7      1   0.01     88     44  672.0  672.1  672.0
   19.0  26679  -52.5  -89.5      0   0.01     85     47  684.8  684.9  684.8
   18.0  27030  -51.0  -90.5      0   0.01     90     49  700.0  700.1  700.0
   17.0  27400  -49.5  -91.5      0   0.01                716.4  716.5  716.4
</PRE><H3>Station information and sounding indices</H3><PRE>
                         Station identifier: WIII
                             Station number: 96749
                           Observation time: 210531/0000
                           Station latitude: -6.11
                          Station longitude: 106.65
                          Station elevation: 8.0
                            Showalter index: -0.90
                               Lifted index: -4.10
    LIFT computed using virtual temperature: -4.56
                                SWEAT index: 202.68
                                    K index: 36.15
                         Cross totals index: 21.18
                      Vertical totals index: 24.07
                        Totals totals index: 45.25
      Convective Available Potential Energy: 1356.99
             CAPE using virtual temperature: 1543.15
                      Convective Inhibition: -9.80
             CINS using virtual temperature: -8.28
                           Equilibrum Level: 148.04
 Equilibrum Level using virtual temperature: 148.00
                   Level of Free Convection: 904.32
             LFCT using virtual temperature: 909.09
                     Bulk Richardson Number: 2461.41
          Bulk Richardson Number using CAPV: 2799.10
  Temp [K] of the Lifted Condensation Level: 295.64
Pres [hPa] of the Lifted Condensation Level: 946.60
   Equivalent potential temp [K] of the LCL: 354.76
     Mean mixed layer potential temperature: 300.32
              Mean mixed layer mixing ratio: 18.53
              1000 hPa to 500 hPa thickness: 5782.95
Precipitable water [mm] for entire sounding: 56.97
</PRE>
<P>Description of the 
<A HREF="/upperair/columns.html">data columns</A>
or <A HREF="/upperair/indices.html">sounding indices</A>.

<P>
<FORM>
<INPUT CLASS="button" TYPE="button" VALUE=" Close this window " 
 onClick="window.close();">
<INPUT CLASS="button" TYPE="button" VALUE=" Select another map " 
 onClick="window.blur();">
</FORM>
<HR SIZE="1">
<I>Interested in graduate studies in atmospheric science?
Check out our program at the
<a href="http://www.uwyo.edu/atsc/howtoapply/"
target=_top>University of Wyoming
</a></I>
<HR SIZE="1"><FONT SIZE="-1">
Questions about the weather data provided by this site can be
addressed to <A HREF="mailto:ldoolman@uwyo.edu">
Larry Oolman (ldoolman@uwyo.edu)</A></FONT>
<HR SIZE="1">
<SCRIPT TYPE="text/javascript">
<!--
window.focus();
// -->
</SCRIPT>
</BODY>
</HTML>
