2021-06-23 00
<HTML>
<TITLE>University of Wyoming - Radiosonde Data</TITLE>
<BODY BGCOLOR="white">
<H2>96749 WIII Jakarta Observations at 00Z 23 Jun 2021</H2>
<PRE>
-----------------------------------------------------------------------------
   PRES   HGHT   TEMP   DWPT   RELH   MIXR   DRCT   SKNT   THTA   THTE   THTV
    hPa     m      C      C      %    g/kg    deg   knot     K      K      K 
-----------------------------------------------------------------------------
 1011.0      8   24.2   22.9     92  17.74    220      2  296.4  347.8  299.6
 1000.0    105   24.6   23.7     95  18.86    220      7  297.8  352.7  301.1
  991.0    185   25.2   23.1     88  18.34    218      7  299.1  352.8  302.4
  946.0    595   22.8   21.1     91  17.01    205      5  300.6  350.8  303.7
  925.0    793   21.6   20.2     92  16.40      0      0  301.4  349.9  304.3
  914.0    897   21.1   19.2     89  15.60     60      2  301.9  348.1  304.7
  859.0   1434   18.4   14.2     77  11.99     69      8  304.5  340.5  306.7
  850.0   1524   18.0   14.9     82  12.69     70      9  305.0  343.1  307.3
  795.0   2093   14.1   12.9     92  11.88     95      9  306.7  342.7  308.9
  780.0   2255   13.0   12.3     96  11.65     90     10  307.2  342.6  309.4
  767.0   2397   12.4   10.8     89  10.68     85     11  308.1  340.7  310.1
  734.0   2766   11.0    6.7     75   8.45     85     11  310.4  336.7  312.0
  700.0   3161    9.2    5.5     78   8.16     85     12  312.6  338.2  314.2
  574.0   4779    0.0   -3.3     78   5.25     68     18  320.1  337.4  321.1
  551.0   5102   -2.0   -5.5     77   4.61     65     19  321.4  336.8  322.3
  500.0   5870   -6.9  -10.9     73   3.35     70     21  324.6  336.0  325.2
  472.0   6317   -9.3  -13.8     70   2.81     70     20  327.0  336.7  327.5
  437.0   6910  -11.9  -19.9     51   1.81     70     20  331.0  337.5  331.3
  403.0   7524  -16.1  -23.1     55   1.49     70     19  333.3  338.8  333.6
  400.0   7580  -16.5  -24.5     50   1.32     70     19  333.5  338.4  333.7
  390.0   7770  -17.9  -28.9     38   0.91     72     19  334.0  337.5  334.2
  373.0   8102  -20.5  -25.5     64   1.30     75     19  334.9  339.7  335.1
  365.0   8262  -21.5  -25.7     69   1.30     76     19  335.6  340.5  335.9
  354.0   8487  -23.3  -29.3     58   0.96     78     19  336.1  339.8  336.4
  344.0   8695  -24.6  -29.1     67   1.01     80     19  337.1  341.0  337.3
  329.0   9020  -26.7  -28.7     83   1.09     72     22  338.6  342.8  338.8
  317.0   9286  -28.4  -31.9     72   0.84     65     24  339.8  343.0  339.9
  310.0   9447  -29.5  -33.8     66   0.71     67     25  340.5  343.3  340.6
  300.0   9680  -31.5  -34.8     73   0.67     70     26  340.9  343.5  341.0
  271.0  10395  -37.1  -39.4     79   0.46     78     24  342.8  344.7  342.9
  250.0  10950  -41.7  -44.8     72   0.28     85     23  343.9  345.1  344.0
  234.0  11392  -45.1  -51.9     46   0.14     85     26  345.4  346.0  345.4
  225.0  11654  -47.1  -56.1     35   0.09     83     23  346.2  346.6  346.2
  200.0  12420  -53.7  -61.7     37   0.05     75     13  347.6  347.8  347.6
  177.0  13176  -60.5  -68.1     36   0.02     75     19  348.8  348.9  348.8
  160.0  13801  -66.1  -73.3     36   0.01     40     19  349.5  349.6  349.5
  150.0  14200  -69.7  -76.7     35   0.01     50     18  349.8  349.9  349.8
  147.0  14320  -70.7  -77.7     35   0.01     50     20  350.1  350.2  350.1
  138.0  14688  -74.0  -81.0     34   0.00     50     26  350.7  350.7  350.7
  131.0  14991  -76.7  -83.7     32   0.00     45     31  351.1  351.1  351.1
  129.0  15081  -77.5  -84.5     32   0.00     47     32  351.2  351.2  351.2
  125.0  15261  -78.7  -84.7     37   0.00     52     35  352.2  352.2  352.2
  119.0  15543  -75.7  -84.7     23   0.00     59     39  362.7  362.8  362.7
  118.0  15592  -75.7  -84.8     23   0.00     60     40  363.7  363.7  363.7
  112.0  15894  -75.5  -85.2     21   0.00     90     21  369.5  369.5  369.5
  106.0  16213  -75.3  -85.6     19   0.00    115     29  375.7  375.7  375.7
  101.0  16492  -75.1  -86.0     17   0.00    105     32  381.2  381.2  381.2
  100.0  16550  -75.1  -86.1     17   0.00    105     28  382.4  382.4  382.4
   96.0  16789  -73.7  -86.5     13   0.00     65     12  389.6  389.6  389.6
   91.1  17095  -71.9  -86.9      9   0.00    293     12  399.0  399.1  399.0
   91.0  17101  -71.9  -86.9      9   0.00    290     12  399.1  399.1  399.1
   82.9  17647  -74.5  -89.5      8   0.00    285     15  404.6  404.6  404.6
   70.0  18640  -70.9  -90.9      4   0.00    275     20  432.4  432.4  432.4
   65.2  19060  -71.1  -90.1      5   0.00    275     18  440.8  440.8  440.8
   64.0  19171  -69.9  -90.1      4   0.00    275     17  445.9  445.9  445.9
   61.0  19458  -66.7  -90.1      2   0.00    300     26  459.2  459.2  459.2
   60.5  19507  -66.1  -90.1      2   0.00    300     28  461.5  461.5  461.5
   58.0  19762  -66.2  -90.2      2   0.00    300     37  466.9  467.0  466.9
   52.1  20411  -66.3  -90.3      2   0.00    278     36  481.1  481.2  481.1
   50.0  20660  -65.5  -90.5      2   0.00    270     35  488.7  488.7  488.7
   47.9  20923  -62.5  -89.5      2   0.00    256     32  501.9  501.9  501.9
   47.0  21039  -62.7  -89.7      2   0.00    250     30  504.1  504.1  504.1
   45.0  21307  -63.2  -90.2      2   0.00    245     29  509.3  509.3  509.3
   43.7  21487  -63.5  -90.5      1   0.00    240     27  512.8  512.8  512.8
   39.0  22189  -62.0  -89.8      1   0.00    220     17  533.6  533.7  533.6
   38.3  22300  -61.7  -89.7      1   0.00    191     15  537.0  537.1  537.0
   37.0  22516  -59.3  -89.3      1   0.00    135     11  548.6  548.7  548.6
   36.4  22618  -58.1  -89.1      1   0.00    123     14  554.2  554.2  554.2
   35.0  22864  -58.5  -89.3      1   0.00     95     22  559.4  559.4  559.4
   32.0  23426  -59.4  -89.8      1   0.00    100     28  571.4  571.4  571.4
   30.0  23830  -60.1  -90.1      1   0.00     90     31  580.2  580.2  580.2
   29.6  23914  -60.5  -90.5      1   0.00     88     31  581.4  581.4  581.4
   29.0  24042  -59.3  -90.4      1   0.00     85     31  588.1  588.2  588.1
   27.5  24376  -56.1  -90.1      1   0.00     83     34  606.0  606.0  606.0
   25.3  24904  -58.1  -89.1      1   0.01     79     37  614.9  614.9  614.9
   24.1  25210  -58.1  -90.1      1   0.00     77     40  623.5  623.5  623.5
   23.0  25506  -55.5  -89.5      1   0.01     75     42  639.4  639.4  639.4
   22.4  25674  -54.1  -89.1      1   0.01     76     43  648.5  648.5  648.5
   20.1  26368  -54.7  -88.7      1   0.01     80     48  667.0  667.1  667.0
   20.0  26400  -54.9  -88.9      1   0.01     80     48  667.4  667.5  667.4
   18.7  26832  -53.3  -88.3      1   0.01     82     48  685.3  685.4  685.3
   17.6  27227  -49.1  -86.1      1   0.01     84     48  710.6  710.8  710.6
   15.9  27897  -47.7  -83.7      1   0.02     88     47  736.1  736.4  736.1
   15.0  28281  -48.7  -84.3      1   0.02     90     47  745.0  745.2  745.0
   14.0  28735  -50.0  -85.0      1   0.02     85     50  755.7  755.9  755.7
   13.9  28782  -50.1  -85.1      1   0.02     85     50  756.8  757.0  756.8
   11.0  30331  -45.6  -83.3      1   0.04     85     49  825.3  825.8  825.3
   10.7  30514  -45.1  -83.1      1   0.04     95     43  833.8  834.3  833.8
   10.0  30970  -42.3  -80.3      1   0.06    120     30  860.5  861.3  860.5
</PRE><H3>Station information and sounding indices</H3><PRE>
                         Station identifier: WIII
                             Station number: 96749
                           Observation time: 210623/0000
                           Station latitude: -6.11
                          Station longitude: 106.65
                          Station elevation: 8.0
                            Showalter index: -1.27
                               Lifted index: -4.44
    LIFT computed using virtual temperature: -4.95
                                SWEAT index: 217.79
                                    K index: 36.10
                         Cross totals index: 21.80
                      Vertical totals index: 24.90
                        Totals totals index: 46.70
      Convective Available Potential Energy: 1515.12
             CAPE using virtual temperature: 1657.35
                      Convective Inhibition: -14.28
             CINS using virtual temperature: -8.60
                           Equilibrum Level: 127.25
 Equilibrum Level using virtual temperature: 127.25
                   Level of Free Convection: 859.36
             LFCT using virtual temperature: 899.33
                     Bulk Richardson Number: 54.48
          Bulk Richardson Number using CAPV: 59.59
  Temp [K] of the Lifted Condensation Level: 295.44
Pres [hPa] of the Lifted Condensation Level: 959.18
   Equivalent potential temp [K] of the LCL: 351.71
     Mean mixed layer potential temperature: 298.99
              Mean mixed layer mixing ratio: 18.04
              1000 hPa to 500 hPa thickness: 5765.00
Precipitable water [mm] for entire sounding: 57.91
</PRE>
<P>Description of the 
<A HREF="/upperair/columns.html">data columns</A>
or <A HREF="/upperair/indices.html">sounding indices</A>.

<P>
<FORM>
<INPUT CLASS="button" TYPE="button" VALUE=" Close this window " 
 onClick="window.close();">
<INPUT CLASS="button" TYPE="button" VALUE=" Select another map " 
 onClick="window.blur();">
</FORM>
<HR SIZE="1">
<I>Interested in graduate studies in atmospheric science?
Check out our program at the
<a href="http://www.uwyo.edu/atsc/howtoapply/"
target=_top>University of Wyoming
</a></I>
<HR SIZE="1"><FONT SIZE="-1">
Questions about the weather data provided by this site can be
addressed to <A HREF="mailto:ldoolman@uwyo.edu">
Larry Oolman (ldoolman@uwyo.edu)</A></FONT>
<HR SIZE="1">
<SCRIPT TYPE="text/javascript">
<!--
window.focus();
// -->
</SCRIPT>
</BODY>
</HTML>
