2022-07-21 12
<HTML>
<TITLE>University of Wyoming - Radiosonde Data</TITLE>
<BODY BGCOLOR="white">
<H2>96749 WIII Jakarta Observations at 00Z 21 Jul 2022</H2>
<PRE>
-----------------------------------------------------------------------------
   PRES   HGHT   TEMP   DWPT   RELH   MIXR   DRCT   SKNT   THTA   THTE   THTV
    hPa     m      C      C      %    g/kg    deg   knot     K      K      K 
-----------------------------------------------------------------------------
 1010.0      8   24.4   22.9     91  17.76    220      2  296.7  348.2  299.9
 1008.0     25   25.4   22.8     86  17.69    213      3  297.9  349.4  301.0
 1000.0     92   25.6   22.7     84  17.72    185      5  298.8  350.6  301.9
  977.0    296   25.1   20.3     75  15.60    140      9  300.2  346.1  303.1
  963.0    423   24.8   18.8     69  14.39    148      9  301.2  343.7  303.8
  944.0    597   23.4   18.8     75  14.69    160      9  301.5  345.0  304.1
  925.0    774   22.0   18.8     82  15.00    175     10  301.8  346.2  304.5
  912.0    897   21.3   18.1     82  14.54    185     10  302.3  345.4  304.9
  881.0   1199   19.5   16.4     82  13.48    190      8  303.4  343.6  305.9
  850.0   1511   17.6   14.6     83  12.44    150      8  304.6  341.9  306.8
  849.0   1521   17.6   14.6     83  12.46    149      8  304.7  342.1  306.9
  841.0   1602   17.4   13.0     75  11.31    142      9  305.3  339.4  307.4
  822.0   1797   17.6    7.6     52   8.03    123     10  307.5  332.2  309.0
  813.0   1890   17.0    8.0     55   8.34    115     11  307.8  333.5  309.4
  806.0   1964   17.6    1.6     34   5.36    108     11  309.2  326.1  310.2
  793.0   2102   17.4   -5.7     20   3.17     95     12  310.5  320.8  311.1
  777.0   2275   17.2  -14.8     10   1.57     94     12  312.1  317.4  312.4
  708.0   3057   12.0    1.0     47   5.85     90     13  314.7  333.5  315.8
  700.0   3152   11.4    0.4     47   5.66     90     13  315.1  333.3  316.1
  691.0   3260   10.6   -3.4     37   4.33     86     14  315.4  329.5  316.2
  688.0   3296   10.3   -2.4     41   4.68     85     15  315.4  330.6  316.3
  677.0   3430    9.2    1.2     57   6.20     81     14  315.6  335.6  316.8
  658.0   3666    8.0   -6.0     36   3.73     73     13  316.9  329.2  317.6
  653.0   3729    7.6   -7.4     34   3.37     71     13  317.1  328.3  317.8
  649.0   3780    7.0   -2.0     53   5.12     69     13  317.0  333.6  318.0
  640.0   3894    6.2   -1.8     57   5.27     65     12  317.4  334.5  318.4
  631.0   4011    5.4   -1.6     61   5.42     73     12  317.7  335.4  318.8
  623.0   4115    5.2  -12.8     26   2.30     79     13  318.6  326.5  319.1
  613.0   4247    4.6  -28.4      7   0.60     88     13  319.4  321.7  319.6
  601.0   4408    4.2  -37.8      3   0.25     99     14  320.8  321.7  320.8
  594.0   4503    3.6  -34.4      4   0.35    105     14  321.2  322.5  321.2
  585.0   4627    2.4   -7.6     48   3.71    102     16  321.2  333.6  321.9
  566.0   4893    0.0   -3.7     76   5.17     95     19  321.4  338.5  322.4
  563.0   4936   -0.3   -3.7     78   5.20     94     19  321.5  338.7  322.5
  562.0   4950   -0.3   -3.8     77   5.17     94     20  321.7  338.8  322.7
  559.0   4993   -0.1   -7.1     59   4.04     93     20  322.4  336.0  323.2
  549.0   5138   -0.3   -7.3     59   4.05     89     22  323.8  337.5  324.6
  517.0   5616   -3.5  -10.5     58   3.34     77     28  325.6  337.1  326.2
  511.0   5708   -4.0  -18.7     31   1.73     75     29  326.1  332.2  326.4
  503.0   5833   -4.7  -29.7     12   0.65     79     32  326.7  329.1  326.8
  500.0   5880   -4.7  -39.7      5   0.24     80     33  327.2  328.2  327.3
  495.0   5959   -5.1  -39.1      5   0.26     80     32  327.7  328.7  327.8
  489.0   6054   -5.7  -38.7      5   0.28     80     31  328.1  329.2  328.2
  484.0   6134   -6.5  -19.5     35   1.70     80     31  328.1  334.2  328.4
  474.0   6296   -7.9  -17.6     46   2.03     80     29  328.3  335.5  328.7
  463.0   6478   -9.5  -15.5     62   2.49     74     28  328.5  337.3  329.0
  456.0   6594  -10.2  -16.5     60   2.32     70     27  329.1  337.3  329.6
  405.0   7497  -15.5  -24.5     46   1.31     65     25  333.6  338.4  333.8
  400.0   7590  -16.1  -25.1     46   1.25     65     25  334.0  338.6  334.2
  389.0   7798  -17.1  -30.4     31   0.79     65     28  335.4  338.4  335.5
  374.0   8091  -18.4  -37.8     16   0.39     65     31  337.3  338.9  337.4
  363.0   8314  -19.5  -43.5     10   0.22     69     29  338.8  339.8  338.9
  359.0   8395  -20.0  -44.4      9   0.21     70     28  339.2  340.0  339.2
  317.0   9303  -26.1  -54.6      5   0.07     90     26  343.1  343.4  343.1
  313.0   9396  -26.7  -55.7      5   0.06     89     27  343.4  343.7  343.5
  300.0   9700  -29.1  -56.1      6   0.06     85     31  344.2  344.5  344.3
  292.0   9889  -30.9  -55.4      7   0.07     80     32  344.4  344.8  344.4
  257.0  10782  -39.1  -52.1     24   0.12     75     29  345.1  345.6  345.1
  256.0  10808  -39.3  -52.3     24   0.12     75     29  345.2  345.7  345.2
  250.0  10970  -40.5  -53.5     23   0.11     75     27  345.7  346.2  345.7
  235.0  11380  -43.9  -56.7     23   0.08     70     19  346.7  347.0  346.7
  224.0  11698  -46.6  -59.1     23   0.06     65     21  347.4  347.6  347.4
  200.0  12450  -52.9  -64.9     22   0.03     85     23  348.8  349.0  348.8
  186.0  12909  -56.6  -71.1     14   0.01     85     21  350.1  350.2  350.1
  178.0  13187  -58.9  -74.9     11   0.01     81     21  350.8  350.9  350.8
  150.0  14230  -68.5  -81.5     14   0.00     65     19  351.9  351.9  351.9
  146.0  14390  -69.9  -82.0     16   0.00     60     18  352.1  352.2  352.1
  137.0  14767  -73.3  -83.3     21   0.00     68     24  352.7  352.7  352.7
  128.0  15162  -76.1  -84.1     28   0.00     77     31  354.5  354.6  354.5
  125.0  15298  -76.3  -84.8     25   0.00     80     33  356.6  356.6  356.6
  113.0  15878  -77.1  -87.6     17   0.00     75     22  365.5  365.5  365.5
  107.0  16191  -77.5  -89.2     14   0.00    120     22  370.4  370.4  370.4
  101.0  16523  -78.0  -90.8     11   0.00    105     31  375.7  375.7  375.7
  100.0  16580  -78.1  -91.1     11   0.00    100     30  376.6  376.6  376.6
   94.6  16896  -79.9  -91.9     12   0.00     97     18  379.1  379.1  379.1
   91.0  17118  -78.5  -91.5     11   0.00     95      9  386.0  386.0  386.0
   87.0  17375  -77.0  -90.9      9   0.00     50     12  394.1  394.1  394.1
   86.8  17388  -76.9  -90.9      9   0.00     50     12  394.5  394.6  394.5
   81.0  17784  -79.1  -93.1      9   0.00     50     11  397.9  397.9  397.9
   78.0  18001  -77.7  -92.9      7   0.00     50     11  405.1  405.1  405.1
   74.0  18303  -75.8  -92.5      6   0.00    130      9  415.3  415.3  415.3
   73.4  18350  -75.5  -92.5      6   0.00    126     10  416.9  416.9  416.9
   71.5  18504  -70.9  -92.9      3   0.00    115     15  429.8  429.8  429.8
   70.0  18630  -69.1  -91.1      3   0.00    105     18  436.2  436.2  436.2
   67.0  18893  -67.8  -93.7      1   0.00     70     26  444.5  444.6  444.5
   63.3  19235  -66.1  -97.1      1   0.00     85     28  455.6  455.6  455.6
   61.0  19457  -67.2  -98.2      1   0.00     95     30  457.9  457.9  457.9
   57.3  19834  -69.1 -100.1      0   0.00     89     30  461.9  461.9  461.9
   50.0  20660  -62.5  -95.5      1   0.00     75     31  495.8  495.8  495.8
   49.3  20748  -61.1  -94.1      1   0.00     77     31  501.1  501.1  501.1
   47.0  21046  -60.5  -93.9      1   0.00     85     29  509.5  509.5  509.5
   45.0  21318  -59.9  -93.7      1   0.00     85     31  517.3  517.3  517.3
   43.7  21501  -59.5  -93.5      1   0.00     79     28  522.6  522.6  522.6
   43.0  21603  -58.4  -92.7      1   0.00     75     27  527.7  527.7  527.7
   41.2  21874  -55.5  -90.5      1   0.00     53     15  541.4  541.4  541.4
   41.0  21905  -55.5  -90.2      1   0.00     50     14  542.2  542.2  542.2
   39.0  22226  -55.1  -87.0      1   0.01    280      9  551.0  551.1  551.0
   37.0  22563  -54.6  -83.7      2   0.01    235     17  560.5  560.5  560.5
   36.3  22685  -54.5  -82.5      2   0.01    234     17  563.9  564.0  563.9
   32.0  23483  -59.9  -86.2      2   0.01    225     20  570.0  570.1  570.0
   31.3  23623  -60.9  -86.9      2   0.01    195     18  571.1  571.1  571.1
   31.0  23684  -60.0  -86.9      2   0.01    180     19  575.0  575.1  575.0
   30.3  23827  -57.9  -86.9      1   0.01    173     19  584.5  584.6  584.5
   30.0  23890  -57.3  -86.3      1   0.01    170     19  587.8  587.9  587.8
   27.0  24559  -56.1  -86.7      1   0.01    280      7  609.3  609.3  609.3
   26.0  24798  -55.6  -86.9      1   0.01    350     11  617.1  617.2  617.1
   23.2  25521  -54.3  -87.3      1   0.01    299     19  641.4  641.5  641.4
   22.0  25864  -52.5  -86.3      1   0.01    275     22  656.5  656.6  656.5
   20.1  26447  -49.5  -84.5      1   0.02    280     32  682.9  683.1  682.9
   20.0  26480  -49.3  -84.3      1   0.02    280     33  684.5  684.7  684.5
   16.0  27945  -48.4  -81.5      1   0.03    295     32  732.6  732.9  732.6
   15.7  28070  -48.3  -81.3      1   0.03                736.8  737.2  736.8
</PRE><H3>Station information and sounding indices</H3><PRE>
                         Station identifier: WIII
                             Station number: 96749
                           Observation time: 220721/0000
                           Station latitude: -6.11
                          Station longitude: 106.65
                          Station elevation: 8.0
                            Showalter index: 1.41
                               Lifted index: -0.50
    LIFT computed using virtual temperature: -1.37
                                SWEAT index: 224.21
                                    K index: 25.90
                         Cross totals index: 19.30
                      Vertical totals index: 22.30
                        Totals totals index: 41.60
      Convective Available Potential Energy: 134.28
             CAPE using virtual temperature: 219.49
                      Convective Inhibition: -211.97
             CINS using virtual temperature: -112.87
                           Equilibrum Level: 366.21
 Equilibrum Level using virtual temperature: 353.88
                   Level of Free Convection: 635.71
             LFCT using virtual temperature: 667.33
                     Bulk Richardson Number: 13.29
          Bulk Richardson Number using CAPV: 21.72
  Temp [K] of the Lifted Condensation Level: 292.91
Pres [hPa] of the Lifted Condensation Level: 921.58
   Equivalent potential temp [K] of the LCL: 346.82
     Mean mixed layer potential temperature: 299.84
              Mean mixed layer mixing ratio: 16.07
              1000 hPa to 500 hPa thickness: 5788.00
Precipitable water [mm] for entire sounding: 41.69
</PRE>
<P>Description of the 
<A HREF="/upperair/columns.html">data columns</A>
or <A HREF="/upperair/indices.html">sounding indices</A>.

<P>
<FORM>
<INPUT CLASS="button" TYPE="button" VALUE=" Close this window " 
 onClick="window.close();">
<INPUT CLASS="button" TYPE="button" VALUE=" Select another map " 
 onClick="window.blur();">
</FORM>
<HR SIZE="1">
<I>Interested in graduate studies in atmospheric science?
Check out our program at the
<a href="http://www.uwyo.edu/atsc/howtoapply/"
target=_top>University of Wyoming
</a></I>
<HR SIZE="1"><FONT SIZE="-1">
Questions about the weather data provided by this site can be
addressed to <A HREF="mailto:ldoolman@uwyo.edu">
Larry Oolman (ldoolman@uwyo.edu)</A></FONT>
<HR SIZE="1">
<SCRIPT TYPE="text/javascript">
<!--
window.focus();
// -->
</SCRIPT>
</BODY>
</HTML>
