2021-12-13 12
<HTML>
<TITLE>University of Wyoming - Radiosonde Data</TITLE>
<BODY BGCOLOR="white">
<H2>96749 WIII Jakarta Observations at 00Z 13 Dec 2021</H2>
<PRE>
-----------------------------------------------------------------------------
   PRES   HGHT   TEMP   DWPT   RELH   MIXR   DRCT   SKNT   THTA   THTE   THTV
    hPa     m      C      C      %    g/kg    deg   knot     K      K      K 
-----------------------------------------------------------------------------
 1009.0      8   25.8   23.0     85  17.89    260      4  298.2  350.4  301.4
 1000.0     88   25.2   22.6     86  17.61    235      7  298.4  349.8  301.5
  987.0    204   24.2   22.3     89  17.52    238     10  298.5  349.6  301.6
  976.0    303   25.0   22.0     83  17.39    241     12  300.2  351.4  303.4
  944.0    597   23.4   19.3     78  15.13    250     19  301.5  346.2  304.2
  925.0    776   22.4   17.6     74  13.88    255     20  302.2  343.4  304.7
  850.0   1508   18.4   14.6     79  12.44    245     14  305.4  342.9  307.7
  831.0   1702   17.6   13.5     77  11.84    241     13  306.5  342.4  308.7
  798.0   2048   15.8    8.8     63   8.98    233     12  308.2  335.8  309.9
  791.0   2123   15.4    7.4     59   8.23    231     12  308.5  333.9  310.1
  786.0   2177   14.6   10.5     76  10.24    230     12  308.2  339.6  310.1
  765.0   2405   13.8    7.7     66   8.68    225     11  309.8  336.7  311.4
  727.0   2834   12.4    2.4     50   6.30    211      8  312.8  332.8  314.0
  713.0   2997   11.6    3.1     56   6.76    205      7  313.6  335.1  314.9
  700.0   3151   10.8    3.8     62   7.23    200      6  314.4  337.4  315.8
  680.0   3393    8.8    3.8     71   7.45    187      7  314.8  338.4  316.2
  667.0   3553    8.0    0.0     57   5.77    178      7  315.6  334.2  316.7
  663.0   3602    7.6    0.4     60   5.99    175      7  315.7  335.0  316.9
  639.0   3906    5.2    3.0     86   7.48    200      7  316.4  340.2  317.8
  637.0   3932    5.0    3.2     88   7.62    204      7  316.4  340.7  317.9
  616.0   4206    3.8    1.7     86   7.09    245      9  318.1  340.9  319.4
  606.0   4340    3.2    1.0     85   6.84    235      9  318.9  341.0  320.2
  592.0   4530    2.6   -4.4     60   4.69    222      9  320.3  335.8  321.2
  574.0   4779    0.8   -3.5     73   5.18    204      8  321.0  338.1  322.0
  562.0   4950    0.0   -7.0     59   4.05    192      8  322.0  335.6  322.8
  551.0   5108   -0.8   -7.8     59   3.89    180      8  322.9  336.1  323.7
  538.0   5299   -1.7   -8.7     59   3.70    177      8  324.1  336.6  324.8
  529.0   5434   -2.7   -4.9     85   5.05    175      7  324.4  341.3  325.4
  511.0   5708   -4.4   -6.3     87   4.70    170      7  325.6  341.4  326.5
  500.0   5880   -5.5   -7.2     88   4.48    185      8  326.3  341.4  327.1
  492.0   6005   -6.4   -7.8     89   4.34    185      9  326.7  341.5  327.6
  474.0   6294   -8.4   -9.2     93   4.03    165      3  327.7  341.5  328.5
  466.0   6426   -9.3   -9.9     95   3.89    174      4  328.2  341.5  328.9
  456.0   6593   -9.3  -12.1     80   3.34    185      5  330.2  341.9  330.9
  454.0   6627   -9.3  -12.5     78   3.24    181      5  330.6  342.0  331.3
  438.0   6902  -11.2  -14.4     78   2.89    145      8  331.6  341.8  332.2
  431.0   7025  -12.1  -15.2     78   2.74    151      7  332.0  341.7  332.6
  423.0   7167  -12.7  -19.7     56   1.91    158      7  333.0  340.0  333.4
  413.0   7349  -13.5  -22.5     47   1.53    168      6  334.3  339.9  334.6
  404.0   7515  -14.3  -17.7     75   2.37    176      5  335.4  343.9  335.8
  400.0   7590  -14.7  -17.5     79   2.43    180      5  335.8  344.6  336.3
  374.0   8097  -17.6  -24.2     56   1.45    215      4  338.5  344.0  338.8
  359.0   8406  -19.3  -28.3     45   1.04    208      4  340.2  344.2  340.4
  331.0   9000  -24.0  -31.2     51   0.86    195      5  341.7  345.1  341.9
  318.0   9294  -26.3  -32.6     55   0.78    160      4  342.4  345.5  342.6
  300.0   9720  -29.7  -34.7     62   0.67    155      4  343.4  346.1  343.5
  292.0   9910  -31.4  -35.8     65   0.62    160      4  343.7  346.2  343.8
  285.0  10080  -32.9  -36.7     69   0.58    137      4  343.9  346.2  344.0
  268.0  10503  -36.4  -40.6     65   0.41     80      3  344.9  346.6  345.0
  257.0  10790  -38.7  -43.3     62   0.32     15      3  345.6  346.9  345.7
  250.0  10980  -40.3  -45.1     60   0.27      5      4  346.0  347.2  346.1
  246.0  11090  -41.3  -45.6     63   0.26      0      5  346.1  347.2  346.2
  236.0  11373  -43.9  -47.0     71   0.24    341      5  346.3  347.3  346.4
  225.0  11694  -46.5  -51.3     58   0.15    320      4  347.1  347.8  347.2
  224.0  11724  -46.7  -51.7     57   0.15    326      4  347.2  347.9  347.3
  215.0  11994  -49.0  -53.5     59   0.12     25      7  347.8  348.3  347.8
  201.0  12438  -52.7  -56.6     62   0.09     39     14  348.7  349.1  348.7
  200.0  12470  -53.1  -56.8     64   0.09     40     15  348.5  348.9  348.5
  196.0  12595  -54.2  -58.0     63   0.08     35     13  348.8  349.1  348.8
  187.0  12886  -56.7  -60.6     61   0.06     45      9  349.4  349.7  349.4
  178.0  13191  -59.4  -63.4     59   0.04     85     10  350.0  350.2  350.0
  170.0  13476  -61.9  -66.1     57   0.03     75     12  350.5  350.6  350.5
  150.0  14250  -68.7  -73.2     52   0.01     65     21  351.6  351.6  351.6
  134.0  14915  -74.9  -80.9     39   0.00     71     25  352.1  352.1  352.1
  125.0  15315  -77.4  -85.6     26   0.00     75     28  354.6  354.6  354.6
  122.0  15454  -78.3  -87.3     22   0.00     73     33  355.4  355.4  355.4
  116.0  15740  -80.3  -90.3     18   0.00     68     44  356.9  356.9  356.9
  113.0  15890  -78.8  -89.9     15   0.00     65     50  362.3  362.3  362.3
  108.0  16148  -76.3  -89.3     11   0.00     53     33  371.8  371.8  371.8
  107.0  16201  -76.4  -89.8     11   0.00     50     29  372.6  372.6  372.6
  102.0  16476  -77.0  -92.3      7   0.00     10     15  376.5  376.5  376.5
  100.0  16590  -77.3  -93.3      6   0.00    355     14  378.1  378.1  378.1
   96.0  16819  -78.6  -93.9      7   0.00    320     11  380.0  380.0  380.0
   92.0  17057  -79.9  -94.6      8   0.00    270      9  382.0  382.0  382.0
   87.0  17371  -81.7  -95.5      8   0.00    245     13  384.6  384.6  384.6
   82.0  17702  -83.6  -96.4     10   0.00    245     11  387.3  387.3  387.3
   78.2  17968  -85.1  -97.1     11   0.00    220     10  389.5  389.5  389.5
   78.0  17983  -84.9  -96.9     11   0.00    220     10  390.2  390.2  390.2
   74.0  18276  -80.4  -93.3     10   0.00    280      8  405.6  405.6  405.6
   73.6  18306  -79.9  -92.9     10   0.00    280      9  407.3  407.3  407.3
   70.0  18590  -78.3  -91.3     11   0.00    285     23  416.6  416.6  416.6
   66.4  18893  -78.5  -92.5      9   0.00    285     21  422.4  422.5  422.4
   66.0  18928  -77.7  -92.5      8   0.00    285     21  425.0  425.0  425.0
   65.0  19016  -75.5  -92.5      6   0.00    280     19  431.6  431.6  431.6
   63.0  19198  -75.5  -95.5      3   0.00    270     15  435.3  435.4  435.4
   57.3  19750  -75.7 -104.7      0   0.00    156      7  447.0  447.0  447.0
   57.0  19781  -75.6 -104.6      0   0.00    150      7  447.9  447.9  447.9
   54.0  20098  -74.2 -103.6      0   0.00     50      7  458.1  458.1  458.1
   51.0  20434  -72.8 -102.6      0   0.00      5      6  469.0  469.0  469.0
   50.1  20538  -72.3 -102.3      0   0.00     41      7  472.4  472.4  472.4
   50.0  20550  -72.3 -102.3      0   0.00     45      7  472.7  472.7  472.7
   49.0  20670  -69.7 -100.5      0   0.00     80     15  481.6  481.6  481.6
   48.7  20706  -68.9  -99.9      0   0.00     81     16  484.3  484.4  484.3
   44.0  21321  -65.0  -97.5      0   0.00    100     29  508.1  508.1  508.1
   42.5  21531  -63.7  -96.7      0   0.00     97     35  516.4  516.4  516.4
   36.0  22549  -63.5  -96.5      0   0.00     85     62  542.0  542.0  542.0
   35.9  22566  -63.5  -96.5      0   0.00     85     61  542.4  542.4  542.4
   35.0  22723  -62.6  -95.9      0   0.00     90     54  548.8  548.8  548.8
   33.1  23068  -60.5  -94.5      0   0.00                563.1  563.1  563.1
</PRE><H3>Station information and sounding indices</H3><PRE>
                         Station identifier: WIII
                             Station number: 96749
                           Observation time: 211213/0000
                           Station latitude: -6.11
                          Station longitude: 106.65
                          Station elevation: 8.0
                            Showalter index: 0.22
                               Lifted index: -2.36
    LIFT computed using virtual temperature: -2.63
                                SWEAT index: 211.21
                                    K index: 31.50
                         Cross totals index: 20.10
                      Vertical totals index: 23.90
                        Totals totals index: 44.00
      Convective Available Potential Energy: 484.27
             CAPE using virtual temperature: 585.72
                      Convective Inhibition: -64.21
             CINS using virtual temperature: -37.56
                           Equilibrum Level: 188.24
 Equilibrum Level using virtual temperature: 188.07
                   Level of Free Convection: 787.08
             LFCT using virtual temperature: 813.66
                     Bulk Richardson Number: 554.50
          Bulk Richardson Number using CAPV: 670.67
  Temp [K] of the Lifted Condensation Level: 294.35
Pres [hPa] of the Lifted Condensation Level: 941.48
   Equivalent potential temp [K] of the LCL: 349.76
     Mean mixed layer potential temperature: 299.48
              Mean mixed layer mixing ratio: 17.18
              1000 hPa to 500 hPa thickness: 5792.00
Precipitable water [mm] for entire sounding: 54.38
</PRE>
<P>Description of the 
<A HREF="/upperair/columns.html">data columns</A>
or <A HREF="/upperair/indices.html">sounding indices</A>.

<P>
<FORM>
<INPUT CLASS="button" TYPE="button" VALUE=" Close this window " 
 onClick="window.close();">
<INPUT CLASS="button" TYPE="button" VALUE=" Select another map " 
 onClick="window.blur();">
</FORM>
<HR SIZE="1">
<I>Interested in graduate studies in atmospheric science?
Check out our program at the
<a href="http://www.uwyo.edu/atsc/howtoapply/"
target=_top>University of Wyoming
</a></I>
<HR SIZE="1"><FONT SIZE="-1">
Questions about the weather data provided by this site can be
addressed to <A HREF="mailto:ldoolman@uwyo.edu">
Larry Oolman (ldoolman@uwyo.edu)</A></FONT>
<HR SIZE="1">
<SCRIPT TYPE="text/javascript">
<!--
window.focus();
// -->
</SCRIPT>
</BODY>
</HTML>
