2020-08-27 12
<HTML>
<TITLE>University of Wyoming - Radiosonde Data</TITLE>
<BODY BGCOLOR="white">
<H2>96749 WIII Jakarta Observations at 00Z 27 Aug 2020</H2>
<PRE>
-----------------------------------------------------------------------------
   PRES   HGHT   TEMP   DWPT   RELH   MIXR   DRCT   SKNT   THTA   THTE   THTV
    hPa     m      C      C      %    g/kg    deg   knot     K      K      K 
-----------------------------------------------------------------------------
 1010.0      8   24.4   18.4     69  13.36    200      1  296.7  335.5  299.1
 1009.0     17   24.8   18.8     69  13.72    203      1  297.2  337.1  299.6
 1000.0     95   25.4   19.4     69  14.39    230      4  298.6  340.6  301.1
  993.0    157   25.2   20.3     74  15.35    241      4  298.9  343.9  301.7
  977.0    299   24.2   19.9     77  15.26    265      4  299.3  344.1  302.1
  952.0    527   22.6   19.4     82  15.13    211      6  299.9  344.4  302.6
  925.0    778   22.4   14.4     61  11.27    150      8  302.2  335.8  304.2
  912.0    901   21.5   12.8     58  10.29    130     11  302.5  333.3  304.4
  907.0    948   21.2   12.2     56   9.93    127     11  302.7  332.4  304.5
  864.0   1366   17.8   13.0     73  11.01    103     16  303.4  336.3  305.4
  850.0   1506   17.0   12.0     72  10.47     95     17  303.9  335.4  305.9
  821.0   1800   15.3    9.4     68   9.09     85     21  305.2  332.7  306.8
  787.0   2159   13.2    6.2     63   7.61     82     22  306.6  330.0  308.0
  764.0   2408   12.6    1.6     47   5.65     80     24  308.6  326.3  309.6
  755.0   2508   13.4   -0.6     38   4.87     79     24  310.5  326.0  311.4
  736.0   2723   14.2   -6.8     23   3.14     77     25  313.6  324.0  314.2
  717.0   2943   13.8  -10.2     18   2.47     75     26  315.6  323.9  316.0
  712.0   3001   13.4   -9.4     20   2.64     75     26  315.7  324.6  316.2
  700.0   3144   12.4   -7.6     24   3.10     80     25  316.2  326.5  316.8
  616.0   4191    5.3  -12.4     27   2.41     90     26  319.9  328.1  320.3
  559.0   4986    0.0  -16.0     29   1.97    106     19  322.5  329.4  322.9
  511.0   5698   -4.4  -21.2     26   1.38    120     13  325.6  330.5  325.8
  500.0   5870   -5.5  -22.5     25   1.26    110     10  326.3  330.9  326.5
  492.0   5995   -6.3  -23.5     24   1.18     80      7  326.8  331.1  327.1
  473.0   6300   -8.2  -25.8     23   0.99     65      9  328.2  331.8  328.4
  422.0   7183  -13.7  -32.7     19   0.58     65     21  332.0  334.2  332.1
  421.0   7201  -13.8  -32.9     18   0.58     65     21  332.1  334.3  332.2
  400.0   7590  -15.3  -36.3     15   0.43     60     29  335.0  336.7  335.1
  389.0   7799  -16.5  -40.8     10   0.28     60     24  336.2  337.3  336.2
  374.0   8095  -18.1  -47.1      6   0.15     70     15  337.8  338.4  337.8
  335.0   8907  -24.5  -39.5     24   0.37     61     22  339.9  341.4  339.9
  331.0   8993  -25.2  -40.4     23   0.34     60     23  340.1  341.5  340.1
  300.0   9700  -30.9  -47.9     17   0.17     80     19  341.7  342.4  341.7
  256.0  10808  -40.1  -63.1      7   0.03     95     24  344.0  344.1  344.0
  250.0  10970  -41.5                          95     24  344.2         344.2
  234.0  11406  -44.9                          85     25  345.7         345.7
  214.0  11994  -49.4                         105      4  347.5         347.5
  200.0  12440  -52.9                         200      3  348.8         348.8
  195.0  12598  -54.2                         235      6  349.2         349.2
  169.0  13488  -61.8                         245     19  351.2         351.2
  150.0  14230  -68.1                         265     10  352.6         352.6
  146.0  14390  -69.4                         285      5  353.1         353.1
  139.0  14680  -71.8                          35      3  353.9         353.9
  133.0  14941  -73.9                          65      6  354.6         354.6
  132.0  14985  -74.2                          70      6  354.8         354.8
  123.0  15392  -77.3                          29     11  356.4         356.4
  119.0  15581  -77.7                          10     14  359.0         359.0
  107.0  16185  -79.0                          10     26  367.6         367.6
  100.0  16570  -79.9                          55     14  373.1         373.1
   96.0  16801  -80.2                          70     17  377.0         377.0
   93.8  16933  -80.3                          74     20  379.2         379.2
   86.0  17426  -78.8                          90     32  391.8         391.8
   84.7  17513  -78.5                          85     33  394.1         394.1
   83.0  17630  -75.3                          79     33  402.9         402.9
   82.0  17700  -75.1                          75     34  404.7         404.7
   75.9  18151  -73.9                          97     31  416.2         416.2
   72.8  18397  -70.3                         109     29  428.8         428.8
   70.0  18630  -70.7                         120     27  432.8         432.8
   68.3  18774  -71.1                         117     30  435.0         435.0
   67.0  18889  -69.6                         115     33  440.6         440.6
   62.7  19285  -64.5                         101     35  460.3         460.3
   58.0  19761  -63.1                          85     38  473.8         473.8
   52.0  20429  -61.1                          75     11  493.4         493.4
   50.7  20584  -60.7                         328      6  498.0         498.0
   50.0  20670  -60.7                         270      3  500.0         500.0
   45.0  21316  -63.6                         270     21  508.2         508.2
   41.4  21827  -65.9                         245     31  514.8         514.8
   39.0  22191  -63.4                         220     23  529.9         529.9
   38.7  22238  -63.1                         216     22  531.9         531.9
   37.0  22512  -65.0                         195     17  534.0         534.0
   36.7  22562  -65.3                         183     16  534.4         534.4
   35.4  22782  -64.3                         132     12  542.5         542.5
   34.0  23032  -60.2                          75      7  559.7         559.7
   33.0  23217  -57.1                          55      6  572.6         572.6
   32.0  23412  -56.8                          35      5  578.3         578.3
   31.0  23613  -56.6                          80      4  584.3         584.3
   30.0  23820  -56.3                          65      4  590.6         590.6
   29.0  24037  -55.1                          30      3  599.6         599.6
   28.0  24262  -53.9                          65     10  609.0         609.0
   26.9  24519  -52.5                          70     11  619.9         619.9
   25.0  24992  -52.5                          80     14  633.0         633.0
   24.0  25256  -52.5                          50     16  640.5         640.5
   23.0  25531  -52.5                          50     10  648.3         648.3
   22.8  25587  -52.5                          59     10  649.9         649.9
   22.0  25817  -53.1                          95     11  654.8         654.8
   20.0  26430  -54.7                          75     17  668.0         668.0
   19.0  26756  -55.5                          25      8  675.4         675.4
   18.0  27100  -56.3                         355      9  683.3         683.3
   17.0  27463  -57.2                           5      9  691.7         691.7
   16.9  27501  -57.3                           4      9  692.6         692.6
   15.0  28261  -54.6                         350      9  725.4         725.4
   14.0  28702  -53.1                          25      7  745.1         745.1
   13.0  29187  -50.3                          85     23  770.8         770.8
   12.0  29711  -47.2                         100     33  799.5         799.5
   11.6  29933  -45.9                                     811.9         811.9
</PRE><H3>Station information and sounding indices</H3><PRE>
                         Station identifier: WIII
                             Station number: 96749
                           Observation time: 200827/0000
                           Station latitude: -6.11
                          Station longitude: 106.65
                          Station elevation: 8.0
                            Showalter index: 3.35
                               Lifted index: 0.25
    LIFT computed using virtual temperature: -0.36
                                SWEAT index: 188.00
                                    K index: 14.50
                         Cross totals index: 17.50
                      Vertical totals index: 22.50
                        Totals totals index: 40.00
      Convective Available Potential Energy: 0.00
             CAPE using virtual temperature: 27.94
                      Convective Inhibition: 0.00
             CINS using virtual temperature: -57.47
 Equilibrum Level using virtual temperature: 417.11
             LFCT using virtual temperature: 814.61
                     Bulk Richardson Number: 0.00
          Bulk Richardson Number using CAPV: 0.56
  Temp [K] of the Lifted Condensation Level: 291.78
Pres [hPa] of the Lifted Condensation Level: 917.77
   Equivalent potential temp [K] of the LCL: 342.79
     Mean mixed layer potential temperature: 299.04
              Mean mixed layer mixing ratio: 14.98
              1000 hPa to 500 hPa thickness: 5775.00
Precipitable water [mm] for entire sounding: 35.94
</PRE>
<P>Description of the 
<A HREF="/upperair/columns.html">data columns</A>
or <A HREF="/upperair/indices.html">sounding indices</A>.

<P>
<FORM>
<INPUT CLASS="button" TYPE="button" VALUE=" Close this window " 
 onClick="window.close();">
<INPUT CLASS="button" TYPE="button" VALUE=" Select another map " 
 onClick="window.blur();">
</FORM>
<HR SIZE="1">
<I>Interested in graduate studies in atmospheric science?
Check out our program at the
<a href="http://www.uwyo.edu/atsc/howtoapply/"
target=_top>University of Wyoming
</a></I>
<HR SIZE="1"><FONT SIZE="-1">
Questions about the weather data provided by this site can be
addressed to <A HREF="mailto:ldoolman@uwyo.edu">
Larry Oolman (ldoolman@uwyo.edu)</A></FONT>
<HR SIZE="1">
<SCRIPT TYPE="text/javascript">
<!--
window.focus();
// -->
</SCRIPT>
</BODY>
</HTML>
