2018-10-12 12
<HTML>
<TITLE>University of Wyoming - Radiosonde Data</TITLE>
<BODY BGCOLOR="white">
<H2>96749 WIII Jakarta Observations at 00Z 12 Oct 2018</H2>
<PRE>
-----------------------------------------------------------------------------
   PRES   HGHT   TEMP   DWPT   RELH   MIXR   DRCT   SKNT   THTA   THTE   THTV
    hPa     m      C      C      %    g/kg    deg   knot     K      K      K 
-----------------------------------------------------------------------------
 1011.0      8   25.6   21.7     79  16.46    180      3  297.8  345.8  300.8
 1000.0    105   25.8   20.8     74  15.73    140      4  298.9  345.0  301.8
  996.0    140   26.0   21.5     76  16.50    134      5  299.5  347.9  302.4
  978.0    301   24.7   20.9     79  16.18    105      9  299.8  347.3  302.7
  935.0    695   21.6   19.4     87  15.41     93     13  300.5  345.9  303.2
  925.0    789   20.8   18.7     88  14.90     90     14  300.6  344.5  303.2
  867.0   1347   18.6   12.6     68  10.68     79     14  303.9  336.0  305.8
  850.0   1517   18.8    8.8     52   8.43     75     14  305.8  331.5  307.4
  836.0   1660   18.6    7.6     49   7.89     75     13  307.1  331.3  308.5
  822.0   1803   17.3    7.8     54   8.13     75     11  307.2  332.1  308.7
  794.0   2099   14.6    8.2     65   8.63     80     12  307.4  333.8  308.9
  790.0   2142   14.2    8.2     67   8.71     78     12  307.4  334.1  309.0
  774.0   2314   12.8    6.8     67   8.07     69     10  307.7  332.5  309.2
  766.0   2402   12.8    3.2     52   6.35     65      9  308.6  328.4  309.8
  765.0   2413   12.8    2.8     51   6.16     65      9  308.7  327.9  309.8
  749.0   2590   11.4    5.4     67   7.56     68      8  309.0  332.5  310.4
  739.0   2702   10.6    5.4     70   7.67     70      7  309.4  333.2  310.8
  736.0   2736   10.4    5.4     71   7.70     75      8  309.5  333.4  310.9
  730.0   2804   10.2    5.2     71   7.65     84      9  310.0  333.8  311.4
  727.0   2839   10.2    4.2     66   7.16     88     10  310.4  332.8  311.7
  722.0   2896   11.0   -2.0     40   4.60     96     11  311.9  326.6  312.7
  713.0   3001   11.0   -4.8     33   3.76    110     13  313.0  325.2  313.7
  700.0   3154   11.0   -9.0     24   2.78    120     19  314.6  323.9  315.2
  663.0   3604    8.6  -19.4     12   1.25    118     19  316.9  321.2  317.1
  622.0   4128    4.4   -9.6     35   2.98    116     19  317.9  327.9  318.4
  594.0   4500    2.3  -15.1     26   2.01    115     19  319.6  326.6  320.0
  572.0   4804    0.6  -19.5     21   1.43     95     17  321.1  326.1  321.4
  565.0   4904    0.0  -21.0     19   1.28     97     17  321.6  326.1  321.8
  531.0   5394   -3.4  -22.9     21   1.15    105     16  323.2  327.4  323.4
  500.0   5870   -6.7  -24.7     22   1.04     80     19  324.8  328.6  325.0
  480.0   6187   -8.3  -25.3     24   1.02     62     20  326.6  330.4  326.9
  473.0   6300   -9.2  -22.5     33   1.33     55     20  326.9  331.7  327.1
  465.0   6431  -10.3  -19.3     48   1.80     55     20  327.1  333.5  327.5
  459.0   6531  -11.3  -19.3     52   1.82     55     21  327.1  333.6  327.5
  455.0   6598  -11.2  -22.8     38   1.36     55     21  328.0  333.0  328.3
  450.0   6682  -11.1  -27.1     25   0.93     63     20  329.2  332.7  329.4
  437.0   6906  -11.4  -36.2     11   0.40     85     16  331.6  333.2  331.7
  421.0   7191  -11.7  -47.7      3   0.12     79     18  334.8  335.3  334.8
  400.0   7580  -13.9  -49.9      3   0.10     70     21  336.8  337.3  336.9
  373.0   8104  -17.6  -52.9      3   0.08     45     19  338.7  339.1  338.7
  364.0   8287  -18.9  -53.9      3   0.07     45     19  339.4  339.7  339.4
  317.0   9290  -27.3  -55.2      5   0.07     45     21  341.3  341.6  341.3
  300.0   9690  -30.7  -55.7      7   0.07     35     15  342.0  342.3  342.0
  299.0   9714  -30.9  -54.9      8   0.07     35     15  342.0  342.4  342.1
  279.0  10200  -34.1  -60.4      5   0.04     25     12  344.3  344.4  344.3
  273.0  10353  -35.1  -62.1      5   0.03     35     12  345.0  345.1  345.0
  267.0  10507  -36.3  -60.6      6   0.04     45     12  345.4  345.6  345.4
  264.0  10586  -36.9  -59.9      7   0.05     43     12  345.6  345.9  345.6
  260.0  10691  -37.7  -50.7     24   0.14     41     13  346.0  346.6  346.0
  251.0  10933  -39.9  -51.9     27   0.13     36     14  346.2  346.8  346.2
  250.0  10960  -40.3                          35     14  346.0         346.0
  245.0  11095  -41.5                          35     14  346.3         346.3
  214.0  11998  -49.4                          55     11  347.7         347.7
  200.0  12450  -53.3                          45     14  348.2         348.2
  169.0  13507  -62.5                          49     19  350.1         350.1
  161.0  13801  -64.8                          50     21  351.1         351.1
  150.0  14230  -68.1                          60     29  352.6         352.6
  137.0  14766  -72.7                          62     27  353.7         353.7
  119.0  15576  -78.8                          65     23  357.1         357.1
  117.0  15673  -79.5                          63     24  357.5         357.5
  108.0  16121  -82.9                          51     29  359.3         359.3
  107.0  16173  -82.7                          50     30  360.6         360.6
  100.0  16550  -81.3                          70     28  370.4         370.4
   94.9  16846  -77.7                          70     22  383.0         383.0
   91.0  17084  -78.6                          70     18  385.9         385.9
   86.0  17404  -79.8                          45     14  389.8         389.8
   82.2  17660  -80.7                          61     17  393.0         393.0
   77.0  18033  -77.8                          85     21  406.4         406.4
   72.4  18385  -75.1                          82     18  419.3         419.3
   70.0  18580  -74.9                          80     16  423.8         423.8
   66.0  18920  -76.1                          85     15  428.4         428.4
   64.1  19088  -76.7                          97     18  430.7         430.7
   60.3  19440  -76.3                         123     25  439.1         439.1
   60.0  19469  -76.1                         125     26  440.2         440.2
   58.9  19576  -75.5                         121     27  443.9         443.9
   57.8  19686  -71.7                         117     29  454.9         454.9
   53.8  20114  -66.3                         102     35  476.8         476.8
   51.0  20439  -64.5                          90     39  488.2         488.2
   50.0  20560  -63.9                          90     41  492.5         492.5
   40.1  21921  -58.5                          78     47  538.1         538.1
   38.0  22260  -57.6                          75     48  548.6         548.6
   35.0  22777  -56.3                          90     31  565.1         565.1
   33.3  23091  -55.5                         129     25  575.3         575.3
   32.0  23342  -56.0                         160     21  580.7         580.7
   30.0  23750  -56.7                         135     34  589.5         589.5
   29.1  23943  -56.9                         120     32  594.1         594.1
   28.0  24190  -54.8                         100     29  606.5         606.5
   26.0  24666  -50.7                          65     10  631.1         631.1
   25.0  24919  -51.4                         325     14  636.1         636.1
   22.0  25744  -53.9                         250     14  652.5         652.5
   21.5  25893  -54.3                         245     12  655.5         655.5
   21.0  26045  -53.1                         245      8  663.7         663.7
   20.0  26360  -50.5                         285     14  680.8         680.8
   19.9  26393  -49.7                         285     14  684.3         684.3
   17.6  27194  -50.7                         273     23  705.5         705.5
   17.0  27423  -50.0                         270     25  714.9         714.9
   16.0  27823  -48.7                         240     20  731.6         731.6
   15.0  28248  -47.3                         270     21  749.7         749.7
   14.0  28703  -45.9                         285     22  769.6         769.6
   13.5  28943  -45.1                                     780.2         780.2
</PRE><H3>Station information and sounding indices</H3><PRE>
                         Station identifier: WIII
                             Station number: 96749
                           Observation time: 181012/0000
                           Station latitude: -6.11
                          Station longitude: 106.65
                          Station elevation: 8.0
                            Showalter index: 3.90
                               Lifted index: -2.46
    LIFT computed using virtual temperature: -3.20
                                SWEAT index: 152.61
                                    K index: 14.30
                         Cross totals index: 15.50
                      Vertical totals index: 25.50
                        Totals totals index: 41.00
      Convective Available Potential Energy: 200.28
             CAPE using virtual temperature: 339.23
                      Convective Inhibition: -65.50
             CINS using virtual temperature: -32.96
                           Equilibrum Level: 286.77
 Equilibrum Level using virtual temperature: 284.40
                   Level of Free Convection: 788.25
             LFCT using virtual temperature: 805.47
                     Bulk Richardson Number: 32.87
          Bulk Richardson Number using CAPV: 55.68
  Temp [K] of the Lifted Condensation Level: 293.13
Pres [hPa] of the Lifted Condensation Level: 927.71
   Equivalent potential temp [K] of the LCL: 346.72
     Mean mixed layer potential temperature: 299.49
              Mean mixed layer mixing ratio: 16.13
              1000 hPa to 500 hPa thickness: 5765.00
Precipitable water [mm] for entire sounding: 38.70
</PRE>
<P>Description of the 
<A HREF="/upperair/columns.html">data columns</A>
or <A HREF="/upperair/indices.html">sounding indices</A>.

<P>
<FORM>
<INPUT CLASS="button" TYPE="button" VALUE=" Close this window " 
 onClick="window.close();">
<INPUT CLASS="button" TYPE="button" VALUE=" Select another map " 
 onClick="window.blur();">
</FORM>
<HR SIZE="1">
<I>Interested in graduate studies in atmospheric science?
Check out our program at the
<a href="http://www.uwyo.edu/atsc/howtoapply/"
target=_top>University of Wyoming
</a></I>
<HR SIZE="1"><FONT SIZE="-1">
Questions about the weather data provided by this site can be
addressed to <A HREF="mailto:ldoolman@uwyo.edu">
Larry Oolman (ldoolman@uwyo.edu)</A></FONT>
<HR SIZE="1">
<SCRIPT TYPE="text/javascript">
<!--
window.focus();
// -->
</SCRIPT>
</BODY>
</HTML>
