2017-06-21 00
<HTML>
<TITLE>University of Wyoming - Radiosonde Data</TITLE>
<BODY BGCOLOR="white">
<H2>96749 WIII Jakarta Observations at 00Z 21 Jun 2017</H2>
<PRE>
-----------------------------------------------------------------------------
   PRES   HGHT   TEMP   DWPT   RELH   MIXR   DRCT   SKNT   THTA   THTE   THTV
    hPa     m      C      C      %    g/kg    deg   knot     K      K      K 
-----------------------------------------------------------------------------
 1009.0      8   24.6   23.0     91  17.89    210      2  297.0  348.9  300.2
 1008.0     17   24.4   20.8     80  15.60    207      3  296.9  342.1  299.6
 1000.0     92   25.2   20.5     75  15.43    185      8  298.4  343.4  301.1
  976.0    305   25.2   19.2     69  14.56    147      9  300.4  343.4  303.1
  944.0    596   23.3   18.0     72  13.91     95     10  301.4  342.6  303.9
  925.0    773   22.2   17.2     73  13.53     85     12  302.0  342.2  304.4
  863.0   1374   18.8   12.8     68  10.87     89      8  304.5  337.2  306.5
  851.0   1494   18.1   12.1     68  10.50     90      7  304.9  336.6  306.9
  850.0   1504   18.0   12.0     68  10.47     85      7  305.0  336.6  306.9
  842.0   1585   17.8    7.8     52   7.94     71      6  305.6  329.9  307.1
  821.0   1800   16.4    7.9     57   8.18     35      3  306.3  331.4  307.9
  769.0   2355   12.8    8.0     73   8.83     25      6  308.2  335.4  309.9
  737.0   2712   11.2   -2.8     37   4.24     18      8  310.3  323.8  311.1
  706.0   3069    9.2   -4.8     37   3.81     11     10  311.9  324.2  312.6
  700.0   3140    8.6   -4.4     40   3.96     10     10  312.0  324.8  312.7
  686.0   3306    7.7   -0.9     55   5.26     10     11  312.8  329.6  313.8
  681.0   3367    7.4    0.4     61   5.82      8     11  313.1  331.6  314.2
  662.0   3598    6.5   -2.1     54   4.99      0     11  314.6  330.7  315.5
  638.0   3901    5.3   -5.3     46   4.06    350      7  316.6  329.9  317.3
  633.0   3965    5.0   -6.0     45   3.88    355      7  317.0  329.8  317.7
  615.0   4198    3.5   -5.2     53   4.23     15      8  317.9  331.8  318.7
  575.0   4741    0.0   -3.5     77   5.17     45     11  319.9  336.9  320.9
  550.0   5097   -0.9   -7.7     60   3.91     65     13  323.0  336.2  323.8
  549.0   5111   -0.9   -7.9     59   3.86     65     13  323.1  336.2  323.9
  536.0   5302   -2.1   -6.8     70   4.31     70     13  323.9  338.4  324.8
  521.0   5527   -3.7   -7.5     75   4.20     76     14  324.6  338.8  325.4
  513.0   5649   -4.5   -8.1     76   4.07     80     14  325.1  338.9  325.9
  509.0   5710   -4.9   -9.9     68   3.56     81     14  325.3  337.5  326.0
  508.0   5726   -4.9  -12.9     53   2.80     82     14  325.5  335.2  326.1
  507.0   5741   -4.9  -10.9     63   3.30     82     14  325.7  337.0  326.4
  506.0   5756   -5.1   -9.0     74   3.85     83     14  325.6  338.8  326.4
  502.0   5819   -5.5  -11.5     63   3.18     84     14  325.9  336.8  326.5
  500.0   5850   -5.7  -11.7     63   3.14     85     14  326.0  336.9  326.6
  494.0   5945   -6.7   -9.5     80   3.79     85     14  325.9  338.9  326.7
  491.0   5992   -6.7  -11.2     71   3.34     85     14  326.5  338.0  327.2
  490.0   6008   -6.7  -11.7     68   3.20     85     14  326.7  337.8  327.3
  483.0   6120   -7.5  -10.8     77   3.49     82     14  327.1  339.1  327.7
  473.0   6283   -7.3  -12.3     67   3.16     79     14  329.3  340.3  329.9
  437.0   6896  -10.9  -18.7     52   2.01     65     13  332.2  339.5  332.6
  435.0   6931  -11.1  -19.1     52   1.95     65     13  332.4  339.5  332.8
  422.0   7164  -12.1  -24.1     36   1.30     65     13  334.0  338.9  334.3
  400.0   7570  -15.9  -20.9     65   1.82     65     12  334.2  340.9  334.6
  393.0   7703  -17.1  -20.9     72   1.85     64     13  334.4  341.1  334.7
  330.0   8981  -26.4  -30.6     67   0.91     55     18  338.8  342.3  338.9
  311.0   9414  -29.5  -33.9     66   0.70     49     22  340.2  342.9  340.3
  301.0   9646  -31.1  -38.1     50   0.48     45     24  341.1  343.0  341.2
  300.0   9670  -31.3  -39.3     45   0.42     45     24  341.1  342.9  341.2
  291.0   9883  -33.1  -40.5     48   0.39     45     25  341.6  343.2  341.7
  259.0  10698  -39.9  -44.9     59   0.27     53     27  343.1  344.3  343.2
  250.0  10940  -41.9                          55     27  343.6         343.6
  223.0  11694  -48.1                          60     30  345.5         345.5
  202.0  12346  -53.5                          51     32  346.9         346.9
  200.0  12410  -54.1                          50     32  346.9         346.9
  176.0  13214  -58.2                          50     44  353.1         353.1
  168.0  13506  -59.7                          60     32  355.3         355.3
  153.0  14079  -64.7                          80      8  356.5         356.5
  150.0  14200  -65.7                         105      6  356.7         356.7
  138.0  14697  -70.5                         170      7  356.9         356.9
  129.0  15100  -74.3                         187     10  357.0         357.0
  125.0  15282  -75.1                         195     11  358.8         358.8
  118.0  15616  -76.5                         165      3  362.2         362.2
  114.0  15816  -77.3                         214      7  364.2         364.2
  107.0  16181  -77.2                         305     14  371.1         371.1
  100.0  16570  -77.1                         315      9  378.5         378.5
   96.0  16804  -77.3                         325      9  382.5         382.5
   93.4  16962  -77.5                         310     14  385.2         385.2
   91.0  17112  -75.2                         295     18  392.6         392.6
   90.7  17132  -74.9                         295     18  393.6         393.6
   74.0  18316  -74.5                         285     42  417.9         417.9
   72.0  18475  -74.5                         275     39  421.3         421.3
   70.0  18640  -72.9                         265     35  428.1         428.1
   67.0  18897  -72.9                         260     32  433.5         433.5
   62.6  19295  -72.9                         259     35  442.0         442.0
   59.5  19595  -69.1                         258     37  457.0         457.0
   50.0  20640  -66.9                         255     45  485.4         485.4
   47.0  21014  -66.4                         260     39  495.2         495.2
   46.2  21117  -66.3                         261     37  497.9         497.9
   41.0  21853  -62.0                         265     25  525.9         525.9
   39.0  22161  -60.2                         240     15  538.1         538.1
   37.2  22452  -58.5                         164     11  549.7         549.7
   37.0  22486  -58.5                         155     10  550.5         550.5
   35.0  22834  -58.7                         120     20  558.8         558.8
   30.0  23800  -59.3                          70     33  582.4         582.4
   29.0  24012  -59.6                          65     33  587.3         587.3
   26.5  24577  -60.3                          80     35  600.6         600.6
   25.0  24944  -58.1                          90     37  617.0         617.0
   24.1  25175  -56.7                          86     38  627.5         627.5
   22.0  25754  -56.6                          75     41  644.5         644.5
   20.7  26141  -56.5                          85     40  656.0         656.0
   20.0  26360  -55.5                          90     40  665.5         665.5
   18.8  26757  -52.3                          93     46  687.4         687.4
   18.0  27040  -51.5                          95     51  698.6         698.6
   17.0  27413  -50.3                          90     47  713.7         713.7
   16.0  27808  -49.1                          80     62  730.1         730.1
   15.8  27890  -48.9                                     733.5         733.5
</PRE><H3>Station information and sounding indices</H3><PRE>
                         Station identifier: WIII
                             Station number: 96749
                           Observation time: 170621/0000
                           Station latitude: -6.11
                          Station longitude: 106.65
                          Station elevation: 8.0
                            Showalter index: 2.63
                               Lifted index: -0.08
    LIFT computed using virtual temperature: -0.39
                                SWEAT index: 171.99
                                    K index: 22.70
                         Cross totals index: 17.70
                      Vertical totals index: 23.70
                        Totals totals index: 41.40
      Convective Available Potential Energy: 7.37
             CAPE using virtual temperature: 54.24
                      Convective Inhibition: -138.94
             CINS using virtual temperature: -91.39
                           Equilibrum Level: 480.69
 Equilibrum Level using virtual temperature: 479.11
                   Level of Free Convection: 684.17
             LFCT using virtual temperature: 760.32
                     Bulk Richardson Number: 0.55
          Bulk Richardson Number using CAPV: 4.02
  Temp [K] of the Lifted Condensation Level: 291.46
Pres [hPa] of the Lifted Condensation Level: 907.80
   Equivalent potential temp [K] of the LCL: 343.10
     Mean mixed layer potential temperature: 299.65
              Mean mixed layer mixing ratio: 14.84
              1000 hPa to 500 hPa thickness: 5758.00
Precipitable water [mm] for entire sounding: 45.19
</PRE>
<P>Description of the 
<A HREF="/upperair/columns.html">data columns</A>
or <A HREF="/upperair/indices.html">sounding indices</A>.

<P>
<FORM>
<INPUT CLASS="button" TYPE="button" VALUE=" Close this window " 
 onClick="window.close();">
<INPUT CLASS="button" TYPE="button" VALUE=" Select another map " 
 onClick="window.blur();">
</FORM>
<HR SIZE="1">
<I>Interested in graduate studies in atmospheric science?
Check out our program at the
<a href="http://www.uwyo.edu/atsc/howtoapply/"
target=_top>University of Wyoming
</a></I>
<HR SIZE="1"><FONT SIZE="-1">
Questions about the weather data provided by this site can be
addressed to <A HREF="mailto:ldoolman@uwyo.edu">
Larry Oolman (ldoolman@uwyo.edu)</A></FONT>
<HR SIZE="1">
<SCRIPT TYPE="text/javascript">
<!--
window.focus();
// -->
</SCRIPT>
</BODY>
</HTML>
