2022-06-18 12
<HTML>
<TITLE>University of Wyoming - Radiosonde Data</TITLE>
<BODY BGCOLOR="white">
<H2>96749 WIII Jakarta Observations at 00Z 18 Jun 2022</H2>
<PRE>
-----------------------------------------------------------------------------
   PRES   HGHT   TEMP   DWPT   RELH   MIXR   DRCT   SKNT   THTA   THTE   THTV
    hPa     m      C      C      %    g/kg    deg   knot     K      K      K 
-----------------------------------------------------------------------------
 1010.0      8   22.4   21.5     95  16.27    180      2  294.7  341.4  297.6
 1009.0     17   23.6   20.9     85  15.68    181      2  296.0  341.3  298.8
 1000.0     94   25.0   20.7     77  15.63    190      3  298.1  343.7  300.9
  995.0    138   25.2   21.1     78  16.11    218      3  298.8  345.9  301.7
  977.0    299   24.3   20.3     78  15.58    320      1  299.4  345.1  302.2
  944.0    600   22.6   18.7     79  14.61     90      3  300.7  343.8  303.3
  925.0    779   21.6   17.8     79  14.06     85      5  301.4  343.0  303.9
  911.0    911   20.6   18.1     86  14.56     86      6  301.7  344.8  304.3
  890.0   1112   20.6   14.6     68  11.87     87      9  303.7  339.3  305.9
  851.0   1497   17.9   13.0     73  11.21     90     13  304.8  338.5  306.8
  850.0   1507   17.8   13.0     73  11.19     90     13  304.8  338.5  306.8
  803.0   1992   14.6   11.6     82  10.80     90     13  306.4  339.1  308.4
  716.0   2956   10.8    4.8     66   7.59     90     14  312.4  336.2  313.8
  700.0   3144    9.6    4.8     72   7.76     90     14  313.1  337.5  314.6
  616.0   4189    3.3    0.4     81   6.44     95     10  317.5  338.3  318.7
  593.0   4500    1.4   -0.9     85   6.08     95      8  318.8  338.5  319.9
  581.0   4667    0.4   -1.6     86   5.89     92      9  319.5  338.7  320.6
  572.0   4792    0.0   -2.7     82   5.52     90     10  320.5  338.6  321.5
  571.0   4806    0.0   -2.8     81   5.48     90     10  320.6  338.6  321.6
  530.0   5400   -3.0   -4.8     87   5.06     90     14  323.9  340.8  324.8
  529.0   5415   -3.1   -4.9     87   5.05     89     14  323.9  340.8  324.9
  519.0   5566   -4.3   -6.2     87   4.66     84     12  324.3  339.9  325.2
  517.0   5597   -4.5   -7.0     83   4.40     83     11  324.4  339.2  325.2
  513.0   5658   -4.1  -10.1     63   3.48     81     10  325.6  337.5  326.3
  511.0   5689   -4.3   -9.9     65   3.55     80     10  325.7  337.9  326.4
  500.0   5860   -5.3   -8.7     77   3.99     80      9  326.5  340.1  327.3
  494.0   5955   -5.9   -9.0     79   3.94     80      9  326.9  340.4  327.7
  491.0   6002   -6.0  -10.1     73   3.64     80      9  327.3  339.8  328.0
  485.0   6099   -6.3  -12.3     62   3.08     77      9  328.1  338.9  328.8
  473.0   6294   -7.4  -13.8     60   2.80     70     10  329.1  339.0  329.7
  455.0   6595   -9.1  -16.1     57   2.41     80      9  330.7  339.2  331.1
  432.0   6995  -12.1  -15.3     77   2.71     93      8  331.8  341.4  332.3
  421.0   7191  -13.0  -17.2     71   2.36    100      8  333.1  341.6  333.5
  404.0   7504  -14.5  -20.3     61   1.89    125      9  335.1  342.0  335.5
  402.0   7542  -14.7  -20.7     60   1.84    123      9  335.3  342.1  335.7
  400.0   7580  -14.9  -21.9     55   1.67    120      8  335.5  341.7  335.9
  389.0   7789  -16.5  -22.8     59   1.59     90      6  336.1  342.0  336.4
  373.0   8104  -19.0  -24.1     64   1.48    100      9  336.9  342.4  337.1
  359.0   8390  -21.3  -25.2     70   1.38     85     11  337.5  342.7  337.8
  348.0   8623  -23.1  -26.2     76   1.30     79     10  338.1  343.0  338.3
  331.0   8989  -25.8  -29.5     71   1.01     70      8  339.3  343.2  339.5
  319.0   9259  -27.7  -31.9     67   0.83     70      6  340.2  343.4  340.4
  317.0   9304  -28.0  -33.9     57   0.69     70      6  340.4  343.1  340.5
  311.0   9442  -28.9  -39.9     34   0.38     52      6  341.0  342.6  341.1
  304.0   9605  -30.2  -43.1     27   0.28     30      6  341.4  342.6  341.5
  300.0   9700  -30.9  -44.9     24   0.23     30      7  341.7  342.7  341.8
  291.0   9914  -32.7  -44.7     29   0.25     28      7  342.1  343.2  342.2
  279.0  10208  -34.9  -45.9     32   0.23     25      7  343.1  344.1  343.2
  266.0  10537  -37.7  -42.7     59   0.33     47     13  343.7  345.1  343.8
  256.0  10798  -39.8  -46.6     48   0.23     65     17  344.4  345.4  344.5
  250.0  10960  -41.1  -49.1     42   0.18     60     19  344.8  345.6  344.9
  236.0  11348  -44.5  -49.1     60   0.19     56     22  345.4  346.2  345.4
  234.0  11404  -45.0  -49.4     61   0.18     55     22  345.5  346.3  345.5
  229.0  11548  -46.3  -50.1     65   0.17     54     22  345.7  346.4  345.7
  214.0  11992  -49.9  -59.7     31   0.06     50     24  346.8  347.0  346.8
  211.0  12085  -50.7  -61.7     26   0.04     49     25  347.0  347.2  347.0
  200.0  12430  -53.7  -64.7     25   0.03     45     30  347.6  347.7  347.6
  195.0  12588  -54.9  -66.1     24   0.03     45     31  348.1  348.3  348.1
  186.0  12882  -57.2  -68.7     22   0.02     50     27  349.1  349.2  349.1
  177.0  13190  -59.6  -71.5     20   0.01     45     21  350.2  350.2  350.2
  150.0  14220  -67.7  -80.7     14   0.00     70     18  353.3  353.3  353.3
  145.0  14416  -69.0  -81.9     14   0.00     70     18  354.4  354.5  354.4
  138.0  14701  -70.9  -83.7     14   0.00     65     12  356.1  356.1  356.1
  125.0  15272  -74.7  -87.3     13   0.00    130     18  359.5  359.5  359.5
  107.0  16170  -80.7  -92.9     12   0.00    160     23  364.4  364.5  364.5
  101.0  16503  -82.9  -94.9     11   0.00    145     18  366.2  366.2  366.2
  100.0  16560  -83.3  -95.3     11   0.00    140     17  366.5  366.6  366.5
   98.4  16650  -83.9  -94.9     14   0.00    125     15  367.1  367.1  367.1
   96.5  16759  -81.1  -94.1     10   0.00     93     11  374.6  374.6  374.6
   96.0  16789  -80.9  -94.0     10   0.00     85     10  375.5  375.5  375.5
   91.0  17095  -79.0  -92.5     10   0.00     60      6  385.0  385.0  385.0
   86.0  17418  -77.0  -90.9     10   0.00     85      4  395.3  395.3  395.3
   84.2  17539  -76.3  -90.3     10   0.00     56      3  399.2  399.2  399.2
   82.0  17693  -76.3  -90.9      8   0.00     20      2  402.3  402.3  402.3
   78.0  17983  -76.2  -92.1      7   0.00    245      2  408.2  408.2  408.2
   71.7  18471  -76.1  -94.1      5   0.00    183      9  418.4  418.4  418.4
   70.0  18610  -75.3  -94.3      4   0.00    165     11  423.0  423.0  423.0
   67.0  18866  -72.7  -93.4      3   0.00    130     15  433.8  433.8  433.8
   64.7  19070  -70.7  -92.7      3   0.00    114     15  442.6  442.7  442.6
   60.0  19513  -72.0  -96.8      1   0.00     80     16  449.4  449.4  449.4
   56.4  19876  -73.1 -100.1      1   0.00     80     21  454.9  454.9  454.9
   54.2  20109  -72.9  -99.9      1   0.00     80     25  460.6  460.6  460.6
   52.3  20320  -68.3  -95.3      1   0.00     80     28  476.0  476.0  476.0
   52.0  20354  -68.0  -95.2      1   0.00     80     28  477.4  477.4  477.4
   50.0  20590  -66.1  -94.1      1   0.00     85     32  487.3  487.3  487.3
   49.6  20639  -65.9  -93.9      1   0.00     86     33  488.9  488.9  488.9
   47.0  20965  -67.2  -96.3      1   0.00     95     41  493.5  493.5  493.5
   45.1  21214  -68.1  -98.1      1   0.00     95     42  497.0  497.0  497.0
   43.1  21488  -66.7  -98.7      0   0.00     95     43  506.9  506.9  506.9
   42.6  21559  -66.1  -98.1      0   0.00     95     44  510.1  510.1  510.1
   42.0  21646  -61.5  -94.5      1   0.00     95     44  523.6  523.6  523.6
   40.2  21921  -57.5  -90.5      1   0.00     91     55  540.2  540.2  540.2
   40.0  21953  -57.6  -90.5      1   0.00     90     56  540.7  540.8  540.7
   37.9  22293  -58.5  -90.5      1   0.00     90     57  546.8  546.8  546.8
   35.6  22691  -54.3  -89.3      1   0.00     90     58  567.6  567.6  567.6
   35.0  22801  -53.9  -88.8      1   0.00     90     58  571.5  571.5  571.5
   33.0  23181  -52.3  -87.3      1   0.01     80     37  585.4  585.4  585.4
   32.3  23320  -51.7  -86.7      1   0.01     80     18  590.5  590.6  590.5
   32.0  23381  -51.7  -86.6      1   0.01     80     10  592.0  592.1  592.0
   31.0  23587  -51.8  -86.3      1   0.01    250      7  597.2  597.2  597.2
   30.0  23800  -51.9  -85.9      1   0.01    260      9  602.5  602.6  602.5
   29.0  24019  -53.3  -86.2      1   0.01    285      6  604.5  604.6  604.5
   28.2  24199  -54.5  -86.5      1   0.01    353      7  606.1  606.2  606.1
   28.0  24245  -54.4  -86.5      1   0.01     10      7  607.7  607.8  607.7
   27.0  24480  -53.6  -86.3      1   0.01    300     16  616.2  616.3  616.2
   25.0  24977  -52.0  -86.1      1   0.01    265     25  634.5  634.6  634.5
   23.7  25322  -50.9  -85.9      1   0.01    265     31  647.4  647.5  647.4
   23.0  25516  -51.5  -86.3      1   0.01    265     35  651.3  651.4  651.3
   20.3  26324  -53.9  -87.9      1   0.01    269     31  667.6  667.7  667.6
   20.0  26420  -53.9  -87.9      1   0.01    270     30  670.4  670.5  670.4
   19.1  26715  -54.5  -89.5      1   0.01    266     31  677.5  677.5  677.5
   19.0  26749  -54.3  -89.3      1   0.01    265     31  679.2  679.2  679.2
   18.0  27101  -52.0  -87.7      1   0.01    265     24  697.1  697.2  697.1
   17.0  27472  -49.5  -86.0      1   0.01    275     26  716.4  716.5  716.4
   16.3  27745  -47.7  -84.7      1   0.02    275     27  730.9  731.1  730.9
   15.4  28121  -46.3  -83.3      1   0.03    275     29  747.5  747.8  747.5
   12.0  29771  -48.2  -89.9      0   0.01    275     38  796.0  796.2  796.1
   11.8  29882  -48.3  -90.3      0   0.01                799.4  799.6  799.4
</PRE><H3>Station information and sounding indices</H3><PRE>
                         Station identifier: WIII
                             Station number: 96749
                           Observation time: 220618/0000
                           Station latitude: -6.11
                          Station longitude: 106.65
                          Station elevation: 8.0
                            Showalter index: 2.22
                               Lifted index: -0.20
    LIFT computed using virtual temperature: -0.40
                                SWEAT index: 190.98
                                    K index: 31.30
                         Cross totals index: 18.30
                      Vertical totals index: 23.10
                        Totals totals index: 41.40
      Convective Available Potential Energy: 42.57
             CAPE using virtual temperature: 68.70
                      Convective Inhibition: -121.37
             CINS using virtual temperature: -80.63
                           Equilibrum Level: 427.03
 Equilibrum Level using virtual temperature: 340.63
                   Level of Free Convection: 652.68
             LFCT using virtual temperature: 679.05
                     Bulk Richardson Number: 3.16
          Bulk Richardson Number using CAPV: 5.10
  Temp [K] of the Lifted Condensation Level: 292.56
Pres [hPa] of the Lifted Condensation Level: 927.22
   Equivalent potential temp [K] of the LCL: 344.45
     Mean mixed layer potential temperature: 298.96
              Mean mixed layer mixing ratio: 15.57
              1000 hPa to 500 hPa thickness: 5766.00
Precipitable water [mm] for entire sounding: 53.91
</PRE>
<P>Description of the 
<A HREF="/upperair/columns.html">data columns</A>
or <A HREF="/upperair/indices.html">sounding indices</A>.

<P>
<FORM>
<INPUT CLASS="button" TYPE="button" VALUE=" Close this window " 
 onClick="window.close();">
<INPUT CLASS="button" TYPE="button" VALUE=" Select another map " 
 onClick="window.blur();">
</FORM>
<HR SIZE="1">
<I>Interested in graduate studies in atmospheric science?
Check out our program at the
<a href="http://www.uwyo.edu/atsc/howtoapply/"
target=_top>University of Wyoming
</a></I>
<HR SIZE="1"><FONT SIZE="-1">
Questions about the weather data provided by this site can be
addressed to <A HREF="mailto:ldoolman@uwyo.edu">
Larry Oolman (ldoolman@uwyo.edu)</A></FONT>
<HR SIZE="1">
<SCRIPT TYPE="text/javascript">
<!--
window.focus();
// -->
</SCRIPT>
</BODY>
</HTML>
