2020-12-14 12
<HTML>
<TITLE>University of Wyoming - Radiosonde Data</TITLE>
<BODY BGCOLOR="white">
<H2>96749 WIII Jakarta Observations at 00Z 14 Dec 2020</H2>
<PRE>
-----------------------------------------------------------------------------
   PRES   HGHT   TEMP   DWPT   RELH   MIXR   DRCT   SKNT   THTA   THTE   THTV
    hPa     m      C      C      %    g/kg    deg   knot     K      K      K 
-----------------------------------------------------------------------------
 1008.0      8   25.2   22.4     84  17.25    230      9  297.7  347.9  300.7
 1000.0     84   24.6   22.5     88  17.50    230     13  297.8  348.7  300.9
  977.0    288   22.8   22.0     95  17.37    244     18  297.9  348.5  301.0
  976.0    297   22.8   21.9     95  17.32    245     18  298.0  348.4  301.1
  943.0    597   21.9   19.9     88  15.74    265     26  300.1  346.3  302.9
  931.0    709   21.6   19.1     86  15.19    268     29  300.8  345.6  303.6
  925.0    765   21.8   19.1     85  15.29    270     30  301.6  346.8  304.4
  911.0    898   21.6   17.3     77  13.83    275     31  302.7  343.9  305.2
  880.0   1199   20.2   16.4     79  13.47    275     19  304.3  344.6  306.7
  850.0   1501   18.8   15.4     81  13.11    280     18  305.8  345.4  308.2
  765.0   2391   13.5   11.0     85  10.89    275     17  309.4  342.9  311.5
  700.0   3141    9.0    7.3     89   9.25    295     15  312.4  341.3  314.2
  662.0   3597    6.4    5.2     92   8.45    290     18  314.5  341.2  316.1
  593.0   4497    1.3    1.1     98   7.03    295     17  318.7  341.4  320.1
  576.0   4735    0.0    0.0    100   6.69    299     14  319.8  341.5  321.1
  550.0   5102   -1.9   -2.2     98   5.96    305     10  321.8  341.4  323.0
  530.0   5397   -3.4   -3.9     96   5.42    335      6  323.5  341.5  324.5
  510.0   5703   -4.9   -5.8     94   4.91      0      5  325.1  341.6  326.1
  500.0   5860   -5.7   -6.7     93   4.66    335      6  326.0  341.8  326.9
  491.0   6001   -6.4   -7.6     91   4.42    335      8  326.9  341.9  327.8
  472.0   6306   -7.8   -9.6     87   3.92     40      6  328.8  342.3  329.6
  437.0   6902  -10.7  -13.6     80   3.09     95      7  332.4  343.4  333.1
  419.0   7227  -12.3  -15.7     76   2.70    122      9  334.4  344.1  335.0
  404.0   7504  -14.0  -17.5     75   2.41    145     11  335.7  344.4  336.2
  400.0   7580  -14.5  -18.0     75   2.33    145     11  336.1  344.5  336.5
  369.0   8188  -18.5  -22.4     71   1.73    141     11  338.6  345.0  338.9
  359.0   8389  -20.0  -24.0     70   1.54    140     11  339.3  345.1  339.6
  317.0   9303  -26.6  -31.2     65   0.89    140     10  342.4  345.9  342.5
  314.0   9373  -27.1  -31.8     64   0.85    142     10  342.6  345.9  342.8
  300.0   9700  -30.1  -33.4     73   0.77    150      8  342.8  345.9  343.0
  292.0   9887  -31.8  -34.9     74   0.68    160      7  343.1  345.9  343.3
  253.0  10879  -40.5  -42.6     80   0.36    215      8  344.5  346.0  344.6
  250.0  10960  -41.1  -43.2     80   0.34    220      8  344.8  346.2  344.9
  245.0  11095  -42.3  -44.9     76   0.29    220      7  345.0  346.2  345.1
  234.0  11402  -45.0  -48.6     67   0.20    170      8  345.5  346.4  345.5
  224.0  11693  -47.6  -52.2     59   0.14    155     11  345.9  346.5  345.9
  211.0  12093  -51.1  -57.1     49   0.08    142     15  346.4  346.7  346.4
  200.0  12440  -54.3  -60.3     47   0.06    130     18  346.6  346.9  346.6
  177.0  13197  -60.9  -67.3     42   0.03    120     25  348.1  348.2  348.1
  169.0  13484  -63.4  -70.0     40   0.02    110     29  348.6  348.7  348.6
  152.0  14141  -69.1  -76.1     36   0.01     97     38  349.5  349.6  349.5
  150.0  14220  -69.9  -76.9     35   0.01     95     39  349.5  349.5  349.5
  145.0  14416  -71.5  -78.5     35   0.01     85     44  350.2  350.2  350.2
  138.0  14703  -73.7  -80.7     34   0.00     80     53  351.2  351.2  351.2
  126.0  15230  -77.9  -84.9     32   0.00     73     53  352.9  352.9  352.9
  106.0  16202  -80.6  -91.3     16   0.00     60     52  365.6  365.6  365.6
  100.0  16530  -81.5  -93.5     12   0.00     60     45  370.0  370.0  370.0
   96.0  16762  -80.0  -92.3     12   0.00     60     24  377.3  377.3  377.3
   91.0  17066  -78.0  -90.8     11   0.00     75     12  387.1  387.1  387.1
   89.3  17173  -77.3  -90.3     11   0.00     88     13  390.6  390.6  390.6
   86.0  17388  -78.2  -90.8     12   0.00    115     16  393.0  393.0  393.0
   82.1  17653  -79.3  -91.3     13   0.00    125     23  396.0  396.0  396.0
   82.0  17660  -79.3  -91.3     13   0.00    125     23  396.1  396.1  396.1
   78.6  17901  -79.5  -91.5     13   0.00    107     20  400.5  400.5  400.5
   77.6  17974  -76.5  -90.5      9   0.00    101     19  408.2  408.2  408.2
   73.0  18326  -76.8  -90.0     11   0.00     75     14  414.7  414.7  414.7
   72.2  18390  -76.9  -89.9     11   0.00     72     13  415.9  415.9  415.9
   70.1  18562  -72.3  -89.3      6   0.00     65      9  429.2  429.2  429.2
   70.0  18570  -72.1  -89.1      6   0.00     65      9  429.8  429.8  429.8
   67.3  18802  -71.7  -88.7      6   0.00    155      7  435.5  435.6  435.5
   66.0  18918  -68.2  -87.8      5   0.00    200      6  445.5  445.5  445.5
   65.8  18936  -67.7  -87.7      4   0.00    202      6  447.1  447.1  447.1
   63.0  19198  -68.0  -88.0      4   0.00    230     13  451.9  452.0  451.9
   60.0  19491  -68.4  -88.4      4   0.00    215      9  457.5  457.5  457.5
   58.9  19602  -68.5  -88.5      4   0.00    197      8  459.6  459.6  459.6
   57.0  19801  -66.9  -88.6      3   0.00    165      5  467.5  467.6  467.5
   54.0  20129  -64.3  -88.7      2   0.00    355     10  480.8  480.8  480.8
   53.3  20209  -63.7  -88.7      2   0.00    342     11  484.0  484.1  484.0
   50.0  20600  -64.7  -88.7      2   0.00    280     18  490.6  490.6  490.6
   49.0  20723  -64.8  -89.1      2   0.00    275     17  493.2  493.2  493.2
   47.0  20976  -65.0  -90.0      2   0.00    280     25  498.5  498.5  498.5
   42.0  21660  -65.7  -92.5      1   0.00    240     22  513.2  513.3  513.2
   38.9  22126  -66.1  -94.1      1   0.00    264     14  523.5  523.5  523.5
   37.0  22433  -65.1  -93.1      1   0.00    280      8  533.8  533.8  533.8
   33.0  23135  -62.7  -90.7      1   0.00      0      9  557.8  557.8  557.8
   30.0  23720  -60.7  -88.7      1   0.01    210      8  578.6  578.6  578.6
   29.3  23867  -60.9  -88.9      1   0.01                582.0  582.0  582.0
</PRE><H3>Station information and sounding indices</H3><PRE>
                         Station identifier: WIII
                             Station number: 96749
                           Observation time: 201214/0000
                           Station latitude: -6.11
                          Station longitude: 106.65
                          Station elevation: 8.0
                            Showalter index: -0.94
                               Lifted index: -1.96
    LIFT computed using virtual temperature: -2.16
                                SWEAT index: 226.82
                                    K index: 38.20
                         Cross totals index: 21.10
                      Vertical totals index: 24.50
                        Totals totals index: 45.60
      Convective Available Potential Energy: 391.94
             CAPE using virtual temperature: 444.40
                      Convective Inhibition: -80.71
             CINS using virtual temperature: -62.10
                           Equilibrum Level: 182.43
 Equilibrum Level using virtual temperature: 181.91
                   Level of Free Convection: 754.47
             LFCT using virtual temperature: 772.08
                     Bulk Richardson Number: 30.79
          Bulk Richardson Number using CAPV: 34.91
  Temp [K] of the Lifted Condensation Level: 294.62
Pres [hPa] of the Lifted Condensation Level: 958.91
   Equivalent potential temp [K] of the LCL: 348.11
     Mean mixed layer potential temperature: 298.19
              Mean mixed layer mixing ratio: 17.14
              1000 hPa to 500 hPa thickness: 5776.00
Precipitable water [mm] for entire sounding: 61.40
</PRE>
<P>Description of the 
<A HREF="/upperair/columns.html">data columns</A>
or <A HREF="/upperair/indices.html">sounding indices</A>.

<P>
<FORM>
<INPUT CLASS="button" TYPE="button" VALUE=" Close this window " 
 onClick="window.close();">
<INPUT CLASS="button" TYPE="button" VALUE=" Select another map " 
 onClick="window.blur();">
</FORM>
<HR SIZE="1">
<I>Interested in graduate studies in atmospheric science?
Check out our program at the
<a href="http://www.uwyo.edu/atsc/howtoapply/"
target=_top>University of Wyoming
</a></I>
<HR SIZE="1"><FONT SIZE="-1">
Questions about the weather data provided by this site can be
addressed to <A HREF="mailto:ldoolman@uwyo.edu">
Larry Oolman (ldoolman@uwyo.edu)</A></FONT>
<HR SIZE="1">
<SCRIPT TYPE="text/javascript">
<!--
window.focus();
// -->
</SCRIPT>
</BODY>
</HTML>
