2017-07-23 00
<HTML>
<TITLE>University of Wyoming - Radiosonde Data</TITLE>
<BODY BGCOLOR="white">
<H2>96749 WIII Jakarta Observations at 00Z 23 Jul 2017</H2>
<PRE>
-----------------------------------------------------------------------------
   PRES   HGHT   TEMP   DWPT   RELH   MIXR   DRCT   SKNT   THTA   THTE   THTV
    hPa     m      C      C      %    g/kg    deg   knot     K      K      K 
-----------------------------------------------------------------------------
 1011.0      8   25.2   24.1     94  19.12    230      2  297.4  353.0  300.8
 1005.0     59   26.0   23.2     85  18.19    189      2  298.7  351.9  302.0
 1000.0    101   25.6   22.5     83  17.50    155      2  298.8  349.9  301.9
  977.0    304   24.5   21.3     83  16.63     90      7  299.6  348.4  302.6
  925.0    781   21.8   18.5     82  14.71     85     15  301.6  345.1  304.2
  915.0    876   21.6   15.6     69  12.33     84     14  302.3  339.0  304.6
  850.0   1515   17.6   14.6     83  12.44     80      9  304.6  341.9  306.8
  822.0   1800   16.1   13.5     85  11.99     85      7  305.9  342.1  308.1
  796.0   2074   14.6   12.5     87  11.57    108      5  307.1  342.3  309.3
  794.0   2096   14.5   12.4     87  11.49    110      5  307.2  342.2  309.4
  766.0   2398   12.9   10.3     85  10.40    115      3  308.6  340.5  310.6
  739.0   2699   11.2    8.3     82   9.40     75      6  310.1  339.1  311.8
  732.0   2780   10.8    7.8     82   9.15     76      7  310.4  338.8  312.1
  706.0   3081    9.8    6.2     78   8.49     79     10  312.5  339.1  314.1
  700.0   3152   10.0    5.7     75   8.27     80     11  313.5  339.6  315.1
  694.0   3224    9.6    2.6     62   6.69     80     10  313.9  335.1  315.1
  688.0   3295    9.1    2.7     64   6.81     80      8  314.0  335.7  315.3
  663.0   3601    6.8    3.3     78   7.35    160      1  314.8  338.1  316.2
  661.0   3626    6.6    3.3     79   7.39    159      1  314.9  338.4  316.3
  639.0   3903    5.2    1.0     74   6.47    150      5  316.3  337.1  317.6
  621.0   4137    4.0   -1.0     70   5.76     99      6  317.6  336.2  318.7
  616.0   4203    3.9   -2.7     62   5.10     85      6  318.2  334.9  319.2
  609.0   4295    3.8   -5.2     52   4.29     85      6  319.1  333.3  319.9
  561.0   4958    0.0  -14.0     34   2.32     85      9  322.2  330.2  322.6
  549.0   5130   -1.1  -18.1     26   1.68     85     10  322.9  328.8  323.2
  528.0   5440   -2.5  -16.5     33   2.00     85     11  324.8  331.9  325.2
  515.0   5637   -3.9  -18.9     30   1.68     85     12  325.5  331.4  325.8
  509.0   5730   -4.3  -13.3     50   2.71     85     12  326.1  335.5  326.6
  500.0   5870   -5.5  -12.5     58   2.94     85     13  326.3  336.5  326.9
  455.0   6600   -9.0  -23.1     31   1.32     85     11  330.8  335.6  331.0
  426.0   7111  -11.5  -30.5     19   0.71    110     12  333.9  336.6  334.0
  421.0   7200  -12.0  -31.0     19   0.69    115     12  334.4  337.1  334.5
  400.0   7590  -14.1  -33.1     18   0.59    105     16  336.6  338.9  336.7
  394.0   7705  -14.9  -29.9     27   0.82    108     17  337.0  340.1  337.1
  389.0   7801  -14.9  -32.4     21   0.65    110     18  338.2  340.8  338.4
  386.0   7860  -14.9  -33.9     18   0.57    112     18  339.0  341.2  339.1
  331.0   8999  -24.6  -47.1     11   0.17    145     20  340.9  341.7  341.0
  324.0   9158  -25.9  -48.9     10   0.14    142     21  341.2  341.8  341.2
  300.0   9710  -30.9  -42.9     30   0.29    130     23  341.7  342.9  341.8
  268.0  10493  -37.6  -43.5     54   0.30    120     24  343.1  344.4  343.2
  258.0  10756  -39.9  -43.7     67   0.31    104     23  343.5  344.8  343.6
  250.0  10970  -41.5                          90     23  344.2         344.2
  235.0  11378  -45.0                          75     26  345.1         345.1
  200.0  12440  -54.1                          65     49  346.9         346.9
  193.0  12668  -55.7                          65     54  347.9         347.9
  186.0  12900  -57.0                          65     60  349.5         349.5
  162.0  13768  -61.9                          94     19  355.3         355.3
  161.0  13806  -62.2                          95     17  355.4         355.4
  150.0  14240  -66.1                         145     11  356.0         356.0
  146.0  14400  -67.5                         155     12  356.4         356.4
  128.0  15180  -74.1                         145     20  358.1         358.1
  119.0  15596  -76.0                         140     24  362.2         362.2
  113.0  15892  -77.3                         170     24  365.1         365.1
  102.0  16477  -80.0                         150     24  370.8         370.8
  100.0  16590  -80.5                         155     18  371.9         371.9
   96.0  16821  -80.6                         230      8  376.1         376.1
   93.6  16964  -80.7                         242     16  378.6         378.6
   92.6  17025  -76.7                         247     20  387.7         387.7
   92.0  17063  -75.6                         250     22  390.7         390.7
   90.6  17152  -72.9                         251     22  397.7         397.7
   87.0  17392  -71.2                         255     21  405.8         405.8
   85.2  17515  -70.3                         266     28  410.0         410.0
   83.0  17670  -70.7                         280     36  412.4         412.4
   76.7  18138  -71.7                         276     42  419.6         419.6
   75.0  18271  -71.4                         275     44  422.9         422.9
   70.0  18680  -70.5                         275     37  433.2         433.2
   63.1  19299  -67.5                         272     36  452.9         452.9
   59.6  19640  -69.1                         270     36  456.7         456.7
   51.8  20477  -68.3                         266     35  477.3         477.3
   50.0  20690  -66.3                         265     35  486.8         486.8
   44.7  21376  -61.7                         269     16  513.9         513.9
   43.0  21615  -62.0                         270      9  518.7         518.7
   41.0  21909  -62.5                         260      8  524.8         524.8
   40.9  21924  -62.5                         267      8  525.1         525.1
   39.0  22220  -61.2                          35      9  535.6         535.6
   35.5  22805  -58.5                          56     28  557.1         557.1
   34.0  23075  -59.5                          65     36  561.4         561.4
   33.1  23243  -60.1                          68     39  564.1         564.1
   31.0  23653  -57.7                          76     48  581.3         581.3
   30.0  23860  -57.9                          80     52  586.2         586.2
   25.0  25005  -57.5                         100     59  618.7         618.7
   22.9  25557  -57.3                          94     62  635.0         635.0
   20.1  26388  -51.7                          85     67  676.2         676.2
   20.0  26420  -51.5                          85     66  677.8         677.8
   19.3  26651  -51.1                                     686.0         686.0
</PRE><H3>Station information and sounding indices</H3><PRE>
                         Station identifier: WIII
                             Station number: 96749
                           Observation time: 170723/0000
                           Station latitude: -6.11
                          Station longitude: 106.65
                          Station elevation: 8.0
                            Showalter index: 0.61
                               Lifted index: -2.07
    LIFT computed using virtual temperature: -2.57
                                SWEAT index: 206.18
                                    K index: 33.40
                         Cross totals index: 20.10
                      Vertical totals index: 23.10
                        Totals totals index: 43.20
      Convective Available Potential Energy: 496.75
             CAPE using virtual temperature: 647.95
                      Convective Inhibition: -37.77
             CINS using virtual temperature: -21.33
                           Equilibrum Level: 190.42
 Equilibrum Level using virtual temperature: 190.39
                   Level of Free Convection: 829.70
             LFCT using virtual temperature: 861.78
                     Bulk Richardson Number: 444.16
          Bulk Richardson Number using CAPV: 579.36
  Temp [K] of the Lifted Condensation Level: 294.12
Pres [hPa] of the Lifted Condensation Level: 940.24
   Equivalent potential temp [K] of the LCL: 348.95
     Mean mixed layer potential temperature: 299.36
              Mean mixed layer mixing ratio: 16.96
              1000 hPa to 500 hPa thickness: 5769.00
Precipitable water [mm] for entire sounding: 51.12
</PRE>
<P>Description of the 
<A HREF="/upperair/columns.html">data columns</A>
or <A HREF="/upperair/indices.html">sounding indices</A>.

<P>
<FORM>
<INPUT CLASS="button" TYPE="button" VALUE=" Close this window " 
 onClick="window.close();">
<INPUT CLASS="button" TYPE="button" VALUE=" Select another map " 
 onClick="window.blur();">
</FORM>
<HR SIZE="1">
<I>Interested in graduate studies in atmospheric science?
Check out our program at the
<a href="http://www.uwyo.edu/atsc/howtoapply/"
target=_top>University of Wyoming
</a></I>
<HR SIZE="1"><FONT SIZE="-1">
Questions about the weather data provided by this site can be
addressed to <A HREF="mailto:ldoolman@uwyo.edu">
Larry Oolman (ldoolman@uwyo.edu)</A></FONT>
<HR SIZE="1">
<SCRIPT TYPE="text/javascript">
<!--
window.focus();
// -->
</SCRIPT>
</BODY>
</HTML>
