2018-09-21 00
<HTML>
<TITLE>University of Wyoming - Radiosonde Data</TITLE>
<BODY BGCOLOR="white">
<H2>96749 WIII Jakarta Observations at 00Z 21 Sep 2018</H2>
<PRE>
-----------------------------------------------------------------------------
   PRES   HGHT   TEMP   DWPT   RELH   MIXR   DRCT   SKNT   THTA   THTE   THTV
    hPa     m      C      C      %    g/kg    deg   knot     K      K      K 
-----------------------------------------------------------------------------
 1012.0      8   25.6   22.4     83  17.18    280      4  297.7  347.7  300.8
 1000.0    110   24.4   21.6     84  16.54    285      8  297.6  345.6  300.5
  978.0    304   23.4   21.2     87  16.47    295      9  298.5  346.6  301.4
  945.0    603   21.9   20.5     92  16.36    265      4  299.9  347.9  302.8
  925.0    789   21.0   20.1     95  16.29     15      1  300.8  348.8  303.7
  913.0    903   20.3   18.8     91  15.21     50      3  301.2  346.1  303.9
  911.0    922   20.2   18.6     91  15.04     51      3  301.3  345.7  304.0
  882.0   1202   17.9   16.5     91  13.54     70      8  301.7  341.8  304.1
  856.0   1461   15.8   14.5     92  12.27     70     12  302.1  338.6  304.3
  850.0   1521   15.6   13.9     90  11.88     70     13  302.5  337.9  304.6
  807.0   1961   14.2   11.8     85  10.89     78     11  305.5  338.4  307.5
  794.0   2097   13.2   11.2     88  10.63     80     10  305.9  338.0  307.8
  769.0   2366   11.2   10.0     92  10.12     55      9  306.5  337.3  308.4
  756.0   2508   11.6    9.9     89  10.23     42      8  308.4  339.8  310.3
  739.0   2697   10.5    9.2     92   9.99     25      7  309.3  340.0  311.1
  713.0   2995    8.9    8.2     95   9.63     35      3  310.6  340.4  312.4
  700.0   3148    8.0    7.6     97   9.44      0      1  311.3  340.6  313.1
  687.0   3302    6.9    6.4     97   8.85    185      4  311.8  339.3  313.4
  670.0   3509    5.4    4.8     96   8.11    183      5  312.3  337.7  313.9
  651.0   3744    5.0    5.0    100   8.47    180      5  314.4  341.2  316.1
  646.0   3807    3.6    1.9     89   6.84    179      6  313.6  335.2  314.9
  615.0   4205    1.5    0.3     92   6.42    175      7  315.6  336.2  316.8
  593.0   4499    0.0   -0.8     94   6.12    143      6  317.1  336.9  318.3
  578.0   4704   -0.3   -0.3    100   6.52    121      4  319.1  340.3  320.4
  571.0   4801   -0.9   -1.0    100   6.28    110      4  319.5  339.9  320.7
  530.0   5391   -4.8   -5.1     98   4.98    205      3  321.7  338.2  322.7
  509.0   5711   -6.9   -7.3     97   4.37    195      3  322.9  337.5  323.8
  500.0   5850   -7.7   -9.4     88   3.77    190      3  323.6  336.4  324.3
  490.0   6007   -8.7  -10.3     88   3.57    195      2  324.3  336.4  325.0
  475.0   6249  -10.1  -11.8     87   3.28    320      2  325.4  336.6  326.0
  472.0   6297  -10.6  -12.8     83   3.03    345      2  325.4  335.8  326.0
  465.0   6413  -11.7  -15.3     75   2.52    355      2  325.4  334.1  325.9
  460.0   6496  -11.7  -15.6     73   2.48      2      3  326.4  335.1  326.9
  459.0   6512  -11.3  -13.2     86   3.03      3      3  327.1  337.6  327.7
  455.0   6580  -12.5  -17.5     66   2.14      9      3  326.4  333.9  326.8
  454.0   6597  -12.8  -18.8     61   1.92     10      3  326.2  333.0  326.6
  453.0   6613  -13.1  -20.1     56   1.72     10      3  326.1  332.2  326.4
  439.0   6853  -13.9  -21.9     51   1.52      6      4  328.0  333.5  328.3
  436.0   6905  -13.9  -22.3     49   1.47      5      4  328.6  333.9  328.9
  419.0   7208  -14.1  -24.8     40   1.23     20      3  332.2  336.7  332.4
  417.0   7244  -14.1  -25.1     39   1.20     18      3  332.6  337.1  332.8
  403.0   7503  -15.1  -32.6     21   0.61      0      5  334.6  337.0  334.7
  400.0   7560  -15.3  -34.3     18   0.53     10      6  335.0  337.1  335.1
  398.0   7598  -15.1  -31.1     24   0.72     16      6  335.8  338.6  335.9
  387.0   7805  -16.5  -32.2     25   0.67     50      7  336.6  339.2  336.7
  372.0   8097  -18.6  -33.7     25   0.60     50      9  337.7  340.1  337.8
  357.0   8402  -20.7  -35.3     26   0.53     20      7  338.9  341.0  339.0
  339.0   8784  -23.3  -37.3     27   0.46     61      9  340.3  342.2  340.4
  329.0   8999  -25.2  -38.7     27   0.41     85     10  340.7  342.4  340.8
  303.0   9589  -30.3  -42.4     30   0.30     95     10  341.6  342.9  341.7
  300.0   9660  -30.9  -42.9     30   0.29     90      9  341.7  342.9  341.8
  290.0   9897  -32.9  -44.4     31   0.25     55     10  342.2  343.3  342.3
  256.0  10768  -40.1  -50.1     33   0.15     36     18  344.0  344.6  344.0
  255.0  10795  -40.4                          35     18  344.0         344.0
  250.0  10930  -41.7                          40     17  343.9         343.9
  203.0  12302  -53.6                          70     24  346.2         346.2
  200.0  12400  -54.5                          75     26  346.3         346.3
  185.0  12884  -58.5                          75     29  347.7         347.7
  168.0  13481  -63.4                          45     38  349.2         349.2
  153.0  14061  -68.1                          53     37  350.6         350.6
  150.0  14180  -68.9                          55     37  351.2         351.2
  145.0  14379  -70.6                          50     35  351.7         351.7
  133.0  14886  -74.9                          46     37  352.8         352.8
  130.0  15017  -75.7                          45     37  353.7         353.7
  115.0  15717  -80.1                          73     34  358.1         358.1
  113.0  15815  -80.7                          77     34  358.8         358.8
  112.0  15865  -80.9                          79     34  359.4         359.4
  111.0  15915  -80.7                          81     33  360.6         360.6
  110.0  15966  -80.5                          83     33  362.0         362.0
  108.0  16071  -75.7                          87     33  372.9         372.9
  107.0  16125  -71.7                          90     33  381.5         381.5
  100.0  16520  -74.3                         105     31  383.9         383.9
   96.3  16741  -71.3                          63     23  393.9         393.9
   91.0  17073  -73.7                           0     12  395.6         395.6
   88.0  17269  -75.1                         336     11  396.6         396.6
   86.0  17404  -74.1                         320     10  401.1         401.1
   78.4  17948  -70.3                         282     12  419.8         419.8
   78.0  17978  -70.3                         280     12  420.4         420.4
   70.0  18620  -71.1                         205      6  431.9         431.9
   68.2  18773  -71.3                         128      6  434.7         434.7
   67.0  18879  -70.8                          75      6  438.0         438.0
   63.0  19245  -69.1                         110     13  449.6         449.6
   59.5  19584  -67.5                          97     20  460.5         460.5
   55.0  20052  -69.6                          80     29  466.3         466.3
   53.1  20261  -70.5                          82     32  468.8         468.8
   52.0  20385  -71.5                          83     34  469.3         469.3
   51.0  20500  -66.7                          84     35  483.1         483.1
   50.0  20620  -65.1                          85     37  489.7         489.7
   46.6  21051  -62.3                          86     44  506.3         506.3
   42.2  21660  -62.9                          88     53  519.4         519.4
   39.0  22150  -59.6                          90     60  539.5         539.5
   38.7  22198  -59.3                          90     60  541.5         541.5
   37.2  22444  -57.7                          87     58  551.8         551.8
   34.5  22918  -57.5                          81     55  564.3         564.3
   34.0  23011  -56.9                          80     54  568.3         568.3
   31.0  23600  -52.8                         100     25  594.4         594.4
   30.2  23767  -51.7                         108     19  602.0         602.0
   30.0  23810  -51.7                         110     17  603.1         603.1
   29.0  24030  -51.3                         150     11  610.1         610.1
   28.0  24258  -50.9                         170     13  617.5         617.5
   27.2  24446  -50.5                         167     13  623.6         623.6
   25.0  24991  -52.9                         160     14  631.8         631.8
   24.0  25255  -54.1                         200      8  635.8         635.8
   22.0  25813  -54.1                         160      8  651.8         651.8
   21.9  25842  -54.1                         155      8  652.7         652.7
   20.1  26397  -49.3                          60      8  683.5         683.5
   20.0  26430  -48.5                          55      8  687.0         687.0
   19.0  26769  -48.0                         350     13  698.6         698.6
   18.0  27127  -47.5                         285     12  711.1         711.1
   17.0  27504  -47.0                         345      6  724.5         724.5
   16.0  27905  -46.4                         295     22  739.0         739.0
   15.5  28115  -46.1                         285     21  746.7         746.7
   15.0  28331  -47.1                         275     19  750.5         750.5
   14.0  28785  -49.2                         275     18  758.4         758.4
   13.4  29073  -50.5                                     763.4         763.4
</PRE><H3>Station information and sounding indices</H3><PRE>
                         Station identifier: WIII
                             Station number: 96749
                           Observation time: 180921/0000
                           Station latitude: -6.11
                          Station longitude: 106.65
                          Station elevation: 8.0
                            Showalter index: 0.09
                               Lifted index: -3.38
    LIFT computed using virtual temperature: -3.69
                                SWEAT index: 195.78
                                    K index: 36.80
                         Cross totals index: 21.60
                      Vertical totals index: 23.30
                        Totals totals index: 44.90
      Convective Available Potential Energy: 568.29
             CAPE using virtual temperature: 663.07
                      Convective Inhibition: -19.71
             CINS using virtual temperature: -18.43
                           Equilibrum Level: 210.44
 Equilibrum Level using virtual temperature: 210.26
                   Level of Free Convection: 887.22
             LFCT using virtual temperature: 892.71
                     Bulk Richardson Number: 46.98
          Bulk Richardson Number using CAPV: 54.82
  Temp [K] of the Lifted Condensation Level: 293.91
Pres [hPa] of the Lifted Condensation Level: 949.51
   Equivalent potential temp [K] of the LCL: 346.54
     Mean mixed layer potential temperature: 298.31
              Mean mixed layer mixing ratio: 16.55
              1000 hPa to 500 hPa thickness: 5740.00
Precipitable water [mm] for entire sounding: 57.40
</PRE>
<P>Description of the 
<A HREF="/upperair/columns.html">data columns</A>
or <A HREF="/upperair/indices.html">sounding indices</A>.

<P>
<FORM>
<INPUT CLASS="button" TYPE="button" VALUE=" Close this window " 
 onClick="window.close();">
<INPUT CLASS="button" TYPE="button" VALUE=" Select another map " 
 onClick="window.blur();">
</FORM>
<HR SIZE="1">
<I>Interested in graduate studies in atmospheric science?
Check out our program at the
<a href="http://www.uwyo.edu/atsc/howtoapply/"
target=_top>University of Wyoming
</a></I>
<HR SIZE="1"><FONT SIZE="-1">
Questions about the weather data provided by this site can be
addressed to <A HREF="mailto:ldoolman@uwyo.edu">
Larry Oolman (ldoolman@uwyo.edu)</A></FONT>
<HR SIZE="1">
<SCRIPT TYPE="text/javascript">
<!--
window.focus();
// -->
</SCRIPT>
</BODY>
</HTML>
