2017-11-05 12
<HTML>
<TITLE>University of Wyoming - Radiosonde Data</TITLE>
<BODY BGCOLOR="white">
<H2>96749 WIII Jakarta Observations at 00Z 05 Nov 2017</H2>
<PRE>
-----------------------------------------------------------------------------
   PRES   HGHT   TEMP   DWPT   RELH   MIXR   DRCT   SKNT   THTA   THTE   THTV
    hPa     m      C      C      %    g/kg    deg   knot     K      K      K 
-----------------------------------------------------------------------------
 1008.0      8   26.6   24.7     89  19.90    190      4  299.1  357.4  302.6
 1000.0     74   25.6   22.7     84  17.72    185      4  298.8  350.6  301.9
  998.0     92   25.6   22.7     84  17.76    179      4  298.9  350.9  302.1
  976.0    288   26.0   21.6     77  16.96    118      6  301.2  351.4  304.3
  975.0    297   25.9   21.6     77  16.92    115      6  301.3  351.3  304.3
  942.0    598   24.0   20.0     78  15.90     90      8  302.3  349.5  305.2
  925.0    757   23.0   19.2     79  15.38     90      9  302.8  348.6  305.6
  910.0    899   22.1   18.5     80  14.92     90      9  303.3  347.8  306.0
  879.0   1199   20.1   16.9     82  13.98     70      5  304.3  346.1  306.8
  850.0   1489   18.2   15.4     84  13.11    105      2  305.2  344.6  307.6
  849.0   1499   18.1   15.3     84  13.09    100      2  305.2  344.6  307.6
  819.0   1804   16.1   13.9     87  12.38     75      6  306.2  343.7  308.5
  791.0   2098   14.2   12.6     90  11.71     75     10  307.2  342.8  309.4
  764.0   2392   12.2   11.2     94  11.07     50      7  308.1  342.0  310.2
  748.0   2572   11.0   10.4     96  10.70     60      7  308.7  341.5  310.7
  700.0   3124    9.2    7.1     87   9.12     90      6  312.6  341.1  314.4
  694.0   3195    9.0    7.0     87   9.14     96      4  313.2  341.8  314.9
  685.0   3304    9.3    4.1     70   7.53    105      2  314.7  338.6  316.1
  683.0   3328    9.4    3.4     66   7.20     98      2  315.1  338.0  316.4
  661.0   3598    7.3    2.6     72   7.02     15      2  315.7  338.1  317.1
  651.0   3724    6.4    2.2     75   6.94     40      4  316.0  338.2  317.4
  637.0   3901    5.6   -1.1     62   5.58     75      6  317.1  335.2  318.2
  619.0   4136    4.6   -5.4     48   4.15     75      4  318.6  332.3  319.4
  615.0   4188    4.1   -6.4     46   3.86     75      4  318.6  331.4  319.4
  612.0   4228    3.8   -7.2     44   3.66     69      4  318.7  330.8  319.4
  608.0   4281    3.4   -7.6     44   3.57     61      4  318.8  330.7  319.5
  596.0   4442    2.2   -1.2     78   5.92     38      5  319.2  338.5  320.4
  593.0   4483    2.4   -8.6     44   3.38     32      5  319.9  331.3  320.6
  592.0   4497    2.3   -9.1     42   3.25     30      5  320.0  330.9  320.6
  576.0   4717    1.2  -17.8     23   1.65     44      5  321.2  327.0  321.5
  570.0   4801    0.8  -17.9     23   1.66     50      5  321.7  327.5  322.0
  558.0   4972    0.0  -18.0     24   1.67    328      3  322.7  328.6  323.0
  549.0   5101   -0.8  -20.6     21   1.35    265      2  323.2  328.1  323.5
  529.0   5396   -2.7  -26.7     14   0.82    305      4  324.4  327.4  324.6
  521.0   5516   -3.7  -13.7     46   2.56    311      5  324.6  333.5  325.1
  518.0   5562   -3.7  -25.7     16   0.92    313      5  325.2  328.5  325.3
  514.0   5623   -4.1  -14.1     46   2.51    316      5  325.4  334.1  325.9
  509.0   5700   -4.4  -10.1     65   3.50    320      6  325.9  337.9  326.6
  508.0   5715   -4.5   -9.3     69   3.74    319      6  326.0  338.8  326.7
  500.0   5840   -5.5   -8.5     79   4.05    310      8  326.3  340.1  327.1
  494.0   5935   -6.1   -9.4     77   3.82    304      8  326.7  339.7  327.4
  482.0   6129   -6.5  -16.5     45   2.20    291      8  328.5  336.3  328.9
  478.0   6194   -6.5  -23.5     25   1.21    287      8  329.3  333.7  329.5
  474.0   6260   -6.7  -34.7      9   0.43    282      8  329.8  331.5  329.9
  472.0   6293   -6.9  -35.9      8   0.38    280      8  329.9  331.4  330.0
  468.0   6360   -7.3  -38.3      6   0.30    280      7  330.3  331.5  330.3
  461.0   6477   -8.3  -21.3     34   1.52    280      6  330.4  336.0  330.7
  454.0   6596   -9.1  -24.9     26   1.12    280      5  330.9  335.1  331.2
  430.0   7016  -11.7  -37.7     10   0.35    222      5  332.8  334.1  332.8
  422.0   7161  -12.1  -41.1      7   0.25    202      5  334.0  335.1  334.1
  416.0   7271  -12.9  -28.9     25   0.85    186      5  334.4  337.6  334.5
  411.0   7363  -13.3  -38.3     10   0.34    173      5  335.0  336.4  335.1
  407.0   7438  -13.7  -38.7     10   0.33    163      5  335.4  336.8  335.5
  404.0   7494  -14.0  -33.0     18   0.59    155      5  335.8  338.1  335.9
  401.0   7551  -14.3  -27.3     32   1.02    155      6  336.1  340.0  336.3
  400.0   7570  -14.7  -24.7     42   1.30    155      6  335.8  340.7  336.1
  397.0   7627  -15.3  -22.3     55   1.62    158      6  335.7  341.7  336.1
  394.0   7684  -15.5  -21.5     60   1.75    160      6  336.2  342.7  336.6
  391.0   7742  -15.7  -25.7     42   1.21    163      6  336.7  341.3  336.9
  386.0   7839  -15.9  -29.9     29   0.83    168      7  337.7  340.9  337.8
  382.0   7917  -16.5  -25.5     46   1.26    171      7  337.9  342.7  338.1
  381.0   7937  -16.7  -27.7     38   1.04    172      7  337.9  341.8  338.1
  379.0   7977  -16.9  -22.9     60   1.61    174      7  338.1  344.1  338.4
  378.0   7996  -17.1  -20.3     76   2.03    175      7  338.1  345.6  338.5
  373.0   8096  -17.9  -24.9     54   1.37    180      7  338.3  343.5  338.6
  372.0   8116  -17.9  -27.9     41   1.04    183      7  338.6  342.6  338.8
  369.0   8177  -18.3  -23.3     65   1.60    193      7  338.8  344.8  339.2
  363.0   8299  -19.1  -23.8     66   1.55    213      8  339.4  345.2  339.7
  359.0   8381  -19.7  -23.9     69   1.55    227      8  339.6  345.5  339.9
  358.0   8402  -19.8  -24.3     68   1.50    230      8  339.7  345.4  340.0
  356.0   8444  -20.1  -25.1     64   1.41    232      8  339.9  345.2  340.2
  355.0   8464  -20.3  -24.5     69   1.49    233      8  339.9  345.5  340.2
  354.0   8485  -20.3  -24.1     72   1.55    234      8  340.2  346.0  340.5
  352.0   8527  -20.5  -31.5     37   0.78    236      8  340.5  343.6  340.6
  351.0   8548  -20.5  -41.5     13   0.29    237      8  340.8  341.9  340.8
  350.0   8569  -20.7  -38.7     18   0.39    239      9  340.8  342.3  340.8
  346.0   8654  -21.3  -44.3     11   0.22    243      9  341.1  342.0  341.1
  344.0   8697  -21.7  -47.2      8   0.16    245      9  341.1  341.8  341.1
  342.0   8740  -22.1  -50.1      6   0.11    245      9  341.1  341.6  341.1
  333.0   8935  -23.7  -39.7     22   0.37    242      9  341.5  343.0  341.6
  330.0   9001  -24.3  -31.3     52   0.85    242      9  341.6  344.9  341.8
  329.0   9023  -24.5  -27.3     78   1.25    241      9  341.6  346.4  341.9
  310.0   9455  -26.9  -32.9     57   0.78    237      9  344.1  347.2  344.3
  304.0   9595  -28.1  -33.5     60   0.75    235      9  344.4  347.4  344.5
  300.0   9690  -28.9  -33.9     62   0.73    240      9  344.5  347.4  344.7
  293.0   9858  -30.3  -34.2     69   0.73    252      7  344.9  347.8  345.0
  291.0   9906  -30.6  -34.9     66   0.68    255      7  345.1  347.8  345.2
  279.0  10201  -32.8  -39.4     52   0.45    240      7  346.1  348.0  346.2
  272.0  10380  -34.1  -42.1     44   0.35    247      8  346.8  348.2  346.8
  267.0  10508  -35.5  -49.5     22   0.16    252      9  346.6  347.3  346.6
  250.0  10960  -39.3  -50.3     30   0.15    270     13  347.5  348.2  347.5
  247.0  11043  -39.9  -49.9     34   0.16    273     14  347.8  348.5  347.8
  234.0  11403  -42.9                         285     17  348.6         348.6
  214.0  11999  -47.9                         330     15  349.9         349.9
  200.0  12450  -51.7                         330     15  350.7         350.7
  196.0  12576  -52.8                         325     15  351.0         351.0
  150.0  14250  -67.7                         315      5  353.3         353.3
  146.0  14404  -69.0                         305      4  353.8         353.8
  132.0  14978  -73.8                         345      9  355.5         355.5
  125.0  15289  -76.4                         355      8  356.4         356.4
  119.0  15569  -78.8                          15     11  357.1         357.1
  100.0  16560  -87.1                          60     12  359.2         359.2
   96.0  16783  -87.1                          60     19  363.4         363.4
   91.9  17021  -87.1                          56     26  368.0         368.0
   91.0  17076  -84.8                          55     27  373.6         373.6
   89.9  17143  -81.9                          59     26  380.6         380.6
   83.6  17549  -83.1                          84     19  386.2         386.2
   81.0  17726  -82.2                          95     16  391.6         391.6
   78.6  17895  -81.3                         160     10  396.8         396.8
   77.6  17968  -78.3                         188      8  404.5         404.5
   77.0  18012  -78.2                         205      6  405.7         405.7
   70.1  18552  -76.3                         235     21  420.7         420.7
   70.0  18560  -76.3                         235     21  420.8         420.8
   67.5  18772  -72.5                         260     19  433.4         433.4
   66.0  18905  -72.4                         275     18  436.4         436.4
   60.0  19467  -72.2                         270     18  449.0         449.0
   57.0  19770  -72.0                         225     11  455.9         455.9
   54.0  20089  -71.9                         255      3  463.4         463.4
   51.0  20431  -68.0                         320     10  480.0         480.0
   50.0  20550  -66.7                         330     10  485.9         485.9
   49.3  20635  -64.9                         331      9  492.1         492.1
   46.0  21059  -63.8                         335      4  504.5         504.5
   44.0  21331  -63.2                          85      8  512.6         512.6
   40.0  21914  -61.7                          80     17  530.4         530.4
   38.2  22197  -62.7                          93     25  534.9         534.9
   38.0  22229  -62.8                          95     26  535.4         535.4
   37.5  22311  -63.1                          95     28  536.7         536.7
   37.0  22393  -60.3                          96     30  546.0         546.0
   32.0  23298  -59.0                         100     51  572.4         572.4
   30.0  23700  -58.5                          90     57  584.6         584.6
   25.4  24746  -58.7                          85     58  612.5         612.5
   25.0  24847  -58.2                          85     58  616.5         616.5
   20.0  26270  -51.9                          90     70  676.6         676.6
   19.7  26368  -50.9                          90     70  682.5         682.5
   14.0  28620  -45.4                          85     74  771.2         771.2
   13.6  28811  -44.9                                     779.3         779.3
</PRE><H3>Station information and sounding indices</H3><PRE>
                         Station identifier: WIII
                             Station number: 96749
                           Observation time: 171105/0000
                           Station latitude: -6.11
                          Station longitude: 106.65
                          Station elevation: 8.0
                            Showalter index: -0.46
                               Lifted index: -2.87
    LIFT computed using virtual temperature: -3.25
                                SWEAT index: 196.80
                                    K index: 37.00
                         Cross totals index: 20.90
                      Vertical totals index: 23.70
                        Totals totals index: 44.60
      Convective Available Potential Energy: 591.69
             CAPE using virtual temperature: 755.63
                      Convective Inhibition: -44.67
             CINS using virtual temperature: -33.54
                           Equilibrum Level: 206.66
 Equilibrum Level using virtual temperature: 206.58
                   Level of Free Convection: 837.95
             LFCT using virtual temperature: 854.49
                     Bulk Richardson Number: 268.38
          Bulk Richardson Number using CAPV: 342.74
  Temp [K] of the Lifted Condensation Level: 294.17
Pres [hPa] of the Lifted Condensation Level: 928.09
   Equivalent potential temp [K] of the LCL: 351.19
     Mean mixed layer potential temperature: 300.53
              Mean mixed layer mixing ratio: 17.24
              1000 hPa to 500 hPa thickness: 5766.00
Precipitable water [mm] for entire sounding: 53.39
</PRE>
<P>Description of the 
<A HREF="/upperair/columns.html">data columns</A>
or <A HREF="/upperair/indices.html">sounding indices</A>.

<P>
<FORM>
<INPUT CLASS="button" TYPE="button" VALUE=" Close this window " 
 onClick="window.close();">
<INPUT CLASS="button" TYPE="button" VALUE=" Select another map " 
 onClick="window.blur();">
</FORM>
<HR SIZE="1">
<I>Interested in graduate studies in atmospheric science?
Check out our program at the
<a href="http://www.uwyo.edu/atsc/howtoapply/"
target=_top>University of Wyoming
</a></I>
<HR SIZE="1"><FONT SIZE="-1">
Questions about the weather data provided by this site can be
addressed to <A HREF="mailto:ldoolman@uwyo.edu">
Larry Oolman (ldoolman@uwyo.edu)</A></FONT>
<HR SIZE="1">
<SCRIPT TYPE="text/javascript">
<!--
window.focus();
// -->
</SCRIPT>
</BODY>
</HTML>
