2021-03-28 12
<HTML>
<TITLE>University of Wyoming - Radiosonde Data</TITLE>
<BODY BGCOLOR="white">
<H2>96749 WIII Jakarta Observations at 00Z 28 Mar 2021</H2>
<PRE>
-----------------------------------------------------------------------------
   PRES   HGHT   TEMP   DWPT   RELH   MIXR   DRCT   SKNT   THTA   THTE   THTV
    hPa     m      C      C      %    g/kg    deg   knot     K      K      K 
-----------------------------------------------------------------------------
 1008.0      8   25.2   23.9     93  18.94    200      2  297.7  352.8  301.0
 1000.0     73   25.2   23.1     88  18.17    185      3  298.4  351.4  301.6
  975.0    297   24.8   21.5     82  16.89    210      4  300.1  349.8  303.1
  953.0    498   24.4   20.1     77  15.80    173      4  301.7  348.5  304.5
  925.0    760   22.8   18.7     78  14.90    125      5  302.6  346.9  305.3
  910.0    902   21.9   18.2     80  14.65    100      4  303.1  346.7  305.7
  879.0   1203   19.9   17.1     84  14.13    150      6  304.1  346.3  306.6
  850.0   1495   18.0   16.0     88  13.64    160      6  305.0  346.0  307.5
  841.0   1586   17.2   16.1     93  13.88    178      5  305.1  346.8  307.6
  820.0   1800   16.0   15.0     94  13.25    220      4  306.1  346.0  308.5
  764.0   2399   12.8   11.9     95  11.60    190      5  308.8  344.3  310.9
  748.0   2578   11.8   11.0     95  11.14    172      5  309.6  343.8  311.7
  737.0   2702   11.6    9.7     88  10.37    160      5  310.7  342.7  312.6
  711.0   3002   11.0    6.6     74   8.68     90      8  313.3  340.5  314.9
  710.0   3014   11.0    6.5     74   8.62     91      8  313.4  340.4  315.0
  700.0   3132   10.4    5.5     72   8.16    100      8  314.0  339.7  315.5
  686.0   3297    9.5    4.8     72   7.92     90     10  314.8  339.9  316.3
  615.0   4191    4.6    1.0     77   6.72     95     10  319.2  341.0  320.5
  554.0   5045    0.0   -2.7     82   5.70    106     13  323.4  342.2  324.5
  523.0   5504   -2.9   -4.4     89   5.31    112     14  325.2  343.0  326.3
  510.0   5703   -3.7   -6.3     82   4.71    115     15  326.6  342.6  327.6
  500.0   5860   -4.3   -7.8     77   4.28    130     19  327.7  342.3  328.6
  485.0   6099   -5.7  -11.7     63   3.24    130     20  328.9  340.1  329.5
  466.0   6411   -8.1  -10.8     81   3.62    130     21  329.7  342.2  330.4
  454.0   6613   -9.3  -14.0     69   2.87    130     21  330.6  340.7  331.2
  437.0   6906  -11.2  -14.1     79   2.97    130     22  331.9  342.4  332.5
  427.0   7084  -12.3  -14.1     86   3.03    125     22  332.6  343.4  333.3
  400.0   7580  -15.7  -17.5     86   2.43    110     21  334.5  343.3  335.0
  350.0   8570  -21.5  -26.1     66   1.31    103     19  339.7  344.6  339.9
  300.0   9680  -29.9  -34.9     62   0.66     95     17  343.1  345.8  343.3
  291.0   9895  -31.7  -36.0     65   0.61    100     15  343.6  346.1  343.7
  280.0  10167  -33.9  -37.4     71   0.55     96     15  344.2  346.4  344.3
  250.0  10950  -40.1  -45.1     59   0.27     85     14  346.3  347.5  346.4
  246.0  11060  -40.9  -47.9     47   0.20     85     15  346.7  347.6  346.8
  214.0  11982  -48.8  -55.2     48   0.10     85     19  348.5  348.9  348.5
  200.0  12430  -52.7  -58.7     48   0.07    100     21  349.1  349.5  349.2
  195.0  12594  -54.1  -60.1     48   0.06     99     22  349.4  349.7  349.5
  169.0  13490  -61.6  -70.7     29   0.02     95     29  351.6  351.7  351.6
  161.0  13793  -64.1  -74.3     24   0.01    100     29  352.2  352.3  352.2
  155.0  14031  -66.1  -77.1     20   0.01    105     31  352.7  352.7  352.7
  150.0  14230  -67.7  -78.7     20   0.01    110     32  353.3  353.3  353.3
  135.0  14855  -72.9  -80.9     29   0.00    101     40  354.9  354.9  354.9
  125.0  15299  -76.6  -85.2     25   0.00     95     46  356.1  356.1  356.1
  119.0  15583  -78.9  -87.9     22   0.00     90     51  356.9  356.9  356.9
  112.0  15923  -80.4  -90.1     19   0.00     80     54  360.2  360.2  360.2
  107.0  16180  -81.6  -91.8     17   0.00     85     41  362.8  362.8  362.8
  101.0  16504  -83.0  -93.9     14   0.00     75     33  366.0  366.0  366.0
  100.0  16560  -83.3  -94.3     14   0.00     75     32  366.5  366.6  366.5
   98.0  16672  -84.1  -95.1     14   0.00     70     27  367.1  367.1  367.1
   96.0  16787  -84.0  -95.0     14   0.00     70     21  369.5  369.5  369.5
   91.0  17084  -83.6  -94.6     14   0.00    110     15  375.9  375.9  375.9
   86.5  17365  -83.3  -94.3     14   0.00    112     11  382.1  382.1  382.1
   82.9  17602  -82.1  -95.1     10   0.00    114      7  389.2  389.2  389.2
   82.0  17665  -80.2  -94.2      8   0.00    115      6  394.3  394.3  394.3
   79.4  17849  -74.5  -91.5      6   0.00    187     13  409.7  409.7  409.7
   77.0  18027  -74.8  -92.0      5   0.00    255     20  412.7  412.7  412.7
   70.0  18580  -75.7  -93.7      5   0.00    230     16  422.1  422.1  422.1
   66.0  18918  -77.9  -96.7      4   0.00    195     12  424.4  424.4  424.4
   65.0  19006  -78.5  -97.5      3   0.00    203     11  425.0  425.0  425.0
   63.0  19185  -77.3  -95.8      4   0.00    220      9  431.5  431.5  431.5
   61.1  19361  -76.1  -94.1      5   0.00    198      6  437.9  437.9  437.9
   60.0  19467  -73.4  -92.5      4   0.00    185      4  446.3  446.3  446.3
   59.1  19556  -71.1  -91.1      4   0.00    167      7  453.4  453.4  453.4
   57.0  19771  -70.9  -90.9      4   0.00    125     15  458.5  458.5  458.5
   51.2  20408  -70.3  -90.3      4   0.00     72     14  474.2  474.2  474.2
   50.2  20526  -66.9  -89.9      3   0.00     62     14  484.9  484.9  484.9
   50.0  20550  -66.5  -90.5      2   0.00     60     14  486.4  486.4  486.4
   49.0  20674  -65.7  -90.0      2   0.00     50     13  491.1  491.1  491.1
   46.0  21063  -63.2  -88.2      2   0.00     20      7  506.1  506.1  506.1
   44.0  21336  -61.4  -87.0      2   0.00    280     12  516.9  517.0  516.9
   42.6  21535  -60.1  -86.1      2   0.01    272     13  524.9  525.0  524.9
   40.0  21927  -61.5  -85.6      3   0.01    255     14  531.0  531.0  531.0
   38.5  22164  -62.3  -85.3      3   0.01    270     13  534.7  534.8  534.7
   36.1  22562  -61.9  -86.9      2   0.01    294     10  545.7  545.7  545.7
   36.0  22580  -61.7  -86.9      2   0.01    295     10  546.7  546.8  546.7
   35.0  22755  -59.4  -86.9      2   0.01    270      9  557.1  557.2  557.1
   34.8  22791  -58.9  -86.9      2   0.01    264      9  559.3  559.3  559.3
   33.0  23124  -59.5  -85.8      2   0.01    210      7  566.3  566.3  566.3
   30.6  23596  -60.3  -84.3      3   0.01    186      4  576.4  576.5  576.4
   30.0  23720  -59.9  -83.9      3   0.01    180      3  580.8  580.9  580.8
   29.0  23935  -58.8  -83.5      3   0.01    165      5  589.6  589.7  589.6
   27.0  24388  -56.3  -82.7      2   0.02    205     10  608.6  608.7  608.6
   26.0  24627  -55.0  -82.2      2   0.02    200      4  618.8  619.0  618.8
   24.0  25134  -52.3  -81.3      2   0.02    260     12  641.0  641.3  641.1
   23.0  25407  -53.2  -81.1      2   0.02    200      9  646.1  646.4  646.1
   21.0  25989  -55.3  -80.8      3   0.03    125     30  657.0  657.3  657.0
   20.6  26112  -55.7  -80.7      3   0.03    121     33  659.3  659.6  659.4
   20.0  26300  -55.3  -82.3      2   0.02    115     37  666.2  666.4  666.2
   19.1  26594  -54.5  -82.5      2   0.02     97     41  677.5  677.7  677.5
   19.0  26628  -54.1  -82.4      2   0.02     95     42  679.7  679.9  679.7
   18.0  26978  -50.1  -81.1      1   0.03     85     49  702.9  703.2  702.9
   16.0  27750  -48.0  -78.1      2   0.06     80     40  733.8  734.4  733.8
   15.9  27792  -47.9  -77.9      2   0.06                735.5  736.1  735.5
</PRE><H3>Station information and sounding indices</H3><PRE>
                         Station identifier: WIII
                             Station number: 96749
                           Observation time: 210328/0000
                           Station latitude: -6.11
                          Station longitude: 106.65
                          Station elevation: 8.0
                            Showalter index: 0.24
                               Lifted index: -1.26
    LIFT computed using virtual temperature: -1.57
                                SWEAT index: 223.00
                                    K index: 33.40
                         Cross totals index: 20.30
                      Vertical totals index: 22.30
                        Totals totals index: 42.60
      Convective Available Potential Energy: 507.11
             CAPE using virtual temperature: 593.27
                      Convective Inhibition: -49.64
             CINS using virtual temperature: -39.34
                           Equilibrum Level: 194.50
 Equilibrum Level using virtual temperature: 194.23
                   Level of Free Convection: 842.12
             LFCT using virtual temperature: 847.40
                     Bulk Richardson Number: 101.79
          Bulk Richardson Number using CAPV: 119.09
  Temp [K] of the Lifted Condensation Level: 294.28
Pres [hPa] of the Lifted Condensation Level: 937.78
   Equivalent potential temp [K] of the LCL: 350.05
     Mean mixed layer potential temperature: 299.75
              Mean mixed layer mixing ratio: 17.18
              1000 hPa to 500 hPa thickness: 5787.00
Precipitable water [mm] for entire sounding: 60.91
</PRE>
<P>Description of the 
<A HREF="/upperair/columns.html">data columns</A>
or <A HREF="/upperair/indices.html">sounding indices</A>.

<P>
<FORM>
<INPUT CLASS="button" TYPE="button" VALUE=" Close this window " 
 onClick="window.close();">
<INPUT CLASS="button" TYPE="button" VALUE=" Select another map " 
 onClick="window.blur();">
</FORM>
<HR SIZE="1">
<I>Interested in graduate studies in atmospheric science?
Check out our program at the
<a href="http://www.uwyo.edu/atsc/howtoapply/"
target=_top>University of Wyoming
</a></I>
<HR SIZE="1"><FONT SIZE="-1">
Questions about the weather data provided by this site can be
addressed to <A HREF="mailto:ldoolman@uwyo.edu">
Larry Oolman (ldoolman@uwyo.edu)</A></FONT>
<HR SIZE="1">
<SCRIPT TYPE="text/javascript">
<!--
window.focus();
// -->
</SCRIPT>
</BODY>
</HTML>
