2018-11-29 12
<HTML>
<TITLE>University of Wyoming - Radiosonde Data</TITLE>
<BODY BGCOLOR="white">
<H2>96749 WIII Jakarta Observations at 00Z 29 Nov 2018</H2>
<PRE>
-----------------------------------------------------------------------------
   PRES   HGHT   TEMP   DWPT   RELH   MIXR   DRCT   SKNT   THTA   THTE   THTV
    hPa     m      C      C      %    g/kg    deg   knot     K      K      K 
-----------------------------------------------------------------------------
 1011.0      8   25.4   23.9     91  18.88    170      2  297.6  352.6  301.0
 1000.0    104   25.2   22.7     86  17.72    150      5  298.4  350.1  301.5
  995.0    148   26.2   22.9     82  18.03    148      5  299.8  352.8  303.0
  925.0    790   22.0   19.8     87  15.98    125      6  301.8  349.1  304.7
  866.0   1358   18.6   16.2     86  13.56     82      4  304.0  344.6  306.5
  850.0   1518   18.4   15.6     84  13.29     70      3  305.4  345.4  307.8
  836.0   1660   17.8   11.8     68  10.50     60      2  306.2  338.1  308.2
  823.0   1793   17.1   11.1     68  10.14     50      2  306.8  337.7  308.7
  766.0   2402   13.6    7.6     67   8.62    110      4  309.4  336.1  311.1
  755.0   2524   12.8   10.4     85  10.60    109      4  309.9  342.5  311.8
  713.0   3002   10.4    7.4     82   9.12    105      3  312.3  340.8  314.0
  700.0   3156    9.6    6.4     80   8.69     90      2  313.1  340.3  314.7
  640.0   3891    5.8    0.8     70   6.36     20      3  316.9  337.4  318.1
  594.0   4503    2.7   -3.9     62   4.84      0      1  320.1  336.1  321.1
  584.0   4642    2.0   -5.0     60   4.54      5      2  320.9  335.9  321.7
  573.0   4795    1.2   -6.2     58   4.20     10      3  321.6  335.7  322.4
  558.0   5009    0.0   -8.0     55   3.77     63      3  322.7  335.4  323.4
  552.0   5095   -0.8   -6.3     66   4.35     85      3  322.8  337.4  323.7
  546.0   5183   -1.5   -4.6     79   5.01     95      3  322.9  339.6  323.9
  531.0   5403   -2.7   -5.9     79   4.68    120      3  324.1  339.8  325.0
  512.0   5692   -4.3   -7.5     78   4.27     80      2  325.6  340.0  326.4
  500.0   5880   -5.3   -8.6     78   4.02     95      2  326.5  340.2  327.3
  492.0   6007   -5.8   -9.6     74   3.78    100      2  327.5  340.4  328.2
  486.0   6104   -6.1  -10.3     72   3.61     67      2  328.2  340.7  328.9
  475.0   6283   -7.1  -11.4     71   3.39      6      1  329.1  340.9  329.8
  474.0   6300   -7.2  -12.4     66   3.14      0      1  329.2  340.2  329.9
  472.0   6333   -7.3  -14.3     57   2.69      0      1  329.4  338.9  330.0
  460.0   6534   -8.1  -17.1     48   2.19      0      1  330.9  338.7  331.3
  456.0   6602   -8.5  -13.5     67   2.98      0      1  331.2  341.7  331.8
  439.0   6896  -10.3  -16.3     62   2.46    120      3  332.5  341.4  333.0
  421.0   7220  -12.3  -19.3     56   1.98     91      4  334.0  341.2  334.4
  406.0   7496  -14.4  -20.0     63   1.93     65      5  334.7  341.8  335.1
  400.0   7610  -15.3  -20.3     66   1.92     70      5  335.0  342.0  335.4
  394.0   7724  -16.1  -20.7     68   1.88     72      4  335.4  342.3  335.8
  375.0   8090  -18.7  -24.3     61   1.44     80      2  336.8  342.2  337.1
  351.0   8581  -22.1  -29.1     53   0.99    132      5  338.6  342.4  338.8
  345.0   8707  -22.9  -32.9     40   0.70    145      6  339.2  341.9  339.3
  319.0   9273  -27.7  -33.7     57   0.70    131     11  340.2  343.0  340.4
  318.0   9296  -27.9  -33.9     56   0.69    130     11  340.3  343.0  340.4
  305.0   9592  -30.2  -36.2     56   0.57    140      9  341.1  343.4  341.2
  300.0   9710  -31.1  -37.1     56   0.53    155      7  341.4  343.6  341.5
  292.0   9899  -32.7  -38.5     56   0.47    185      7  341.8  343.8  341.9
  280.0  10192  -35.1  -40.7     57   0.39    205      4  342.4  344.1  342.5
  268.0  10498  -37.7  -42.9     58   0.32    190      4  343.1  344.4  343.1
  257.0  10791  -40.1  -45.1     59   0.27    205      3  343.6  344.7  343.6
  250.0  10980  -41.7                         270      4  343.9         343.9
  245.0  11113  -42.7                         275      5  344.4         344.4
  235.0  11388  -44.9                         300      4  345.3         345.3
  224.0  11703  -47.3                          15      4  346.3         346.3
  214.0  12004  -49.6                          55      6  347.2         347.2
  200.0  12450  -53.1                          10      9  348.5         348.5
  195.0  12609  -54.4                           5      9  348.9         348.9
  178.0  13183  -59.3                          35     18  350.2         350.2
  165.0  13660  -63.3                          35     17  351.1         351.1
  154.0  14080  -66.2                          35     17  353.2         353.2
  150.0  14240  -67.3                          25     14  354.0         354.0
  146.0  14401  -68.1                          10     14  355.2         355.2
  139.0  14694  -69.7                         335     20  357.6         357.6
  131.0  15047  -71.5                         310     18  360.4         360.4
  125.0  15315  -73.7                         290     16  361.2         361.2
  119.0  15596  -76.0                         250     12  362.1         362.1
  113.0  15892  -78.5                         235      8  362.9         362.9
  107.0  16203  -81.1                         310      3  363.7         363.7
  102.0  16477  -83.4                          60      8  364.4         364.4
  100.0  16590  -84.3                          70     11  364.6         364.6
   96.0  16815  -85.2                          80     10  367.2         367.2
   91.0  17109  -86.3                         120     12  370.5         370.5
   89.5  17201  -86.7                         110     17  371.6         371.6
   82.0  17682  -85.9                          85     27  382.6         382.6
   78.1  17949  -85.5                         108     24  388.8         388.8
   77.0  18028  -84.9                         115     23  391.7         391.7
   70.0  18560  -80.7                         110     32  411.4         411.4
   66.0  18895  -77.0                          75     31  426.5         426.5
   65.7  18921  -76.7                          75     31  427.6         427.6
   63.9  19080  -77.3                          72     29  429.7         429.7
   63.0  19162  -74.4                          70     28  437.9         437.9
   62.6  19199  -73.1                          71     28  441.5         441.5
   57.4  19709  -71.5                          84     33  456.2         456.2
   57.0  19750  -71.6                          85     33  457.0         457.0
   50.0  20520  -73.1                          85     52  470.8         470.8
   48.5  20698  -73.5                          81     54  474.0         474.0
   46.0  21010  -70.2                          75     57  489.2         489.2
   44.5  21206  -68.1                          83     51  498.9         498.9
   41.4  21649  -58.5                         100     38  533.2         533.2
   38.0  22186  -58.2                         120     22  547.1         547.1
   36.0  22526  -58.0                         110     24  556.1         556.1
   35.0  22702  -58.0                          80     18  560.8         560.8
   34.5  22793  -57.9                          80     18  563.3         563.3
   33.0  23072  -58.2                           5     14  569.6         569.6
   31.0  23464  -58.7                         310     13  578.6         578.6
   30.0  23670  -56.5                         245     15  590.0         590.0
   29.0  23890  -55.2                         190     24  599.4         599.4
   27.0  24353  -52.4                         150     26  619.6         619.6
   25.0  24852  -49.4                         145     18  642.0         642.0
   24.0  25116  -47.8                         100      7  654.1         654.1
   23.7  25198  -47.3                          54      8  657.9         657.9
   23.0  25394  -48.1                         305     11  661.3         661.3
   21.0  25990  -50.4                         275     37  671.6         671.6
   20.0  26310  -51.7                         270     36  677.2         677.2
   19.5  26474  -52.5                         265     32  679.6         679.6
   17.0  27361  -52.0                         270     22  708.3         708.3
   16.4  27594  -51.9                         273     20  716.0         716.0
   16.0  27755  -50.9                         275     19  724.5         724.5
   15.0  28176  -48.1                         270     20  747.1         747.1
   14.0  28633  -47.5                         265     21  763.9         763.9
   13.0  29124  -47.0                         270     11  782.2         782.2
   11.1  30171  -45.7                         298     15  822.9         822.9
   11.0                                       300     15                     
</PRE><H3>Station information and sounding indices</H3><PRE>
                         Station identifier: WIII
                             Station number: 96749
                           Observation time: 181129/0000
                           Station latitude: -6.11
                          Station longitude: 106.65
                          Station elevation: 8.0
                            Showalter index: -0.55
                               Lifted index: -2.78
    LIFT computed using virtual temperature: -3.17
                                SWEAT index: 195.18
                                    K index: 36.10
                         Cross totals index: 20.90
                      Vertical totals index: 23.70
                        Totals totals index: 44.60
      Convective Available Potential Energy: 1010.23
             CAPE using virtual temperature: 1151.08
                      Convective Inhibition: -21.32
             CINS using virtual temperature: -15.00
                           Equilibrum Level: 164.13
 Equilibrum Level using virtual temperature: 164.11
                   Level of Free Convection: 868.58
             LFCT using virtual temperature: 886.93
                     Bulk Richardson Number: 615.56
          Bulk Richardson Number using CAPV: 701.39
  Temp [K] of the Lifted Condensation Level: 294.83
Pres [hPa] of the Lifted Condensation Level: 943.74
   Equivalent potential temp [K] of the LCL: 351.52
     Mean mixed layer potential temperature: 299.77
              Mean mixed layer mixing ratio: 17.65
              1000 hPa to 500 hPa thickness: 5776.00
Precipitable water [mm] for entire sounding: 56.63
</PRE>
<P>Description of the 
<A HREF="/upperair/columns.html">data columns</A>
or <A HREF="/upperair/indices.html">sounding indices</A>.

<P>
<FORM>
<INPUT CLASS="button" TYPE="button" VALUE=" Close this window " 
 onClick="window.close();">
<INPUT CLASS="button" TYPE="button" VALUE=" Select another map " 
 onClick="window.blur();">
</FORM>
<HR SIZE="1">
<I>Interested in graduate studies in atmospheric science?
Check out our program at the
<a href="http://www.uwyo.edu/atsc/howtoapply/"
target=_top>University of Wyoming
</a></I>
<HR SIZE="1"><FONT SIZE="-1">
Questions about the weather data provided by this site can be
addressed to <A HREF="mailto:ldoolman@uwyo.edu">
Larry Oolman (ldoolman@uwyo.edu)</A></FONT>
<HR SIZE="1">
<SCRIPT TYPE="text/javascript">
<!--
window.focus();
// -->
</SCRIPT>
</BODY>
</HTML>
