2017-09-22 00
<HTML>
<TITLE>University of Wyoming - Radiosonde Data</TITLE>
<BODY BGCOLOR="white">
<H2>96749 WIII Jakarta Observations at 00Z 22 Sep 2017</H2>
<PRE>
-----------------------------------------------------------------------------
   PRES   HGHT   TEMP   DWPT   RELH   MIXR   DRCT   SKNT   THTA   THTE   THTV
    hPa     m      C      C      %    g/kg    deg   knot     K      K      K 
-----------------------------------------------------------------------------
 1010.0      8   24.0   22.2     90  17.00    200      6  296.3  345.5  299.3
 1006.0     44   23.4   20.3     83  15.14    204      7  296.0  339.8  298.7
 1000.0     98   23.4   20.1     82  15.05    210      9  296.6  340.1  299.2
  977.0    302   24.2   19.6     76  14.92    220      8  299.3  343.1  302.0
  944.0    603   22.9   15.6     63  11.93    180      4  301.0  336.3  303.2
  925.0    781   22.2   13.2     57  10.41    115      5  302.0  333.1  303.9
  913.0    893   21.8    8.2     42   7.55    110      6  302.8  325.6  304.1
  899.0   1027   21.4    2.4     29   5.09    104      8  303.6  319.4  304.6
  850.0   1505   17.6    5.6     45   6.75     80     13  304.6  325.2  305.8
  844.0   1566   17.6    9.6     59   8.96     77     13  305.2  332.4  306.8
  833.0   1678   17.6    3.6     39   5.98     71     12  306.3  324.9  307.4
  821.0   1801   16.7    1.5     36   5.21     65     11  306.7  322.9  307.6
  814.0   1874   16.2    0.2     34   4.79     64     11  306.9  321.9  307.8
  793.0   2095   14.2    3.6     49   6.27     60     10  307.0  326.5  308.2
  783.0   2203   13.2    5.2     58   7.13     52      9  307.1  329.1  308.4
  765.0   2398   11.4    5.4     67   7.40     38      8  307.2  330.0  308.6
  757.0   2486   10.8    3.8     62   6.68     31      7  307.5  328.1  308.7
  742.0   2653   10.6  -12.4     19   2.00     18      5  309.0  315.6  309.4
  738.0   2697   10.4  -13.6     17   1.83     15      5  309.2  315.3  309.6
  700.0   3135    8.2  -24.8      8   0.74     45      5  311.5  314.1  311.7
  686.0   3301    7.6  -27.6      6   0.58     55      3  312.7  314.8  312.8
  675.0   3434    7.2  -29.8      5   0.48     35      3  313.7  315.4  313.8
  662.0   3593    6.3  -27.1      7   0.63     10      3  314.4  316.7  314.5
  638.0   3895    4.6  -21.9     13   1.04     20      6  315.8  319.5  316.0
  633.0   3960    4.2  -20.8     14   1.16     18      6  316.1  320.1  316.3
  628.0   4024    3.8  -24.2     11   0.87     16      6  316.3  319.4  316.5
  625.0   4063    3.6  -10.4     35   2.79     14      7  316.5  325.9  317.1
  619.0   4142    4.0  -22.0     13   1.07     12      7  317.9  321.6  318.1
  615.0   4194    4.1  -24.3     10   0.87     10      7  318.6  321.7  318.8
  606.0   4314    4.4  -29.6      6   0.55     24      6  320.2  322.3  320.4
  603.0   4355    4.2  -25.8      9   0.78     29      6  320.5  323.3  320.6
  598.0   4422    3.4   -9.6     38   3.10     36      6  320.3  330.8  320.9
  597.0   4436    3.8  -19.2     17   1.41     38      6  320.9  325.9  321.2
  589.0   4546    5.0  -26.0      8   0.78     51      5  323.6  326.5  323.7
  571.0   4796    3.4  -26.6      9   0.76     80      4  324.6  327.4  324.7
  535.0   5323    0.0  -28.0     10   0.72     68      9  326.6  329.3  326.7
  500.0   5860   -5.1  -14.1     49   2.58     55     14  326.8  335.8  327.3
  499.0   5876   -5.3  -13.3     53   2.76     55     14  326.7  336.3  327.2
  454.0   6610  -12.1  -13.7     88   2.94     41     22  327.1  337.3  327.7
  437.0   6900  -14.0  -16.4     82   2.44     35     25  328.2  336.8  328.7
  420.0   7202  -16.1  -19.3     76   2.00     45     27  329.4  336.5  329.8
  418.0   7238  -16.3  -19.6     76   1.95     48     27  329.6  336.5  329.9
  408.0   7421  -17.1  -25.1     50   1.23     63     29  330.8  335.3  331.1
  401.0   7551  -15.1  -48.1      4   0.12     73     31  335.0  335.6  335.1
  400.0   7570  -15.1  -48.1      4   0.12     75     31  335.3  335.8  335.3
  388.0   7798  -16.2  -48.7      4   0.12     85     32  336.8  337.3  336.8
  356.0   8444  -19.3  -50.3      5   0.11    103     28  341.0  341.5  341.0
  344.0   8694  -21.5  -49.7      6   0.12    110     26  341.4  341.9  341.4
  300.0   9690  -30.1  -47.1     17   0.18     85     35  342.8  343.6  342.9
  255.0  10825  -39.9  -50.9     30   0.14     54     42  344.6  345.3  344.7
  250.0  10960  -41.1                          50     43  344.8         344.8
  234.0  11396  -44.6                          45     43  346.1         346.1
  200.0  12430  -52.9                          50     50  348.8         348.8
  161.0  13780  -65.0                          75     49  350.8         350.8
  150.0  14220  -68.9                          80     47  351.2         351.2
  149.0  14260  -69.3                          80     47  351.2         351.2
  125.0  15289  -76.9                          90     40  355.5         355.5
  107.0  16175  -79.3                          30     20  367.0         367.0
  102.0  16447  -80.1                           5     10  370.6         370.6
  101.0  16503  -78.7                         340      7  374.4         374.4
  100.0  16560  -77.3                         305      7  378.1         378.1
   96.0  16795  -77.4                         245     15  382.4         382.4
   91.0  17103  -77.5                         215      7  387.9         387.9
   87.0  17361  -77.7                          85      5  392.7         392.7
   86.2  17414  -77.7                          81      6  393.7         393.7
   82.0  17703  -76.6                          60     10  401.7         401.7
   78.0  17992  -75.4                         335     12  409.9         409.9
   77.6  18022  -75.3                         331     14  410.7         410.7
   76.2  18129  -71.9                         315     21  419.9         419.9
   74.0  18302  -72.2                         290     33  422.7         422.7
   70.0  18630  -72.9                         270     46  428.1         428.1
   67.0  18886  -73.6                         255     40  432.0         432.0
   63.9  19162  -74.3                         256     34  436.3         436.3
   57.0  19828  -73.6                         260     19  452.4         452.4
   56.0  19931  -73.5                         263     18  454.9         454.9
   50.0  20600  -69.5                         285      9  479.3         479.3
   49.0  20721  -68.7                         285      6  484.1         484.1
   47.2  20946  -67.1                          37      7  493.0         493.0
   47.0  20971  -67.1                          50      7  493.6         493.6
   42.4  21593  -67.1                          23     14  508.3         508.3
   42.0  21650  -66.9                          20     15  510.2         510.2
   38.0  22260  -64.7                          45      9  530.5         530.5
   37.0  22423  -64.2                          95     13  536.1         536.1
   34.6  22832  -62.7                          86     25  550.2         550.2
   33.4  23051  -59.5                          82     31  564.3         564.3
   33.0  23126  -59.7                          80     33  565.7         565.7
   30.0  23720  -61.1                          95     40  577.5         577.5
   29.0  23930  -61.1                          90     44  583.1         583.1
   28.9  23951  -61.1                          90     44  583.7         583.7
   23.3  25294  -58.7                          99     58  627.8         627.8
   23.0  25376  -58.3                         100     59  631.1         631.1
   20.0  26260  -54.5                          95     56  668.6         668.6
   19.3  26489  -52.7                          93     57  681.0         681.0
   17.0  27309  -52.1                          85     61  708.0         708.0
   16.2  27621  -51.9                         121     40  718.5         718.5
   16.0                                       130     35                     
</PRE><H3>Station information and sounding indices</H3><PRE>
                         Station identifier: WIII
                             Station number: 96749
                           Observation time: 170922/0000
                           Station latitude: -6.11
                          Station longitude: 106.65
                          Station elevation: 8.0
                            Showalter index: 8.59
                               Lifted index: 1.37
    LIFT computed using virtual temperature: 1.03
                                SWEAT index: 107.20
                                    K index: -4.70
                         Cross totals index: 10.70
                      Vertical totals index: 22.70
                        Totals totals index: 33.40
      Convective Available Potential Energy: 39.24
             CAPE using virtual temperature: 99.42
                      Convective Inhibition: -162.52
             CINS using virtual temperature: -98.46
                           Equilibrum Level: 406.32
 Equilibrum Level using virtual temperature: 405.67
                   Level of Free Convection: 762.38
             LFCT using virtual temperature: 778.20
                     Bulk Richardson Number: 2.08
          Bulk Richardson Number using CAPV: 5.26
  Temp [K] of the Lifted Condensation Level: 291.43
Pres [hPa] of the Lifted Condensation Level: 920.45
   Equivalent potential temp [K] of the LCL: 340.98
     Mean mixed layer potential temperature: 298.44
              Mean mixed layer mixing ratio: 14.62
              1000 hPa to 500 hPa thickness: 5762.00
Precipitable water [mm] for entire sounding: 28.81
</PRE>
<P>Description of the 
<A HREF="/upperair/columns.html">data columns</A>
or <A HREF="/upperair/indices.html">sounding indices</A>.

<P>
<FORM>
<INPUT CLASS="button" TYPE="button" VALUE=" Close this window " 
 onClick="window.close();">
<INPUT CLASS="button" TYPE="button" VALUE=" Select another map " 
 onClick="window.blur();">
</FORM>
<HR SIZE="1">
<I>Interested in graduate studies in atmospheric science?
Check out our program at the
<a href="http://www.uwyo.edu/atsc/howtoapply/"
target=_top>University of Wyoming
</a></I>
<HR SIZE="1"><FONT SIZE="-1">
Questions about the weather data provided by this site can be
addressed to <A HREF="mailto:ldoolman@uwyo.edu">
Larry Oolman (ldoolman@uwyo.edu)</A></FONT>
<HR SIZE="1">
<SCRIPT TYPE="text/javascript">
<!--
window.focus();
// -->
</SCRIPT>
</BODY>
</HTML>
