2017-03-08 00
<HTML>
<TITLE>University of Wyoming - Radiosonde Data</TITLE>
<BODY BGCOLOR="white">
<H2>96749 WIII Jakarta Observations at 00Z 08 Mar 2017</H2>
<PRE>
-----------------------------------------------------------------------------
   PRES   HGHT   TEMP   DWPT   RELH   MIXR   DRCT   SKNT   THTA   THTE   THTV
    hPa     m      C      C      %    g/kg    deg   knot     K      K      K 
-----------------------------------------------------------------------------
 1009.0      8   24.8   23.3     91  18.23    200      4  297.2  350.1  300.4
 1000.0     81   25.6   22.3     82  17.28    220     10  298.8  349.3  301.8
  999.0     90   26.0   22.4     81  17.41    221     10  299.2  350.2  302.4
  950.0    535   24.6   17.6     65  13.51    246     12  302.1  342.3  304.6
  925.0    770   22.8   16.8     69  13.18    260     13  302.6  341.9  305.0
  911.0    903   22.0   15.9     68  12.60    265     13  303.2  340.8  305.4
  850.0   1505   18.6   11.6     64  10.19    260     13  305.6  336.5  307.5
  827.0   1740   16.6   12.2     75  10.91    267     14  305.9  338.9  307.9
  741.0   2672   12.4    7.4     72   8.79    295     17  311.1  338.4  312.7
  712.0   3006    9.9    6.4     79   8.55    305     18  311.9  338.6  313.5
  700.0   3148    8.8    6.0     83   8.45    310     18  312.2  338.6  313.8
  652.0   3734    4.4    3.1     91   7.39    306     17  313.6  337.0  315.0
  639.0   3898    3.9    1.6     85   6.75    305     17  314.9  336.4  316.1
  622.0   4118    3.2   -0.5     77   5.97    292     14  316.5  335.7  317.6
  593.0   4504    0.6   -0.2     94   6.41    270      8  317.9  338.6  319.1
  586.0   4600    0.0   -0.1     99   6.53    248      7  318.2  339.3  319.5
  571.0   4806   -1.1   -1.3     99   6.15    200      6  319.2  339.3  320.4
  530.0   5397   -4.4   -4.6     98   5.16    250      4  322.2  339.4  323.2
  510.0   5703   -6.0   -6.3     98   4.70    205      6  323.8  339.5  324.7
  500.0   5860   -6.9   -7.2     98   4.48    195      6  324.6  339.6  325.4
  494.0   5954   -7.5   -8.6     92   4.07    205      5  324.9  338.7  325.8
  491.0   6001   -7.8   -8.9     92   4.01    210      5  325.1  338.7  325.9
  472.0   6304  -10.1  -10.6     96   3.64    265      4  326.0  338.4  326.7
  457.0   6553  -11.9  -12.0     99   3.35    265      3  326.8  338.3  327.4
  454.0   6603  -12.4  -12.5     99   3.25    265      3  326.8  338.0  327.4
  448.0   6704  -13.3  -13.4     99   3.05    244      3  326.9  337.4  327.5
  443.0   6789  -12.9  -13.2     98   3.14    226      2  328.4  339.3  329.0
  436.0   6910  -13.4  -15.1     87   2.72    200      2  329.3  338.9  329.8
  402.0   7523  -15.9  -24.9     46   1.27    167     10  333.8  338.5  334.0
  400.0   7560  -15.9  -25.9     42   1.16    165     11  334.2  338.6  334.5
  377.0   8002  -19.3  -30.3     37   0.82    142     11  335.4  338.6  335.6
  369.0   8161  -20.3  -36.3     23   0.47    133     11  336.2  338.0  336.3
  359.0   8363  -21.7  -34.7     30   0.56    122     11  336.9  339.2  337.1
  357.0   8404  -22.0  -33.6     34   0.63    120     11  337.1  339.6  337.2
  346.0   8633  -23.7  -27.5     71   1.16    137     12  337.8  342.2  338.1
  329.0   8996  -26.0  -30.5     65   0.92    165     13  339.6  343.2  339.8
  303.0   9588  -29.6  -35.5     57   0.62    185     13  342.5  345.0  342.6
  300.0   9660  -30.1  -36.1     56   0.59    185     13  342.8  345.2  343.0
  288.0   9949  -32.5  -39.5     50   0.43    172     12  343.4  345.2  343.5
  278.0  10195  -34.6  -40.8     53   0.39    160     12  343.9  345.5  344.0
  255.0  10794  -39.7  -43.9     64   0.31    105      7  345.0  346.3  345.1
  254.0  10822  -39.9  -44.0     65   0.30    105      7  345.0  346.3  345.1
  250.0  10930  -40.9                         105      7  345.1         345.1
  233.0  11397  -44.6                         140     14  346.5         346.5
  223.0  11688  -46.9                         135     15  347.3         347.3
  213.0  11992  -49.4                         105     17  348.1         348.1
  200.0  12410  -52.7                         100     17  349.1         349.1
  150.0  14190  -68.1                          90     41  352.6         352.6
  145.0  14386  -69.5                          90     44  353.6         353.6
  113.0  15832  -79.9                          85     60  360.3         360.3
  112.0  15882  -79.0                          80     55  362.9         362.9
  110.0  15984  -77.1                          70     45  368.3         368.3
  106.0  16196  -76.5                          50     25  373.4         373.4
  101.0  16473  -75.7                         345     13  380.2         380.2
  100.0  16530  -75.5                         325     14  381.6         381.6
   96.0  16765  -76.5                         275     26  384.1         384.1
   84.0  17533  -79.9                         250     14  392.2         392.2
   82.0  17671  -78.7                         245     12  397.4         397.4
   78.0  17959  -76.1                         265     15  408.4         408.4
   77.1  18025  -75.5                         263     14  411.0         411.0
   74.0  18265  -74.6                         255     11  417.8         417.8
   71.0  18507  -73.7                         274     12  424.7         424.7
   70.0  18590  -74.1                         280     12  425.5         425.5
   65.5  18973  -77.3                         246      9  426.7         426.7
   60.0  19481  -74.0                         200      5  444.9         444.9
   57.3  19748  -72.3                         276     11  454.7         454.7
   57.0  19778  -72.3                         285     12  455.3         455.3
   54.0  20095  -72.7                         258      9  461.5         461.5
   52.7  20238  -72.7                         246      8  464.7         464.7
   51.4  20385  -68.7                         234      6  477.4         477.4
   51.0  20432  -68.8                         230      6  478.2         478.2
   50.0  20550  -69.1                         225      3  480.2         480.2
   49.0  20672  -68.5                         300      5  484.4         484.4
   46.0  21053  -66.7                         320     16  497.6         497.6
   44.4  21267  -65.7                         308     13  505.1         505.1
   44.0  21322  -65.8                         305     12  506.0         506.0
   42.0  21604  -66.7                         315      9  510.8         510.8
   40.9  21765  -67.1                         305     10  513.6         513.6
   36.0  22545  -62.7                         255     16  544.1         544.1
   35.2  22683  -61.9                         263      6  549.6         549.6
   35.0  22718  -61.4                         265      4  551.9         551.9
   33.9  22918  -58.5                         235      3  564.5         564.5
   33.0  23088  -58.1                         210      3  570.0         570.0
   31.0  23483  -57.1                         275      6  582.9         582.9
   30.0  23690  -57.7                         215      6  586.8         586.8
   29.0  23903  -58.2                         160      7  591.0         591.0
   27.4  24259  -59.1                         235      5  598.2         598.2
   27.0  24351  -59.1                         255      5  600.8         600.8
   26.0  24587  -59.0                         275     16  607.5         607.5
   21.0  25924  -58.6                         220      6  647.0         647.0
   20.0  26230  -58.5                          40      7  656.4         656.4
   19.1  26520  -57.9                          44      9  666.9         666.9
   18.0  26900  -53.6                          50     12  691.9         691.9
   17.3  27154  -50.7                                     709.0         709.0
</PRE><H3>Station information and sounding indices</H3><PRE>
                         Station identifier: WIII
                             Station number: 96749
                           Observation time: 170308/0000
                           Station latitude: -6.11
                          Station longitude: 106.65
                          Station elevation: 8.0
                            Showalter index: 1.47
                               Lifted index: -2.65
    LIFT computed using virtual temperature: -2.84
                                SWEAT index: 171.19
                                    K index: 34.30
                         Cross totals index: 18.50
                      Vertical totals index: 25.50
                        Totals totals index: 44.00
      Convective Available Potential Energy: 482.95
             CAPE using virtual temperature: 544.64
                      Convective Inhibition: -111.54
             CINS using virtual temperature: -69.47
                           Equilibrum Level: 303.22
 Equilibrum Level using virtual temperature: 301.61
                   Level of Free Convection: 721.40
             LFCT using virtual temperature: 735.93
                     Bulk Richardson Number: 59.60
          Bulk Richardson Number using CAPV: 67.22
  Temp [K] of the Lifted Condensation Level: 292.64
Pres [hPa] of the Lifted Condensation Level: 915.46
   Equivalent potential temp [K] of the LCL: 346.68
     Mean mixed layer potential temperature: 300.15
              Mean mixed layer mixing ratio: 15.95
              1000 hPa to 500 hPa thickness: 5779.00
Precipitable water [mm] for entire sounding: 53.68
</PRE>
<P>Description of the 
<A HREF="/upperair/columns.html">data columns</A>
or <A HREF="/upperair/indices.html">sounding indices</A>.

<P>
<FORM>
<INPUT CLASS="button" TYPE="button" VALUE=" Close this window " 
 onClick="window.close();">
<INPUT CLASS="button" TYPE="button" VALUE=" Select another map " 
 onClick="window.blur();">
</FORM>
<HR SIZE="1">
<I>Interested in graduate studies in atmospheric science?
Check out our program at the
<a href="http://www.uwyo.edu/atsc/howtoapply/"
target=_top>University of Wyoming
</a></I>
<HR SIZE="1"><FONT SIZE="-1">
Questions about the weather data provided by this site can be
addressed to <A HREF="mailto:ldoolman@uwyo.edu">
Larry Oolman (ldoolman@uwyo.edu)</A></FONT>
<HR SIZE="1">
<SCRIPT TYPE="text/javascript">
<!--
window.focus();
// -->
</SCRIPT>
</BODY>
</HTML>
