2019-06-14 00
<HTML>
<TITLE>University of Wyoming - Radiosonde Data</TITLE>
<BODY BGCOLOR="white">
<H2>96749 WIII Jakarta Observations at 00Z 14 Jun 2019</H2>
<PRE>
-----------------------------------------------------------------------------
   PRES   HGHT   TEMP   DWPT   RELH   MIXR   DRCT   SKNT   THTA   THTE   THTV
    hPa     m      C      C      %    g/kg    deg   knot     K      K      K 
-----------------------------------------------------------------------------
 1010.0      8   26.6   24.0     86  19.02    270      4  298.9  354.6  302.3
 1000.0     91   25.8   22.8     84  17.83    100      1  298.9  351.1  302.1
  977.0    295   24.8   21.9     84  17.30    160      3  299.9  350.8  303.0
  944.0    597   23.3   20.7     85  16.53    120      4  301.4  350.2  304.3
  925.0    775   22.4   19.9     86  16.09    150      4  302.2  349.9  305.1
  912.0    898   21.7   18.6     83  15.06    135      3  302.7  347.6  305.5
  881.0   1197   20.1   15.6     75  12.79     85      4  304.1  342.4  306.4
  851.0   1498   18.5   12.5     68  10.81     80      7  305.4  338.1  307.4
  850.0   1508   18.4   12.4     68  10.75     80      8  305.4  337.9  307.4
  823.0   1784   16.8   12.3     75  11.04    108     10  306.6  340.0  308.6
  821.0   1805   16.7   12.2     74  10.97    110     10  306.7  340.0  308.7
  771.0   2339   15.0    9.0     67   9.43    122     11  310.4  339.6  312.1
  738.0   2707   12.2    8.0     76   9.19    130     12  311.2  339.7  312.9
  714.0   2984   10.0    7.2     83   9.00    106     11  311.8  339.8  313.4
  713.0   2996   10.0    7.1     82   8.93    105     11  311.8  339.7  313.5
  700.0   3149    9.4    5.2     75   7.98    100     13  312.9  338.0  314.4
  666.0   3560    7.0    1.0     66   6.22     97     19  314.6  334.5  315.8
  649.0   3773    6.4    0.4     65   6.11     96     22  316.3  336.0  317.5
  642.0   3862    6.0    0.0     65   6.00     95     23  316.8  336.2  318.0
  639.0   3900    6.7   -0.8     59   5.68     95     24  318.1  336.5  319.1
  636.0   3939    7.4   -1.6     53   5.38     96     24  319.3  336.9  320.3
  621.0   4135    7.4   -5.6     39   4.08    100     26  321.5  335.1  322.2
  572.0   4802    1.3   -9.2     45   3.34    115     30  321.9  333.3  322.6
  562.0   4945    0.0  -10.0     47   3.20    106     28  322.0  332.9  322.7
  560.0   4973   -0.5   -6.5     64   4.22    104     28  321.8  335.9  322.6
  544.0   5204   -2.7   -5.3     82   4.77     88     25  321.8  337.7  322.8
  531.0   5396   -3.4   -5.4     86   4.85     75     22  323.2  339.4  324.2
  514.0   5653   -4.3   -5.5     91   4.97     72     20  325.2  341.8  326.1
  500.0   5870   -5.7   -6.6     93   4.69     70     18  326.0  341.9  326.9
  492.0   5994   -6.4   -7.4     93   4.50     75     19  326.6  341.9  327.5
  474.0   6282   -8.1   -9.1     93   4.06    100     19  328.0  341.9  328.8
  400.0   7590  -15.9  -17.2     90   2.50     80     23  334.2  343.2  334.7
  352.0   8542  -21.5  -24.5     77   1.50     66     24  339.1  344.8  339.4
  318.0   9278  -26.5  -29.5     76   1.05     55     25  342.2  346.3  342.4
  300.0   9700  -29.3  -32.3     75   0.85     65     25  344.0  347.3  344.1
  292.0   9893  -30.7  -33.6     76   0.77     66     25  344.6  347.7  344.8
  281.0  10166  -32.7  -38.7     55   0.48     69     26  345.6  347.5  345.7
  268.0  10499  -35.7  -43.7     44   0.30     71     27  345.9  347.2  346.0
  250.0  10980  -39.9  -47.9     42   0.20     75     28  346.6  347.5  346.6
  200.0  12460  -52.5                          75     39  349.5         349.5
  196.0  12590  -53.5                          77     38  349.9         349.9
  187.0  12884  -55.7                          80     34  351.1         351.1
  150.0  14260  -66.1                          75     44  356.0         356.0
  146.0  14423  -67.7                          77     44  356.0         356.0
  139.0  14713  -69.8                          80     45  357.3         357.3
  125.0  15339  -74.5                          98     40  359.8         359.8
  120.0  15575  -76.2                         105     38  360.9         360.9
  117.0  15720  -77.3                         103     36  361.5         361.5
  113.0  15920  -77.2                         100     34  365.4         365.4
  108.0  16179  -77.0                         120     13  370.5         370.5
  102.0  16507  -76.8                         240     17  377.0         377.0
  100.0  16620  -76.7                         240     18  379.3         379.3
   87.3  17399  -79.5                         243     16  388.7         388.7
   84.2  17606  -76.7                         244     15  398.4         398.4
   79.3  17951  -78.3                         245     14  402.0         402.0
   79.0  17972  -78.2                         245     14  402.6         402.6
   75.0  18272  -77.0                         270     18  411.1         411.1
   70.0  18670  -75.5                         250     23  422.5         422.5
   67.0  18927  -73.5                         250     24  432.1         432.1
   62.4  19344  -70.3                         284     26  448.1         448.1
   61.0  19478  -70.5                         295     26  450.6         450.6
   58.5  19726  -70.9                         287     29  455.1         455.1
   52.4  20391  -62.7                         266     36  488.7         488.7
   52.0  20439  -62.8                         265     37  489.6         489.6
   50.0  20680  -63.1                         265     41  494.4         494.4
   45.1  21308  -66.5                         265     49  500.9         500.9
   43.0  21595  -67.0                         260     43  506.7         506.7
   42.3  21694  -67.1                         260     42  508.7         508.7
   40.7  21929  -62.9                         260     40  524.8         524.8
   36.9  22533  -61.5                         260     35  543.3         543.3
   31.2  23562  -65.3                         260     26  559.8         559.8
   31.0  23601  -65.2                         260     26  561.0         561.0
   30.0  23800  -64.9                         265     24  567.1         567.1
   29.0  24006  -64.7                         271     26  573.2         573.2
   26.0  24684  -57.7                         290     32  611.2         611.2
   25.6  24780  -56.7                         286     32  616.8         616.8
   22.0  25756  -51.5                         245     28  659.4         659.4
   21.0  26056  -50.0                         220     20  673.0         673.0
   20.0  26370  -48.3                         185     13  687.6         687.6
   19.4  26571  -47.3                         137     17  696.7         696.7
   19.0  26709  -47.2                         105     20  701.3         701.3
   18.3  26957  -46.9                          98     23  709.6         709.6
   16.0  27835  -51.8                          75     32  721.6         721.6
   15.5  28042  -52.9                          75     30  724.4         724.4
   14.3  28566  -49.7                          89     33  752.0         752.0
   13.2  29088  -50.7                         102     35  766.0         766.0
   13.0  29187  -50.6                         105     36  769.7         769.7
   12.4  29495  -50.3                          98     38  781.2         781.2
   12.0  29710  -47.9                          93     39  797.0         797.0
   11.0  30283  -48.7                          80     43  814.1         814.1
   10.8  30404  -48.9                                     817.7         817.7
</PRE><H3>Station information and sounding indices</H3><PRE>
                         Station identifier: WIII
                             Station number: 96749
                           Observation time: 190614/0000
                           Station latitude: -6.11
                          Station longitude: 106.65
                          Station elevation: 8.0
                            Showalter index: 2.06
                               Lifted index: -3.01
    LIFT computed using virtual temperature: -3.29
                                SWEAT index: 182.81
                                    K index: 32.30
                         Cross totals index: 18.10
                      Vertical totals index: 24.10
                        Totals totals index: 42.20
      Convective Available Potential Energy: 709.98
             CAPE using virtual temperature: 819.24
                      Convective Inhibition: -50.51
             CINS using virtual temperature: -25.19
                           Equilibrum Level: 191.29
 Equilibrum Level using virtual temperature: 191.29
                   Level of Free Convection: 753.33
             LFCT using virtual temperature: 863.70
                     Bulk Richardson Number: 39.73
          Bulk Richardson Number using CAPV: 45.85
  Temp [K] of the Lifted Condensation Level: 294.65
Pres [hPa] of the Lifted Condensation Level: 941.79
   Equivalent potential temp [K] of the LCL: 351.04
     Mean mixed layer potential temperature: 299.76
              Mean mixed layer mixing ratio: 17.49
              1000 hPa to 500 hPa thickness: 5779.00
Precipitable water [mm] for entire sounding: 55.71
</PRE>
<P>Description of the 
<A HREF="/upperair/columns.html">data columns</A>
or <A HREF="/upperair/indices.html">sounding indices</A>.

<P>
<FORM>
<INPUT CLASS="button" TYPE="button" VALUE=" Close this window " 
 onClick="window.close();">
<INPUT CLASS="button" TYPE="button" VALUE=" Select another map " 
 onClick="window.blur();">
</FORM>
<HR SIZE="1">
<I>Interested in graduate studies in atmospheric science?
Check out our program at the
<a href="http://www.uwyo.edu/atsc/howtoapply/"
target=_top>University of Wyoming
</a></I>
<HR SIZE="1"><FONT SIZE="-1">
Questions about the weather data provided by this site can be
addressed to <A HREF="mailto:ldoolman@uwyo.edu">
Larry Oolman (ldoolman@uwyo.edu)</A></FONT>
<HR SIZE="1">
<SCRIPT TYPE="text/javascript">
<!--
window.focus();
// -->
</SCRIPT>
</BODY>
</HTML>
