2017-06-27 12
<HTML>
<TITLE>University of Wyoming - Radiosonde Data</TITLE>
<BODY BGCOLOR="white">
<H2>96749 WIII Jakarta Observations at 00Z 27 Jun 2017</H2>
<PRE>
-----------------------------------------------------------------------------
   PRES   HGHT   TEMP   DWPT   RELH   MIXR   DRCT   SKNT   THTA   THTE   THTV
    hPa     m      C      C      %    g/kg    deg   knot     K      K      K 
-----------------------------------------------------------------------------
 1011.0      8   23.6   22.5     94  17.30    160      3  295.8  345.8  298.9
 1001.0     93   23.4   21.5     89  16.42    155      7  296.5  344.0  299.4
 1000.0    102   23.6   21.1     86  16.03    155      7  296.8  343.2  299.6
  995.0    146   24.6   20.6     78  15.61    153      7  298.2  343.7  301.0
  978.0    297   24.5   19.1     72  14.45    145      5  299.5  341.9  302.1
  970.0    369   24.4   18.4     69  13.93    127      5  300.1  341.1  302.7
  945.0    596   23.2   18.6     75  14.50     70      6  301.2  344.0  303.8
  925.0    783   22.2   18.8     81  15.00     60     10  302.0  346.5  304.7
  882.0   1198   19.9   16.2     79  13.32     30      9  303.8  343.6  306.2
  852.0   1500   18.3   14.3     78  12.19    355      9  305.1  341.8  307.3
  850.0   1520   18.2   14.2     77  12.12    355      9  305.2  341.7  307.4
  784.0   2209   15.0   10.0     72   9.93    343     11  308.9  339.4  310.7
  700.0   3158    9.2    5.7     79   8.27    325     14  312.6  338.6  314.2
  688.0   3299    8.3    5.0     80   8.03    325     13  313.2  338.5  314.7
  640.0   3888    4.7    2.2     84   7.08    345     12  315.6  338.2  316.9
  616.0   4199    2.7    0.8     87   6.61     15     10  316.8  338.1  318.1
  594.0   4496    0.9   -0.6     90   6.19     35     11  318.0  338.0  319.2
  584.0   4634    0.0   -1.3     91   5.99     37     11  318.5  338.0  319.7
  534.0   5344   -4.5   -4.8     98   5.04     45     14  321.4  338.1  322.4
  531.0   5388   -4.7   -5.2     96   4.94     45     14  321.7  338.1  322.7
  500.0   5860   -6.3   -8.9     82   3.92     55     15  325.3  338.6  326.1
  475.0   6261   -8.1  -12.6     70   3.07     66     15  327.9  338.6  328.5
  472.0   6310   -8.3  -12.8     70   3.04     67     15  328.2  338.8  328.8
  471.0   6327   -8.3  -16.3     53   2.29     68     15  328.4  336.5  328.9
  470.0   6343   -8.3  -16.3     53   2.29     68     15  328.6  336.7  329.1
  469.0   6360   -8.3  -13.3     67   2.94     69     15  328.8  339.1  329.4
  468.0   6377   -8.3  -16.3     53   2.30     69     15  329.0  337.2  329.5
  466.0   6410   -8.5  -16.5     52   2.27     70     15  329.2  337.2  329.6
  465.0   6427   -8.7  -13.1     70   3.02     70     15  329.1  339.7  329.7
  455.0   6594   -9.8  -15.7     62   2.49     75     15  329.8  338.6  330.3
  435.0   6941  -12.1  -21.1     47   1.64     77     16  331.1  337.1  331.5
  432.0   6994  -12.3  -22.3     43   1.49     77     16  331.5  337.0  331.8
  423.0   7155  -13.5  -16.7     77   2.46     78     16  332.0  340.8  332.5
  420.0   7210  -13.9  -15.3     89   2.79     78     16  332.2  342.1  332.7
  414.0   7319  -14.3  -16.1     86   2.64     79     16  333.0  342.5  333.6
  408.0   7430  -14.7  -20.7     60   1.81     79     17  333.9  340.5  334.3
  406.0   7467  -14.9  -23.9     46   1.37     79     17  334.1  339.2  334.4
  400.0   7580  -15.5  -23.5     50   1.45     80     17  334.8  340.1  335.1
  397.0   7637  -16.1  -25.1     46   1.26     81     17  334.7  339.4  334.9
  386.0   7848  -17.3  -26.3     45   1.16     85     16  335.8  340.2  336.1
  385.0   7867  -17.5  -27.5     41   1.04     85     16  335.8  339.8  336.0
  384.0   7887  -17.7  -27.7     41   1.03     85     16  335.8  339.7  336.0
  382.0   7926  -17.7  -26.7     45   1.13     86     16  336.3  340.6  336.5
  381.0   7945  -17.7  -22.2     68   1.70     86     16  336.5  342.9  336.9
  371.0   8144  -19.3  -21.0     86   1.94     90     16  337.0  344.1  337.4
  344.0   8702  -23.3  -24.9     87   1.48    100     14  338.9  344.5  339.2
  320.0   9227  -26.5  -31.5     63   0.86     82     17  341.6  344.9  341.7
  304.0   9595  -29.5  -33.4     69   0.76     70     19  342.4  345.3  342.5
  300.0   9690  -30.3  -33.9     71   0.73     70     19  342.6  345.4  342.7
  295.0   9809  -31.1  -34.2     74   0.72     71     19  343.1  345.9  343.2
  267.0  10503  -36.8  -40.7     67   0.41     80     16  344.7  346.4  344.8
  252.0  10906  -40.1  -44.4     63   0.29     71     12  345.5  346.8  345.6
  250.0  10960  -40.3                          70     11  346.0         346.0
  234.0  11399  -44.2                          70     11  346.7         346.7
  204.0  12309  -52.3                         105      7  347.8         347.8
  200.0  12440  -53.5                         130      7  347.9         347.9
  195.0  12597  -55.0                         145      7  348.1         348.1
  177.0  13197  -60.6                         180      9  348.6         348.6
  169.0  13484  -63.3                         210     11  348.7         348.7
  153.0  14101  -69.1                         205     18  348.9         348.9
  152.0  14141  -69.5                         203     18  348.9         348.9
  150.0  14220  -70.3                         200     18  348.8         348.8
  145.0  14418  -71.5                         185     14  350.1         350.1
  138.0  14707  -73.3                         125     11  351.9         351.9
  131.0  15011  -75.2                         105     14  353.8         353.8
  130.0  15056  -75.5                         111     14  354.0         354.0
  125.0  15282  -75.4                         140     16  358.1         358.1
  118.0  15615  -75.3                         100     12  364.2         364.2
  112.0  15916  -75.3                          15      6  369.9         369.9
  107.0  16180  -75.2                         305     13  374.9         374.9
  101.0  16513  -75.1                         300     21  381.3         381.3
  100.0  16570  -75.1                         295     23  382.4         382.4
   91.0  17115  -76.8                         270     37  389.4         389.4
   84.8  17523  -78.1                         261     35  394.8         394.8
   78.0  18003  -78.1                         250     33  404.3         404.3
   76.7  18099  -78.1                         256     32  406.2         406.2
   74.0  18307  -76.3                         270     31  414.2         414.2
   70.0  18630  -73.5                         265     31  426.8         426.8
   62.9  19260  -69.5                         272     41  448.9         448.9
   60.0  19543  -68.4                         275     45  457.5         457.5
   55.1  20055  -66.3                         275     41  473.5         473.5
   55.0  20065  -66.3                         275     41  473.7         473.7
   50.0  20640  -67.5                         260     39  484.0         484.0
   49.5  20701  -67.5                         257     39  485.4         485.4
   45.6  21197  -65.3                         234     36  502.2         502.2
   45.0  21279  -64.4                         230     35  506.2         506.2
   43.0  21562  -61.5                         205     19  520.1         520.1
   41.0  21857  -58.4                         140      9  535.0         535.0
   40.1  21995  -56.9                         131     10  542.1         542.1
   34.0  23032  -59.5                          60     20  561.5         561.5
   32.6  23296  -60.1                                     566.6         566.6
</PRE><H3>Station information and sounding indices</H3><PRE>
                         Station identifier: WIII
                             Station number: 96749
                           Observation time: 170627/0000
                           Station latitude: -6.11
                          Station longitude: 106.65
                          Station elevation: 8.0
                            Showalter index: -0.10
                               Lifted index: -0.52
    LIFT computed using virtual temperature: -0.69
                                SWEAT index: 203.38
                                    K index: 35.20
                         Cross totals index: 20.50
                      Vertical totals index: 24.50
                        Totals totals index: 45.00
      Convective Available Potential Energy: 74.06
             CAPE using virtual temperature: 91.26
                      Convective Inhibition: -205.39
             CINS using virtual temperature: -179.79
                           Equilibrum Level: 477.92
 Equilibrum Level using virtual temperature: 470.53
                   Level of Free Convection: 649.61
             LFCT using virtual temperature: 665.29
                     Bulk Richardson Number: 4.01
          Bulk Richardson Number using CAPV: 4.94
  Temp [K] of the Lifted Condensation Level: 291.94
Pres [hPa] of the Lifted Condensation Level: 922.28
   Equivalent potential temp [K] of the LCL: 342.70
     Mean mixed layer potential temperature: 298.78
              Mean mixed layer mixing ratio: 15.07
              1000 hPa to 500 hPa thickness: 5758.00
Precipitable water [mm] for entire sounding: 55.64
</PRE>
<P>Description of the 
<A HREF="/upperair/columns.html">data columns</A>
or <A HREF="/upperair/indices.html">sounding indices</A>.

<P>
<FORM>
<INPUT CLASS="button" TYPE="button" VALUE=" Close this window " 
 onClick="window.close();">
<INPUT CLASS="button" TYPE="button" VALUE=" Select another map " 
 onClick="window.blur();">
</FORM>
<HR SIZE="1">
<I>Interested in graduate studies in atmospheric science?
Check out our program at the
<a href="http://www.uwyo.edu/atsc/howtoapply/"
target=_top>University of Wyoming
</a></I>
<HR SIZE="1"><FONT SIZE="-1">
Questions about the weather data provided by this site can be
addressed to <A HREF="mailto:ldoolman@uwyo.edu">
Larry Oolman (ldoolman@uwyo.edu)</A></FONT>
<HR SIZE="1">
<SCRIPT TYPE="text/javascript">
<!--
window.focus();
// -->
</SCRIPT>
</BODY>
</HTML>
