2018-05-20 12
<HTML>
<TITLE>University of Wyoming - Radiosonde Data</TITLE>
<BODY BGCOLOR="white">
<H2>96749 WIII Jakarta Observations at 00Z 20 May 2018</H2>
<PRE>
-----------------------------------------------------------------------------
   PRES   HGHT   TEMP   DWPT   RELH   MIXR   DRCT   SKNT   THTA   THTE   THTV
    hPa     m      C      C      %    g/kg    deg   knot     K      K      K 
-----------------------------------------------------------------------------
 1008.0      8   25.0   22.8     88  17.69    200      3  297.5  348.9  300.6
 1000.0     79   25.4   21.7     80  16.64    195      2  298.6  347.2  301.5
  986.0    204   25.2   21.7     81  16.89    150      3  299.6  349.1  302.6
  975.0    303   24.7   21.3     82  16.69    115      3  300.0  349.0  303.0
  943.0    598   23.1   20.2     84  16.11     65      8  301.3  348.9  304.2
  925.0    768   22.2   19.6     85  15.78     60     10  302.0  348.8  304.9
  911.0    900   21.5   18.8     85  15.22     60      9  302.6  347.8  305.3
  880.0   1199   19.8   16.9     83  14.00     80      7  303.9  345.8  306.4
  850.0   1499   18.2   15.1     82  12.86     75      7  305.2  343.9  307.6
  823.0   1775   16.2   14.0     87  12.36     62      6  305.9  343.2  308.2
  820.0   1806   16.1   13.8     86  12.24     60      6  306.1  343.1  308.4
  792.0   2100   15.1   11.9     81  11.19     65      5  308.1  342.2  310.2
  764.0   2405   14.0   10.0     76  10.17    105      5  310.1  341.5  312.1
  763.0   2416   14.0    9.9     76  10.13    105      5  310.2  341.5  312.1
  738.0   2695   12.1    8.3     78   9.43    110      5  311.2  340.4  312.9
  700.0   3137    9.2    5.9     80   8.39     50      4  312.6  338.9  314.2
  662.0   3594    6.7    4.0     82   7.73      5      6  314.9  339.4  316.4
  615.0   4196    3.5    1.4     86   6.92     20      8  317.9  340.2  319.2
  593.0   4494    1.9    0.1     88   6.55     10      7  319.3  340.6  320.6
  571.0   4803    0.2   -1.2     90   6.17     30      4  320.9  341.1  322.1
  568.0   4846    0.0   -1.4     90   6.12     31      4  321.1  341.1  322.2
  530.0   5397   -3.2   -4.7     89   5.12     40      2  323.6  340.7  324.6
  510.0   5703   -5.0   -6.5     89   4.62    305      3  325.1  340.6  326.0
  500.0   5860   -5.9   -7.5     88   4.38    270      2  325.8  340.6  326.6
  493.0   5971   -6.3   -7.7     90   4.37    248      2  326.6  341.5  327.5
  489.0   6034   -6.1  -12.1     63   3.11    235      3  327.6  338.4  328.2
  476.0   6245   -7.9   -9.5     88   3.93    193      4  327.9  341.4  328.7
  472.0   6310   -8.3   -9.8     89   3.86    180      4  328.2  341.4  328.9
  454.0   6609  -10.4  -11.5     92   3.53    350      2  329.2  341.5  329.9
  437.0   6903  -12.4  -13.0     95   3.23      0      4  330.3  341.6  330.9
  430.0   7028  -13.3  -13.7     97   3.11     16      6  330.7  341.6  331.3
  420.0   7208  -12.4  -17.1     68   2.40     40      8  334.1  342.8  334.6
  417.0   7262  -12.1  -18.1     61   2.22     36      8  335.2  343.2  335.6
  404.0   7504  -13.0  -21.8     48   1.66     20      8  337.0  343.2  337.4
  403.0   7523  -13.1  -22.1     47   1.62     16      8  337.1  343.2  337.5
  400.0   7580  -13.5  -23.5     43   1.45      5      8  337.4  342.8  337.6
  389.0   7791  -15.1  -28.8     30   0.92    340      5  338.0  341.6  338.2
  373.0   8108  -17.4  -36.8     17   0.44     10      3  339.0  340.8  339.1
  363.0   8313  -18.9  -41.9     11   0.27    306      2  339.6  340.7  339.7
  359.0   8395  -19.3  -43.1     10   0.24    280      2  340.1  341.1  340.2
  344.0   8713  -20.9  -47.9      7   0.15    235     11  342.1  342.8  342.1
  339.0   8821  -21.5  -49.5      6   0.12    233     12  342.8  343.3  342.8
  312.0   9428  -27.3  -52.3      7   0.10    224     21  342.9  343.4  342.9
  301.0   9686  -29.5  -53.5      8   0.09    220     25  343.4  343.8  343.4
  300.0   9710  -29.7  -53.7      8   0.09    220     25  343.4  343.8  343.4
  296.0   9805  -30.3  -53.3      9   0.09    219     25  343.9  344.3  343.9
  293.0   9877  -31.1  -49.1     15   0.15    218     25  343.7  344.4  343.8
  292.0   9902  -31.1  -42.1     33   0.32    218     25  344.1  345.4  344.1
  280.0  10197  -33.1  -52.1     13   0.11    215     24  345.4  345.8  345.4
  270.0  10451  -35.3  -56.3     10   0.07    220     20  345.8  346.1  345.8
  250.0  10980  -40.1  -48.1     42   0.20    230     12  346.3  347.2  346.4
  215.0  11980  -48.8                         240     11  348.1         348.1
  205.0  12296  -51.5                         250     10  348.6         348.6
  200.0  12460  -52.9                         265      9  348.8         348.8
  187.0  12881  -56.7                         310     15  349.5         349.5
  170.0  13478  -62.0                         310     21  350.3         350.3
  158.0  13936  -66.1                         303     21  350.8         350.8
  154.0  14091  -67.0                         300     21  351.8         351.8
  150.0  14250  -67.9                         305     18  352.9         352.9
  146.0  14406  -69.0                         325     16  353.7         353.7
  139.0  14689  -71.1                           5     17  355.1         355.1
  132.0  14987  -73.2                           5     19  356.6         356.6
  125.0  15302  -75.5                         345     21  358.1         358.1
  119.0  15585  -77.5                         350     19  359.4         359.4
  113.0  15884  -79.7                          15     18  360.8         360.8
  107.0  16198  -81.9                          45     13  362.1         362.1
  104.0  16362  -83.1                          80      8  362.8         362.8
  101.0  16525  -83.1                         160      8  365.9         365.9
  100.0  16580  -83.1                         170     10  366.9         366.9
   96.0  16807  -83.1                         185     13  371.2         371.2
   91.0  17104  -83.1                         160      7  376.9         376.9
   88.6  17253  -83.1                         184      8  379.8         379.8
   85.6  17445  -82.1                         216      9  385.6         385.6
   82.9  17626  -77.5                         245     11  398.5         398.5
   82.0  17689  -77.3                         255     11  400.1         400.1
   78.0  17977  -76.5                         270     21  407.5         407.5
   70.2  18583  -74.9                         202     13  423.5         423.5
   70.0  18600  -74.9                         200     13  423.8         423.8
   67.0  18857  -70.9                         270      3  437.8         437.8
   60.0  19509  -71.1                         340      3  451.4         451.4
   57.0  19813  -71.2                         290      7  457.8         457.8
   54.4  20089  -71.3                         320      4  463.8         463.8
   54.0  20133  -71.1                         325      3  465.2         465.2
   52.0  20357  -70.1                         325      3  472.5         472.5
   50.0  20590  -69.1                          90      6  480.2         480.2
   49.0  20711  -67.5                         105     15  486.7         486.7
   48.6  20761  -66.9                         105     16  489.4         489.4
   42.0  21649  -65.5                         105     41  513.7         513.7
   38.0  22258  -64.5                          95     43  531.1         531.1
   36.5  22503  -64.1                          93     46  538.3         538.3
   34.7  22817  -58.3                          91     50  561.3         561.3
   30.4  23647  -59.5                          86     59  579.6         579.6
   30.0  23730  -59.7                          85     60  581.3         581.3
   22.0  25717  -50.3                          80     67  663.2         663.2
   21.7  25805  -49.9                          80     67  667.0         667.0
   20.2  26264  -47.7                          84     64  687.4         687.4
   20.0  26330  -47.5                          85     64  690.0         690.0
   16.8  27483  -46.5                          92     58  728.5         728.5
   15.7  27935  -43.3                          95     55  753.2         753.2
   14.6  28423  -44.1                          98     53  766.3         766.3
   14.0  28707  -42.3                         100     51  781.6         781.6
   13.0  29210  -39.2                          80     38  809.2         809.2
   12.8  29315  -38.5                         115     32  815.1         815.1
   12.3  29589  -37.3                         204     18  828.7         828.7
   12.0  29758  -38.1                         260      9  831.7         831.7
   10.8  30478  -41.5                         277     26  844.7         844.7
   10.0  31000  -40.9                         290     38  865.7         865.7
    9.6  31279  -39.1                                     882.7         882.7
</PRE><H3>Station information and sounding indices</H3><PRE>
                         Station identifier: WIII
                             Station number: 96749
                           Observation time: 180520/0000
                           Station latitude: -6.11
                          Station longitude: 106.65
                          Station elevation: 8.0
                            Showalter index: -0.56
                               Lifted index: -2.34
    LIFT computed using virtual temperature: -2.59
                                SWEAT index: 197.19
                                    K index: 35.90
                         Cross totals index: 21.00
                      Vertical totals index: 24.10
                        Totals totals index: 45.10
      Convective Available Potential Energy: 299.56
             CAPE using virtual temperature: 369.88
                      Convective Inhibition: -65.74
             CINS using virtual temperature: -44.36
                           Equilibrum Level: 234.15
 Equilibrum Level using virtual temperature: 233.59
                   Level of Free Convection: 735.42
             LFCT using virtual temperature: 830.47
                     Bulk Richardson Number: 157.09
          Bulk Richardson Number using CAPV: 193.97
  Temp [K] of the Lifted Condensation Level: 293.80
Pres [hPa] of the Lifted Condensation Level: 934.01
   Equivalent potential temp [K] of the LCL: 348.57
     Mean mixed layer potential temperature: 299.60
              Mean mixed layer mixing ratio: 16.71
              1000 hPa to 500 hPa thickness: 5781.00
Precipitable water [mm] for entire sounding: 58.27
</PRE>
<P>Description of the 
<A HREF="/upperair/columns.html">data columns</A>
or <A HREF="/upperair/indices.html">sounding indices</A>.

<P>
<FORM>
<INPUT CLASS="button" TYPE="button" VALUE=" Close this window " 
 onClick="window.close();">
<INPUT CLASS="button" TYPE="button" VALUE=" Select another map " 
 onClick="window.blur();">
</FORM>
<HR SIZE="1">
<I>Interested in graduate studies in atmospheric science?
Check out our program at the
<a href="http://www.uwyo.edu/atsc/howtoapply/"
target=_top>University of Wyoming
</a></I>
<HR SIZE="1"><FONT SIZE="-1">
Questions about the weather data provided by this site can be
addressed to <A HREF="mailto:ldoolman@uwyo.edu">
Larry Oolman (ldoolman@uwyo.edu)</A></FONT>
<HR SIZE="1">
<SCRIPT TYPE="text/javascript">
<!--
window.focus();
// -->
</SCRIPT>
</BODY>
</HTML>
