2016-08-08 12
<HTML>
<TITLE>University of Wyoming - Radiosonde Data</TITLE>
<BODY BGCOLOR="white">
<H2>96749 WIII Jakarta Observations at 00Z 08 Aug 2016</H2>
<PRE>
-----------------------------------------------------------------------------
   PRES   HGHT   TEMP   DWPT   RELH   MIXR   DRCT   SKNT   THTA   THTE   THTV
    hPa     m      C      C      %    g/kg    deg   knot     K      K      K 
-----------------------------------------------------------------------------
 1011.0      8   26.4   24.0     87  19.00    180      4  298.6  354.2  302.0
 1000.0    101   25.4   22.1     82  17.07    175      6  298.6  348.4  301.6
  945.0    597   22.3   21.2     94  17.12    130      4  300.3  350.7  303.4
  943.0    616   22.2   21.2     94  17.13    127      4  300.3  350.8  303.4
  925.0    784   21.2   20.4     95  16.61    100      3  301.0  350.0  304.0
  892.0   1101   19.4   17.9     91  14.69     31      4  302.3  345.9  304.9
  882.0   1200   20.0   16.6     81  13.66     10      4  303.9  344.7  306.4
  852.0   1501   18.3   15.8     86  13.47    340      4  305.1  345.6  307.6
  850.0   1521   18.2   15.8     86  13.46    340      5  305.2  345.7  307.7
  822.0   1807   16.1   14.9     92  13.15    355      4  306.0  345.6  308.4
  812.0   1912   15.4   14.6     95  13.03      4      4  306.2  345.6  308.6
  794.0   2103   15.4   13.1     86  12.06     20      5  308.2  345.0  310.4
  786.0   2189   15.4   12.4     82  11.64     26      5  309.1  344.8  311.3
  714.0   2996    9.6    8.5     93   9.85     85      8  311.3  341.9  313.2
  707.0   3078    9.0    8.1     94   9.68     87      9  311.5  341.6  313.4
  700.0   3161    8.6    7.9     95   9.64     90      9  312.0  342.0  313.8
  664.0   3597    7.7    4.4     80   7.96     95     12  315.7  341.0  317.2
  652.0   3747    7.4    3.2     75   7.44    112     11  317.0  340.9  318.4
  640.0   3900    6.3    0.6     67   6.29    130     10  317.4  337.7  318.6
  629.0   4042    5.2   -1.8     61   5.36    125     10  317.8  335.2  318.8
  620.0   4159    4.4    0.3     75   6.35    121      9  318.2  338.7  319.4
  617.0   4199    4.3   -0.5     71   6.00    120      9  318.5  338.0  319.7
  597.0   4466    3.8   -6.2     48   4.05    138      9  320.9  334.5  321.7
  595.0   4493    3.6   -6.2     49   4.07    140      9  321.0  334.6  321.8
  558.0   5011    0.0   -6.0     64   4.40    131     12  322.7  337.4  323.6
  543.0   5228   -1.1   -8.1     59   3.85    128     14  323.9  336.9  324.7
  532.0   5390   -2.2   -8.4     62   3.83    125     15  324.5  337.5  325.2
  512.0   5693   -4.2   -9.0     70   3.81    105     16  325.6  338.6  326.4
  500.0   5880   -5.5   -9.3     75   3.80    115     15  326.3  339.3  327.0
  456.0   6597   -9.5  -14.3     68   2.80    135     16  329.9  339.8  330.5
  444.0   6805  -10.7  -15.7     67   2.55    142     15  331.0  340.0  331.5
  439.0   6891  -11.3  -16.1     68   2.50    145     15  331.2  340.1  331.8
  400.0   7600  -16.5  -19.2     80   2.11    125     15  333.5  341.1  333.9
  356.0   8470  -22.3  -24.0     86   1.55    109     11  336.9  342.7  337.3
  345.0   8701  -23.9  -26.6     79   1.27    105     10  337.8  342.6  338.0
  344.0   8722  -24.1  -26.8     78   1.25    100     10  337.8  342.6  338.1
  339.0   8829  -24.9  -28.0     75   1.13     77      7  338.2  342.5  338.4
  337.0   8872  -25.3  -29.4     69   1.00     68      6  338.2  342.0  338.4
  336.0   8894  -25.3  -32.3     52   0.76     64      6  338.5  341.4  338.6
  331.0   9002  -26.1  -32.5     55   0.76     40      3  338.8  341.8  339.0
  310.0   9476  -29.7  -33.1     72   0.76     70     12  340.2  343.2  340.4
  300.0   9710  -30.7  -34.6     69   0.68     85     17  342.0  344.7  342.1
  295.0   9829  -31.5  -36.4     62   0.58     88     20  342.5  344.8  342.6
  292.0   9899  -32.1  -37.1     61   0.54     90     22  342.6  344.8  342.7
  257.0  10783  -40.1  -46.1     53   0.24     69     31  343.6  344.6  343.6
  250.0  10970  -42.1                          65     33  343.3         343.3
  224.0  11693  -48.1                          50     43  345.1         345.1
  200.0  12440  -54.3                          55     39  346.6         346.6
  169.0  13497  -63.8                          50     50  348.0         348.0
  168.0  13534  -64.1                          51     50  348.0         348.0
  150.0  14220  -69.7                          60     55  349.8         349.8
  130.0  15055  -76.5                          63     46  352.2         352.2
  127.0  15189  -77.5                          63     45  352.8         352.8
  124.0  15325  -78.3                          64     43  353.8         353.8
  122.0  15417  -79.1                          64     42  354.0         354.0
  121.0  15464  -79.5                          64     42  354.1         354.1
  120.0  15511  -79.7                          65     41  354.5         354.5
  119.0  15558  -79.9                          65     41  355.0         355.0
  118.0  15606  -77.2                          65     40  360.8         360.8
  117.0  15655  -74.5                          70     38  366.7         366.7
  116.0  15705  -71.1                          75     35  373.9         373.9
  107.0  16176  -73.6                         120     13  377.9         377.9
  100.0  16570  -75.7                         115     18  381.2         381.2
   96.0  16807  -75.0                         115     12  387.0         387.0
   93.0  16992  -74.5                         121     13  391.6         391.6
   82.0  17717  -79.3                         145     17  396.1         396.1
   81.6  17745  -79.5                         145     17  396.2         396.2
   74.0  18303  -78.5                          85      7  409.6         409.6
   70.0  18620  -77.9                         110     18  417.4         417.4
   67.8  18802  -78.1                         110     24  420.8         420.8
   67.0  18870  -77.8                         110     26  422.9         422.9
   65.6  18991  -77.3                         105     29  426.5         426.5
   63.5  19179  -72.5                          97     35  441.1         441.1
   63.0  19226  -72.1                          95     36  443.0         443.0
   59.1  19605  -68.5                          95     47  459.2         459.2
   57.0  19826  -64.6                          95     54  472.9         472.9
   54.4  20111  -59.5                          82     37  490.9         490.9
   52.0  20394  -58.8                          70     21  499.0         499.0
   50.0  20640  -58.1                          70      5  506.1         506.1
   49.3  20729  -57.9                          91      5  508.6         508.6
   47.0  21029  -59.2                         160      7  512.4         512.4
   45.9  21177  -59.9                         119      6  514.3         514.3
   45.0  21302  -59.1                          85      5  519.1         519.1
   43.1  21573  -57.5                         312     15  529.5         529.5
   43.0  21587  -57.5                         305     16  529.8         529.8
   37.0  22532  -59.3                         255     25  548.5         548.5
   36.0  22704  -59.6                         220     24  552.0         552.0
   35.2  22845  -59.9                         230     24  554.8         554.8
   32.0  23444  -58.2                         275     24  574.6         574.6
   30.0  23850  -57.1                         275     28  588.4         588.4
   28.5  24174  -55.7                         260     24  600.9         600.9
   28.0  24286  -56.0                         255     23  603.1         603.1
   25.3  24926  -57.9                         275     26  615.5         615.5
   24.0  25259  -57.4                         285     27  626.2         626.2
   20.0  26410  -55.7                         265     26  664.9         664.9
   19.5  26571  -55.9                         270     27  669.1         669.1
   19.0  26739  -54.5                         275     28  678.4         678.4
   18.0  27087  -51.7                         280     23  697.9         697.9
   17.4  27306  -49.9                                     710.4         710.4
</PRE><H3>Station information and sounding indices</H3><PRE>
                         Station identifier: WIII
                             Station number: 96749
                           Observation time: 160808/0000
                           Station latitude: -6.11
                          Station longitude: 106.65
                          Station elevation: 8.0
                            Showalter index: -0.85
                               Lifted index: -2.31
    LIFT computed using virtual temperature: -2.69
                                SWEAT index: 214.58
                                    K index: 38.80
                         Cross totals index: 21.30
                      Vertical totals index: 23.70
                        Totals totals index: 45.00
      Convective Available Potential Energy: 867.21
             CAPE using virtual temperature: 967.99
                      Convective Inhibition: -26.47
             CINS using virtual temperature: -10.65
                           Equilibrum Level: 153.31
 Equilibrum Level using virtual temperature: 153.08
                   Level of Free Convection: 827.68
             LFCT using virtual temperature: 896.03
                     Bulk Richardson Number: 240.90
          Bulk Richardson Number using CAPV: 268.89
  Temp [K] of the Lifted Condensation Level: 294.55
Pres [hPa] of the Lifted Condensation Level: 947.73
   Equivalent potential temp [K] of the LCL: 349.62
     Mean mixed layer potential temperature: 299.13
              Mean mixed layer mixing ratio: 17.27
              1000 hPa to 500 hPa thickness: 5779.00
Precipitable water [mm] for entire sounding: 59.68
</PRE>
<P>Description of the 
<A HREF="/upperair/columns.html">data columns</A>
or <A HREF="/upperair/indices.html">sounding indices</A>.

<P>
<FORM>
<INPUT CLASS="button" TYPE="button" VALUE=" Close this window " 
 onClick="window.close();">
<INPUT CLASS="button" TYPE="button" VALUE=" Select another map " 
 onClick="window.blur();">
</FORM>
<HR SIZE="1">
<I>Interested in graduate studies in atmospheric science?
Check out our program at the
<a href="http://www.uwyo.edu/atsc/howtoapply/"
target=_top>University of Wyoming
</a></I>
<HR SIZE="1"><FONT SIZE="-1">
Questions about the weather data provided by this site can be
addressed to <A HREF="mailto:ldoolman@uwyo.edu">
Larry Oolman (ldoolman@uwyo.edu)</A></FONT>
<HR SIZE="1">
<SCRIPT TYPE="text/javascript">
<!--
window.focus();
// -->
</SCRIPT>
</BODY>
</HTML>
