2016-08-12 12
<HTML>
<TITLE>University of Wyoming - Radiosonde Data</TITLE>
<BODY BGCOLOR="white">
<H2>96749 WIII Jakarta Observations at 00Z 12 Aug 2016</H2>
<PRE>
-----------------------------------------------------------------------------
   PRES   HGHT   TEMP   DWPT   RELH   MIXR   DRCT   SKNT   THTA   THTE   THTV
    hPa     m      C      C      %    g/kg    deg   knot     K      K      K 
-----------------------------------------------------------------------------
 1012.0      8   25.8   24.6     93  19.70    200      4  297.9  355.4  301.4
 1000.0    106   25.0   21.7     82  16.64    180      6  298.1  346.7  301.1
  987.0    222   25.8   21.1     75  16.24    158      6  300.1  347.8  303.0
  946.0    595   22.8   19.5     81  15.30     85      6  300.7  345.8  303.5
  927.0    773   21.4   18.7     85  14.87     67      8  301.0  344.9  303.7
  925.0    792   21.4   18.8     85  15.00     65      8  301.2  345.5  303.9
  913.0    904   20.8   18.1     85  14.58     75      8  301.7  344.8  304.3
  882.0   1202   19.1   16.4     84  13.51    105      6  303.0  343.2  305.4
  852.0   1500   17.5   14.7     84  12.51      0      1  304.3  341.8  306.6
  850.0   1520   17.4   14.6     84  12.44      0      1  304.4  341.7  306.6
  826.0   1766   16.2   11.6     74  10.49     80      4  305.6  337.4  307.5
  823.0   1797   16.4    9.7     65   9.27     90      4  306.1  334.3  307.8
  814.0   1891   17.0    4.0     42   6.30     92      4  307.7  327.3  308.9
  788.0   2169   15.8   -4.2     25   3.57     96      5  309.3  320.8  310.0
  771.0   2354   14.4    0.4     38   5.14     99      6  309.7  326.0  310.7
  765.0   2421   15.0   -9.0     18   2.54    100      6  311.1  319.5  311.6
  747.0   2622   13.4  -10.6     18   2.29    104      7  311.4  319.1  311.9
  742.0   2679   12.8   -7.2     24   3.02    105      7  311.4  321.3  312.0
  740.0   2702   12.6   -6.4     26   3.21    105      7  311.4  321.9  312.0
  723.0   2897   10.4    0.4     50   5.48    131      7  311.1  328.4  312.1
  714.0   3002   10.4   -5.0     33   3.71    145      7  312.2  324.2  312.9
  713.0   3013   10.4   -5.6     32   3.55    146      7  312.3  323.9  313.0
  703.0   3131    9.8   -7.2     29   3.18    161      9  312.9  323.4  313.5
  702.0   3143   10.0  -13.0     18   2.01    162     10  313.3  320.1  313.6
  700.0   3167    9.8   -2.2     43   4.67    165     10  313.3  328.4  314.2
  692.0   3263    9.2    0.2     53   5.64    158     13  313.7  331.7  314.7
  689.0   3299    9.7   -5.3     34   3.76    155     14  314.6  326.9  315.3
  686.0   3335   10.2  -10.8     22   2.46    153     14  315.6  323.8  316.0
  659.0   3668    7.8  -15.2     18   1.79    138     16  316.5  322.6  316.9
  612.0   4276    6.2  -27.8      7   0.64    111     19  321.4  323.8  321.6
  595.0   4504    4.6  -24.6     10   0.88    100     20  322.2  325.4  322.4
  547.0   5186    0.0  -15.0     31   2.19    102     21  324.5  332.2  325.0
  500.0   5900   -4.5  -25.5     18   0.97    105     22  327.5  331.1  327.7
  478.0   6250   -7.7  -22.7     29   1.30    109     20  327.8  332.5  328.0
  475.0   6299   -8.0  -23.5     28   1.22    110     20  328.0  332.4  328.2
  453.0   6664  -10.3  -29.3     19   0.75    110     23  329.6  332.4  329.7
  446.0   6783   -9.7  -37.7      8   0.34    110     24  331.8  333.1  331.9
  400.0   7610  -15.1  -43.1      7   0.21    110     30  335.3  336.2  335.3
  332.0   8993  -24.0  -53.7      5   0.08    100     36  341.4  341.8  341.4
  323.0   9197  -25.3  -55.3      4   0.07     97     39  342.3  342.6  342.3
  300.0   9730  -29.7  -52.7      9   0.10     90     46  343.4  343.8  343.4
  250.0  11000  -40.1  -58.1     13   0.06     75     39  346.3  346.6  346.3
  206.0  12284  -51.0                          60     43  348.8         348.8
  200.0  12480  -52.7                          60     47  349.1         349.1
  154.0  14115  -66.3                          60     64  353.0         353.0
  150.0  14280  -67.7                          60     63  353.3         353.3
  141.0  14648  -71.1                          62     60  353.6         353.6
  113.0  15920  -81.3                          69     50  357.7         357.7
  108.0  16172  -82.1                          70     48  360.8         360.8
  100.0  16600  -83.5                          90     46  366.2         366.2
   99.4  16633  -84.1                          90     47  365.6         365.6
   96.5  16798  -83.1                          90     47  370.7         370.7
   95.2  16874  -80.1                          90     47  378.0         378.0
   92.0  17069  -78.1                          90     47  385.6         385.6
   88.8  17272  -76.1                          78     36  393.6         393.6
   83.0  17660  -77.4                          55     15  398.6         398.6
   80.1  17864  -78.1                          59     19  401.2         401.2
   74.6  18277  -72.5                          68     26  421.2         421.2
   71.0  18567  -73.5                          73     31  425.1         425.1
   70.0  18650  -72.9                          75     32  428.1         428.1
   66.5  18956  -66.9                          82     33  447.4         447.4
   61.9  19387  -68.3                          91     35  453.6         453.6
   58.0  19784  -65.7                         100     36  467.9         467.9
   53.7  20252  -62.7                         110     24  485.3         485.3
   50.0  20690  -65.3                         120     12  489.2         489.2
   48.5  20875  -65.7                         142     11  492.5         492.5
   48.0  20938  -65.5                         150     11  494.5         494.5
   45.0  21332  -64.0                         150     13  507.2         507.2
   43.2  21582  -63.1                         208      9  515.5         515.5
   43.0  21610  -63.2                         215      8  515.9         515.9
   41.0  21902  -64.2                         235     18  520.6         520.6
   39.9  22068  -64.7                         221     17  523.3         523.3
   39.0  22209  -64.3                         210     16  527.8         527.8
   37.0  22533  -63.3                         165     13  538.3         538.3
   35.0  22876  -62.2                         185      5  549.7         549.7
   34.0  23054  -61.7                          85      3  555.7         555.7
   32.0  23428  -60.5                          30     10  568.5         568.5
   31.3  23565  -60.1                           2      9  573.2         573.2
   31.0  23625  -59.7                         350      9  575.9         575.9
   30.0  23830  -58.3                         325      6  585.1         585.1
   29.0  24044  -57.4                         270      6  593.3         593.3
   28.0  24266  -56.5                         265      8  601.8         601.8
   27.8  24311  -56.3                         277      8  603.6         603.6
   27.0  24499  -53.9                         325     10  615.5         615.5
   26.0  24742  -50.7                         319     14  631.1         631.1
   23.2  25480  -52.7                         301     27  646.1         646.1
   21.0  26127  -50.0                         285     38  673.0         673.0
   20.8  26190  -49.7                                     675.7         675.7
</PRE><H3>Station information and sounding indices</H3><PRE>
                         Station identifier: WIII
                             Station number: 96749
                           Observation time: 160812/0000
                           Station latitude: -6.11
                          Station longitude: 106.65
                          Station elevation: 8.0
                            Showalter index: 1.71
                               Lifted index: -0.65
    LIFT computed using virtual temperature: -1.43
                                SWEAT index: 199.19
                                    K index: 24.50
                         Cross totals index: 19.10
                      Vertical totals index: 21.90
                        Totals totals index: 41.00
      Convective Available Potential Energy: 116.78
             CAPE using virtual temperature: 264.81
                      Convective Inhibition: -74.16
             CINS using virtual temperature: -21.29
                           Equilibrum Level: 278.49
 Equilibrum Level using virtual temperature: 273.62
                   Level of Free Convection: 732.19
             LFCT using virtual temperature: 854.48
                     Bulk Richardson Number: 17.96
          Bulk Richardson Number using CAPV: 40.74
  Temp [K] of the Lifted Condensation Level: 293.51
Pres [hPa] of the Lifted Condensation Level: 931.35
   Equivalent potential temp [K] of the LCL: 347.78
     Mean mixed layer potential temperature: 299.56
              Mean mixed layer mixing ratio: 16.50
              1000 hPa to 500 hPa thickness: 5794.00
Precipitable water [mm] for entire sounding: 37.44
</PRE>
<P>Description of the 
<A HREF="/upperair/columns.html">data columns</A>
or <A HREF="/upperair/indices.html">sounding indices</A>.

<P>
<FORM>
<INPUT CLASS="button" TYPE="button" VALUE=" Close this window " 
 onClick="window.close();">
<INPUT CLASS="button" TYPE="button" VALUE=" Select another map " 
 onClick="window.blur();">
</FORM>
<HR SIZE="1">
<I>Interested in graduate studies in atmospheric science?
Check out our program at the
<a href="http://www.uwyo.edu/atsc/howtoapply/"
target=_top>University of Wyoming
</a></I>
<HR SIZE="1"><FONT SIZE="-1">
Questions about the weather data provided by this site can be
addressed to <A HREF="mailto:ldoolman@uwyo.edu">
Larry Oolman (ldoolman@uwyo.edu)</A></FONT>
<HR SIZE="1">
<SCRIPT TYPE="text/javascript">
<!--
window.focus();
// -->
</SCRIPT>
</BODY>
</HTML>
