2021-03-13 12
<HTML>
<TITLE>University of Wyoming - Radiosonde Data</TITLE>
<BODY BGCOLOR="white">
<H2>96749 WIII Jakarta Observations at 00Z 13 Mar 2021</H2>
<PRE>
-----------------------------------------------------------------------------
   PRES   HGHT   TEMP   DWPT   RELH   MIXR   DRCT   SKNT   THTA   THTE   THTV
    hPa     m      C      C      %    g/kg    deg   knot     K      K      K 
-----------------------------------------------------------------------------
 1011.0      8   24.4   22.8     91  17.63    240      2  296.6  347.7  299.8
 1001.0     93   25.6   22.7     84  17.70    245      9  298.7  350.4  301.8
 1000.0    102   25.8   22.9     84  17.94    245     10  298.9  351.5  302.1
  978.0    297   24.7   21.9     85  17.21    255     11  299.7  350.2  302.8
  925.0    784   21.8   19.3     86  15.48    270     22  301.6  347.4  304.4
  852.0   1496   17.3   14.2     82  12.12    270     24  304.1  340.4  306.3
  850.0   1516   17.2   14.1     82  12.04    270     24  304.1  340.3  306.4
  829.0   1730   15.4   13.9     91  12.19    268     23  304.4  341.0  306.7
  805.0   1979   14.4   10.4     77   9.93    266     21  305.9  336.1  307.8
  803.0   2000   14.4    9.8     74   9.56    266     21  306.1  335.2  307.9
  792.0   2117   14.6    2.6     44   5.86    265     20  307.6  325.8  308.7
  777.0   2279   14.4   -2.6     31   4.08    263     19  309.0  322.1  309.8
  762.0   2443   13.0    4.0     54   6.73    262     18  309.3  330.3  310.5
  741.0   2678   12.0    0.0     44   5.19    259     16  310.6  327.1  311.6
  728.0   2826   11.2    4.2     62   7.15    258     15  311.4  333.8  312.7
  700.0   3153   10.0    3.0     62   6.83    255     13  313.5  335.2  314.8
  688.0   3294    9.1    2.5     63   6.69    250     12  314.1  335.4  315.4
  639.0   3899    5.3    0.2     70   6.13    240     12  316.5  336.2  317.7
  616.0   4199    3.4   -0.9     73   5.86    235      9  317.7  336.7  318.8
  594.0   4496    1.6   -2.0     77   5.61    210      4  318.8  337.1  319.9
  576.0   4748    0.0   -2.9     81   5.40    145      5  319.8  337.5  320.8
  572.0   4803   -0.3   -3.2     81   5.32    130      5  320.0  337.5  321.1
  551.0   5100   -2.0   -4.7     82   4.92    145      9  321.4  337.7  322.4
  531.0   5393   -3.7   -6.2     83   4.54    130      8  322.8  338.0  323.7
  500.0   5870   -6.5   -8.7     84   3.99    155      7  325.1  338.6  325.8
  492.0   5995   -7.1   -9.5     83   3.80    155      9  325.9  338.8  326.6
  449.0   6702  -10.3  -14.1     74   2.88    128      9  330.4  340.6  331.0
  437.0   6908  -11.6  -15.7     72   2.60    120      9  331.4  340.6  331.9
  421.0   7191  -13.4  -17.8     69   2.25    105     12  332.6  340.7  333.1
  401.0   7561  -15.7  -20.6     66   1.86     95     15  334.3  341.1  334.6
  400.0   7580  -15.9  -20.6     67   1.87     95     15  334.2  341.1  334.6
  380.0   7964  -18.1  -28.1     41   1.00     88     16  336.3  340.1  336.5
  344.0   8697  -23.8  -32.0     47   0.77     75     18  338.2  341.2  338.4
  341.0   8762  -24.3  -32.3     48   0.75     77     19  338.4  341.3  338.6
  316.0   9310  -28.7  -31.8     75   0.85     90     30  339.7  343.0  339.9
  314.0   9356  -29.1  -31.8     77   0.85     92     30  339.8  343.1  340.0
  303.0   9609  -30.8  -33.8     75   0.73    105     28  340.9  343.7  341.0
  300.0   9680  -31.3  -34.4     74   0.69    105     28  341.1  343.9  341.3
  291.0   9892  -33.1  -36.6     71   0.58    110     31  341.6  343.9  341.7
  267.0  10490  -38.2  -42.8     62   0.33    100     30  342.6  344.0  342.7
  263.0  10595  -39.1  -43.9     60   0.30     98     29  342.8  344.0  342.9
  255.0  10805  -40.4  -47.8     45   0.20     95     28  343.9  344.7  343.9
  250.0  10940  -41.3  -50.3     37   0.15     95     29  344.5  345.2  344.6
  234.0  11380  -45.3  -51.8     48   0.14     95     33  345.0  345.6  345.0
  217.0  11883  -49.9  -53.5     66   0.12     93     39  345.4  346.0  345.5
  200.0  12410  -54.7  -59.7     54   0.06     90     45  346.0  346.3  346.0
  185.0  12896  -58.8  -64.1     50   0.04     90     48  347.2  347.4  347.2
  168.0  13497  -63.8  -69.5     45   0.02     85     54  348.6  348.7  348.6
  160.0  13802  -66.3  -72.3     43   0.01     85     55  349.2  349.2  349.2
  150.0  14190  -69.5  -76.5     35   0.01     85     56  350.2  350.2  350.2
  133.0  14897  -75.1  -83.1     28   0.00     82     52  352.4  352.5  352.5
  128.0  15119  -76.9  -84.9     27   0.00     81     51  353.1  353.1  353.1
  124.0  15302  -76.2  -86.5     19   0.00     80     50  357.5  357.6  357.5
  121.0  15443  -75.7  -87.7     14   0.00     80     39  361.0  361.0  361.0
  118.0  15587  -75.9  -88.3     13   0.00     80     27  363.2  363.2  363.2
  112.0  15888  -76.4  -89.7     11   0.00     95     10  367.7  367.7  367.7
  106.0  16205  -77.0  -91.0      9   0.00    220      6  372.6  372.6  372.6
  101.0  16483  -77.4  -92.2      8   0.00    245     16  376.9  376.9  376.9
  100.0  16540  -77.5  -92.5      8   0.00    245     18  377.7  377.8  377.7
   91.0  17078  -79.2  -95.0      6   0.00    235     15  384.7  384.7  384.7
   89.5  17173  -79.5  -95.5      6   0.00    245     14  385.9  385.9  385.9
   86.0  17399  -79.4  -95.8      5   0.00    270     10  390.5  390.5  390.5
   81.1  17732  -79.3  -96.3      5   0.00    259     11  397.4  397.4  397.4
   77.0  18029  -78.0  -95.0      5   0.00    250     12  406.1  406.1  406.1
   73.9  18264  -76.9  -93.9      5   0.00    265     16  413.1  413.1  413.1
   70.0  18580  -71.1  -91.1      4   0.00    285     22  431.9  432.0  431.9
   69.8  18597  -70.3  -90.3      4   0.00    285     22  434.0  434.0  434.0
   63.0  19199  -73.6  -94.3      3   0.00    280     32  439.7  439.7  439.7
   61.2  19369  -74.5  -95.5      3   0.00    280     28  441.3  441.3  441.3
   60.0  19484  -74.3  -95.2      3   0.00    280     26  444.2  444.2  444.2
   54.0  20098  -73.4  -93.5      3   0.00    245     11  459.9  459.9  459.9
   53.4  20163  -73.3  -93.3      3   0.00    221     10  461.6  461.6  461.6
   51.0  20433  -71.3  -93.4      3   0.00    120      8  472.3  472.3  472.3
   50.0  20550  -70.5  -93.5      2   0.00    105     13  476.9  477.0  476.9
   49.0  20671  -70.0  -94.1      2   0.00     80      9  481.0  481.0  481.0
   46.0  21048  -68.2  -96.1      1   0.00      0      0  493.9  493.9  493.9
   45.1  21166  -67.7  -96.7      1   0.00     76      3  498.0  498.0  498.0
   44.0  21316  -65.8  -95.3      1   0.00    170      6  506.3  506.3  506.3
   43.2  21427  -64.3  -94.3      1   0.00    178      8  512.5  512.5  512.5
   42.0  21600  -64.2  -94.8      1   0.00    190     11  516.9  516.9  516.9
   40.0  21899  -64.0  -95.6      1   0.00    255      8  524.7  524.7  524.7
   38.0  22213  -63.8  -96.4      0   0.00    245      8  533.0  533.0  533.0
   37.4  22310  -63.7  -96.7      0   0.00    221      7  535.6  535.6  535.6
   36.0  22546  -62.5  -95.9      0   0.00    165      6  544.4  544.4  544.4
   33.4  23009  -60.3  -94.3      0   0.00    113      8  562.2  562.2  562.2
   33.0  23086  -59.5  -93.6      0   0.00    105      8  566.3  566.3  566.3
   31.0  23481  -55.2  -90.0      1   0.00    110     11  588.1  588.1  588.1
   30.7  23542  -54.5  -89.5      1   0.00     94     11  591.6  591.6  591.6
   30.0  23690  -53.3  -88.3      1   0.01     55     10  598.7  598.8  598.7
   29.0  23908  -53.4  -88.3      1   0.01    330     11  604.4  604.5  604.4
   27.0  24367  -53.5  -88.5      1   0.01    290      9  616.6  616.6  616.6
   25.0  24861  -53.6  -88.6      1   0.01    240     10  629.9  630.0  629.9
   24.0  25124  -53.6  -88.7      1   0.01    225     12  637.1  637.2  637.1
   23.3  25314  -53.7  -88.7      1   0.01    196     10  642.4  642.5  642.4
   22.0  25682  -54.1  -89.1      1   0.01    140      6  651.9  652.0  651.9
   21.3  25889  -54.3  -89.3      1   0.01    137      8  657.3  657.4  657.3
   21.0  25979  -54.8  -89.8      1   0.01    135      9  658.5  658.5  658.5
   20.0  26290  -56.5  -91.5      1   0.00    140     13  662.5  662.5  662.5
   19.0  26613  -58.3  -92.6      1   0.00    105     12  666.6  666.6  666.6
   18.7  26714  -58.9  -92.9      1   0.00    105     12  667.9  667.9  667.9
   18.0  26955  -58.3  -92.4      1   0.00    105      9  677.2  677.2  677.2
   16.0  27700  -56.3  -91.0      1   0.01     95     30  706.8  706.9  706.8
   15.1  28066  -55.3  -90.3      1   0.01     89     35  721.9  721.9  721.9
   13.0  29039  -46.9  -83.9      1   0.03     75     47  782.5  782.8  782.5
   12.0  29573  -45.4  -82.9      1   0.03     80     61  805.9  806.3  805.9
   11.2  30033  -44.1  -82.1      1   0.04     88     59  826.6  827.1  826.6
   11.0                                        90     59                     
</PRE><H3>Station information and sounding indices</H3><PRE>
                         Station identifier: WIII
                             Station number: 96749
                           Observation time: 210313/0000
                           Station latitude: -6.11
                          Station longitude: 106.65
                          Station elevation: 8.0
                            Showalter index: 0.29
                               Lifted index: -3.42
    LIFT computed using virtual temperature: -3.78
                                SWEAT index: 224.21
                                    K index: 30.80
                         Cross totals index: 20.60
                      Vertical totals index: 23.70
                        Totals totals index: 44.30
      Convective Available Potential Energy: 1035.47
             CAPE using virtual temperature: 1185.30
                      Convective Inhibition: -22.88
             CINS using virtual temperature: -16.07
                           Equilibrum Level: 153.62
 Equilibrum Level using virtual temperature: 153.50
                   Level of Free Convection: 868.93
             LFCT using virtual temperature: 887.05
                     Bulk Richardson Number: 2792.53
          Bulk Richardson Number using CAPV: 3196.59
  Temp [K] of the Lifted Condensation Level: 294.52
Pres [hPa] of the Lifted Condensation Level: 944.83
   Equivalent potential temp [K] of the LCL: 349.94
     Mean mixed layer potential temperature: 299.35
              Mean mixed layer mixing ratio: 17.29
              1000 hPa to 500 hPa thickness: 5768.00
Precipitable water [mm] for entire sounding: 52.91
</PRE>
<P>Description of the 
<A HREF="/upperair/columns.html">data columns</A>
or <A HREF="/upperair/indices.html">sounding indices</A>.

<P>
<FORM>
<INPUT CLASS="button" TYPE="button" VALUE=" Close this window " 
 onClick="window.close();">
<INPUT CLASS="button" TYPE="button" VALUE=" Select another map " 
 onClick="window.blur();">
</FORM>
<HR SIZE="1">
<I>Interested in graduate studies in atmospheric science?
Check out our program at the
<a href="http://www.uwyo.edu/atsc/howtoapply/"
target=_top>University of Wyoming
</a></I>
<HR SIZE="1"><FONT SIZE="-1">
Questions about the weather data provided by this site can be
addressed to <A HREF="mailto:ldoolman@uwyo.edu">
Larry Oolman (ldoolman@uwyo.edu)</A></FONT>
<HR SIZE="1">
<SCRIPT TYPE="text/javascript">
<!--
window.focus();
// -->
</SCRIPT>
</BODY>
</HTML>
