2020-10-09 00
<HTML>
<TITLE>University of Wyoming - Radiosonde Data</TITLE>
<BODY BGCOLOR="white">
<H2>96749 WIII Jakarta Observations at 00Z 09 Oct 2020</H2>
<PRE>
-----------------------------------------------------------------------------
   PRES   HGHT   TEMP   DWPT   RELH   MIXR   DRCT   SKNT   THTA   THTE   THTV
    hPa     m      C      C      %    g/kg    deg   knot     K      K      K 
-----------------------------------------------------------------------------
 1009.0      8   24.6   22.8     90  17.67    220      3  297.0  348.2  300.1
 1007.0     24   24.2   21.5     85  16.32    216      5  296.8  344.1  299.6
 1002.0     64   25.4   22.4     83  17.35    204      9  298.4  349.0  301.5
 1000.0     80   25.4   22.2     82  17.17    200     11  298.6  348.7  301.6
  976.0    296   25.4   20.4     74  15.71    160     12  300.6  347.0  303.5
  963.0    415   25.4   19.4     69  14.95    148     12  301.8  346.1  304.5
  925.0    771   22.8   18.8     78  15.00    110     10  302.6  347.2  305.3
  912.0    893   21.9   18.3     80  14.75    100     11  302.9  346.9  305.6
  850.0   1502   17.6   15.9     90  13.55     90     11  304.6  345.2  307.0
  805.0   1966   14.6   13.2     91  11.99     80      8  306.1  342.4  308.4
  769.0   2353   12.8    9.2     79   9.58     71      5  308.2  337.6  310.0
  765.0   2397   12.5    9.9     84  10.10     70      5  308.4  339.4  310.3
  757.0   2485   12.0   11.3     95  11.23     47      4  308.8  343.1  310.8
  738.0   2697   11.0   10.4     96  10.84    350      3  309.9  343.3  312.0
  711.0   3009    9.6    9.1     96  10.28    340      2  311.7  343.6  313.6
  700.0   3139    9.0    8.5     97  10.05     20      2  312.4  343.7  314.3
  686.0   3306    8.3    7.7     96   9.71     25      5  313.5  343.9  315.3
  679.0   3391    8.0    7.3     95   9.54     12      4  314.0  344.0  315.8
  662.0   3597    6.8    5.8     93   8.82    340      3  315.0  342.9  316.7
  615.0   4197    3.5    1.5     87   7.00      0      5  317.9  340.4  319.2
  593.0   4494    1.9   -0.6     84   6.21     25      6  319.3  339.5  320.5
  587.0   4577    1.4   -1.2     83   6.01     30      7  319.7  339.3  320.9
  582.0   4646    0.0   -5.0     69   4.56     34      7  318.8  333.8  319.7
  577.0   4715   -1.1   -8.1     59   3.62     38      8  318.3  330.4  319.0
  569.0   4826   -0.5   -5.0     72   4.66     44      9  320.3  335.7  321.2
  550.0   5096   -1.5   -8.3     60   3.74     60     11  322.2  334.8  323.0
  532.0   5360   -2.5  -11.5     50   3.00     60     10  324.1  334.4  324.7
  530.0   5390   -2.6  -11.1     52   3.12     60     10  324.4  335.0  325.0
  521.0   5525   -3.1   -9.1     63   3.71     70     10  325.4  338.0  326.1
  515.0   5617   -3.1   -9.1     63   3.75     77     10  326.4  339.3  327.2
  505.0   5772   -3.7  -18.7     30   1.74     89     11  327.5  333.8  327.9
  502.0   5818   -2.9  -20.9     24   1.45     93     11  329.1  334.3  329.4
  500.0   5850   -2.7  -23.7     18   1.14     95     11  329.7  333.9  329.9
  491.0   5993   -3.7  -27.3     14   0.83    105     11  330.1  333.3  330.3
  466.0   6404   -6.7  -37.7      6   0.32    105     11  331.4  332.7  331.5
  437.0   6901   -9.9  -31.4     15   0.64    105     12  333.5  336.0  333.6
  420.0   7208  -11.9  -27.6     26   0.95     65     16  334.8  338.4  335.0
  418.0   7245  -12.1  -27.1     28   1.00     66     16  334.9  338.7  335.1
  407.0   7448  -13.5  -26.5     33   1.08     75     17  335.7  339.8  335.9
  405.0   7486  -13.9  -24.9     39   1.26     76     17  335.6  340.4  335.9
  404.0   7504  -14.1  -22.1     51   1.62     77     17  335.6  341.6  335.9
  401.0   7561  -14.1  -30.1     25   0.79     79     17  336.3  339.4  336.5
  400.0   7580  -14.1  -36.1     14   0.44     80     17  336.6  338.3  336.7
  399.0   7599  -14.1  -41.1      8   0.26     80     17  336.8  337.9  336.9
  389.0   7790  -15.4  -43.1      7   0.22     80     19  337.6  338.5  337.7
  358.0   8413  -19.5  -49.5      5   0.12     66     19  340.2  340.7  340.2
  345.0   8683  -21.6  -47.3      8   0.16     60     19  340.9  341.6  341.0
  317.0   9302  -26.4  -42.4     21   0.29     65     20  342.6  343.8  342.6
  309.0   9488  -27.9  -40.9     28   0.35     56     20  343.0  344.5  343.1
  300.0   9700  -29.7  -39.7     37   0.41     45     20  343.4  345.1  343.5
  293.0   9869  -31.1  -37.1     56   0.54     42     22  343.7  345.9  343.9
  280.0  10190  -33.9  -37.7     68   0.54     35     26  344.3  346.4  344.4
  277.0  10267  -34.5  -37.8     72   0.54     35     27  344.4  346.6  344.5
  250.0  10980  -39.7  -44.7     59   0.29     40     32  346.9  348.1  347.0
  229.0  11572  -44.7  -50.7     51   0.16     44     34  348.1  348.8  348.1
  208.0  12206  -50.1  -53.4     68   0.13     48     35  349.3  349.9  349.4
  200.0  12460  -52.5  -56.2     64   0.09     50     36  349.5  349.9  349.5
  180.0  13132  -58.5  -61.1     72   0.06     46     36  350.4  350.6  350.4
  154.0  14089  -67.6  -71.9     54   0.02     40     37  350.9  350.9  350.9
  150.0  14250  -69.1  -73.7     51   0.01     40     42  350.9  350.9  350.9
  145.0  14451  -71.1  -77.1     41   0.01     41     45  350.8  350.8  350.8
  129.0  15130  -76.5  -80.5     53   0.00     43     56  353.0  353.1  353.0
  121.0  15494  -79.9  -84.6     46   0.00     45     62  353.3  353.3  353.3
  119.0  15588  -80.7  -86.3     39   0.00     45     64  353.6  353.6  353.6
  116.0  15731  -81.9  -88.9     30   0.00     48     65  353.9  353.9  353.9
  115.0  15779  -82.1  -91.1     21   0.00     49     66  354.4  354.4  354.4
  104.0  16335  -85.1  -92.1     28   0.00     60     71  359.0  359.0  359.0
  101.0  16495  -84.7  -90.9     33   0.00     65     67  362.9  362.9  362.9
  100.0  16550  -84.5  -90.5     35   0.00     70     64  364.2  364.2  364.2
   98.4  16639  -84.1  -90.1     35   0.00     72     61  366.7  366.7  366.7
   95.5  16808  -78.1  -87.1     22   0.00     76     55  381.6  381.6  381.6
   84.3  17535  -71.7  -81.7     21   0.01     92     30  408.4  408.4  408.4
   82.0  17698  -72.0  -81.7     22   0.01     95     25  411.0  411.0  411.0
   78.0  17993  -72.6  -81.7     24   0.01     85     20  415.7  415.7  415.7
   77.3  18046  -72.7  -81.7     25   0.01     77     18  416.6  416.6  416.6
   74.0  18306  -69.2  -82.6     13   0.01     40      6  429.1  429.2  429.1
   72.8  18404  -67.9  -82.9     10   0.01     77      5  433.9  433.9  433.9
   70.0  18640  -68.5  -81.5     14   0.01    165      2  437.5  437.6  437.5
   66.0  18989  -70.7  -83.7     13   0.01    122      3  440.1  440.2  440.1
   64.0  19171  -70.8  -85.8      9   0.00    100      3  443.8  443.8  443.8
   62.0  19358  -70.9  -87.9      7   0.00     93      3  447.6  447.6  447.6
   61.0  19456  -69.9  -87.5      6   0.00     90      3  451.9  451.9  451.9
   58.0  19759  -66.9  -86.4      5   0.00    130     16  465.2  465.2  465.2
   54.0  20189  -62.7  -84.7      4   0.01     89     17  484.5  484.6  484.5
   50.0  20660  -63.3  -83.3      5   0.01     45     18  493.9  493.9  493.9
   48.9  20796  -63.7  -83.7      5   0.01     14     17  496.1  496.1  496.1
   47.0  21039  -62.5  -83.4      5   0.01    320     14  504.6  504.7  504.6
   45.0  21306  -61.2  -83.0      4   0.01    330     10  514.1  514.2  514.1
   44.6  21361  -60.9  -82.9      4   0.01    325     11  516.1  516.2  516.1
   41.0  21878  -62.9  -82.2      6   0.01    280     22  523.6  523.7  523.6
   40.7  21924  -63.1  -82.1      6   0.01    280     22  524.3  524.4  524.3
   32.5  23318  -57.5  -80.5      4   0.02    266     13  574.0  574.2  574.0
   32.0  23415  -57.6  -80.4      4   0.02    265     12  576.3  576.4  576.3
   30.0  23820  -58.1  -80.1      4   0.02    215     17  585.7  585.9  585.7
   29.2  23990  -58.7  -79.7      5   0.02    207     16  588.6  588.8  588.6
   29.0  24034  -58.5  -79.6      5   0.02    205     16  590.3  590.5  590.3
   28.0  24259  -57.4  -79.2      5   0.03    205     12  599.4  599.6  599.4
   27.0  24491  -56.2  -78.8      4   0.03    160      8  608.9  609.1  608.9
   25.0  24984  -53.8  -78.0      4   0.04    145     12  629.5  629.8  629.5
   24.0  25245  -52.5  -77.6      3   0.04    155      8  640.6  641.0  640.6
   23.0  25517  -51.1  -77.1      3   0.05    245      3  652.4  652.9  652.4
   20.0  26430  -49.5  -75.5      3   0.07    245      3  683.9  684.6  683.9
   19.0  26767  -48.2  -74.8      3   0.08    315     10  698.1  698.9  698.1
   18.5  26943  -47.5  -74.5      3   0.09    327     10  705.5  706.4  705.6
   18.0  27123  -47.7  -74.4      3   0.09    340     10  710.5  711.4  710.5
   14.0  28775  -49.4  -73.8      4   0.12    240     15  757.6  759.0  757.6
   13.4  29063  -49.7  -73.7      4   0.13    228     13  766.1  767.6  766.2
   13.0  29264  -48.5  -73.4      4   0.14    220     12  776.9  778.5  777.0
   12.0  29795  -45.3  -72.7      3   0.17    150     12  806.1  808.1  806.2
   11.4  30135  -43.3  -72.3      3   0.19                825.3  827.6  825.4
</PRE><H3>Station information and sounding indices</H3><PRE>
                         Station identifier: WIII
                             Station number: 96749
                           Observation time: 201009/0000
                           Station latitude: -6.11
                          Station longitude: 106.65
                          Station elevation: 8.0
                            Showalter index: 2.13
                               Lifted index: 1.45
    LIFT computed using virtual temperature: 0.71
                                SWEAT index: 223.78
                                    K index: 35.70
                         Cross totals index: 18.60
                      Vertical totals index: 20.30
                        Totals totals index: 38.90
      Convective Available Potential Energy: 120.07
             CAPE using virtual temperature: 168.89
                      Convective Inhibition: -66.37
             CINS using virtual temperature: -58.95
                           Equilibrum Level: 506.05
 Equilibrum Level using virtual temperature: 401.17
                   Level of Free Convection: 817.91
             LFCT using virtual temperature: 826.79
                     Bulk Richardson Number: 7.83
          Bulk Richardson Number using CAPV: 11.02
  Temp [K] of the Lifted Condensation Level: 292.82
Pres [hPa] of the Lifted Condensation Level: 918.26
   Equivalent potential temp [K] of the LCL: 346.98
     Mean mixed layer potential temperature: 300.06
              Mean mixed layer mixing ratio: 16.00
              1000 hPa to 500 hPa thickness: 5770.00
Precipitable water [mm] for entire sounding: 55.48
</PRE>
<P>Description of the 
<A HREF="/upperair/columns.html">data columns</A>
or <A HREF="/upperair/indices.html">sounding indices</A>.

<P>
<FORM>
<INPUT CLASS="button" TYPE="button" VALUE=" Close this window " 
 onClick="window.close();">
<INPUT CLASS="button" TYPE="button" VALUE=" Select another map " 
 onClick="window.blur();">
</FORM>
<HR SIZE="1">
<I>Interested in graduate studies in atmospheric science?
Check out our program at the
<a href="http://www.uwyo.edu/atsc/howtoapply/"
target=_top>University of Wyoming
</a></I>
<HR SIZE="1"><FONT SIZE="-1">
Questions about the weather data provided by this site can be
addressed to <A HREF="mailto:ldoolman@uwyo.edu">
Larry Oolman (ldoolman@uwyo.edu)</A></FONT>
<HR SIZE="1">
<SCRIPT TYPE="text/javascript">
<!--
window.focus();
// -->
</SCRIPT>
</BODY>
</HTML>
