2020-01-15 12
<HTML>
<TITLE>University of Wyoming - Radiosonde Data</TITLE>
<BODY BGCOLOR="white">
<H2>96749 WIII Jakarta Observations at 00Z 15 Jan 2020</H2>
<PRE>
-----------------------------------------------------------------------------
   PRES   HGHT   TEMP   DWPT   RELH   MIXR   DRCT   SKNT   THTA   THTE   THTV
    hPa     m      C      C      %    g/kg    deg   knot     K      K      K 
-----------------------------------------------------------------------------
 1010.0      8   24.8   23.7     94  18.67    310      4  297.1  351.3  300.4
 1000.0     92   24.2   22.5     90  17.50    265      5  297.4  348.2  300.5
  998.0    110   24.0   22.4     91  17.43    263      5  297.3  347.9  300.4
  980.0    271   25.2   22.1     83  17.42    248      8  300.1  351.3  303.2
  977.0    298   25.0   22.0     83  17.33    245      9  300.1  351.1  303.2
  944.0    600   22.7   20.4     87  16.28    290     13  300.8  348.8  303.7
  925.0    779   21.4   19.5     89  15.68    300     16  301.2  347.5  304.0
  898.0   1035   19.8   19.2     96  15.86    303     17  302.1  349.1  305.0
  881.0   1200   19.5   18.0     91  15.01    305     18  303.4  348.2  306.1
  866.0   1348   19.2   17.0     87  14.28    303     18  304.6  347.4  307.2
  850.0   1508   18.2   15.8     86  13.46    300     17  305.2  345.7  307.7
  822.0   1795   16.2   14.7     91  12.98    280     13  306.0  345.2  308.4
  806.0   1963   15.0   14.1     94  12.71    269     12  306.5  344.9  308.8
  793.0   2100   14.4   13.4     94  12.35    260     11  307.2  344.7  309.5
  766.0   2392   13.1   12.0     93  11.61    280      9  308.9  344.4  311.0
  700.0   3152    9.6    8.2     91   9.84    300     12  313.1  343.8  314.9
  673.0   3478    8.2    5.3     82   8.37    309     14  315.1  341.5  316.6
  640.0   3887    6.0    3.9     86   7.95    320     17  317.1  342.5  318.6
  594.0   4494    2.7    1.7     93   7.36    285      7  320.1  343.9  321.5
  572.0   4801    1.0    0.7     97   7.07    285      8  321.6  344.7  323.0
  559.0   4988    0.0    0.0    100   6.89    271      9  322.5  345.1  323.9
  531.0   5395   -3.2   -5.1     87   4.96    240     12  323.5  340.0  324.4
  510.0   5715   -5.7   -9.1     77   3.79    240     15  324.2  337.0  324.9
  500.0   5870   -5.1  -15.1     45   2.38    240     16  326.8  335.1  327.2
  492.0   5998   -3.9  -17.9     33   1.91    240     16  329.7  336.6  330.1
  456.0   6597   -6.9  -29.4     15   0.74    240     17  333.2  336.0  333.3
  454.0   6632   -7.1  -30.1     14   0.69    243     17  333.4  336.1  333.5
  418.0   7273  -12.1  -20.1     51   1.86    304     14  334.9  341.8  335.3
  406.0   7496  -13.9  -26.6     34   1.08    325     13  335.3  339.4  335.6
  400.0   7610  -14.9  -29.9     27   0.80    330     15  335.5  338.6  335.7
  387.0   7859  -16.3  -31.3     26   0.73    325     17  336.9  339.7  337.0
  375.0   8094  -18.3  -29.3     37   0.91    321     19  337.3  340.8  337.5
  370.0   8194  -19.1  -28.1     45   1.03    319     19  337.5  341.4  337.7
  369.0   8214  -19.1  -25.1     59   1.36    319     20  337.8  342.9  338.1
  363.0   8336  -19.5  -30.5     37   0.84    316     21  338.8  342.1  339.0
  360.0   8397  -19.8  -33.8     28   0.61    315     21  339.2  341.6  339.3
  356.0   8480  -20.3  -38.3     18   0.40    316     21  339.6  341.2  339.7
  332.0   8987  -24.2  -35.0     36   0.59    320     19  341.1  343.4  341.2
  311.0   9463  -27.9  -32.0     68   0.85    297     20  342.4  345.7  342.6
  305.0   9602  -28.8  -32.7     69   0.81    290     20  343.1  346.3  343.3
  300.0   9720  -29.5  -33.3     70   0.77    285     21  343.7  346.8  343.9
  269.0  10480  -35.6  -39.2     69   0.48    305     13  345.7  347.6  345.8
  257.0  10798  -38.2  -41.7     69   0.38    335      9  346.5  348.1  346.5
  250.0  10990  -39.7  -43.2     69   0.34    325      7  346.9  348.3  347.0
  249.0  11018  -40.1  -43.5     70   0.33    324      7  346.7  348.1  346.8
  246.0  11098  -40.8                         320      6  346.8         346.8
  235.0  11404  -43.5                          25      8  347.3         347.3
  200.0  12480  -53.1                          60     19  348.5         348.5
  187.0  12902  -56.9                          70     24  349.2         349.2
  168.0  13574  -62.9                          63     25  350.0         350.0
  162.0  13794  -64.7                          60     26  350.6         350.6
  150.0  14260  -68.5                          70     33  351.9         351.9
  141.0  14628  -71.3                          78     38  353.3         353.3
  113.0  15909  -77.2                         105     54  365.4         365.4
  105.0  16334  -79.1                         100     51  369.5         369.5
  102.0  16498  -79.3                         100     50  372.1         372.1
  100.0  16610  -79.5                         100     46  373.9         373.9
   97.0  16783  -79.9                          95     33  376.4         376.4
   87.2  17387  -81.1                          36     10  385.6         385.6
   87.0  17400  -81.0                          35      9  386.1         386.1
   83.0  17669  -78.9                         120      4  395.6         395.6
   80.5  17843  -77.5                          36      4  401.9         401.9
   78.0  18025  -77.3                         310      5  406.0         406.0
   71.0  18568  -76.6                         135     12  418.5         418.5
   70.0  18650  -76.5                         125     12  420.4         420.4
   67.6  18850  -77.1                          77      9  423.3         423.3
   67.0  18902  -76.6                          65      8  425.6         425.6
   64.0  19167  -73.8                         280     13  437.2         437.2
   62.8  19277  -72.7                         279     14  442.0         442.0
   55.7  19975  -75.3                         271     20  451.5         451.5
   55.0  20048  -75.2                         270     21  453.4         453.4
   52.0  20373  -74.8                         245     14  461.7         461.7
   50.4  20554  -74.5                         249     10  466.5         466.5
   50.0  20600  -74.1                         250      9  468.5         468.5
   49.0  20721  -73.1                         255      7  473.6         473.6
   47.0  20969  -71.0                         125      3  484.3         484.3
   42.0  21641  -65.3                          75     19  514.2         514.2
   41.5  21712  -64.7                          79     20  517.4         517.4
   37.0  22409  -67.0                         115     30  528.7         528.7
   36.9  22425  -67.1                         114     30  528.9         528.9
   33.0  23106  -64.6                          90     22  552.8         552.8
   31.2  23447  -63.3                          54     23  565.1         565.1
   31.0  23487  -63.3                          50     23  566.2         566.2
   30.7  23547  -63.3                          53     23  567.8         567.8
   30.2  23648  -60.3                          58     24  578.6         578.6
   30.0  23690  -58.5                          60     24  584.6         584.6
   29.2  23860  -56.5                          76     17  594.6         594.6
   29.0  23904  -56.4                          80     15  596.1         596.1
   27.0  24358  -54.9                         120     22  612.5         612.5
   25.4  24747  -53.7                          96     31  626.8         626.8
   25.0  24847  -54.2                          90     33  628.3         628.3
   22.0  25656  -57.8                         105     42  640.7         640.7
   21.5  25802  -58.5                         105     42  643.0         643.0
   20.7  26041  -55.3                          95     50  659.6         659.6
   20.0  26260  -53.9                          85     57  670.4         670.4
   19.0  26592  -51.7                          75     54  687.3         687.3
   18.5  26764  -50.5                          77     53  696.2         696.2
   16.0  27716  -49.1                          85     50  730.2         730.2
   14.4  28406  -48.1                          91     54  755.9         755.9
   12.3  29441  -49.3                         100     59  786.5         786.5
   12.0                                       100     59                     
</PRE><H3>Station information and sounding indices</H3><PRE>
                         Station identifier: WIII
                             Station number: 96749
                           Observation time: 200115/0000
                           Station latitude: -6.11
                          Station longitude: 106.65
                          Station elevation: 8.0
                            Showalter index: -0.45
                               Lifted index: -2.00
    LIFT computed using virtual temperature: -2.62
                                SWEAT index: 239.60
                                    K index: 37.70
                         Cross totals index: 20.90
                      Vertical totals index: 23.30
                        Totals totals index: 44.20
      Convective Available Potential Energy: 423.97
             CAPE using virtual temperature: 522.86
                      Convective Inhibition: -27.82
             CINS using virtual temperature: -20.88
                           Equilibrum Level: 178.92
 Equilibrum Level using virtual temperature: 178.14
                   Level of Free Convection: 828.98
             LFCT using virtual temperature: 838.53
                     Bulk Richardson Number: 101.70
          Bulk Richardson Number using CAPV: 125.42
  Temp [K] of the Lifted Condensation Level: 294.64
Pres [hPa] of the Lifted Condensation Level: 948.36
   Equivalent potential temp [K] of the LCL: 349.88
     Mean mixed layer potential temperature: 299.15
              Mean mixed layer mixing ratio: 17.35
              1000 hPa to 500 hPa thickness: 5778.00
Precipitable water [mm] for entire sounding: 60.98
</PRE>
<P>Description of the 
<A HREF="/upperair/columns.html">data columns</A>
or <A HREF="/upperair/indices.html">sounding indices</A>.

<P>
<FORM>
<INPUT CLASS="button" TYPE="button" VALUE=" Close this window " 
 onClick="window.close();">
<INPUT CLASS="button" TYPE="button" VALUE=" Select another map " 
 onClick="window.blur();">
</FORM>
<HR SIZE="1">
<I>Interested in graduate studies in atmospheric science?
Check out our program at the
<a href="http://www.uwyo.edu/atsc/howtoapply/"
target=_top>University of Wyoming
</a></I>
<HR SIZE="1"><FONT SIZE="-1">
Questions about the weather data provided by this site can be
addressed to <A HREF="mailto:ldoolman@uwyo.edu">
Larry Oolman (ldoolman@uwyo.edu)</A></FONT>
<HR SIZE="1">
<SCRIPT TYPE="text/javascript">
<!--
window.focus();
// -->
</SCRIPT>
</BODY>
</HTML>
