2020-11-28 12
<HTML>
<TITLE>University of Wyoming - Radiosonde Data</TITLE>
<BODY BGCOLOR="white">
<H2>96749 WIII Jakarta Observations at 00Z 28 Nov 2020</H2>
<PRE>
-----------------------------------------------------------------------------
   PRES   HGHT   TEMP   DWPT   RELH   MIXR   DRCT   SKNT   THTA   THTE   THTV
    hPa     m      C      C      %    g/kg    deg   knot     K      K      K 
-----------------------------------------------------------------------------
 1009.0      8   24.8   22.8     89  17.67    250      3  297.2  348.5  300.3
 1000.0     86   25.2   21.0     78  15.93    175      4  298.4  344.8  301.2
  976.0    298   24.4   18.8     71  14.16    235      6  299.7  341.3  302.2
  943.0    599   23.4   15.6     62  11.94    240     11  301.6  337.0  303.7
  925.0    767   22.8   13.8     57  10.83    240     11  302.6  335.0  304.6
  909.0    921   22.8    7.8     38   7.35    235     11  304.1  326.5  305.5
  881.0   1195   20.6    9.3     48   8.39    225     10  304.6  330.1  306.1
  871.0   1295   19.8    9.8     52   8.80    230      8  304.7  331.4  306.4
  851.0   1498   19.2    3.5     35   5.82    240      4  306.2  324.2  307.2
  850.0   1508   19.2    3.2     35   5.70    240      4  306.2  323.9  307.3
  844.0   1569   18.8    0.8     30   4.83    217      3  306.4  321.6  307.3
  823.0   1784   16.6   13.2     80  11.72    133      1  306.3  341.8  308.5
  821.0   1804   16.6   13.1     80  11.65    125      1  306.5  341.8  308.7
  793.0   2100   16.2   11.3     72  10.69     90      4  309.2  342.0  311.2
  792.0   2110   16.2   11.2     72  10.66     91      4  309.3  342.0  311.3
  739.0   2692   12.2    9.1     82   9.93    130      5  311.1  341.8  312.9
  713.0   2993   10.1    8.1     87   9.56    105      5  312.0  341.7  313.8
  700.0   3147    9.0    7.5     90   9.38    100      4  312.4  341.7  314.2
  686.0   3315    7.8    6.5     91   8.93    103      5  312.9  340.8  314.6
  617.0   4185    4.0    1.3     83   6.86    120      8  318.1  340.3  319.5
  616.0   4198    4.0    0.9     81   6.69    120      8  318.3  339.9  319.6
  602.0   4385    3.6   -4.4     56   4.61    145      7  319.9  335.2  320.8
  594.0   4493    2.9   -4.2     59   4.73    160      6  320.3  336.0  321.2
  563.0   4926    0.0   -3.6     77   5.24    171      9  321.9  339.2  322.9
  553.0   5070   -0.9   -7.9     59   3.83    174     10  322.5  335.4  323.2
  551.0   5099   -1.1   -7.0     64   4.13    175     10  322.6  336.4  323.4
  544.0   5201   -1.7   -3.8     86   5.34    165     10  323.0  340.8  324.1
  514.0   5652   -3.3   -6.2     80   4.71    121     10  326.4  342.3  327.3
  500.0   5870   -5.1   -6.7     89   4.66    100     10  326.8  342.5  327.7
  492.0   5997   -6.0   -7.3     91   4.53     80     10  327.2  342.5  328.1
  474.0   6289   -8.1   -8.6     96   4.24     66      8  328.1  342.6  328.9
  473.0   6306   -8.2   -8.7     96   4.21     65      8  328.2  342.6  329.0
  455.0   6607   -9.2  -11.1     86   3.63     70     11  330.6  343.2  331.3
  438.0   6903  -10.1  -13.4     77   3.13     60      8  333.0  344.1  333.6
  432.0   7010  -10.5  -14.2     74   2.97     56      8  333.8  344.4  334.4
  405.0   7505  -14.4  -16.4     85   2.64     40      8  335.1  344.5  335.6
  400.0   7600  -15.1  -16.8     87   2.58     45      7  335.3  344.6  335.8
  381.0   7964  -17.9  -18.4     96   2.37     63      6  336.3  344.9  336.8
  374.0   8100  -18.7  -19.6     93   2.18     70      5  337.0  344.9  337.4
  336.0   8887  -23.5  -26.4     77   1.32     57      7  340.9  346.0  341.2
  331.0   8995  -24.3  -27.6     74   1.20     55      7  341.3  345.9  341.5
  305.0   9581  -28.8  -34.3     59   0.69     55      3  343.1  345.8  343.2
  300.0   9700  -29.7  -35.7     56   0.61     40      3  343.4  345.9  343.5
  280.0  10184  -33.7  -40.9     49   0.39     15      2  344.5  346.1  344.6
  250.0  10980  -40.3  -49.3     37   0.17     50      4  346.0  346.8  346.1
  245.0  11117  -41.5  -51.3     34   0.14     55      4  346.3  346.9  346.3
  244.0  11144  -41.7  -51.7     33   0.13     53      4  346.3  346.9  346.4
  224.0  11706  -46.7  -54.5     40   0.10     20      6  347.2  347.7  347.3
  214.0  12006  -49.4  -56.0     45   0.09     25      8  347.7  348.1  347.7
  205.0  12288  -51.9  -57.5     51   0.08     60     10  348.0  348.4  348.0
  200.0  12450  -53.3  -58.3     54   0.07     70     12  348.2  348.5  348.2
  195.0  12613  -54.9  -59.3     58   0.07     73     13  348.2  348.5  348.2
  169.0  13500  -63.1  -68.3     49   0.02     90     18  349.1  349.2  349.1
  153.0  14117  -68.8  -74.7     42   0.01     70     24  349.4  349.5  349.4
  150.0  14240  -69.9  -75.9     41   0.01     65     25  349.5  349.5  349.5
  146.0  14400  -70.6  -76.6     41   0.01     60     29  351.1  351.1  351.1
  144.0  14482  -70.9  -76.9     41   0.01     61     29  351.9  351.9  351.9
  139.0  14690  -71.9  -80.9     25   0.00     63     30  353.7  353.7  353.7
  112.0  15930  -80.7  -89.7     21   0.00     77     35  359.7  359.7  359.7
  107.0  16188  -79.9  -89.7     19   0.00     80     36  366.0  366.0  366.0
  100.0  16570  -78.7  -89.7     15   0.00     45     12  375.4  375.4  375.4
   96.0  16801  -80.2  -91.2     15   0.00      5      4  376.9  376.9  376.9
   95.2  16849  -80.5  -91.5     15   0.00    340      5  377.2  377.2  377.2
   91.0  17106  -77.2  -89.8     12   0.00    205      9  388.7  388.7  388.7
   89.9  17175  -76.3  -89.3     11   0.00    200      9  391.8  391.8  391.8
   86.0  17428  -78.3  -90.1     13   0.00    180      8  392.7  392.7  392.7
   83.5  17596  -79.7  -90.7     15   0.00    171     12  393.2  393.2  393.2
   82.0  17699  -79.7  -90.9     14   0.00    165     15  395.4  395.4  395.4
   78.0  17982  -79.5  -91.5     13   0.00    185     19  401.4  401.4  401.4
   77.7  18004  -79.5  -91.5     13   0.00    182     19  401.8  401.8  401.8
   74.0  18284  -75.5  -89.6      9   0.00    145     16  415.9  415.9  415.9
   72.6  18394  -73.9  -88.9      9   0.00    154     12  421.6  421.6  421.6
   71.8  18459  -70.5  -88.5      6   0.00    159     10  430.1  430.1  430.1
   70.0  18610  -69.9  -87.9      6   0.00    170      5  434.5  434.5  434.5
   67.0  18870  -70.0  -88.4      5   0.00    260     19  439.7  439.7  439.7
   57.0  19831  -70.6  -90.3      4   0.00    210     12  459.2  459.2  459.2
   55.1  20033  -70.7  -90.7      4   0.00    248      7  463.4  463.4  463.4
   55.0  20043  -70.7  -90.7      4   0.00    250      7  463.7  463.8  463.7
   53.6  20197  -70.3  -90.3      4   0.00    282      8  468.0  468.0  468.0
   52.0  20379  -65.1  -89.3      2   0.00    320      9  484.2  484.2  484.2
   51.7  20414  -64.1  -89.1      2   0.00    316      9  487.3  487.4  487.3
   50.0  20620  -62.3  -87.3      2   0.00    295      7  496.2  496.3  496.2
   49.0  20746  -61.8  -87.1      2   0.00    275      7  500.3  500.4  500.3
   46.9  21018  -60.7  -86.7      2   0.00    272     13  509.2  509.3  509.2
   43.0  21557  -62.3  -86.1      3   0.01    265     24  518.2  518.2  518.2
   41.5  21777  -62.9  -85.9      3   0.01    260     19  521.9  521.9  521.9
   39.0  22163  -62.2  -85.9      3   0.01    250     11  532.9  533.0  532.9
   37.0  22489  -61.7  -85.9      3   0.01    195      6  542.4  542.5  542.4
   35.0  22834  -61.1  -85.9      2   0.01    165     10  552.6  552.7  552.6
   34.4  22941  -60.9  -85.9      2   0.01    186      5  555.9  555.9  555.9
   34.0  23015  -60.7  -85.8      2   0.01    200      1  558.4  558.4  558.4
   32.0  23395  -59.4  -85.0      2   0.01    260      6  571.4  571.5  571.4
   30.0  23800  -58.1  -84.1      2   0.01    125      9  585.7  585.8  585.7
   29.0  24014  -57.6  -83.6      2   0.01     40     10  592.7  592.9  592.7
   28.8  24058  -57.5  -83.5      2   0.01     32     11  594.2  594.3  594.2
   28.0  24237  -55.0  -83.3      2   0.01      0     14  606.1  606.2  606.1
   27.8  24283  -54.3  -83.3      2   0.01    360     14  609.1  609.2  609.1
   26.3  24640  -52.5  -81.5      2   0.02    357     11  623.9  624.1  624.0
   25.0  24967  -53.5  -81.3      2   0.02    355      9  630.1  630.3  630.1
   24.0  25229  -54.3  -81.2      2   0.02    315     13  635.1  635.4  635.2
   23.1  25475  -55.1  -81.1      3   0.02    328     10  639.9  640.1  639.9
   23.0  25503  -55.0  -81.1      3   0.02    330     10  640.8  641.0  640.8
   22.0  25788  -54.6  -80.9      3   0.03    305     13  650.5  650.7  650.5
   21.0  26087  -54.0  -80.7      2   0.03    305      5  660.7  661.0  660.7
   20.0  26400  -53.5  -80.5      2   0.03    170      5  671.7  672.0  671.7
   19.2  26663  -53.1  -81.1      2   0.03    138      7  680.8  681.1  680.8
   19.0  26732  -52.7  -80.9      2   0.03    130      8  684.0  684.3  684.0
   16.0  27862  -46.7  -78.1      2   0.06     85     41  738.1  738.7  738.1
   14.7  28420  -43.7  -76.7      1   0.08     81     39  766.1  767.0  766.2
   13.0  29249  -42.5  -74.9      2   0.11     75     36  797.8  799.1  797.8
   11.8  29903  -41.5  -73.5      2   0.16     95     38  823.6  825.5  823.7
   11.1  30316  -42.9  -73.9      2   0.16    108     39  833.1  834.9  833.1
   11.0                                       110     39                     
</PRE><H3>Station information and sounding indices</H3><PRE>
                         Station identifier: WIII
                             Station number: 96749
                           Observation time: 201128/0000
                           Station latitude: -6.11
                          Station longitude: 106.65
                          Station elevation: 8.0
                            Showalter index: 9.26
                               Lifted index: 0.96
    LIFT computed using virtual temperature: 0.92
                                SWEAT index: 56.41
                                    K index: 26.00
                         Cross totals index: 8.30
                      Vertical totals index: 24.30
                        Totals totals index: 32.60
      Convective Available Potential Energy: 0.00
             CAPE using virtual temperature: 0.00
                      Convective Inhibition: 0.00
             CINS using virtual temperature: 0.00
                     Bulk Richardson Number: 0.00
          Bulk Richardson Number using CAPV: 0.00
  Temp [K] of the Lifted Condensation Level: 291.19
Pres [hPa] of the Lifted Condensation Level: 907.92
   Equivalent potential temp [K] of the LCL: 342.00
     Mean mixed layer potential temperature: 299.36
              Mean mixed layer mixing ratio: 14.63
              1000 hPa to 500 hPa thickness: 5784.00
Precipitable water [mm] for entire sounding: 51.24
</PRE>
<P>Description of the 
<A HREF="/upperair/columns.html">data columns</A>
or <A HREF="/upperair/indices.html">sounding indices</A>.

<P>
<FORM>
<INPUT CLASS="button" TYPE="button" VALUE=" Close this window " 
 onClick="window.close();">
<INPUT CLASS="button" TYPE="button" VALUE=" Select another map " 
 onClick="window.blur();">
</FORM>
<HR SIZE="1">
<I>Interested in graduate studies in atmospheric science?
Check out our program at the
<a href="http://www.uwyo.edu/atsc/howtoapply/"
target=_top>University of Wyoming
</a></I>
<HR SIZE="1"><FONT SIZE="-1">
Questions about the weather data provided by this site can be
addressed to <A HREF="mailto:ldoolman@uwyo.edu">
Larry Oolman (ldoolman@uwyo.edu)</A></FONT>
<HR SIZE="1">
<SCRIPT TYPE="text/javascript">
<!--
window.focus();
// -->
</SCRIPT>
</BODY>
</HTML>
