2021-11-13 12
<HTML>
<TITLE>University of Wyoming - Radiosonde Data</TITLE>
<BODY BGCOLOR="white">
<H2>96749 WIII Jakarta Observations at 00Z 13 Nov 2021</H2>
<PRE>
-----------------------------------------------------------------------------
   PRES   HGHT   TEMP   DWPT   RELH   MIXR   DRCT   SKNT   THTA   THTE   THTV
    hPa     m      C      C      %    g/kg    deg   knot     K      K      K 
-----------------------------------------------------------------------------
 1009.0      8   25.0   24.2     95  19.27    200      2  297.4  353.4  300.8
 1008.0     17   25.0   23.5     91  18.47    199      2  297.5  351.2  300.8
 1004.0     52   25.2   23.1     88  18.09    194      4  298.0  350.8  301.2
 1001.0     79   26.4   21.7     75  16.63    191      6  299.5  348.2  302.4
 1000.0     88   27.0   21.0     70  15.93    190      6  300.1  347.0  303.0
  994.0    141   27.8   19.8     62  14.85    188      6  301.5  345.4  304.1
  981.0    258   27.8   18.8     58  14.12    185      7  302.6  344.6  305.2
  944.0    595   24.5   18.1     67  14.06    175     10  302.6  344.5  305.2
  938.0    651   24.0   18.0     69  14.04    180     10  302.6  344.4  305.2
  925.0    773   23.0   17.0     69  13.35    190      9  302.8  342.6  305.2
  912.0    897   22.4   16.3     68  12.92    200      9  303.5  342.1  305.8
  881.0   1198   21.0   14.5     66  11.89    205      6  305.0  340.9  307.2
  851.0   1501   19.6   12.7     64  10.93    115      1  306.6  339.8  308.6
  850.0   1511   19.6   12.6     64  10.90    115      1  306.7  339.8  308.7
  822.0   1797   18.0   11.5     66  10.49    165      5  308.0  340.0  309.9
  766.0   2399   14.8    9.3     70   9.66    185      6  310.7  340.6  312.5
  741.0   2682   13.2    8.2     72   9.29    218      5  312.0  340.9  313.7
  714.0   2993   10.8    7.0     77   8.89    255      4  312.7  340.5  314.4
  700.0   3159    9.6    6.4     80   8.69    255      3  313.1  340.3  314.7
  688.0   3303    8.5    6.2     85   8.72    225      3  313.4  340.8  315.1
  682.0   3375    8.0    6.1     88   8.73    198      3  313.6  341.1  315.3
  664.0   3593    6.8    5.0     88   8.28    115      2  314.8  340.9  316.3
  594.0   4502    2.1    0.2     87   6.57    105      3  319.4  340.7  320.6
  566.0   4895    0.0   -1.9     87   5.92    174      3  321.4  340.8  322.5
  552.0   5094   -1.1   -2.9     88   5.65    210      3  322.3  341.0  323.4
  531.0   5402   -2.9   -4.3     90   5.26    115      2  323.8  341.3  324.8
  500.0   5880   -5.7   -6.6     93   4.69     85      7  326.0  341.9  326.9
  474.0   6296   -7.8   -9.1     90   4.07     70      5  328.5  342.5  329.3
  470.0   6362   -8.1   -9.5     90   3.98     70      5  328.9  342.6  329.7
  456.0   6597   -8.5  -11.9     76   3.38     70      5  331.2  343.0  331.9
  450.0   6699   -8.7  -13.0     71   3.14     51      4  332.2  343.3  332.9
  439.0   6889  -10.0  -14.1     72   2.94     15      2  332.9  343.3  333.5
  422.0   7191  -12.1  -15.9     73   2.63    355      2  334.1  343.5  334.6
  405.0   7505  -14.2  -17.8     74   2.34     65      4  335.2  343.6  335.7
  400.0   7600  -14.9  -18.4     75   2.25     70      3  335.5  343.7  336.0
  374.0   8104  -18.4  -21.9     74   1.78    115      3  337.4  344.0  337.7
  365.0   8286  -19.7  -23.2     74   1.63     92      5  338.0  344.1  338.4
  345.0   8695  -22.9  -25.9     76   1.35     40     11  339.2  344.3  339.5
  318.0   9287  -27.4  -29.9     80   1.01     65     11  340.9  344.8  341.1
  300.0   9710  -30.7  -32.7     83   0.82     50     14  342.0  345.2  342.2
  297.0   9781  -31.3  -32.9     86   0.81     46     15  342.1  345.3  342.3
  292.0   9900  -32.2  -34.0     84   0.74     40     16  342.5  345.4  342.6
  250.0  10980  -40.7  -43.7     73   0.32     60     26  345.4  346.8  345.5
  225.0  11679  -46.6  -50.3     66   0.17     60     26  346.9  347.6  346.9
  215.0  11980  -49.2  -53.2     63   0.13     55     31  347.4  348.0  347.4
  200.0  12460  -53.3  -57.7     59   0.08     50     34  348.2  348.6  348.2
  156.0  14005  -66.9  -71.9     49   0.01     46     44  350.7  350.8  350.7
  150.0  14240  -68.7  -74.7     42   0.01     45     46  351.6  351.6  351.6
  128.0  15170  -76.1  -83.1     33   0.00     51     44  354.5  354.6  354.5
  121.0  15492  -77.9  -85.9     27   0.00     53     44  357.0  357.0  357.0
  114.0  15831  -78.3  -89.3     16   0.00     55     43  362.4  362.4  362.4
  113.0  15882  -78.0  -89.2     15   0.00     55     43  363.9  363.9  363.9
  110.0  16035  -76.9  -88.9     13   0.00     69     35  368.7  368.7  368.7
  102.0  16467  -77.8  -89.8     13   0.00    110     14  374.9  374.9  374.9
  100.0  16580  -78.1  -90.1     13   0.00    115     14  376.6  376.6  376.6
   91.7  17071  -81.1  -91.1     18   0.00    125     29  380.1  380.1  380.1
   91.0  17115  -80.7  -90.8     17   0.00    125     28  381.8  381.8  381.8
   87.0  17371  -78.2  -88.7     17   0.00     65      8  391.7  391.7  391.7
   83.5  17605  -75.9  -86.9     16   0.00    328      7  401.0  401.0  401.0
   82.0  17709  -76.0  -86.8     17   0.00    285      6  402.8  402.8  402.8
   78.0  17997  -76.4  -86.7     19   0.00    270      5  407.7  407.7  407.7
   74.0  18300  -76.9  -86.5     21   0.00    275     19  413.0  413.1  413.0
   70.0  18620  -77.3  -86.3     23   0.00    265     12  418.7  418.7  418.7
   69.0  18703  -77.7  -86.7     23   0.00    275     11  419.6  419.6  419.6
   67.0  18873  -76.5  -86.5     19   0.00    295     10  425.8  425.8  425.8
   63.4  19194  -74.1  -86.1     14   0.00    255      6  437.8  437.8  437.8
   63.0  19231  -73.5  -85.9     14   0.00    250      5  439.8  439.8  439.8
   60.0  19520  -69.2  -84.2     10   0.01    100      9  455.5  455.6  455.5
   59.9  19530  -69.1  -84.1     10   0.01    102      9  456.1  456.1  456.1
   57.0  19830  -68.5  -83.8     10   0.01    150      5  464.0  464.0  464.0
   55.0  20045  -68.1  -83.5      9   0.01    305      5  469.7  469.8  469.7
   52.0  20383  -67.4  -83.2      9   0.01      5     11  478.9  478.9  478.9
   50.0  20620  -66.9  -82.9      9   0.01    330     14  485.4  485.5  485.4
   49.0  20742  -67.1  -83.3      8   0.01    320     13  487.9  487.9  487.9
   47.0  20993  -67.4  -84.2      8   0.01    305      8  492.9  493.0  492.9
   46.3  21083  -67.5  -84.5      7   0.01    358      7  494.8  494.8  494.8
   45.0  21257  -66.6  -85.8      5   0.01    100      6  501.0  501.1  501.0
   37.7  22338  -60.9  -93.9      1   0.00     68     39  541.5  541.5  541.5
   37.0  22454  -61.2  -94.2      1   0.00     65     43  543.7  543.7  543.7
   35.3  22746  -61.9  -94.9      1   0.00     75     44  549.2  549.2  549.2
   32.6  23241  -58.9  -92.9      1   0.00     91     46  569.8  569.8  569.8
   32.0  23357  -59.1  -93.1      1   0.00     95     46  572.2  572.2  572.2
   30.0  23760  -59.9  -93.9      0   0.00    100     51  580.8  580.8  580.8
   29.0  23975  -59.4  -93.5      0   0.00     90     55  587.9  588.0  587.9
   22.1  25695  -54.9  -89.9      1   0.01     95     65  648.6  648.7  648.6
   22.0  25724  -54.7  -89.8      1   0.01     95     65  649.9  650.0  649.9
   21.0  26025  -53.1  -88.6      1   0.01     95     70  663.7  663.8  663.7
   20.0  26340  -51.3  -87.3      1   0.01     90     73  678.4  678.5  678.4
   19.8  26405  -50.7  -86.7      1   0.01     90     73  682.2  682.3  682.2
   17.1  27364  -48.9  -85.9      1   0.01     90     77  717.1  717.3  717.1
   16.0  27805  -46.1  -83.8      1   0.02     90     78  739.8  740.1  739.8
   15.8  27888  -45.6  -83.3      1   0.02     90     78  744.2  744.5  744.2
   15.3  28101  -44.3  -82.3      1   0.03     90     76  755.5  755.8  755.5
   14.0  28693  -45.7  -80.7      1   0.04     90     69  770.0  770.5  770.0
   13.8  28789  -46.0  -80.5      1   0.04     90     69  772.4  772.9  772.4
   13.2  29085  -46.7  -79.7      1   0.05     90     68  779.7  780.4  779.8
   13.0  29187  -46.3  -79.7      1   0.05     90     68  784.6  785.3  784.6
   12.2  29610  -44.5  -79.5      1   0.06                805.2  806.0  805.3
</PRE><H3>Station information and sounding indices</H3><PRE>
                         Station identifier: WIII
                             Station number: 96749
                           Observation time: 211113/0000
                           Station latitude: -6.11
                          Station longitude: 106.65
                          Station elevation: 8.0
                            Showalter index: 1.29
                               Lifted index: -1.03
    LIFT computed using virtual temperature: -1.15
                                SWEAT index: 160.17
                                    K index: 34.70
                         Cross totals index: 18.30
                      Vertical totals index: 25.30
                        Totals totals index: 43.60
      Convective Available Potential Energy: 72.30
             CAPE using virtual temperature: 93.80
                      Convective Inhibition: -189.19
             CINS using virtual temperature: -151.70
                           Equilibrum Level: 461.53
 Equilibrum Level using virtual temperature: 459.62
                   Level of Free Convection: 688.39
             LFCT using virtual temperature: 697.82
                     Bulk Richardson Number: 47.75
          Bulk Richardson Number using CAPV: 61.95
  Temp [K] of the Lifted Condensation Level: 291.09
Pres [hPa] of the Lifted Condensation Level: 883.58
   Equivalent potential temp [K] of the LCL: 345.54
     Mean mixed layer potential temperature: 301.58
              Mean mixed layer mixing ratio: 14.93
              1000 hPa to 500 hPa thickness: 5792.00
Precipitable water [mm] for entire sounding: 55.87
</PRE>
<P>Description of the 
<A HREF="/upperair/columns.html">data columns</A>
or <A HREF="/upperair/indices.html">sounding indices</A>.

<P>
<FORM>
<INPUT CLASS="button" TYPE="button" VALUE=" Close this window " 
 onClick="window.close();">
<INPUT CLASS="button" TYPE="button" VALUE=" Select another map " 
 onClick="window.blur();">
</FORM>
<HR SIZE="1">
<I>Interested in graduate studies in atmospheric science?
Check out our program at the
<a href="http://www.uwyo.edu/atsc/howtoapply/"
target=_top>University of Wyoming
</a></I>
<HR SIZE="1"><FONT SIZE="-1">
Questions about the weather data provided by this site can be
addressed to <A HREF="mailto:ldoolman@uwyo.edu">
Larry Oolman (ldoolman@uwyo.edu)</A></FONT>
<HR SIZE="1">
<SCRIPT TYPE="text/javascript">
<!--
window.focus();
// -->
</SCRIPT>
</BODY>
</HTML>
