2016-06-13 12
<HTML>
<TITLE>University of Wyoming - Radiosonde Data</TITLE>
<BODY BGCOLOR="white">
<H2>96749 WIII Jakarta Observations at 00Z 13 Jun 2016</H2>
<PRE>
-----------------------------------------------------------------------------
   PRES   HGHT   TEMP   DWPT   RELH   MIXR   DRCT   SKNT   THTA   THTE   THTV
    hPa     m      C      C      %    g/kg    deg   knot     K      K      K 
-----------------------------------------------------------------------------
 1010.0      8   26.2   24.3     89  19.37    180      4  298.5  355.1  301.9
 1000.0     99   26.6   22.5     78  17.50    180      8  299.8  351.1  302.9
  994.0    152   26.8   22.1     75  17.17    164      8  300.5  351.1  303.6
  977.0    305   25.8   21.7     78  17.04    120      8  300.9  351.2  304.0
  945.0    598   23.9   20.9     84  16.77     80     10  301.8  351.5  304.9
  925.0    787   22.6   20.4     87  16.61     75     11  302.4  351.7  305.4
  913.0    900   21.8   19.6     87  16.00     70     13  302.7  350.3  305.6
  876.0   1259   19.2   17.1     88  14.21     79     12  303.6  346.0  306.2
  850.0   1518   18.8   16.5     86  14.09     85     11  305.8  348.3  308.4
  827.0   1755   18.4   14.1     76  12.38     89      9  307.8  345.5  310.1
  823.0   1796   18.1   13.9     76  12.26     90      9  307.9  345.3  310.2
  794.0   2102   16.0   12.2     78  11.39    110     10  308.8  343.7  310.9
  768.0   2387   14.0   10.7     81  10.63    103      9  309.6  342.3  311.6
  740.0   2700   12.7    8.7     77   9.61     95      7  311.5  341.4  313.3
  715.0   2990   11.4    6.8     73   8.74    107      8  313.2  340.6  314.8
  700.0   3167   10.6    4.6     66   7.65    115      9  314.2  338.4  315.6
  698.0   3191   10.4    4.4     66   7.57    114      9  314.2  338.2  315.7
  689.0   3299   10.2   -1.5     44   5.01    110     10  315.2  331.4  316.2
  687.0   3324   10.2   -2.8     40   4.55    109     10  315.4  330.2  316.3
  674.0   3482    9.0   -3.0     43   4.57    101     10  315.8  330.7  316.7
  663.0   3619    8.6  -12.4     21   2.24     94     10  316.9  324.4  317.3
  648.0   3808    7.2  -12.8     23   2.22     85     10  317.4  324.9  317.8
  641.0   3897    6.4   -7.9     35   3.30     80     10  317.4  328.4  318.1
  632.0   4013    5.4   -1.6     61   5.41     83     10  317.6  335.2  318.6
  618.0   4197    4.0   -2.0     65   5.38     87     11  318.0  335.5  319.0
  597.0   4478    3.4   -9.6     38   3.11     93     12  320.5  331.0  321.1
  546.0   5199    0.0  -18.0     24   1.71    110     15  324.7  330.8  325.0
  539.0   5303   -0.7  -17.7     26   1.78    113     16  325.1  331.4  325.4
  538.0   5318   -0.7  -11.7     43   2.92    113     16  325.2  335.3  325.8
  537.0   5333   -0.5  -19.5     22   1.53    113     16  325.6  331.1  326.0
  532.0   5407   -1.0  -19.9     22   1.49    115     16  325.9  331.3  326.2
  500.0   5900   -4.5  -22.5     23   1.26    100     14  327.5  332.1  327.7
  475.0   6300   -7.3  -26.2     21   0.95    105     13  328.8  332.3  329.0
  472.0   6349   -7.7  -26.7     20   0.92    106     13  329.0  332.4  329.1
  464.0   6481   -8.7  -19.7     41   1.74    107     13  329.3  335.6  329.7
  459.0   6565   -9.1  -28.1     20   0.83    108     14  329.9  333.0  330.0
  446.0   6785  -10.3  -31.3     16   0.63    111     14  331.1  333.5  331.2
  434.0   6994  -11.9  -21.9     43   1.54    114     15  331.6  337.2  331.9
  430.0   7064  -12.3  -25.3     33   1.14    115     15  332.0  336.2  332.2
  429.0   7082  -12.3  -29.3     23   0.79    115     15  332.2  335.2  332.4
  414.0   7352  -14.7  -26.7     35   1.05    118     16  332.5  336.4  332.7
  406.0   7498  -15.9  -27.9     35   0.95    120     16  332.8  336.3  332.9
  400.0   7610  -16.9  -28.9     35   0.88    110     14  332.9  336.3  333.1
  397.0   7667  -17.3  -29.3     34   0.86    103     14  333.1  336.4  333.3
  391.0   7781  -17.3  -37.3     16   0.40     88     13  334.6  336.2  334.7
  390.0   7800  -17.4  -37.8     15   0.38     85     13  334.7  336.3  334.8
  366.0   8276  -19.1  -50.1      5   0.11     82     19  338.6  339.0  338.6
  346.0   8689  -21.9  -50.9      5   0.10     80     24  340.2  340.7  340.3
  318.0   9310  -26.1  -52.1      7   0.10     70     12  342.7  343.2  342.8
  305.0   9611  -28.7  -53.2      8   0.09     90      6  343.2  343.6  343.2
  300.0   9730  -29.7  -53.7      8   0.09    115      4  343.4  343.8  343.4
  293.0   9894  -31.1  -54.3      8   0.08    140      5  343.8  344.2  343.8
  269.0  10490  -35.9  -56.3     10   0.07    130      7  345.2  345.5  345.2
  257.0  10808  -38.5  -57.4     12   0.06    100      6  345.9  346.2  345.9
  250.0  11000  -40.1  -58.1     13   0.06     95      5  346.3  346.6  346.3
  246.0  11108  -41.0                          90      4  346.6         346.6
  235.0  11413  -43.5                           0      0  347.4         347.4
  225.0  11704  -45.9                         145      2  348.1         348.1
  215.0  12007  -48.4                          60      2  348.8         348.8
  206.0  12293  -50.7                          15      5  349.4         349.4
  200.0  12490  -52.3                          15      8  349.8         349.8
  179.0  13180  -58.5                          40     24  351.0         351.0
  150.0  14280  -68.3                          40     40  352.2         352.2
  148.0  14360  -69.1                          41     40  352.2         352.2
  133.0  14976  -73.0                          45     44  356.2         356.2
  126.0  15288  -74.9                          60     22  358.3         358.3
  120.0  15570  -76.7                         115      7  360.1         360.1
  114.0  15866  -78.5                         200     14  361.9         361.9
  108.0  16177  -80.5                         195     22  363.9         363.9
  102.0  16499  -79.6                         175     12  371.6         371.6
  100.0  16610  -79.3                         180     10  374.3         374.3
   97.0  16784  -78.8                         190     10  378.4         378.4
   92.3  17069  -78.1                         185      8  385.3         385.3
   92.0  17087  -78.2                         185      8  385.5         385.5
   87.0  17404  -79.8                         100      6  388.4         388.4
   83.0  17672  -81.2                          75     12  390.8         390.8
   80.1  17874  -82.3                          89     13  392.6         392.6
   74.0  18319  -81.5                         120     15  403.2         403.2
   73.9  18327  -81.5                         120     15  403.4         403.4
   73.0  18396  -81.1                         116     14  405.7         405.7
   71.2  18540  -73.7                         110     13  424.3         424.3
   70.0  18640  -72.7                         105     12  428.5         428.5
   60.0  19538  -75.1                          55     26  442.4         442.4
   57.0  19837  -75.9                          25     24  447.1         447.1
   55.7  19971  -76.3                          29     21  449.2         449.2
   54.7  20076  -76.3                          33     19  451.6         451.6
   54.0  20152  -74.5                          35     17  457.3         457.3
   52.0  20375  -69.3                         100     26  474.4         474.4
   51.4  20443  -67.7                         101     30  479.7         479.7
   50.0  20610  -66.3                         105     39  486.8         486.8
   46.2  21088  -67.1                          97     49  496.0         496.0
   45.6  21167  -64.5                          96     51  504.2         504.2
   43.0  21527  -63.9                          90     58  514.2         514.2
   40.6  21878  -63.3                                     524.2         524.2
</PRE><H3>Station information and sounding indices</H3><PRE>
                         Station identifier: WIII
                             Station number: 96749
                           Observation time: 160613/0000
                           Station latitude: -6.11
                          Station longitude: 106.65
                          Station elevation: 8.0
                            Showalter index: -0.82
                               Lifted index: -1.97
    LIFT computed using virtual temperature: -2.81
                                SWEAT index: 233.99
                                    K index: 33.80
                         Cross totals index: 21.00
                      Vertical totals index: 23.30
                        Totals totals index: 44.30
      Convective Available Potential Energy: 698.92
             CAPE using virtual temperature: 892.44
                      Convective Inhibition: -52.06
             CINS using virtual temperature: -22.44
                           Equilibrum Level: 175.66
 Equilibrum Level using virtual temperature: 174.58
                   Level of Free Convection: 778.39
             LFCT using virtual temperature: 881.07
                     Bulk Richardson Number: 134.80
          Bulk Richardson Number using CAPV: 172.13
  Temp [K] of the Lifted Condensation Level: 294.24
Pres [hPa] of the Lifted Condensation Level: 928.37
   Equivalent potential temp [K] of the LCL: 351.47
     Mean mixed layer potential temperature: 300.57
              Mean mixed layer mixing ratio: 17.31
              1000 hPa to 500 hPa thickness: 5801.00
Precipitable water [mm] for entire sounding: 50.45
</PRE>
<P>Description of the 
<A HREF="/upperair/columns.html">data columns</A>
or <A HREF="/upperair/indices.html">sounding indices</A>.

<P>
<FORM>
<INPUT CLASS="button" TYPE="button" VALUE=" Close this window " 
 onClick="window.close();">
<INPUT CLASS="button" TYPE="button" VALUE=" Select another map " 
 onClick="window.blur();">
</FORM>
<HR SIZE="1">
<I>Interested in graduate studies in atmospheric science?
Check out our program at the
<a href="http://www.uwyo.edu/atsc/howtoapply/"
target=_top>University of Wyoming
</a></I>
<HR SIZE="1"><FONT SIZE="-1">
Questions about the weather data provided by this site can be
addressed to <A HREF="mailto:ldoolman@uwyo.edu">
Larry Oolman (ldoolman@uwyo.edu)</A></FONT>
<HR SIZE="1">
<SCRIPT TYPE="text/javascript">
<!--
window.focus();
// -->
</SCRIPT>
</BODY>
</HTML>
