2016-04-04 12
<HTML>
<TITLE>University of Wyoming - Radiosonde Data</TITLE>
<BODY BGCOLOR="white">
<H2>96749 WIII Jakarta Observations at 00Z 04 Apr 2016</H2>
<PRE>
-----------------------------------------------------------------------------
   PRES   HGHT   TEMP   DWPT   RELH   MIXR   DRCT   SKNT   THTA   THTE   THTV
    hPa     m      C      C      %    g/kg    deg   knot     K      K      K 
-----------------------------------------------------------------------------
 1010.0      8   25.6   23.4     88  18.32      0      0  297.9  351.3  301.2
 1000.0     98   25.4   23.0     87  18.05    185      2  298.6  351.3  301.8
  992.0    169   26.2   21.7     76  16.78    245      2  300.0  349.4  303.1
  977.0    304   25.1   22.9     88  18.44      0      1  300.3  354.5  303.6
  967.0    395   24.4   23.8     96  19.64     18      2  300.4  358.3  303.9
  944.0    607   23.9   20.9     84  16.82     60      6  301.9  351.8  305.0
  925.0    786   23.4   18.5     74  14.71     75      7  303.2  347.1  305.9
  924.0    795   23.2   18.2     73  14.45     75      7  303.1  346.2  305.7
  852.0   1498   18.9   14.6     76  12.42     65      8  305.8  343.2  308.0
  850.0   1518   18.8   14.5     76  12.36     65      7  305.8  343.1  308.1
  751.0   2574   13.4   11.0     85  11.10    119     11  311.0  345.3  313.1
  740.0   2698   13.0   10.0     82  10.51    125     11  311.9  344.5  313.8
  714.0   2999   12.0    7.5     74   9.18    105     12  314.0  342.9  315.7
  708.0   3070   11.8    6.9     72   8.89    107     12  314.5  342.5  316.2
  700.0   3165   11.2    5.2     67   7.98    110     12  314.9  340.2  316.4
  640.0   3904    6.5    2.9     77   7.40    100      8  317.7  341.5  319.1
  636.0   3955    6.2    2.7     78   7.36     99      8  317.9  341.6  319.3
  605.0   4362    4.0   -4.0     56   4.73     92     11  319.9  335.6  320.9
  580.0   4702    1.8   -6.2     55   4.17     87     12  321.2  335.2  322.1
  576.0   4757    1.8   -8.2     47   3.60     86     13  321.9  334.0  322.6
  573.0   4799    1.5   -6.0     57   4.28     85     13  322.0  336.4  322.9
  570.0   4841    1.2   -3.8     69   5.10     86     13  322.1  339.1  323.1
  553.0   5083    0.0   -7.0     59   4.11     90     12  323.5  337.4  324.3
  543.0   5229   -0.9  -11.9     43   2.84     93     12  324.1  333.9  324.7
  537.0   5317   -1.3   -7.3     64   4.14     95     12  324.7  338.7  325.5
  516.0   5632   -2.7  -10.7     54   3.30    100     11  326.7  338.1  327.4
  512.0   5694   -3.3  -12.3     50   2.92    102     11  326.7  336.9  327.3
  507.0   5771   -4.1   -7.5     77   4.32    103     10  326.7  341.4  327.5
  503.0   5833   -4.5   -6.7     85   4.63    104     10  326.9  342.6  327.8
  500.0   5880   -4.9   -6.9     86   4.59    105     10  327.0  342.6  327.9
  499.0   5896   -5.1   -7.1     86   4.52    106     10  326.9  342.3  327.8
  496.0   5944   -5.3  -11.3     63   3.27    111     10  327.3  338.6  327.9
  495.0   5960   -5.1  -14.1     49   2.61    112     10  327.7  336.8  328.2
  493.0   5992   -5.3  -12.2     59   3.06    115     10  327.8  338.4  328.4
  490.0   6040   -5.7   -9.3     76   3.88    119     10  327.9  341.2  328.7
  474.0   6301   -7.3  -12.5     67   3.11    140     12  329.0  339.9  329.6
  465.0   6451   -8.3  -14.3     62   2.73    137     13  329.6  339.2  330.2
  441.0   6863  -11.3  -11.5     98   3.62    128     18  330.9  343.5  331.6
  423.0   7184  -13.9  -14.0     99   3.08    122     21  331.5  342.3  332.1
  406.0   7496  -15.2  -15.3     99   2.88    115     24  333.7  343.9  334.3
  400.0   7610  -15.7  -15.8     99   2.81    115     23  334.5  344.5  335.1
  388.0   7839  -16.1  -17.7     87   2.47    116     22  336.9  345.9  337.4
  331.0   9012  -24.6  -25.7     90   1.43    120     18  340.9  346.3  341.2
  328.0   9079  -25.1  -26.2     91   1.38    120     18  341.1  346.3  341.4
  300.0   9720  -29.3  -32.6     73   0.83    120     18  344.0  347.2  344.1
  258.0  10779  -37.7  -43.3     56   0.32    120     15  346.7  348.1  346.8
  250.0  11000  -39.5  -45.5     53   0.26    125     16  347.2  348.3  347.3
  248.0  11054  -40.1  -46.1     53   0.25    125     16  347.1  348.2  347.2
  200.0  12470  -51.5                         120     11  351.1         351.1
  187.0  12893  -55.1                         130      9  352.1         352.1
  178.0  13203  -57.7                         115      9  352.7         352.7
  162.0  13796  -62.8                         130      7  353.9         353.9
  154.0  14114  -65.5                         225      5  354.4         354.4
  150.0  14280  -66.9                         230      7  354.6         354.6
  142.0  14607  -69.7                         254      5  355.4         355.4
  140.0  14689  -70.1                         260      5  356.0         356.0
  133.0  14985  -71.7                         305      8  358.5         358.5
  120.0  15578  -74.9                         255     25  363.4         363.4
  102.0  16516  -79.9                         230     14  371.0         371.0
  100.0  16630  -80.5                         230     12  371.9         371.9
   92.0  17093  -82.8                         170      9  376.4         376.4
   87.0  17403  -84.3                         160      9  379.4         379.4
   80.2  17854  -86.5                          95     16  383.8         383.8
   74.0  18302  -80.2                          45     26  405.9         405.9
   73.5  18339  -79.7                          46     26  407.8         407.8
   71.3  18513  -75.3                          52     25  420.8         420.8
   70.0  18620  -74.1                          55     24  425.5         425.5
   67.0  18874  -74.3                          60     20  430.4         430.4
   63.0  19231  -74.7                          50     17  437.3         437.3
   60.0  19514  -75.0                         215      3  442.8         442.8
   52.3  20310  -75.7                         185      9  458.8         458.8
   50.0  20570  -75.1                         175     11  466.1         466.1
   49.0  20688  -74.2                         150      9  470.9         470.9
   46.3  21019  -71.7                         110     19  484.6         484.6
   46.0  21057  -71.7                         105     20  485.6         485.6
   42.0  21593  -71.7                          60     31  498.3         498.3
   38.4  22120  -71.7                          72     31  511.3         511.3
   37.6  22244  -71.7                          75     31  514.4         514.4
   37.1  22324  -68.3                          77     31  525.0         525.0
   36.0  22505  -65.5                          81     31  536.8         536.8
   31.7  23280  -63.7                          98     31  561.5         561.5
   30.0  23620  -60.7                         105     31  578.6         578.6
   28.8  23874  -59.1                         105     36  589.8         589.8
   28.0  24050  -59.4                         105     39  593.6         593.6
   27.4  24185  -59.7                          97     37  596.6         596.6
   25.0  24764  -55.3                          65     31  625.1         625.1
   24.1  24996  -53.5                          54     25  636.8         636.8
   23.0  25295  -53.5                          40     17  645.2         645.2
   22.0  25580  -53.6                         335      5  653.3         653.3
   21.0  25877  -53.6                         305      5  661.9         661.9
   20.0  26190  -53.7                         225      8  671.0         671.0
   19.0  26519  -53.9                         155      9  680.4         680.4
   17.9  26902  -54.1                                     691.4         691.4
</PRE><H3>Station information and sounding indices</H3><PRE>
                         Station identifier: WIII
                             Station number: 96749
                           Observation time: 160404/0000
                           Station latitude: -6.11
                          Station longitude: 106.65
                          Station elevation: 8.0
                            Showalter index: 0.73
                               Lifted index: -2.99
    LIFT computed using virtual temperature: -3.34
                                SWEAT index: 197.99
                                    K index: 32.20
                         Cross totals index: 19.40
                      Vertical totals index: 23.70
                        Totals totals index: 43.10
      Convective Available Potential Energy: 933.68
             CAPE using virtual temperature: 1062.76
                      Convective Inhibition: -46.87
             CINS using virtual temperature: -27.58
                           Equilibrum Level: 175.31
 Equilibrum Level using virtual temperature: 175.13
                   Level of Free Convection: 808.14
             LFCT using virtual temperature: 860.52
                     Bulk Richardson Number: 110.59
          Bulk Richardson Number using CAPV: 125.87
  Temp [K] of the Lifted Condensation Level: 295.42
Pres [hPa] of the Lifted Condensation Level: 949.23
   Equivalent potential temp [K] of the LCL: 353.29
     Mean mixed layer potential temperature: 299.86
              Mean mixed layer mixing ratio: 18.22
              1000 hPa to 500 hPa thickness: 5782.00
Precipitable water [mm] for entire sounding: 59.05
</PRE>
<P>Description of the 
<A HREF="/upperair/columns.html">data columns</A>
or <A HREF="/upperair/indices.html">sounding indices</A>.

<P>
<FORM>
<INPUT CLASS="button" TYPE="button" VALUE=" Close this window " 
 onClick="window.close();">
<INPUT CLASS="button" TYPE="button" VALUE=" Select another map " 
 onClick="window.blur();">
</FORM>
<HR SIZE="1">
<I>Interested in graduate studies in atmospheric science?
Check out our program at the
<a href="http://www.uwyo.edu/atsc/howtoapply/"
target=_top>University of Wyoming
</a></I>
<HR SIZE="1"><FONT SIZE="-1">
Questions about the weather data provided by this site can be
addressed to <A HREF="mailto:ldoolman@uwyo.edu">
Larry Oolman (ldoolman@uwyo.edu)</A></FONT>
<HR SIZE="1">
<SCRIPT TYPE="text/javascript">
<!--
window.focus();
// -->
</SCRIPT>
</BODY>
</HTML>
