2022-11-07 00
<HTML>
<TITLE>University of Wyoming - Radiosonde Data</TITLE>
<BODY BGCOLOR="white">
<H2>96749 WIII Jakarta Observations at 00Z 07 Nov 2022</H2>
<PRE>
-----------------------------------------------------------------------------
   PRES   HGHT   TEMP   DWPT   RELH   MIXR   DRCT   SKNT   THTA   THTE   THTV
    hPa     m      C      C      %    g/kg    deg   knot     K      K      K 
-----------------------------------------------------------------------------
 1011.0      8   24.0   23.4     96  18.30      0    194  296.2  349.1  299.5
 1002.0     84   24.2   23.6     96  18.70    143     40  297.2  351.5  300.5
 1000.0    101   24.4   23.8     96  18.98    175      5  297.6  352.8  300.9
  978.0    298   24.8   21.3     81  16.64     90      8  299.9  348.8  302.8
  968.0    389   25.0   20.2     75  15.65     84      9  300.9  347.1  303.8
  945.0    601   23.3   19.7     80  15.56     70     10  301.3  347.3  304.1
  925.0    790   21.8   19.3     86  15.48     25      5  301.6  347.4  304.4
  913.0    903   20.9   18.9     88  15.30     25      4  301.8  347.1  304.6
  901.0   1017   20.0   18.5     91  15.11     38      6  302.0  346.8  304.8
  882.0   1200   19.0   17.7     92  14.66     60     10  302.8  346.4  305.5
  852.0   1496   17.3   16.4     94  13.96     50      8  304.1  345.8  306.6
  850.0   1516   17.2   16.3     94  13.91     50      8  304.1  345.8  306.7
  822.0   1800   15.8   14.6     92  12.85     35     10  305.6  344.4  308.0
  794.0   2093   14.4   12.8     90  11.83     55      6  307.1  343.1  309.3
  766.0   2398   12.9   10.9     88  10.83     50     10  308.7  341.9  310.7
  713.0   3005   10.0    7.2     83   9.04     55     10  311.8  340.0  313.5
  700.0   3161    9.2    6.3     82   8.63     60      9  312.6  339.6  314.3
  672.0   3497    6.6    4.4     86   7.86     56      9  313.4  338.2  314.9
  664.0   3595    6.6    3.7     82   7.59     55      9  314.5  338.5  315.9
  654.0   3720    6.6    2.9     77   7.26     57     10  315.8  339.0  317.2
  640.0   3895    5.5    2.3     80   7.13     60     11  316.6  339.4  318.0
  617.0   4191    3.8    1.4     85   6.91     20      9  317.9  340.1  319.2
  572.0   4805    0.1   -0.6     95   6.47     20     12  320.5  341.6  321.8
  571.0   4819    0.0   -0.6     96   6.46     21     12  320.6  341.6  321.8
  551.0   5101   -1.4   -2.1     95   6.00     35      9  322.2  341.9  323.3
  531.0   5394   -2.9   -3.6     95   5.55     25      6  323.8  342.3  324.9
  500.0   5870   -5.3   -6.1     94   4.88     35      7  326.5  343.0  327.5
  492.0   5994   -6.0   -6.9     93   4.66     65      8  327.2  343.0  328.1
  455.0   6597   -9.4  -10.8     89   3.71     40      9  330.4  343.2  331.1
  438.0   6890  -11.0  -12.7     87   3.31     40     10  331.9  343.5  332.6
  421.0   7196  -12.7  -14.7     85   2.93     45      8  333.5  343.9  334.1
  405.0   7494  -14.4  -16.6     83   2.60      0      2  335.0  344.4  335.6
  400.0   7590  -14.9  -17.2     83   2.50    340      5  335.5  344.6  336.0
  389.0   7801  -16.3  -17.9     87   2.42      0      4  336.4  345.2  336.9
  377.0   8037  -17.5  -22.2     67   1.72      4      9  337.8  344.2  338.2
  374.0   8097  -18.0  -22.3     69   1.72      5     10  337.9  344.3  338.2
  365.0   8279  -19.7  -22.6     78   1.72      3     11  338.0  344.4  338.4
  347.0   8653  -21.7  -27.7     58   1.14      0     12  340.2  344.6  340.5
  345.0   8696  -22.0  -27.8     60   1.14      0     12  340.4  344.7  340.6
  330.0   9022  -24.5  -28.2     71   1.14     11     12  341.3  345.7  341.6
  318.0   9291  -26.5  -33.5     52   0.72     20     11  342.2  345.0  342.3
  305.0   9591  -29.1  -34.5     59   0.68     30     11  342.7  345.4  342.8
  300.0   9710  -30.1  -34.9     63   0.66     30     11  342.8  345.5  343.0
  292.0   9901  -31.6  -35.7     67   0.63     30      8  343.4  345.9  343.6
  288.0   9999  -32.3  -36.1     69   0.61     22      8  343.7  346.2  343.9
  280.0  10194  -33.9  -37.9     67   0.52      5      7  344.2  346.3  344.3
  268.0  10498  -36.4  -40.7     64   0.41    340      7  344.9  346.6  345.0
  257.0  10789  -38.7  -43.3     62   0.32    355      7  345.6  346.9  345.7
  250.0  10980  -40.3  -45.1     60   0.27    355      7  346.0  347.2  346.1
  235.0  11390  -44.0  -49.4     55   0.18      0      8  346.6  347.4  346.7
  215.0  11980  -49.2  -55.5     48   0.10      0      4  347.4  347.8  347.4
  200.0  12460  -53.5  -60.5     42   0.06    335      5  347.9  348.1  347.9
  187.0  12886  -57.5  -64.5     40   0.03    285      7  348.2  348.3  348.2
  179.0  13163  -60.1  -67.1     39   0.03    347      6  348.3  348.4  348.3
  178.0  13197  -60.4  -67.4     39   0.02    355      6  348.4  348.5  348.4
  170.0  13477  -62.9  -69.6     40   0.02     55      7  348.8  348.9  348.8
  161.0  13809  -65.9  -72.3     40   0.01     60     11  349.3  349.4  349.3
  150.0  14240  -69.7  -75.7     41   0.01     20     17  349.8  349.9  349.8
  146.0  14398  -71.0  -77.0     41   0.01     15     18  350.2  350.3  350.2
  127.0  15211  -77.9  -83.9     38   0.00     35     23  352.1  352.1  352.1
  119.0  15575  -80.0  -85.7     38   0.00     45     25  354.9  354.9  354.9
  100.0  16550  -85.5  -90.5     41   0.00     60     53  362.3  362.3  362.3
   96.0  16775  -85.0  -90.0     41   0.00     55     52  367.5  367.6  367.5
   95.3  16815  -84.9  -89.9     41   0.00     59     47  368.5  368.5  368.5
   94.7  16850  -84.7  -90.7     35   0.00     63     42  369.6  369.6  369.6
   93.9  16897  -80.7  -90.7     18   0.00     67     36  378.3  378.3  378.3
   93.1  16946  -76.3  -89.3     11   0.00     72     30  387.9  387.9  387.9
   91.0  17078  -73.9  -86.0     14   0.00     85     13  395.1  395.2  395.1
   90.8  17091  -73.7  -85.7     15   0.00     88     13  395.8  395.9  395.8
   86.0  17407  -74.9  -84.0     23   0.00    160     11  399.7  399.7  399.7
   84.3  17523  -75.3  -83.3     28   0.00    164     10  401.1  401.1  401.1
   82.0  17684  -74.9  -83.3     26   0.00    170      9  405.1  405.2  405.1
   78.0  17975  -74.1  -83.2     24   0.01    100     16  412.5  412.6  412.5
   74.0  18282  -73.3  -83.1     21   0.01    125     14  420.5  420.5  420.5
   72.9  18369  -73.1  -83.1     21   0.01    117     15  422.7  422.8  422.7
   70.0  18610  -67.7  -81.7     12   0.01     95     18  439.2  439.3  439.2
   69.6  18645  -67.1  -81.1     12   0.01     88     17  441.2  441.3  441.2
   67.0  18875  -67.2  -80.8     13   0.01     40     12  445.9  445.9  445.9
   64.0  19152  -67.3  -80.4     14   0.01     20     12  451.6  451.6  451.6
   60.0  19542  -67.4  -79.9     15   0.01    335      8  459.7  459.8  459.7
   58.0  19747  -67.5  -79.6     16   0.01    355      5  464.0  464.1  464.0
   57.0  19853  -67.5  -79.5     17   0.01    336      6  466.2  466.3  466.2
   52.0  20411  -65.4  -77.4     17   0.02    235     13  483.5  483.6  483.5
   50.0  20650  -64.5  -76.5     18   0.02    185     13  491.1  491.2  491.1
   47.0  21037  -62.6  -75.3     17   0.03    110     13  504.3  504.5  504.3
   45.0  21309  -61.3  -74.5     16   0.04     95      5  513.8  514.1  513.8
   43.0  21594  -59.9  -73.6     15   0.04    115      6  523.9  524.2  524.0
   41.0  21892  -58.5  -72.7     14   0.05    255      7  534.7  535.1  534.7
   39.0  22204  -57.0  -71.7     14   0.06    205     12  546.2  546.7  546.3
   37.0  22534  -55.4  -70.7     13   0.07    150      6  558.6  559.2  558.6
   36.0  22705  -54.5  -70.2     13   0.08     30     10  565.2  565.8  565.2
   34.8  22917  -53.5  -69.5     12   0.09      6     14  573.4  574.1  573.4
   34.0  23066  -53.5  -69.5     12   0.10    350     17  577.3  578.0  577.3
   32.0  23456  -53.4  -69.4     13   0.10    330     14  587.6  588.4  587.6
   31.0  23660  -53.3  -69.3     13   0.11    355     12  593.0  593.9  593.1
   30.0  23870  -53.3  -69.3     13   0.11    335     13  598.7  599.7  598.8
   28.0  24318  -52.9  -69.6     11   0.12    315     20  611.7  612.7  611.7
   24.0  25317  -52.1  -70.3      9   0.12    295     21  641.7  642.8  641.7
   23.0  25593  -51.9  -70.5      9   0.12    275     23  650.2  651.3  650.2
   20.0  26500  -51.1  -71.1      7   0.13    270     20  679.0  680.2  679.1
   17.0  27563  -49.6  -73.9      4   0.10    265     15  716.1  717.2  716.2
   16.0  27960  -49.0  -75.0      3   0.09    285      9  730.5  731.4  730.5
   15.0  28382  -48.4  -76.1      3   0.08    275     13  746.0  747.0  746.1
   14.8  28470  -48.3  -76.3      2   0.08                749.3  750.2  749.4
</PRE><H3>Station information and sounding indices</H3><PRE>
                         Station identifier: WIII
                             Station number: 96749
                           Observation time: 221107/0000
                           Station latitude: -6.11
                          Station longitude: 106.65
                          Station elevation: 8.0
                            Showalter index: -0.68
                               Lifted index: -1.97
    LIFT computed using virtual temperature: -2.16
                                SWEAT index: 218.60
                                    K index: 35.90
                         Cross totals index: 21.60
                      Vertical totals index: 22.50
                        Totals totals index: 44.10
      Convective Available Potential Energy: 528.96
             CAPE using virtual temperature: 605.84
                      Convective Inhibition: -26.50
             CINS using virtual temperature: -21.21
                           Equilibrum Level: 166.26
 Equilibrum Level using virtual temperature: 165.96
                   Level of Free Convection: 866.76
             LFCT using virtual temperature: 879.76
                     Bulk Richardson Number: 134.84
          Bulk Richardson Number using CAPV: 154.44
  Temp [K] of the Lifted Condensation Level: 294.36
Pres [hPa] of the Lifted Condensation Level: 945.01
   Equivalent potential temp [K] of the LCL: 349.22
     Mean mixed layer potential temperature: 299.18
              Mean mixed layer mixing ratio: 17.16
              1000 hPa to 500 hPa thickness: 5769.00
Precipitable water [mm] for entire sounding: 62.12
</PRE>
<P>Description of the 
<A HREF="/upperair/columns.html">data columns</A>
or <A HREF="/upperair/indices.html">sounding indices</A>.

<P>
<FORM>
<INPUT CLASS="button" TYPE="button" VALUE=" Close this window " 
 onClick="window.close();">
<INPUT CLASS="button" TYPE="button" VALUE=" Select another map " 
 onClick="window.blur();">
</FORM>
<HR SIZE="1">
<I>Interested in graduate studies in atmospheric science?
Check out our program at the
<a href="http://www.uwyo.edu/atsc/howtoapply/"
target=_top>University of Wyoming
</a></I>
<HR SIZE="1"><FONT SIZE="-1">
Questions about the weather data provided by this site can be
addressed to <A HREF="mailto:ldoolman@uwyo.edu">
Larry Oolman (ldoolman@uwyo.edu)</A></FONT>
<HR SIZE="1">
<SCRIPT TYPE="text/javascript">
<!--
window.focus();
// -->
</SCRIPT>
</BODY>
</HTML>
