2018-06-05 12
<HTML>
<TITLE>University of Wyoming - Radiosonde Data</TITLE>
<BODY BGCOLOR="white">
<H2>96749 WIII Jakarta Observations at 00Z 05 Jun 2018</H2>
<PRE>
-----------------------------------------------------------------------------
   PRES   HGHT   TEMP   DWPT   RELH   MIXR   DRCT   SKNT   THTA   THTE   THTV
    hPa     m      C      C      %    g/kg    deg   knot     K      K      K 
-----------------------------------------------------------------------------
 1011.0      8   25.0   23.5     91  18.42    300      1  297.2  350.7  300.5
 1009.0     25   26.4   24.1     87  19.15    329      2  298.8  354.8  302.2
 1000.0    101   26.6   23.9     85  19.09    100      5  299.8  355.9  303.2
  978.0    297   25.4   22.6     85  18.07     90      9  300.5  353.7  303.7
  945.0    600   23.6   20.7     84  16.57     85     10  301.5  350.6  304.5
  925.0    788   22.4   19.5     84  15.68     95      8  302.2  348.7  305.0
  913.0    902   21.7   19.0     84  15.36    115      6  302.6  348.3  305.4
  883.0   1192   19.9   17.6     87  14.57    170      3  303.7  347.2  306.3
  855.0   1472   18.2   16.3     89  13.83    166      5  304.7  346.2  307.2
  850.0   1523   17.8   16.1     90  13.73    165      5  304.8  346.0  307.3
  767.0   2399   14.4    4.8     52   7.07    160      2  310.2  332.2  311.5
  763.0   2443   14.2    4.2     51   6.82    170      2  310.4  331.8  311.7
  740.0   2701   12.1    5.0     62   7.43    230      2  310.9  334.1  312.3
  739.0   2712   12.0    5.0     62   7.45    236      2  310.9  334.2  312.3
  723.0   2896   11.4   -0.6     43   5.09    331      3  312.2  328.4  313.1
  714.0   3000   10.8   -1.2     43   4.93     25      4  312.6  328.4  313.6
  700.0   3165    9.8   -2.2     43   4.67     55      5  313.3  328.4  314.2
  690.0   3284    8.8   -1.2     49   5.11     76      5  313.5  329.9  314.4
  688.0   3308    8.7   -2.0     47   4.83     80      5  313.7  329.2  314.6
  679.0   3416    8.4   -5.6     37   3.73     80      6  314.5  326.7  315.2
  635.0   3965    6.2  -10.8     28   2.66     83      9  318.1  327.0  318.6
  595.0   4490    2.6  -14.4     27   2.12     85     13  319.9  327.2  320.3
  567.0   4879    0.0  -17.0     27   1.79     88     12  321.2  327.5  321.6
  542.0   5237   -3.1  -18.1     30   1.71     90     11  321.7  327.7  322.0
  500.0   5870   -5.1  -26.1     17   0.91     95      9  326.8  330.1  326.9
  482.0   6159   -4.9  -31.9     10   0.55     91     10  330.4  332.6  330.6
  468.0   6390   -6.7  -23.7     25   1.21     87     10  331.0  335.5  331.2
  422.0   7187  -12.1  -30.4     20   0.73     75     12  334.0  336.8  334.2
  400.0   7600  -14.9  -33.9     18   0.55     70     17  335.5  337.7  335.6
  390.0   7789  -16.0  -36.4     16   0.44     80     15  336.5  338.2  336.6
  358.0   8429  -19.9  -44.9      9   0.20     98     16  339.6  340.5  339.7
  331.0   8998  -24.7  -45.7     12   0.19    115     16  340.8  341.6  340.8
  300.0   9710  -30.7  -46.7     19   0.19     95     27  342.0  342.8  342.0
  260.0  10704  -39.9  -47.9     42   0.19     79     30  342.8  343.6  342.8
  250.0  10970  -42.1                          75     31  343.3         343.3
  238.0  11300  -44.3                          75     37  344.9         344.9
  235.0  11384  -44.0                          75     38  346.5         346.5
  229.0  11557  -43.5                          80     39  349.9         349.9
  205.0  12287  -48.9                         100     41  352.7         352.7
  200.0  12450  -50.1                         100     38  353.3         353.3
  150.0  14260  -66.3                         105     29  355.7         355.7
  132.0  15019  -72.7                         102     27  357.5         357.5
  119.0  15618  -77.9                         100     25  358.7         358.7
  115.0  15812  -79.1                          74     25  360.0         360.0
  112.0  15963  -76.9                          53     24  366.8         366.8
  108.0  16170  -77.2                          25     24  370.2         370.2
  102.0  16497  -77.6                          10     21  375.5         375.5
  100.0  16610  -77.7                           0     16  377.4         377.4
   97.0  16784  -78.0                         295      6  380.0         380.0
   92.0  17087  -78.7                         195     15  384.5         384.5
   87.0  17406  -79.3                         195     14  389.4         389.4
   84.2  17593  -79.7                         220     14  392.3         392.3
   79.0  17957  -79.0                         270     15  400.9         400.9
   74.0  18331  -78.3                         290      9  409.9         409.9
   72.4  18455  -78.1                         269     12  413.0         413.0
   71.0  18568  -76.6                         250     15  418.5         418.5
   70.0  18650  -75.5                         245     14  422.5         422.5
   64.3  19152  -68.1                         236     14  449.1         449.1
   58.0  19773  -67.5                         225     13  463.8         463.8
   57.6  19814  -67.5                         220     13  464.8         464.8
   52.0  20426  -70.2                         150     12  472.2         472.2
   50.0  20660  -71.3                         100     12  475.1         475.1
   48.9  20792  -72.1                          80     14  476.2         476.2
   47.0  21026  -71.9                          75     19  482.0         482.0
   45.0  21283  -71.8                          95     27  488.5         488.5
   42.3  21649  -71.5                          93     33  497.8         497.8
   37.3  22408  -63.7                          89     46  536.0         536.0
   35.3  22749  -61.1                          87     52  551.3         551.3
   33.0  23167  -62.2                          85     59  558.9         558.9
   32.9  23186  -62.3                          85     59  559.3         559.3
   30.0  23760  -60.5                          85     63  579.1         579.1
   28.3  24122  -59.5                          86     63  591.6         591.6
   23.2  25383  -51.1                          91     65  650.8         650.8
   20.0  26350  -48.1                          95     66  688.2         688.2
   19.0  26688  -47.7                          95     66  699.5         699.5
   18.4  26900  -47.5                          88     69  706.6         706.6
   18.1  27011  -46.7                          85     71  712.4         712.4
   18.0  27048  -46.5                          85     71  714.3         714.3
   17.0  27434  -43.9                         100     47  734.5         734.5
   16.0  27842  -41.1                          85     20  756.4         756.4
   15.0  28278  -38.1                           0     11  780.3         780.3
   14.4  28559  -36.9                         341     16  793.5         793.5
   12.0  29801  -42.4                         255     38  816.6         816.6
   11.4  30151  -43.9                                     823.1         823.1
</PRE><H3>Station information and sounding indices</H3><PRE>
                         Station identifier: WIII
                             Station number: 96749
                           Observation time: 180605/0000
                           Station latitude: -6.11
                          Station longitude: 106.65
                          Station elevation: 8.0
                            Showalter index: -0.56
                               Lifted index: -3.36
    LIFT computed using virtual temperature: -4.32
                                SWEAT index: 212.18
                                    K index: 27.00
                         Cross totals index: 21.20
                      Vertical totals index: 22.90
                        Totals totals index: 44.10
      Convective Available Potential Energy: 1158.87
             CAPE using virtual temperature: 1421.09
                      Convective Inhibition: -17.20
             CINS using virtual temperature: -10.18
                           Equilibrum Level: 203.53
 Equilibrum Level using virtual temperature: 203.49
                   Level of Free Convection: 879.74
             LFCT using virtual temperature: 898.59
                     Bulk Richardson Number: 4683.16
          Bulk Richardson Number using CAPV: 5742.81
  Temp [K] of the Lifted Condensation Level: 295.37
Pres [hPa] of the Lifted Condensation Level: 945.05
   Equivalent potential temp [K] of the LCL: 353.78
     Mean mixed layer potential temperature: 300.19
              Mean mixed layer mixing ratio: 18.24
              1000 hPa to 500 hPa thickness: 5769.00
Precipitable water [mm] for entire sounding: 45.82
</PRE>
<P>Description of the 
<A HREF="/upperair/columns.html">data columns</A>
or <A HREF="/upperair/indices.html">sounding indices</A>.

<P>
<FORM>
<INPUT CLASS="button" TYPE="button" VALUE=" Close this window " 
 onClick="window.close();">
<INPUT CLASS="button" TYPE="button" VALUE=" Select another map " 
 onClick="window.blur();">
</FORM>
<HR SIZE="1">
<I>Interested in graduate studies in atmospheric science?
Check out our program at the
<a href="http://www.uwyo.edu/atsc/howtoapply/"
target=_top>University of Wyoming
</a></I>
<HR SIZE="1"><FONT SIZE="-1">
Questions about the weather data provided by this site can be
addressed to <A HREF="mailto:ldoolman@uwyo.edu">
Larry Oolman (ldoolman@uwyo.edu)</A></FONT>
<HR SIZE="1">
<SCRIPT TYPE="text/javascript">
<!--
window.focus();
// -->
</SCRIPT>
</BODY>
</HTML>
