2016-08-25 12
<HTML>
<TITLE>University of Wyoming - Radiosonde Data</TITLE>
<BODY BGCOLOR="white">
<H2>96749 WIII Jakarta Observations at 00Z 25 Aug 2016</H2>
<PRE>
-----------------------------------------------------------------------------
   PRES   HGHT   TEMP   DWPT   RELH   MIXR   DRCT   SKNT   THTA   THTE   THTV
    hPa     m      C      C      %    g/kg    deg   knot     K      K      K 
-----------------------------------------------------------------------------
 1009.0      8   23.8   23.0     95  17.89    230      2  296.2  347.9  299.4
 1000.0     84   24.4   21.0     81  15.93    195      7  297.6  343.9  300.4
  983.0    235   24.4   21.7     85  16.94    157      6  299.0  348.6  302.0
  943.0    598   22.6   17.7     74  13.67     65      3  300.8  341.1  303.2
  925.0    767   21.8   15.8     69  12.35    330      2  301.6  338.2  303.8
  911.0    898   21.1   15.1     69  11.97    245      3  302.2  337.8  304.3
  880.0   1197   19.4   13.4     68  11.13    230      9  303.5  336.8  305.5
  850.0   1496   17.8   11.8     68  10.33    230     14  304.8  336.0  306.7
  798.0   2034   14.8    5.8     55   7.30    230     13  307.1  329.6  308.5
  792.0   2098   14.4    5.8     56   7.33    230     13  307.3  330.0  308.7
  767.0   2369   12.6    5.6     62   7.49    244     14  308.2  331.4  309.6
  761.0   2435   13.0    9.9     81  10.16    247     14  309.4  340.6  311.3
  712.0   2993    9.8    9.1     95  10.26    275     16  311.8  343.6  313.7
  709.0   3029    9.6    9.0     96  10.27    274     16  311.9  343.8  313.9
  700.0   3135    9.0    8.4     96   9.98    270     17  312.4  343.5  314.3
  662.0   3596    7.2    6.1     92   8.99    265     17  315.4  343.9  317.1
  645.0   3811    6.4    5.0     91   8.55    274     14  316.9  344.1  318.5
  636.0   3926    5.4    4.2     92   8.20    279     13  317.0  343.1  318.6
  623.0   4095    5.2   -2.8     56   5.02    286     10  318.6  335.1  319.6
  615.0   4200    4.7   -3.7     55   4.77    290      9  319.3  335.0  320.2
  603.0   4361    4.0   -5.0     52   4.40    287     10  320.2  334.8  321.1
  593.0   4496    3.8  -12.8     29   2.41    285     10  321.5  329.8  322.0
  586.0   4593    3.6  -18.4     18   1.54    302      9  322.4  327.9  322.7
  571.0   4802    1.9  -14.2     29   2.23    340      8  322.9  330.6  323.3
  568.0   4844    1.6  -13.4     32   2.41    350      8  322.9  331.3  323.4
  550.0   5103    0.8  -23.5     14   1.05     50      8  325.0  328.8  325.2
  545.0   5176    0.6  -26.4     11   0.82     57      9  325.6  328.6  325.8
  537.0   5294    0.0  -20.0     21   1.46     69     10  326.2  331.5  326.5
  530.0   5398   -0.9  -20.7     21   1.39     80     11  326.4  331.4  326.7
  510.0   5703   -3.5  -22.8     21   1.20     80     10  326.8  331.2  327.0
  500.0   5860   -4.9  -23.9     21   1.12     80      9  327.0  331.1  327.2
  472.0   6310   -8.0  -34.0     10   0.46    100     20  328.5  330.3  328.6
  468.0   6376   -8.5  -35.5      9   0.40     97     19  328.8  330.3  328.9
  438.0   6888  -10.1  -46.1      3   0.14     76     15  333.0  333.6  333.1
  437.0   6905  -10.2  -46.2      3   0.14     75     15  333.1  333.7  333.1
  411.0   7374  -13.9  -47.9      4   0.12     65     17  334.2  334.8  334.3
  400.0   7580  -14.5  -48.5      4   0.12     60     18  336.1  336.6  336.1
  388.0   7810  -15.6  -48.6      4   0.12     55     17  337.6  338.1  337.6
  365.0   8271  -17.7  -48.7      5   0.13     81     20  340.7  341.2  340.7
  351.0   8563  -19.1  -36.1     21   0.50     98     21  342.6  344.7  342.7
  345.0   8689  -20.2  -37.7     20   0.44    105     22  342.8  344.6  342.9
  300.0   9710  -29.3  -50.3     11   0.13     85     26  344.0  344.5  344.0
  253.0  10889  -40.1  -54.1     21   0.10     71     33  345.1  345.6  345.1
  250.0  10970  -40.7                          70     33  345.4         345.4
  224.0  11698  -46.5                          65     33  347.5         347.5
  200.0  12450  -52.5                          85     50  349.5         349.5
  178.0  13179  -58.3                          95     55  351.8         351.8
  150.0  14250  -66.9                          85     47  354.6         354.6
  126.0  15273  -75.9                          80     56  356.5         356.5
  124.0  15367  -76.7                          78     55  356.7         356.7
  107.0  16199  -81.0                          60     50  364.0         364.0
  100.0  16580  -82.9                          55     38  367.3         367.3
   93.2  16972  -83.9                          70     38  372.8         372.8
   86.0  17426  -79.9                          75     31  389.5         389.5
   81.9  17702  -77.5                          77     25  399.9         399.9
   77.5  18022  -74.1                          78     19  413.3         413.3
   76.9  18068  -72.3                          79     18  418.0         418.0
   74.0  18297  -69.5                          80     13  428.5         428.5
   72.6  18410  -68.1                          46     10  433.8         433.8
   70.0  18630  -67.7                         340      4  439.2         439.2
   67.0  18892  -69.0                         230      3  441.9         441.9
   64.7  19101  -70.1                         191      7  444.0         444.0
   61.0  19452  -70.0                         125     14  451.8         451.8
   53.4  20245  -69.7                         113     19  469.9         469.9
   52.0  20403  -69.3                         110     20  474.3         474.3
   51.8  20426  -69.3                         109     19  474.9         474.9
   50.8  20543  -67.5                         104     12  481.8         481.8
   50.0  20640  -63.7                         100      7  492.9         492.9
   49.9  20652  -62.5                         104      7  496.1         496.1
   47.0  21021  -62.9                         235      3  503.8         503.8
   43.0  21569  -63.4                         200     14  515.4         515.4
   42.2  21685  -63.5                         214     10  517.9         517.9
   41.0  21863  -60.4                         235      3  529.9         529.9
   40.8  21894  -59.9                         242      4  531.9         531.9
   39.0  22175  -60.3                         305      9  537.8         537.8
   35.0  22849  -61.3                         265      9  552.1         552.1
   34.0  23030  -61.0                         295     14  557.6         557.6
   31.0  23606  -59.9                         280     30  575.4         575.4
   30.0  23810  -59.5                         270     26  581.9         581.9
   29.0  24022  -59.2                         275     21  588.5         588.5
   27.0  24470  -58.4                         295     12  602.6         602.6
   24.1  25181  -57.3                         273     16  625.8         625.8
   22.0  25763  -54.7                         255     19  650.2         650.2
   20.0  26370  -51.9                         260     19  676.6         676.6
   19.9  26402  -51.9                         260     19  677.5         677.5
   17.0  27422  -52.2                         260     19  707.7         707.7
   16.3  27694  -52.3                         267     19  716.0         716.0
   15.0  28234  -50.2                         280     19  740.2         740.2
   14.6  28410  -49.5                                     748.2         748.2
</PRE><H3>Station information and sounding indices</H3><PRE>
                         Station identifier: WIII
                             Station number: 96749
                           Observation time: 160825/0000
                           Station latitude: -6.11
                          Station longitude: 106.65
                          Station elevation: 8.0
                            Showalter index: 3.71
                               Lifted index: -0.28
    LIFT computed using virtual temperature: -0.99
                                SWEAT index: 178.60
                                    K index: 33.90
                         Cross totals index: 16.70
                      Vertical totals index: 22.70
                        Totals totals index: 39.40
      Convective Available Potential Energy: 18.83
             CAPE using virtual temperature: 67.80
                      Convective Inhibition: -76.98
             CINS using virtual temperature: -42.05
                           Equilibrum Level: 409.96
 Equilibrum Level using virtual temperature: 403.19
                   Level of Free Convection: 773.95
             LFCT using virtual temperature: 820.26
                     Bulk Richardson Number: 2.44
          Bulk Richardson Number using CAPV: 8.78
  Temp [K] of the Lifted Condensation Level: 293.22
Pres [hPa] of the Lifted Condensation Level: 936.34
   Equivalent potential temp [K] of the LCL: 345.73
     Mean mixed layer potential temperature: 298.80
              Mean mixed layer mixing ratio: 16.11
              1000 hPa to 500 hPa thickness: 5776.00
Precipitable water [mm] for entire sounding: 45.86
</PRE>
<P>Description of the 
<A HREF="/upperair/columns.html">data columns</A>
or <A HREF="/upperair/indices.html">sounding indices</A>.

<P>
<FORM>
<INPUT CLASS="button" TYPE="button" VALUE=" Close this window " 
 onClick="window.close();">
<INPUT CLASS="button" TYPE="button" VALUE=" Select another map " 
 onClick="window.blur();">
</FORM>
<HR SIZE="1">
<I>Interested in graduate studies in atmospheric science?
Check out our program at the
<a href="http://www.uwyo.edu/atsc/howtoapply/"
target=_top>University of Wyoming
</a></I>
<HR SIZE="1"><FONT SIZE="-1">
Questions about the weather data provided by this site can be
addressed to <A HREF="mailto:ldoolman@uwyo.edu">
Larry Oolman (ldoolman@uwyo.edu)</A></FONT>
<HR SIZE="1">
<SCRIPT TYPE="text/javascript">
<!--
window.focus();
// -->
</SCRIPT>
</BODY>
</HTML>
