2021-06-08 00
<HTML>
<TITLE>University of Wyoming - Radiosonde Data</TITLE>
<BODY BGCOLOR="white">
<H2>96749 WIII Jakarta Observations at 00Z 08 Jun 2021</H2>
<PRE>
-----------------------------------------------------------------------------
   PRES   HGHT   TEMP   DWPT   RELH   MIXR   DRCT   SKNT   THTA   THTE   THTV
    hPa     m      C      C      %    g/kg    deg   knot     K      K      K 
-----------------------------------------------------------------------------
 1011.0      8   25.0   22.6     87  17.41    210      2  297.2  347.8  300.3
 1000.0    101   25.8   20.9     74  15.83    160      7  298.9  345.3  301.8
  991.0    180   26.2   20.2     70  15.28    158      7  300.1  345.1  302.9
  978.0    296   25.8   20.2     71  15.49    155      7  300.9  346.6  303.7
  957.0    487   25.2   20.2     74  15.84     73      4  302.1  349.1  305.0
  945.0    597   24.2   20.0     77  15.85     25      3  302.2  349.3  305.1
  925.0    783   22.6   19.7     84  15.88    345      4  302.4  349.6  305.3
  913.0    896   21.8   19.2     85  15.63    335      4  302.7  349.2  305.5
  882.0   1196   19.6   18.0     91  14.98    315      3  303.5  348.2  306.2
  854.0   1477   17.6   16.9     96  14.39    338      3  304.2  347.2  306.8
  852.0   1497   17.4   16.9     97  14.38    340      3  304.2  347.2  306.8
  850.0   1517   17.2   16.8     98  14.37    350      3  304.1  347.1  306.8
  822.0   1801   16.0   13.4     85  11.91     50      2  305.8  341.8  308.0
  794.0   2094   14.7    9.9     73   9.76    115      3  307.5  337.4  309.3
  766.0   2399   13.4    6.3     62   7.89    115      7  309.3  333.8  310.8
  744.0   2646   12.4    3.4     54   6.61    115      9  310.7  331.5  312.0
  713.0   3001   10.6    0.9     51   5.76    115     13  312.5  330.8  313.6
  700.0   3154    9.8   -0.2     50   5.42    110     15  313.3  330.6  314.3
  676.0   3444    9.0   -5.0     37   3.92    116     13  315.6  328.4  316.3
  669.0   3530    8.6   -6.4     34   3.56    118     13  316.0  327.8  316.7
  663.0   3604    7.8   -1.2     53   5.31    119     13  315.9  333.1  317.0
  644.0   3844    6.6   -4.4     45   4.31    124     11  317.2  331.4  318.1
  640.0   3895    6.2   -4.1     47   4.43    125     11  317.4  331.9  318.2
  617.0   4194    4.2   -2.3     62   5.26     90     11  318.4  335.6  319.4
  608.0   4314    3.4   -1.6     70   5.63     92     11  318.8  337.2  319.9
  563.0   4936    0.0   -4.4     72   4.93    105     13  321.9  338.2  322.8
  548.0   5152   -1.1   -5.3     73   4.73    110     13  323.1  338.9  324.0
  540.0   5269   -1.7   -6.1     72   4.52    112     14  323.7  338.9  324.6
  531.0   5403   -1.9  -14.1     39   2.43    115     14  325.1  333.5  325.6
  529.0   5433   -1.9  -15.9     33   2.10    116     14  325.4  332.8  325.8
  518.0   5600   -2.5  -27.5     13   0.78    119     16  326.6  329.5  326.8
  500.0   5880   -4.7  -25.7     18   0.95    125     18  327.2  330.8  327.4
  456.0   6591   -9.7  -26.3     25   0.98    120     17  329.7  333.3  329.9
  432.0   7008  -12.7  -26.7     30   1.00    101     18  331.0  334.8  331.2
  418.0   7258  -13.3  -37.3     11   0.37     90     19  333.4  334.9  333.5
  400.0   7590  -15.5  -35.5     16   0.47     75     20  334.8  336.6  334.9
  389.0   7799  -16.9  -34.6     20   0.53     70     16  335.6  337.7  335.7
  386.0   7857  -17.3  -34.3     21   0.55     71     16  335.8  338.0  335.9
  380.0   7975  -18.1  -27.1     45   1.10     73     16  336.3  340.4  336.5
  379.0   7994  -18.3  -25.3     54   1.30     74     16  336.3  341.1  336.5
  378.0   8014  -18.3  -28.3     41   0.99     74     16  336.5  340.3  336.7
  377.0   8034  -18.1  -39.1     14   0.34     75     16  337.0  338.4  337.1
  360.0   8376  -20.3  -41.3     14   0.29     81     15  338.6  339.7  338.6
  351.0   8563  -21.5  -43.5     12   0.23     85     15  339.4  340.4  339.4
  346.0   8668  -22.3  -44.3     12   0.22     87     15  339.7  340.6  339.8
  343.0   8732  -22.7  -44.7     12   0.21     88     15  340.0  340.9  340.1
  341.0   8775  -22.9  -45.9     10   0.18     89     15  340.3  341.1  340.4
  339.0   8818  -23.1  -45.1     11   0.20     90     15  340.6  341.5  340.6
  337.0   8861  -23.5  -37.5     26   0.45     91     15  340.6  342.5  340.7
  336.0   8883  -23.7  -31.7     48   0.81     91     15  340.7  343.8  340.8
  334.0   8926  -23.9  -35.9     32   0.54     92     15  341.0  343.1  341.1
  323.0   9170  -25.5  -39.5     26   0.39     97     14  342.0  343.6  342.1
  317.0   9305  -26.6  -37.6     35   0.48    100     14  342.4  344.3  342.5
  311.0   9443  -27.7  -35.7     46   0.59    105     14  342.7  345.0  342.8
  300.0   9700  -29.7  -36.7     51   0.55    115     13  343.4  345.6  343.5
  291.0   9916  -31.5  -44.5     27   0.25    122     12  343.8  344.9  343.9
  280.0  10187  -33.8  -42.2     43   0.34    130     11  344.3  345.7  344.4
  277.0  10263  -34.5  -41.5     49   0.36    125     11  344.4  345.9  344.5
  253.0  10889  -39.5  -52.5     24   0.12     81     12  346.0  346.5  346.1
  250.0  10970  -40.1  -53.1     24   0.11     75     12  346.3  346.8  346.3
  245.0  11106  -41.3  -54.0     24   0.10     70     11  346.5  347.0  346.6
  235.0  11387  -43.7  -55.9     25   0.08     65      9  347.0  347.4  347.0
  224.0  11710  -46.6  -58.1     26   0.07     40      7  347.4  347.8  347.5
  216.0  11956  -48.7  -59.7     27   0.06     36     10  347.8  348.0  347.8
  215.0  11986  -49.0  -59.6     28   0.06     35     10  347.8  348.1  347.8
  206.0  12267  -51.5  -58.5     43   0.07     32      9  348.1  348.4  348.1
  200.0  12460  -52.5  -60.5     37   0.06     30      8  349.5  349.7  349.5
  196.0  12590  -53.5  -63.5     28   0.04     40      8  349.9  350.1  349.9
  187.0  12887  -56.1  -64.9     32   0.03     40     10  350.3  350.5  350.4
  175.0  13307  -59.9  -66.9     40   0.03     19     13  350.9  351.0  350.9
  170.0  13484  -61.4  -68.4     39   0.02     10     15  351.4  351.5  351.4
  154.0  14089  -66.4  -73.4     37   0.01     35     25  352.9  353.0  352.9
  150.0  14250  -67.7  -74.7     36   0.01     35     27  353.3  353.3  353.3
  146.0  14411  -69.0  -76.3     34   0.01     35     31  353.8  353.9  353.8
  140.0  14662  -70.9  -78.9     30   0.01     31     28  354.7  354.7  354.7
  139.0  14704  -71.2  -79.2     30   0.01     30     27  354.9  354.9  354.9
  126.0  15279  -75.1  -83.1     28   0.00     54     19  357.9  358.0  357.9
  113.0  15911  -74.7  -87.7     12   0.00     80     11  370.0  370.0  370.0
  108.0  16170  -76.8  -90.6     10   0.00    120     14  370.8  370.8  370.8
  100.0  16610  -80.5  -95.5      7   0.00    125     19  371.9  371.9  371.9
   97.0  16780  -81.8  -95.7      8   0.00    125     20  372.7  372.7  372.7
   89.2  17250  -85.3  -96.3     13   0.00     95     20  374.7  374.7  374.7
   86.7  17408  -82.3  -94.3     12   0.00     83     18  383.8  383.8  383.8
   82.8  17667  -82.1  -93.1     14   0.00     64     16  389.3  389.3  389.3
   82.0  17721  -82.1  -93.1     14   0.00     60     15  390.4  390.4  390.4
   81.8  17735  -82.1  -93.1     14   0.00     68     15  390.6  390.7  390.6
   80.0  17862  -75.9  -91.9      7   0.00    137     14  405.9  405.9  405.9
   78.1  18002  -73.5  -90.5      6   0.00    211     12  413.7  413.7  413.7
   78.0  18010  -73.5  -90.5      6   0.00    215     12  413.7  413.7  413.7
   74.0  18317  -75.6  -92.6      6   0.00    200     16  415.8  415.8  415.8
   72.2  18460  -76.5  -93.5      5   0.00    222     12  416.7  416.7  416.7
   70.0  18640  -75.1  -95.1      3   0.00    250      8  423.4  423.4  423.4
   68.0  18810  -70.7  -92.7      3   0.00    276     17  436.4  436.4  436.4
   67.0  18898  -70.6  -93.3      2   0.00    290     21  438.6  438.6  438.6
   64.0  19171  -70.1  -95.3      1   0.00    275     32  445.3  445.3  445.3
   58.0  19757  -69.2  -99.5      1   0.00    265     26  460.0  460.0  460.0
   57.2  19840  -69.1 -100.1      0   0.00    262     25  462.1  462.1  462.1
   55.0  20076  -68.2  -99.5      0   0.00    255     23  469.3  469.4  469.3
   52.0  20414  -67.0  -98.7      0   0.00    265     23  479.8  479.8  479.8
   50.0  20650  -66.1  -98.1      0   0.00    270     28  487.3  487.3  487.3
   47.0  21029  -64.2  -96.8      0   0.00    270     31  500.6  500.6  500.6
   45.1  21282  -62.9  -95.9      0   0.00    270     31  509.6  509.6  509.6
   41.0  21870  -63.2  -95.7      1   0.00    270     30  522.9  523.0  522.9
   37.4  22437  -63.5  -95.5      1   0.00    257     22  536.1  536.1  536.1
   37.0  22504  -63.2  -95.4      1   0.00    255     21  538.5  538.5  538.5
   35.0  22849  -61.7  -94.9      1   0.00    220     12  550.9  551.0  550.9
   34.0  23029  -61.0  -94.7      0   0.00    185      9  557.5  557.6  557.5
   33.4  23139  -60.5  -94.5      0   0.00    159     11  561.6  561.6  561.6
   32.0  23410  -57.4  -92.0      1   0.00     95     17  577.0  577.0  577.0
   31.2  23570  -55.5  -90.5      1   0.00     83     26  586.1  586.2  586.1
   31.0  23611  -55.7  -90.7      1   0.00     80     28  586.7  586.7  586.7
   30.0  23820  -56.7  -91.7      0   0.00     80     29  589.5  589.5  589.5
   29.0  24033  -57.7  -91.7      1   0.00     85     34  592.5  592.5  592.5
   28.0  24254  -57.6  -91.6      1   0.00     90     40  598.7  598.8  598.7
   25.4  24866  -57.3  -91.3      1   0.00     87     39  616.5  616.5  616.5
   24.0  25228  -55.9  -90.2      1   0.00     85     39  630.5  630.6  630.5
   22.0  25782  -53.8  -88.4      1   0.01     95     48  652.7  652.8  652.7
   20.0  26390  -51.5  -86.5      1   0.01     95     48  677.8  677.9  677.8
   19.0  26724  -51.0  -85.8      1   0.01     90     51  689.4  689.5  689.4
   16.0  27845  -49.3  -83.3      1   0.02     90     50  729.6  729.8  729.6
   15.0  28272  -47.4  -83.2      1   0.03     90     49  749.5  749.8  749.5
   13.9  28776  -45.1  -83.1      1   0.03     95     51  773.7  774.1  773.8
   12.0  29756  -45.2  -83.2      1   0.03    105     56  806.5  806.9  806.5
   11.1  30276  -45.3  -83.3      1   0.04                824.4  824.8  824.4
</PRE><H3>Station information and sounding indices</H3><PRE>
                         Station identifier: WIII
                             Station number: 96749
                           Observation time: 210608/0000
                           Station latitude: -6.11
                          Station longitude: 106.65
                          Station elevation: 8.0
                            Showalter index: -0.59
                               Lifted index: -0.43
    LIFT computed using virtual temperature: -1.19
                                SWEAT index: 225.59
                                    K index: 28.70
                         Cross totals index: 21.50
                      Vertical totals index: 21.90
                        Totals totals index: 43.40
      Convective Available Potential Energy: 114.76
             CAPE using virtual temperature: 226.49
                      Convective Inhibition: -93.14
             CINS using virtual temperature: -58.32
                           Equilibrum Level: 345.72
 Equilibrum Level using virtual temperature: 339.91
                   Level of Free Convection: 631.32
             LFCT using virtual temperature: 809.60
                     Bulk Richardson Number: 47.00
          Bulk Richardson Number using CAPV: 92.76
  Temp [K] of the Lifted Condensation Level: 292.50
Pres [hPa] of the Lifted Condensation Level: 911.97
   Equivalent potential temp [K] of the LCL: 346.64
     Mean mixed layer potential temperature: 300.32
              Mean mixed layer mixing ratio: 15.78
              1000 hPa to 500 hPa thickness: 5779.00
Precipitable water [mm] for entire sounding: 49.26
</PRE>
<P>Description of the 
<A HREF="/upperair/columns.html">data columns</A>
or <A HREF="/upperair/indices.html">sounding indices</A>.

<P>
<FORM>
<INPUT CLASS="button" TYPE="button" VALUE=" Close this window " 
 onClick="window.close();">
<INPUT CLASS="button" TYPE="button" VALUE=" Select another map " 
 onClick="window.blur();">
</FORM>
<HR SIZE="1">
<I>Interested in graduate studies in atmospheric science?
Check out our program at the
<a href="http://www.uwyo.edu/atsc/howtoapply/"
target=_top>University of Wyoming
</a></I>
<HR SIZE="1"><FONT SIZE="-1">
Questions about the weather data provided by this site can be
addressed to <A HREF="mailto:ldoolman@uwyo.edu">
Larry Oolman (ldoolman@uwyo.edu)</A></FONT>
<HR SIZE="1">
<SCRIPT TYPE="text/javascript">
<!--
window.focus();
// -->
</SCRIPT>
</BODY>
</HTML>
