2016-10-04 00
<HTML>
<TITLE>University of Wyoming - Radiosonde Data</TITLE>
<BODY BGCOLOR="white">
<H2>96749 WIII Jakarta Observations at 00Z 04 Oct 2016</H2>
<PRE>
-----------------------------------------------------------------------------
   PRES   HGHT   TEMP   DWPT   RELH   MIXR   DRCT   SKNT   THTA   THTE   THTV
    hPa     m      C      C      %    g/kg    deg   knot     K      K      K 
-----------------------------------------------------------------------------
 1009.0      8   25.8   23.0     85  17.89    180      3  298.2  350.4  301.4
  976.0    301   24.8   21.0     79  16.29    125      4  300.1  348.0  303.0
  943.0    604   23.8   18.9     74  14.76     90      7  302.0  345.8  304.7
  942.0    613   23.8   18.8     74  14.72     92      7  302.1  345.7  304.7
  911.0    905   21.5   17.4     77  13.93    155      5  302.6  344.1  305.1
  891.0   1098   20.0   16.5     80  13.43    149      5  303.0  343.0  305.4
  871.0   1294   20.0   15.9     77  13.22    144      6  304.9  344.7  307.4
  833.0   1678   17.0   14.3     84  12.45    133      6  305.7  343.3  308.0
  792.0   2108   15.3   10.2     72   9.99    120      7  308.3  338.9  310.2
  776.0   2282   14.6    8.6     67   9.11    146      7  309.4  337.5  311.1
  765.0   2402   13.8    7.5     65   8.55    165      7  309.8  336.3  311.4
  738.0   2703   11.9    4.6     61   7.24    190     13  310.9  333.6  312.3
  720.0   2911   10.6    2.6     58   6.45    180     12  311.7  332.0  312.9
  687.0   3299    8.1    3.1     71   7.02    160     10  313.1  335.3  314.5
  657.0   3668    5.8    3.6     86   7.60    140      8  314.5  338.6  316.0
  639.0   3896    5.4    0.4     70   6.20    127      7  316.6  336.6  317.8
  616.0   4193    3.8   -0.4     74   6.06    110      6  318.1  337.7  319.2
  593.0   4501    2.1   -1.3     78   5.90    140      5  319.6  338.9  320.7
  571.0   4808    0.5   -2.2     83   5.75    120      2  321.1  340.0  322.2
  565.0   4893    0.0   -2.4     84   5.71    137      3  321.6  340.4  322.7
  550.0   5107   -1.4   -3.5     86   5.41    180      4  322.4  340.3  323.4
  510.0   5706   -5.4   -6.5     91   4.62    130      5  324.6  340.1  325.5
  503.0   5815   -6.1   -7.1     93   4.49    132      6  325.0  340.1  325.9
  491.0   6004   -6.6   -9.0     83   3.95    135      8  326.6  340.1  327.4
  473.0   6295   -7.4  -12.0     70   3.24    115      8  329.1  340.4  329.8
  462.0   6479   -7.9  -13.9     62   2.84     85      7  330.7  340.8  331.3
  455.0   6597   -8.6  -14.8     61   2.68     65      7  331.2  340.8  331.8
  438.0   6890  -10.5  -17.0     59   2.31     45      9  332.5  340.8  333.0
  421.0   7195  -12.4  -19.3     56   1.98     55      9  333.8  341.0  334.2
  417.0   7269  -12.9  -19.9     56   1.90     67      9  334.1  341.1  334.5
  412.0   7360  -13.5  -21.5     51   1.67     81     10  334.5  340.7  334.9
  411.0   7379  -13.7  -18.3     68   2.21     84     10  334.5  342.5  334.9
  404.0   7509  -14.5  -20.5     60   1.86    105     10  335.1  341.9  335.5
  394.0   7699  -15.7  -23.7     50   1.44    104     11  335.9  341.3  336.2
  375.0   8070  -18.3  -25.3     54   1.31    102     13  337.3  342.2  337.6
  359.0   8393  -20.7  -28.3     50   1.04    100     15  338.3  342.3  338.5
  350.0   8581  -22.1  -30.1     48   0.90     96     16  338.9  342.4  339.1
  342.0   8751  -23.3  -38.3     24   0.41     93     16  339.5  341.1  339.6
  327.0   9077  -25.7  -35.7     39   0.56     86     18  340.6  342.8  340.7
  324.0   9144  -25.9  -40.9     23   0.33     85     18  341.2  342.6  341.2
  316.0   9325  -26.9  -42.9     21   0.28     81     19  342.2  343.4  342.3
  304.0   9602  -29.7  -41.3     32   0.34     75     20  342.1  343.5  342.1
  300.0   9696  -30.7  -40.7     37   0.37     75     20  342.0  343.5  342.1
  296.0   9791  -31.3  -37.3     55   0.53     75     21  342.5  344.6  342.6
  250.0  10966  -40.1  -44.7     61   0.29     77     24  346.3  347.5  346.4
  200.0  12450  -51.9                          80     28  350.4         350.4
  195.0  12605  -53.4                          80     29  350.6         350.6
  161.0  13781  -64.7                          60     32  351.2         351.2
  135.0  14862  -75.1                          64     51  350.9         350.9
  132.0  14990  -75.7                          65     53  352.1         352.1
  104.0  16346  -82.5                          92     41  364.0         364.0
  101.0  16511  -80.4                          95     39  371.1         371.1
  100.0  16567  -79.7                                     373.5         373.5
   96.4  16776  -77.1                                     382.5         382.5
   96.0  16799  -77.2                          80     18  382.8         382.8
   91.0  17104  -77.9                          90      8  387.2         387.2
   87.0  17360  -78.5                         125      5  391.0         391.0
   76.9  18062  -80.3                         102     23  401.4         401.4
   74.0  18280  -79.4                          95     29  407.7         407.7
   73.7  18303  -79.3                          96     29  408.4         408.4
   71.3  18493  -74.5                         105     32  422.4         422.4
   70.0  18600  -73.5                         110     33  426.8         426.8
   67.0  18859  -72.7                         135     30  433.8         433.8
   57.0  19815  -70.0                         135     17  460.6         460.6
   50.0  20590  -67.7                          20     15  483.5         483.5
   49.9  20602  -67.7                          20     15  483.8         483.8
   49.0  20713  -67.3                          15     14  487.3         487.3
   45.0  21230  -65.4                          95     14  503.9         503.9
   42.0  21649  -63.9                          95     12  517.7         517.7
   41.7  21693  -63.7                         104     11  519.2         519.2
   40.0  21954  -62.0                         155      5  529.8         529.8
   39.0  22113  -60.9                          40      2  536.3         536.3
   37.0  22443  -58.7                         335      2  550.0         550.0
   35.0  22791  -56.4                         280      5  564.9         564.9
   33.3  23104  -54.3                         275     10  578.5         578.5
   30.8  23602  -55.7                         268     17  587.8         587.8
   30.0  23770  -55.1                         265     20  593.8         593.8
   28.7  24054  -53.1                         259     24  606.9         606.9
   28.0  24212  -53.3                         255     26  610.5         610.5
   23.0  25469  -55.2                         270     17  640.2         640.2
   21.5  25900  -55.9                         275     20  650.7         650.7
   20.0  26360  -55.7                         280     24  664.9         664.9
   19.7  26456  -55.3                         281     24  669.0         669.0
   17.9  27075  -49.7                         287     25  705.3         705.3
   17.0  27415  -48.1                         290     25  720.8         720.8
   16.1  27773  -46.5                         273     20  737.4         737.4
   15.0  28244  -46.2                         250     14  753.3         753.3
   13.0  29195  -45.7                         280     18  786.5         786.5
   12.9  29246  -45.7                                     788.4         788.4
</PRE><H3>Station information and sounding indices</H3><PRE>
                         Station identifier: WIII
                             Station number: 96749
                           Observation time: 161004/0000
                           Station latitude: -6.11
                          Station longitude: 106.65
                          Station elevation: 8.0
                            Showalter index: -0.89
                               Lifted index: -2.54
    LIFT computed using virtual temperature: -2.79
                                SWEAT index: 198.77
                                    K index: 33.39
                         Cross totals index: 21.25
                      Vertical totals index: 24.59
                        Totals totals index: 45.84
      Convective Available Potential Energy: 352.00
             CAPE using virtual temperature: 446.71
                      Convective Inhibition: -81.42
             CINS using virtual temperature: -52.84
                           Equilibrum Level: 250.08
 Equilibrum Level using virtual temperature: 249.28
                   Level of Free Convection: 741.27
             LFCT using virtual temperature: 773.45
                     Bulk Richardson Number: 368.68
          Bulk Richardson Number using CAPV: 467.88
  Temp [K] of the Lifted Condensation Level: 293.54
Pres [hPa] of the Lifted Condensation Level: 929.32
   Equivalent potential temp [K] of the LCL: 348.23
     Mean mixed layer potential temperature: 299.77
              Mean mixed layer mixing ratio: 16.55
              1000 hPa to 500 hPa thickness: 5775.09
Precipitable water [mm] for entire sounding: 54.30
</PRE>
<P>Description of the 
<A HREF="/upperair/columns.html">data columns</A>
or <A HREF="/upperair/indices.html">sounding indices</A>.

<P>
<FORM>
<INPUT CLASS="button" TYPE="button" VALUE=" Close this window " 
 onClick="window.close();">
<INPUT CLASS="button" TYPE="button" VALUE=" Select another map " 
 onClick="window.blur();">
</FORM>
<HR SIZE="1">
<I>Interested in graduate studies in atmospheric science?
Check out our program at the
<a href="http://www.uwyo.edu/atsc/howtoapply/"
target=_top>University of Wyoming
</a></I>
<HR SIZE="1"><FONT SIZE="-1">
Questions about the weather data provided by this site can be
addressed to <A HREF="mailto:ldoolman@uwyo.edu">
Larry Oolman (ldoolman@uwyo.edu)</A></FONT>
<HR SIZE="1">
<SCRIPT TYPE="text/javascript">
<!--
window.focus();
// -->
</SCRIPT>
</BODY>
</HTML>
