2017-03-03 12
<HTML>
<TITLE>University of Wyoming - Radiosonde Data</TITLE>
<BODY BGCOLOR="white">
<H2>96749 WIII Jakarta Observations at 00Z 03 Mar 2017</H2>
<PRE>
-----------------------------------------------------------------------------
   PRES   HGHT   TEMP   DWPT   RELH   MIXR   DRCT   SKNT   THTA   THTE   THTV
    hPa     m      C      C      %    g/kg    deg   knot     K      K      K 
-----------------------------------------------------------------------------
 1008.0      8   25.8   24.6     93  19.78    160      2  298.3  356.0  301.8
 1000.0     78   25.6   23.3     87  18.39    190      3  298.8  352.6  302.0
  975.0    300   25.1   20.5     76  15.84    235      7  300.4  347.1  303.3
  960.0    436   24.8   18.8     69  14.44    253      7  301.4  344.2  304.1
  942.0    601   23.4   18.3     73  14.29    275      7  301.6  344.0  304.2
  925.0    760   22.0   17.9     78  14.15    280      7  301.8  343.8  304.4
  879.0   1203   19.5   15.2     77  12.55    270      8  303.6  341.1  305.9
  850.0   1495   17.8   13.5     76  11.57    250      7  304.8  339.6  306.9
  820.0   1801   15.7   13.7     88  12.18    210      4  305.7  342.4  307.9
  811.0   1895   15.0   13.8     93  12.38    197      4  305.9  343.3  308.2
  764.0   2395   12.1   11.1     94  10.97    125      7  308.0  341.5  310.1
  737.0   2696   10.3    9.4     94  10.18    100      7  309.3  340.6  311.2
  700.0   3127    7.8    7.1     95   9.12    125      9  311.1  339.4  312.8
  684.0   3318    6.4    4.7     89   7.89    127     11  311.6  336.3  313.1
  661.0   3599    5.5    3.3     86   7.38    130     15  313.6  337.0  315.0
  644.0   3814    4.8    2.2     83   7.01    132     14  315.2  337.5  316.5
  635.0   3929    4.8   -0.2     70   5.97    133     14  316.5  335.7  317.6
  574.0   4749    0.0   -2.4     84   5.62    140     12  320.1  338.5  321.2
  570.0   4805   -0.1   -2.9     82   5.46    140     12  320.6  338.5  321.6
  547.0   5136   -0.9   -5.7     70   4.60    134     13  323.5  338.9  324.4
  500.0   5850   -5.3  -10.3     68   3.51    120     14  326.5  338.6  327.2
  497.0   5897   -5.5  -11.5     63   3.21    119     14  326.8  337.9  327.5
  490.0   6009   -6.2  -11.1     68   3.36    115     14  327.2  338.8  327.9
  484.0   6105   -6.9  -10.8     74   3.49    117     14  327.6  339.6  328.3
  473.0   6285   -7.9  -15.9     53   2.35    122     14  328.5  336.8  329.0
  471.0   6318   -8.3  -16.3     53   2.29    123     14  328.4  336.5  328.9
  470.0   6334   -8.5  -14.5     62   2.66    123     14  328.4  337.7  328.9
  469.0   6351   -8.5  -16.5     52   2.26    124     14  328.6  336.6  329.0
  468.0   6367   -8.3  -18.3     44   1.94    124     14  329.0  336.0  329.4
  467.0   6384   -8.3  -23.3     29   1.26    124     14  329.2  333.8  329.5
  466.0   6401   -8.1  -24.1     26   1.18    125     14  329.7  334.0  329.9
  464.0   6434   -8.3  -20.3     37   1.65    126     14  329.8  335.8  330.1
  461.0   6484   -8.5  -25.5     24   1.05    127     14  330.2  334.1  330.4
  454.0   6603   -9.4  -28.3     20   0.82    130     14  330.5  333.6  330.6
  446.0   6740  -10.5  -31.5     16   0.62    129     15  330.8  333.2  330.9
  443.0   6792  -10.9  -31.9     16   0.60    129     15  330.9  333.2  331.1
  439.0   6862  -11.7  -21.7     43   1.54    129     15  330.8  336.4  331.1
  437.0   6897  -12.1  -19.1     56   1.94    128     16  330.7  337.7  331.1
  429.0   7038  -12.3  -26.3     30   1.05    128     16  332.2  336.1  332.4
  402.0   7532  -15.7  -33.7     20   0.56    125     19  334.0  336.2  334.1
  400.0   7570  -15.9  -32.9     22   0.60    125     19  334.2  336.6  334.4
  390.0   7760  -17.1  -35.1     19   0.50    126     18  335.1  337.1  335.2
  383.0   7895  -18.1  -27.1     45   1.09    126     17  335.5  339.6  335.7
  378.0   7992  -18.9  -24.9     59   1.35    127     16  335.7  340.8  336.0
  362.0   8312  -20.9  -28.9     49   0.98    128     14  337.2  341.0  337.4
  361.0   8332  -20.9  -30.9     40   0.81    128     14  337.5  340.6  337.6
  358.0   8394  -21.5  -27.5     58   1.12    129     14  337.5  341.8  337.7
  355.0   8455  -21.7  -25.8     69   1.32    129     14  338.0  343.0  338.3
  347.0   8622  -22.9  -31.9     44   0.77    130     13  338.6  341.6  338.8
  343.0   8706  -23.4  -32.2     44   0.75    130     12  339.1  342.0  339.2
  329.0   9009  -25.2  -33.5     46   0.69    125     12  340.6  343.4  340.8
  324.0   9120  -25.9  -33.9     47   0.68    129     12  341.2  343.9  341.3
  321.0   9187  -26.3  -36.3     38   0.54    131     12  341.5  343.7  341.6
  307.0   9506  -29.1  -39.1     37   0.42    142     12  342.0  343.7  342.1
  303.0   9599  -29.7  -36.5     52   0.56    145     12  342.4  344.6  342.5
  302.0   9623  -29.9  -35.9     56   0.59    145     12  342.5  344.9  342.6
  300.0   9670  -30.3  -36.3     56   0.57    145     12  342.6  344.9  342.7
  277.0  10232  -34.1  -42.1     44   0.34    145      9  345.0  346.4  345.0
  267.0  10486  -36.3  -42.9     50   0.33    145      7  345.5  346.8  345.5
  255.0  10804  -39.0  -43.9     60   0.31    100      8  346.0  347.3  346.1
  251.0  10913  -39.9  -44.2     63   0.30     96      8  346.2  347.5  346.3
  250.0  10940  -40.1                          95      8  346.3         346.3
  234.0  11379  -44.0                         100      7  347.1         347.1
  223.0  11698  -46.8                         110      4  347.6         347.6
  200.0  12420  -53.1                          95     12  348.5         348.5
  153.0  14087  -68.2                          60     17  350.4         350.4
  150.0  14210  -69.3                          65     16  350.5         350.5
  143.0  14492  -71.9                          69     20  350.8         350.8
  131.0  15001  -76.5                          76     26  351.5         351.5
  124.0  15313  -78.8                          80     30  352.8         352.8
  121.0  15452  -79.9                          78     35  353.3         353.3
  113.0  15835  -81.9                          71     47  356.6         356.6
  112.0  15885  -81.8                          70     49  357.7         357.7
  106.0  16194  -81.0                          85     46  364.9         364.9
  100.0  16520  -80.1                          75     31  372.7         372.7
   95.0  16810  -81.1                          85     15  376.2         376.2
   90.5  17085  -82.1                         134     16  379.5         379.5
   90.0  17116  -82.0                         140     16  380.3         380.3
   86.0  17375  -81.2                         110     12  386.9         386.9
   81.0  17715  -80.1                         120      3  395.8         395.8
   74.9  18159  -78.7                          41     11  407.7         407.7
   73.0  18308  -77.6                          15     13  413.1         413.1
   70.0  18550  -75.7                         350     10  422.1         422.1
   69.0  18634  -75.0                         340      9  425.3         425.3
   68.8  18651  -74.9                         335     10  425.9         425.9
   67.8  18736  -71.9                         312     12  434.2         434.2
   66.0  18895  -72.2                         270     17  436.9         436.9
   63.0  19169  -72.8                         245     30  441.5         441.5
   59.0  19555  -73.5                         209     14  448.2         448.2
   57.0  19759  -71.5                         190      6  457.2         457.2
   55.5  19917  -69.9                         155      6  464.3         464.3
   54.0  20081  -70.0                         120      5  467.6         467.6
   51.6  20352  -70.3                          93      5  473.1         473.1
   50.0  20540  -69.1                          75      5  480.2         480.2
   49.0  20662  -68.2                          50      6  485.0         485.0
   46.0  21042  -65.6                         325     11  500.3         500.3
   45.7  21081  -65.3                         322     11  501.9         501.9
   42.0  21596  -64.6                         280     14  515.9         515.9
   40.0  21893  -64.2                         290     15  524.1         524.1
   39.5  21970  -64.1                         301     15  526.3         526.3
   38.0  22208  -62.2                         335     15  537.0         537.0
   36.6  22440  -60.3                         333     17  547.7         547.7
   31.0  23476  -59.5                         325     25  576.5         576.5
   30.0  23680  -59.3                         300     19  582.4         582.4
   29.0  23892  -59.8                         290     21  586.6         586.6
   28.9  23914  -59.9                         289     21  587.0         587.0
   26.0  24579  -58.6                         265     19  608.6         608.6
   25.0  24825  -58.1                         215      9  616.9         616.9
   24.0  25082  -57.6                         185      9  625.5         625.5
   22.2  25572  -56.7                         211     10  642.4         642.4
   21.0  25927  -54.3                         230     10  659.9         659.9
   20.5  26081  -53.3                         223      8  667.5         667.5
   20.0  26240  -52.9                         215      6  673.5         673.5
   19.0  26568  -53.6                         205     13  681.1         681.1
   18.0  26915  -54.5                         160      9  689.2         689.2
   16.3  27550  -55.9                         149     12  704.3         704.3
   15.0  28089  -53.4                         140     15  729.5         729.5
   14.0  28536  -51.4                         105     28  751.0         751.0
   13.0  29016  -49.1                          90     34  774.7         774.7
   12.3  29375  -47.5                                     792.8         792.8
</PRE><H3>Station information and sounding indices</H3><PRE>
                         Station identifier: WIII
                             Station number: 96749
                           Observation time: 170303/0000
                           Station latitude: -6.11
                          Station longitude: 106.65
                          Station elevation: 8.0
                            Showalter index: 1.76
                               Lifted index: -1.61
    LIFT computed using virtual temperature: -2.00
                                SWEAT index: 189.99
                                    K index: 35.90
                         Cross totals index: 18.80
                      Vertical totals index: 23.10
                        Totals totals index: 41.90
      Convective Available Potential Energy: 471.38
             CAPE using virtual temperature: 578.70
                      Convective Inhibition: -44.57
             CINS using virtual temperature: -27.70
                           Equilibrum Level: 250.17
 Equilibrum Level using virtual temperature: 250.67
                   Level of Free Convection: 828.14
             LFCT using virtual temperature: 847.29
                     Bulk Richardson Number: 70.28
          Bulk Richardson Number using CAPV: 86.29
  Temp [K] of the Lifted Condensation Level: 293.33
Pres [hPa] of the Lifted Condensation Level: 923.86
   Equivalent potential temp [K] of the LCL: 348.22
     Mean mixed layer potential temperature: 300.06
              Mean mixed layer mixing ratio: 16.49
              1000 hPa to 500 hPa thickness: 5772.00
Precipitable water [mm] for entire sounding: 54.73
</PRE>
<P>Description of the 
<A HREF="/upperair/columns.html">data columns</A>
or <A HREF="/upperair/indices.html">sounding indices</A>.

<P>
<FORM>
<INPUT CLASS="button" TYPE="button" VALUE=" Close this window " 
 onClick="window.close();">
<INPUT CLASS="button" TYPE="button" VALUE=" Select another map " 
 onClick="window.blur();">
</FORM>
<HR SIZE="1">
<I>Interested in graduate studies in atmospheric science?
Check out our program at the
<a href="http://www.uwyo.edu/atsc/howtoapply/"
target=_top>University of Wyoming
</a></I>
<HR SIZE="1"><FONT SIZE="-1">
Questions about the weather data provided by this site can be
addressed to <A HREF="mailto:ldoolman@uwyo.edu">
Larry Oolman (ldoolman@uwyo.edu)</A></FONT>
<HR SIZE="1">
<SCRIPT TYPE="text/javascript">
<!--
window.focus();
// -->
</SCRIPT>
</BODY>
</HTML>
