2019-03-14 00
<HTML>
<TITLE>University of Wyoming - Radiosonde Data</TITLE>
<BODY BGCOLOR="white">
<H2>96749 WIII Jakarta Observations at 00Z 14 Mar 2019</H2>
<PRE>
-----------------------------------------------------------------------------
   PRES   HGHT   TEMP   DWPT   RELH   MIXR   DRCT   SKNT   THTA   THTE   THTV
    hPa     m      C      C      %    g/kg    deg   knot     K      K      K 
-----------------------------------------------------------------------------
 1012.0      8   22.6   20.6     88  15.34    140      1  294.7  338.8  297.4
 1006.0     62   22.6   20.3     87  15.14    135      5  295.2  338.9  297.9
 1000.0    116   23.0   20.5     86  15.43    130     10  296.1  340.8  298.9
  979.0    301   22.9   20.0     84  15.26     90      6  297.8  342.3  300.6
  964.0    436   22.8   19.6     82  15.13     47      7  299.1  343.4  301.8
  946.0    601   22.1   18.4     79  14.31    355      9  300.0  342.1  302.6
  926.0    787   21.4   17.1     76  13.43    345     13  301.1  340.8  303.5
  925.0    796   21.6   16.8     74  13.18    345     13  301.4  340.4  303.8
  902.0   1014   21.8   13.8     60  11.11    337     17  303.8  337.1  305.8
  883.0   1198   21.3   12.2     56  10.18    330     20  305.1  335.9  307.0
  854.0   1486   20.6    9.6     49   8.86    330     19  307.3  334.4  308.9
  850.0   1526   20.2    9.2     49   8.66    330     19  307.3  333.9  308.9
  768.0   2392   14.0    6.9     62   8.18    305     15  309.7  335.1  311.2
  765.0   2426   13.8    6.8     63   8.17    303     15  309.8  335.1  311.3
  715.0   2992   10.6    4.4     65   7.37    265     14  312.3  335.5  313.7
  700.0   3170    9.6    3.6     66   7.13    270     14  313.1  335.6  314.4
  689.0   3302    9.0    2.7     65   6.78    270     13  313.8  335.3  315.1
  663.0   3621    7.4    0.4     61   5.98    246     17  315.5  334.7  316.6
  641.0   3896    5.3   -0.6     66   5.75    225     21  316.2  334.7  317.3
  595.0   4504    0.6   -2.8     78   5.26    215     13  317.6  334.7  318.6
  589.0   4586    0.0   -3.1     80   5.20    202     13  317.8  334.7  318.8
  573.0   4808   -0.6   -5.2     71   4.56    165     14  319.6  334.6  320.4
  570.0   4850   -0.7   -5.6     69   4.44    164     14  319.9  334.6  320.8
  549.0   5150   -2.7   -3.9     91   5.25    157     17  321.0  338.3  322.0
  525.0   5505   -3.9   -6.7     81   4.43    149     21  323.7  338.6  324.5
  500.0   5890   -6.9   -8.4     89   4.08    140     25  324.6  338.4  325.4
  495.0   5968   -7.5   -8.4     93   4.12    138     25  324.8  338.7  325.6
  474.0   6302   -9.1  -10.7     88   3.59    130     23  326.9  339.2  327.6
  433.0   6999  -12.3  -15.5     77   2.66    142     25  331.3  340.8  331.9
  405.0   7506  -15.5  -18.4     79   2.23    150     26  333.6  341.6  334.0
  400.0   7600  -16.1  -18.9     79   2.16    150     23  334.0  341.8  334.4
  367.0   8245  -20.9  -22.2     89   1.77    116     22  335.9  342.4  336.3
  331.0   9002  -25.7  -28.9     75   1.07     75     20  339.3  343.4  339.6
  327.0   9091  -26.3  -29.7     73   1.00     78     20  339.7  343.6  339.9
  300.0   9710  -31.1  -35.5     65   0.62    100     20  341.4  343.9  341.6
  292.0   9898  -32.7  -36.8     66   0.56     95     20  341.8  344.1  341.9
  258.0  10756  -39.9  -43.0     72   0.33     79     26  343.5  344.9  343.6
  250.0  10970  -41.7                          75     27  343.9         343.9
  204.0  12319  -53.7                          75     26  345.6         345.6
  200.0  12450  -54.9                          80     28  345.7         345.7
  161.0  13797  -67.1                          88     41  347.2         347.2
  150.0  14220  -70.3                          90     45  348.8         348.8
  146.0  14379  -71.5                          89     46  349.4         349.4
  131.0  15013  -72.1                          85     50  359.4         359.4
  126.0  15241  -72.3                          89     43  363.0         363.0
  119.0  15570  -73.8                          95     33  366.2         366.2
  107.0  16181  -76.7                          60      9  372.1         372.1
  101.0  16513  -78.2                         240      6  375.3         375.3
  100.0  16570  -78.5                         240      9  375.8         375.8
   86.4  17398  -82.7                         165     20  383.4         383.4
   86.0  17424  -82.7                         165     20  384.0         384.0
   78.0  17973  -81.6                          70      2  397.0         397.0
   77.3  18024  -81.5                          73      3  398.3         398.3
   76.3  18097  -81.7                          76      5  399.3         399.3
   75.6  18150  -78.5                          79      7  407.1         407.1
   74.0  18273  -76.5                          85     10  413.9         413.9
   72.2  18416  -74.1                          47      9  421.8         421.8
   71.2  18499  -70.5                          26      9  431.1         431.1
   70.0  18600  -70.1                           0      8  434.1         434.1
   63.0  19214  -74.1                         305     28  438.5         438.5
   56.4  19858  -78.3                         270     20  443.1         443.1
   54.0  20106  -78.3                         240     15  448.6         448.6
   53.0  20213  -78.3                         223     16  451.0         451.0
   52.1  20311  -77.9                         207     17  454.2         454.2
   51.3  20400  -73.9                         193     18  465.5         465.5
   50.0  20550  -72.9                         170     20  471.3         471.3
   49.0  20669  -71.8                         145     20  476.7         476.7
   48.4  20742  -71.1                         131     19  480.0         480.0
   45.3  21141  -63.3                          54     12  508.0         508.0
   44.0  21319  -63.5                          20      9  511.8         511.8
   41.7  21649  -63.9                          14     17  518.7         518.7
   40.7  21798  -61.3                          12     20  528.8         528.8
   40.0  21906  -61.5                          10     23  530.8         530.8
   38.0  22223  -62.3                         340     20  536.7         536.7
   36.0  22558  -61.8                         290     12  546.5         546.5
   35.1  22714  -61.5                         246     13  551.1         551.1
   33.2  23064  -55.9                         150     15  574.8         574.8
   33.0  23102  -55.8                         140     15  575.9         575.9
   32.0  23299  -55.5                         145     17  581.8         581.8
   30.0  23710  -54.9                         125     19  594.4         594.4
   27.0  24381  -55.3                          90     12  611.5         611.5
   26.9  24405  -55.3                          90     13  612.1         612.1
   26.0  24623  -53.3                          85     20  623.8         623.8
   25.5  24747  -52.1                          73     15  630.6         630.6
   25.0  24875  -52.2                          60     10  633.8         633.8
   24.0  25137  -52.5                         315      8  640.4         640.4
   23.0  25411  -52.8                         280     12  647.4         647.4
   20.3  26215  -53.7                         249     10  668.2         668.2
   20.0  26310  -53.7                         245     10  671.0         671.0
   19.0  26642  -52.9                         100     10  683.5         683.5
   16.0  27756  -50.1                          30     12  727.0         727.0
   15.8  27837  -49.9                          32     14  730.2         730.2
   15.0  28179  -48.0                          40     23  747.5         747.5
   14.4  28448  -46.5                                     761.3         761.3
</PRE><H3>Station information and sounding indices</H3><PRE>
                         Station identifier: WIII
                             Station number: 96749
                           Observation time: 190314/0000
                           Station latitude: -6.11
                          Station longitude: 106.65
                          Station elevation: 8.0
                            Showalter index: 2.64
                               Lifted index: -0.65
    LIFT computed using virtual temperature: -0.77
                                SWEAT index: 173.40
                                    K index: 30.30
                         Cross totals index: 16.10
                      Vertical totals index: 27.10
                        Totals totals index: 43.20
      Convective Available Potential Energy: 34.20
             CAPE using virtual temperature: 51.17
                      Convective Inhibition: -323.66
             CINS using virtual temperature: -260.78
                           Equilibrum Level: 461.81
 Equilibrum Level using virtual temperature: 459.17
                   Level of Free Convection: 617.43
             LFCT using virtual temperature: 629.02
                     Bulk Richardson Number: 2.20
          Bulk Richardson Number using CAPV: 3.29
  Temp [K] of the Lifted Condensation Level: 292.52
Pres [hPa] of the Lifted Condensation Level: 944.43
   Equivalent potential temp [K] of the LCL: 341.56
     Mean mixed layer potential temperature: 297.35
              Mean mixed layer mixing ratio: 15.23
              1000 hPa to 500 hPa thickness: 5774.00
Precipitable water [mm] for entire sounding: 49.32
</PRE>
<P>Description of the 
<A HREF="/upperair/columns.html">data columns</A>
or <A HREF="/upperair/indices.html">sounding indices</A>.

<P>
<FORM>
<INPUT CLASS="button" TYPE="button" VALUE=" Close this window " 
 onClick="window.close();">
<INPUT CLASS="button" TYPE="button" VALUE=" Select another map " 
 onClick="window.blur();">
</FORM>
<HR SIZE="1">
<I>Interested in graduate studies in atmospheric science?
Check out our program at the
<a href="http://www.uwyo.edu/atsc/howtoapply/"
target=_top>University of Wyoming
</a></I>
<HR SIZE="1"><FONT SIZE="-1">
Questions about the weather data provided by this site can be
addressed to <A HREF="mailto:ldoolman@uwyo.edu">
Larry Oolman (ldoolman@uwyo.edu)</A></FONT>
<HR SIZE="1">
<SCRIPT TYPE="text/javascript">
<!--
window.focus();
// -->
</SCRIPT>
</BODY>
</HTML>
