2022-09-24 00
<HTML>
<TITLE>University of Wyoming - Radiosonde Data</TITLE>
<BODY BGCOLOR="white">
<H2>96749 WIII Jakarta Observations at 00Z 24 Sep 2022</H2>
<PRE>
-----------------------------------------------------------------------------
   PRES   HGHT   TEMP   DWPT   RELH   MIXR   DRCT   SKNT   THTA   THTE   THTV
    hPa     m      C      C      %    g/kg    deg   knot     K      K      K 
-----------------------------------------------------------------------------
 1009.0      8   23.8   22.2     91  17.02    220      2  296.2  345.4  299.2
 1008.0     17   23.8   21.4     86  16.20    213      2  296.3  343.1  299.1
 1000.0     85   24.6   20.5     78  15.43    160      5  297.8  342.7  300.5
  981.0    254   26.8   17.8     58  13.25    136      8  301.6  340.9  304.0
  977.0    290   27.0   18.0     58  13.47    131      9  302.1  342.2  304.6
  976.0    299   26.9   18.0     58  13.45    130      9  302.2  342.2  304.6
  943.0    601   24.9   16.6     60  12.74    105      8  303.1  341.2  305.4
  925.0    770   23.8   15.8     61  12.35    100     10  303.6  340.6  305.9
  851.0   1497   19.7   13.6     68  11.66    100     10  306.6  342.0  308.8
  850.0   1507   19.6   13.6     68  11.65    100     10  306.7  342.0  308.8
  739.0   2688   11.8    7.3     74   8.77     75     13  310.7  337.9  312.3
  700.0   3145    8.8    4.9     77   7.82     65     11  312.2  336.7  313.7
  697.0   3181    8.4    5.0     79   7.91     65     11  312.1  336.9  313.6
  687.0   3300    7.8    3.9     76   7.40     65     10  312.7  336.0  314.1
  630.0   4012    4.0   -3.0     60   4.89     73     14  316.3  332.2  317.2
  625.0   4077    3.8   -0.6     73   5.90     74     14  316.8  335.8  317.9
  577.0   4724    0.0   -4.8     70   4.67     81     17  319.6  335.0  320.5
  526.0   5461   -4.5   -7.0     83   4.32     90     21  322.8  337.3  323.6
  500.0   5860   -6.3   -8.9     82   3.92     95     23  325.3  338.6  326.1
  485.0   6098   -7.3  -10.8     76   3.48     97     23  326.9  338.9  327.6
  468.0   6374   -8.7  -23.7     29   1.21    100     22  328.5  333.0  328.8
  444.0   6779  -11.5  -24.5     33   1.19    103     21  330.0  334.4  330.2
  438.0   6883  -11.3  -30.3     19   0.71    104     21  331.5  334.2  331.6
  411.0   7366  -15.7  -28.7     32   0.88    109     20  331.9  335.2  332.1
  403.0   7514  -16.6  -23.7     54   1.41    110     20  332.6  337.9  332.9
  400.0   7570  -16.9  -21.8     66   1.68    105     19  332.9  339.1  333.3
  386.0   7836  -17.5  -20.5     77   1.95    100     21  335.6  342.7  335.9
  358.0   8384  -21.4  -24.7     75   1.45     90     24  337.6  343.0  337.9
  329.0   8999  -25.9  -29.4     72   1.03     95     28  339.7  343.7  339.9
  316.0   9292  -28.0  -31.6     71   0.86     95     30  340.7  344.1  340.9
  300.0   9670  -30.7  -34.5     69   0.69    100     29  342.0  344.7  342.1
  266.0  10510  -37.5  -42.2     61   0.35    105     26  344.0  345.4  344.1
  256.0  10778  -39.7  -44.7     59   0.28    105     26  344.6  345.7  344.6
  250.0  10940  -41.1  -47.1     52   0.22    105     26  344.8  345.8  344.9
  236.0  11328  -44.3  -52.3     41   0.13    105     25  345.7  346.3  345.7
  233.0  11412  -45.1  -52.7     42   0.12    105     25  345.8  346.4  345.9
  209.0  12127  -51.5  -56.1     58   0.09     80     23  346.7  347.1  346.7
  204.0  12282  -52.6  -58.0     52   0.07     75     22  347.3  347.7  347.4
  200.0  12410  -53.5  -59.5     48   0.06     75     22  347.9  348.2  347.9
  178.0  13148  -60.3  -65.3     52   0.03     72     25  348.5  348.7  348.5
  168.0  13504  -63.6  -71.7     33   0.01     70     27  348.8  348.8  348.8
  165.0  13615  -64.7  -73.7     28   0.01     68     29  348.8  348.9  348.8
  160.0  13801  -66.3  -74.3     32   0.01     65     32  349.2  349.2  349.2
  150.0  14190  -69.7  -75.7     41   0.01     65     36  349.8  349.9  349.8
  149.0  14230  -70.1  -76.1     41   0.01     65     36  349.8  349.9  349.8
  130.0  15026  -76.5  -86.5     19   0.00     68     41  352.2  352.3  352.2
  121.0  15438  -77.1  -86.1     23   0.00     69     44  358.4  358.5  358.4
  118.0  15582  -76.7  -86.7     19   0.00     70     45  361.8  361.8  361.8
  113.0  15834  -71.5  -86.5      9   0.00     56     30  376.0  376.0  376.0
  106.0  16209  -72.8  -87.8      9   0.00     35      7  380.5  380.5  380.5
  101.0  16492  -73.7  -88.7      9   0.00     65      4  384.0  384.0  384.0
  100.0  16550  -73.9  -88.9      9   0.00     75      5  384.7  384.7  384.7
   92.9  16977  -77.5  -91.5      9   0.00     80      8  385.8  385.8  385.8
   91.0  17097  -76.0  -90.9      8   0.00    105      6  391.0  391.0  391.0
   88.9  17232  -74.3  -90.3      7   0.00    122      9  397.0  397.1  397.0
   86.0  17425  -74.8  -90.6      7   0.00    145     14  399.7  399.7  399.7
   77.0  18067  -76.7  -91.7      8   0.00     86     13  408.7  408.7  408.7
   74.0  18296  -76.6  -92.2      7   0.00     65     13  413.6  413.6  413.6
   72.5  18415  -76.5  -92.5      7   0.00     82     18  416.2  416.2  416.2
   70.1  18612  -71.7  -90.7      4   0.00    109     26  430.5  430.5  430.5
   70.0  18620  -71.3  -90.3      5   0.00    110     26  431.5  431.5  431.5
   67.0  18881  -70.1  -89.7      4   0.00    115     32  439.5  439.5  439.5
   63.0  19249  -68.5  -88.8      4   0.00    115     31  450.8  450.9  450.8
   57.0  19846  -65.9  -87.3      4   0.00    110     19  469.9  469.9  469.9
   55.0  20059  -64.9  -86.7      4   0.00    110     31  476.9  476.9  476.9
   54.1  20157  -64.5  -86.5      3   0.00    106     27  480.1  480.2  480.1
   53.3  20248  -62.5  -86.5      3   0.00    102     23  486.8  486.8  486.8
   52.0  20399  -62.2  -86.6      3   0.00     95     17  491.0  491.0  491.0
   50.0  20640  -61.7  -86.7      2   0.00     65      4  497.7  497.7  497.7
   48.9  20778  -62.5  -84.5      4   0.01     61      7  498.9  499.0  498.9
   47.0  21025  -59.6  -86.3      2   0.00     55     11  511.6  511.7  511.6
   45.7  21200  -57.5  -87.5      1   0.00     42     13  520.8  520.8  520.8
   45.0  21298  -57.0  -88.5      1   0.00     35     14  524.4  524.4  524.4
   43.4  21528  -55.7  -90.7      1   0.00    343     16  532.9  532.9  532.9
   43.0  21587  -55.8  -90.8      1   0.00    330     16  534.1  534.1  534.1
   41.0  21889  -56.2  -91.0      1   0.00    325      5  540.3  540.4  540.3
   39.0  22206  -56.7  -91.2      1   0.00    115      6  546.9  547.0  546.9
   37.0  22539  -57.2  -91.5      1   0.00     75      2  554.0  554.0  554.0
   36.0  22713  -57.4  -91.6      1   0.00    355      8  557.7  557.7  557.7
   34.2  23038  -57.9  -91.9      1   0.00    324     12  564.7  564.7  564.7
   34.0  23075  -57.8  -91.8      1   0.00    320     12  565.9  566.0  565.9
   32.0  23460  -56.5  -91.0      1   0.00    320     13  579.3  579.3  579.3
   31.0  23662  -55.8  -90.5      1   0.00    275     17  586.4  586.4  586.4
   30.0  23870  -55.1  -90.1      1   0.00    265     23  593.8  593.9  593.8
   29.6  23955  -54.5  -89.5      1   0.00    263     25  597.8  597.8  597.8
   29.0  24086  -54.3  -89.3      1   0.00    260     27  601.7  601.8  601.7
   28.0  24310  -54.0  -89.0      1   0.01    260     33  608.6  608.6  608.6
   27.5  24425  -53.9  -88.9      1   0.01    260     33  612.1  612.2  612.1
   25.0  25030  -57.3  -91.3      1   0.00    258     32  619.3  619.3  619.3
   24.2  25234  -57.9  -91.9      1   0.00    257     32  623.3  623.4  623.3
   22.8  25611  -54.7  -89.7      1   0.01    256     31  643.5  643.5  643.5
   22.0  25840  -54.0  -89.3      1   0.01    255     31  652.0  652.1  652.0
   21.0  26138  -53.2  -88.8      1   0.01    265     30  663.3  663.4  663.3
   20.0  26450  -52.3  -88.3      1   0.01    270     26  675.3  675.4  675.3
   18.0  27133  -51.9  -87.9      1   0.01    300     21  697.2  697.3  697.2
   17.0  27503  -51.7  -87.7      1   0.01    325     24  709.3  709.5  709.3
   15.2  28228  -51.3  -87.3      1   0.01    316     27  733.7  733.9  733.7
   15.0  28315  -50.9  -87.0      1   0.01    315     27  738.0  738.1  738.0
   14.0  28766  -48.6  -85.4      1   0.02    285     45  760.4  760.6  760.4
   13.8  28860  -48.1  -85.1      1   0.02                765.1  765.4  765.1
</PRE><H3>Station information and sounding indices</H3><PRE>
                         Station identifier: WIII
                             Station number: 96749
                           Observation time: 220924/0000
                           Station latitude: -6.11
                          Station longitude: 106.65
                          Station elevation: 8.0
                            Showalter index: -0.22
                               Lifted index: -0.16
    LIFT computed using virtual temperature: -0.32
                                SWEAT index: 206.21
                                    K index: 35.60
                         Cross totals index: 19.90
                      Vertical totals index: 25.90
                        Totals totals index: 45.80
      Convective Available Potential Energy: 17.72
             CAPE using virtual temperature: 41.90
                      Convective Inhibition: -261.75
             CINS using virtual temperature: -224.37
                           Equilibrum Level: 407.83
 Equilibrum Level using virtual temperature: 400.36
                   Level of Free Convection: 596.89
             LFCT using virtual temperature: 679.86
                     Bulk Richardson Number: 1.69
          Bulk Richardson Number using CAPV: 3.99
  Temp [K] of the Lifted Condensation Level: 290.14
Pres [hPa] of the Lifted Condensation Level: 883.71
   Equivalent potential temp [K] of the LCL: 341.79
     Mean mixed layer potential temperature: 300.60
              Mean mixed layer mixing ratio: 14.04
              1000 hPa to 500 hPa thickness: 5775.00
Precipitable water [mm] for entire sounding: 49.90
</PRE>
<P>Description of the 
<A HREF="/upperair/columns.html">data columns</A>
or <A HREF="/upperair/indices.html">sounding indices</A>.

<P>
<FORM>
<INPUT CLASS="button" TYPE="button" VALUE=" Close this window " 
 onClick="window.close();">
<INPUT CLASS="button" TYPE="button" VALUE=" Select another map " 
 onClick="window.blur();">
</FORM>
<HR SIZE="1">
<I>Interested in graduate studies in atmospheric science?
Check out our program at the
<a href="http://www.uwyo.edu/atsc/howtoapply/"
target=_top>University of Wyoming
</a></I>
<HR SIZE="1"><FONT SIZE="-1">
Questions about the weather data provided by this site can be
addressed to <A HREF="mailto:ldoolman@uwyo.edu">
Larry Oolman (ldoolman@uwyo.edu)</A></FONT>
<HR SIZE="1">
<SCRIPT TYPE="text/javascript">
<!--
window.focus();
// -->
</SCRIPT>
</BODY>
</HTML>
