2016-10-08 12
<HTML>
<TITLE>University of Wyoming - Radiosonde Data</TITLE>
<BODY BGCOLOR="white">
<H2>96749 WIII Jakarta Observations at 00Z 08 Oct 2016</H2>
<PRE>
-----------------------------------------------------------------------------
   PRES   HGHT   TEMP   DWPT   RELH   MIXR   DRCT   SKNT   THTA   THTE   THTV
    hPa     m      C      C      %    g/kg    deg   knot     K      K      K 
-----------------------------------------------------------------------------
 1011.0      8   24.0   22.0     89  16.77    240     10  296.2  344.7  299.2
 1010.0     17   25.4   21.0     77  15.77    241     10  297.7  343.6  300.5
 1000.0    104   24.8   21.3     81  16.23    250     13  297.9  345.2  300.8
  989.0    201   24.4   21.0     81  16.11    249     13  298.5  345.5  301.4
  956.0    500   24.6   18.6     69  14.32    246     15  301.6  344.0  304.2
  945.0    601   24.0   18.0     69  13.91    245     15  302.0  343.2  304.5
  925.0    789   22.8   16.8     69  13.18    260     11  302.6  341.9  305.0
  913.0    902   22.0   16.4     71  13.05    275      9  302.9  341.8  305.3
  882.0   1200   19.8   15.5     76  12.72    245      4  303.6  341.6  305.9
  850.0   1519   17.4   14.5     83  12.36    160      3  304.4  341.4  306.6
  845.0   1569   17.0   14.1     83  12.11    144      3  304.4  340.8  306.7
  823.0   1794   16.3   11.8     75  10.65     75      5  306.0  338.3  307.9
  803.0   2004   15.6    9.6     67   9.43     99      6  307.4  336.3  309.2
  770.0   2358   12.8   10.3     85  10.32    140      9  308.1  339.7  310.0
  766.0   2402   12.8    9.5     80   9.81    145      9  308.5  338.6  310.4
  752.0   2557   12.6    6.6     67   8.19    138      9  310.0  335.4  311.5
  718.0   2943    9.8    7.0     83   8.83    120      8  311.0  338.5  312.7
  700.0   3154    9.0    5.7     80   8.27    110      8  312.4  338.3  314.0
  688.0   3297    8.3    5.0     80   8.02    100      9  313.2  338.5  314.7
  655.0   3703    6.4    3.1     79   7.36    109      9  315.5  338.9  316.9
  641.0   3880    6.4   -0.6     61   5.75    113     10  317.4  336.1  318.5
  617.0   4191    3.7   -0.9     72   5.85    120     10  317.9  336.8  319.0
  600.0   4418    1.8   -1.1     81   5.92    105     11  318.2  337.4  319.3
  594.0   4499    1.4   -1.9     79   5.63    100     12  318.6  336.9  319.7
  586.0   4608    0.8   -3.0     76   5.26    102     13  319.1  336.4  320.2
  574.0   4774    0.0   -3.1     80   5.33    105     14  320.1  337.6  321.1
  568.0   4859   -0.1   -5.1     69   4.63    106     15  320.9  336.3  321.8
  536.0   5321   -3.1   -5.0     87   4.95    114     18  322.7  339.2  323.7
  535.0   5335   -2.9   -6.8     74   4.32    114     19  323.1  337.6  324.0
  531.0   5395   -2.6  -10.6     54   3.23    115     19  324.1  335.2  324.8
  529.0   5425   -2.5  -12.5     46   2.78    114     19  324.6  334.3  325.2
  510.0   5714   -4.3   -9.3     68   3.73    105     21  325.9  338.6  326.6
  502.0   5839   -4.7  -11.7     58   3.13    101     22  326.9  337.7  327.5
  500.0   5870   -4.9  -11.9     58   3.09    100     22  327.0  337.7  327.6
  484.0   6126   -7.1  -10.0     80   3.72     94     21  327.4  340.1  328.1
  446.0   6764   -9.7  -14.0     71   2.92     80     17  331.8  342.1  332.4
  421.0   7207  -12.9  -16.0     77   2.62     70     15  333.2  342.6  333.8
  400.0   7600  -15.7  -17.8     84   2.37     80     19  334.5  343.1  335.0
  374.0   8101  -19.1  -19.9     93   2.12     80     26  336.5  344.2  336.9
  350.0   8589  -22.3  -22.5     98   1.81     77     28  338.6  345.3  339.0
  326.0   9106  -25.3  -28.7     73   1.10     74     30  341.4  345.7  341.6
  311.0   9444  -28.1  -30.0     84   1.02     72     32  342.1  346.1  342.3
  300.0   9700  -29.7  -32.5     77   0.84     70     33  343.4  346.7  343.6
  284.0  10090  -32.7  -38.7     55   0.48     67     34  344.5  346.5  344.6
  268.0  10498  -35.5  -39.5     67   0.46     64     35  346.2  348.1  346.3
  250.0  10980  -39.5  -45.5     53   0.26     60     36  347.2  348.3  347.3
  248.0  11035  -39.9  -45.9     53   0.25     60     36  347.4  348.5  347.5
  205.0  12296  -51.2                          60     43  349.0         349.0
  200.0  12460  -52.7                          60     44  349.1         349.1
  150.0  14250  -69.7                          55     39  349.8         349.8
  139.0  14687  -73.3                          60     42  351.2         351.2
  113.0  15873  -83.0                          65     47  354.5         354.5
  110.0  16028  -84.3                          70     53  354.8         354.8
  101.0  16504  -80.2                          70     58  371.5         371.5
  100.0  16560  -79.7                          70     55  373.5         373.5
   94.6  16874  -81.1                          76     38  376.7         376.7
   87.4  17327  -76.1                          83     14  395.4         395.4
   86.0  17421  -75.8                          85      9  397.8         397.8
   82.0  17698  -74.9                          15      8  405.1         405.1
   79.4  17886  -74.3                         346      9  410.1         410.1
   78.0  17989  -74.7                         330      9  411.3         411.3
   74.0  18295  -76.0                         325     11  414.9         414.9
   73.6  18327  -76.1                         340     11  415.3         415.3
   72.1  18446  -76.3                          38     12  417.3         417.3
   70.4  18586  -70.9                         104     13  431.7         431.7
   70.0  18620  -70.3                         120     13  433.7         433.7
   64.5  19108  -67.9                         106     18  449.2         449.2
   64.0  19155  -68.1                         105     18  449.8         449.8
   58.2  19721  -70.3                         111     22  457.1         457.1
   55.0  20056  -70.7                         115     24  463.8         463.8
   52.0  20388  -71.0                         100     20  470.4         470.4
   51.3  20468  -71.1                         107     20  472.1         472.1
   50.0  20620  -71.3                         120     20  475.1         475.1
   49.7  20656  -71.3                         120     21  475.9         475.9
   49.1  20728  -67.7                         120     22  486.1         486.1
   49.0  20740  -67.6                         120     22  486.6         486.6
   47.0  20994  -65.3                          95     19  497.8         497.8
   45.1  21244  -63.1                          43      6  509.1         509.1
   45.0  21258  -63.1                          40      5  509.6         509.6
   43.0  21538  -62.3                         330      3  518.0         518.0
   41.3  21787  -61.7                         237      3  525.6         525.6
   41.0  21832  -61.8                         220      3  526.5         526.5
   39.0  22140  -62.4                           0      1  532.5         532.5
   38.1  22284  -62.7                         311      2  535.3         535.3
   37.0  22465  -62.0                         250      4  541.6         541.6
   35.7  22686  -61.1                         267      8  549.5         549.5
   33.4  23105  -55.5                         299     16  574.8         574.8
   33.0  23182  -55.4                         305     17  577.1         577.1
   30.0  23790  -54.5                         270     39  595.5         595.5
   29.0  24007  -55.6                         265     36  598.2         598.2
   28.2  24185  -56.5                         263     35  600.5         600.5
   24.0  25215  -55.5                         250     29  631.6         631.6
   20.8  26128  -54.7                         262     31  660.5         660.5
   20.0  26380  -54.3                         265     32  669.2         669.2
   18.0  27057  -53.1                         265     24  693.5         693.5
   17.0  27430  -50.2                         265     19  714.0         714.0
   16.0  27826  -47.2                         340     11  736.4         736.4
   15.9  27867  -46.9                         340     11  738.7         738.7
   14.0  28715  -45.1                         340     19  772.2         772.2
   13.0  29210  -44.0                         325     19  792.5         792.5
   12.9  29261  -43.9                                     794.6         794.6
</PRE><H3>Station information and sounding indices</H3><PRE>
                         Station identifier: WIII
                             Station number: 96749
                           Observation time: 161008/0000
                           Station latitude: -6.11
                          Station longitude: 106.65
                          Station elevation: 8.0
                            Showalter index: 1.40
                               Lifted index: 0.11
    LIFT computed using virtual temperature: -0.24
                                SWEAT index: 201.99
                                    K index: 33.50
                         Cross totals index: 19.40
                      Vertical totals index: 22.30
                        Totals totals index: 41.70
      Convective Available Potential Energy: 44.28
             CAPE using virtual temperature: 83.74
                      Convective Inhibition: -118.02
             CINS using virtual temperature: -86.30
                           Equilibrum Level: 382.59
 Equilibrum Level using virtual temperature: 376.96
                   Level of Free Convection: 723.07
             LFCT using virtual temperature: 774.42
                     Bulk Richardson Number: 1.24
          Bulk Richardson Number using CAPV: 2.35
  Temp [K] of the Lifted Condensation Level: 292.44
Pres [hPa] of the Lifted Condensation Level: 922.76
   Equivalent potential temp [K] of the LCL: 344.68
     Mean mixed layer potential temperature: 299.26
              Mean mixed layer mixing ratio: 15.55
              1000 hPa to 500 hPa thickness: 5766.00
Precipitable water [mm] for entire sounding: 54.16
</PRE>
<P>Description of the 
<A HREF="/upperair/columns.html">data columns</A>
or <A HREF="/upperair/indices.html">sounding indices</A>.

<P>
<FORM>
<INPUT CLASS="button" TYPE="button" VALUE=" Close this window " 
 onClick="window.close();">
<INPUT CLASS="button" TYPE="button" VALUE=" Select another map " 
 onClick="window.blur();">
</FORM>
<HR SIZE="1">
<I>Interested in graduate studies in atmospheric science?
Check out our program at the
<a href="http://www.uwyo.edu/atsc/howtoapply/"
target=_top>University of Wyoming
</a></I>
<HR SIZE="1"><FONT SIZE="-1">
Questions about the weather data provided by this site can be
addressed to <A HREF="mailto:ldoolman@uwyo.edu">
Larry Oolman (ldoolman@uwyo.edu)</A></FONT>
<HR SIZE="1">
<SCRIPT TYPE="text/javascript">
<!--
window.focus();
// -->
</SCRIPT>
</BODY>
</HTML>
