2016-02-15 12
<HTML>
<TITLE>University of Wyoming - Radiosonde Data</TITLE>
<BODY BGCOLOR="white">
<H2>96749 WIII Jakarta Observations at 00Z 15 Feb 2016</H2>
<PRE>
-----------------------------------------------------------------------------
   PRES   HGHT   TEMP   DWPT   RELH   MIXR   DRCT   SKNT   THTA   THTE   THTV
    hPa     m      C      C      %    g/kg    deg   knot     K      K      K 
-----------------------------------------------------------------------------
 1010.0      8   24.2   24.0     99  19.02      0      0  296.5  351.6  299.9
 1000.0     99   25.6   23.5     88  18.63    260      2  298.8  353.2  302.1
  991.0    179   26.6   21.8     75  16.90    260      4  300.5  350.3  303.6
  978.0    295   25.8   21.5     77  16.77    260      8  300.9  350.4  303.9
  925.0    786   22.6   20.0     85  16.19    255     14  302.4  350.5  305.3
  913.0    899   21.9   19.3     85  15.68    260     16  302.8  349.4  305.6
  850.0   1518   18.0   15.4     85  13.11    255     19  305.0  344.4  307.4
  794.0   2100   15.4   12.7     84  11.72    255     17  308.2  343.9  310.4
  766.0   2406   14.0   11.2     83  11.02    252     15  309.9  343.8  311.9
  714.0   2997   11.3    8.0     80   9.52    245     12  313.2  343.0  315.0
  700.0   3164   10.6    7.1     79   9.12    235     10  314.2  342.9  315.9
  664.0   3602    8.1    0.4     58   5.96    230     10  316.2  335.4  317.3
  662.0   3627    8.0    0.0     57   5.81    230     10  316.3  335.1  317.4
  653.0   3740    8.2   -2.8     46   4.79    232      9  317.8  333.5  318.7
  645.0   3841    7.4    3.3     75   7.58    234      8  318.0  342.4  319.4
  617.0   4202    5.2    1.5     77   6.97    240      4  319.5  342.1  320.9
  595.0   4497    3.4    0.0     79   6.49    215      8  320.8  341.9  322.0
  556.0   5048    0.0   -2.7     82   5.67    204     10  323.0  341.8  324.1
  512.0   5702   -3.8   -8.2     71   4.03    190     12  326.1  339.9  326.9
  504.0   5827   -4.5   -9.3     69   3.77    187     11  326.7  339.7  327.5
  500.0   5890   -5.1   -9.0     74   3.89    185     10  326.8  340.1  327.5
  476.0   6275   -7.5  -11.5     73   3.35    172      8  328.4  340.0  329.1
  462.0   6507   -8.5  -18.5     44   1.94    164      8  330.0  336.9  330.4
  439.0   6900  -11.2  -16.2     67   2.47    150      6  331.4  340.2  331.9
  422.0   7203  -13.4  -14.4     92   2.99    155      4  332.4  343.0  333.0
  421.0   7222  -13.5  -14.3     94   3.02    157      4  332.5  343.1  333.1
  400.0   7610  -15.1  -19.2     71   2.11    195      4  335.3  342.9  335.7
  390.0   7801  -16.0  -22.0     60   1.69    210      4  336.5  342.8  336.8
  369.0   8218  -18.1  -28.1     41   1.03    198      9  339.1  343.1  339.3
  346.0   8692  -22.1  -29.0     53   1.01    185     14  340.0  343.9  340.2
  321.0   9244  -26.7  -30.1     73   0.98    172     14  341.0  344.8  341.2
  318.0   9311  -27.3  -30.0     78   1.00    170     14  341.0  344.9  341.2
  309.0   9518  -29.3  -29.6     97   1.07    132     14  341.1  345.2  341.3
  305.0   9612  -28.9  -32.0     75   0.86    115     14  342.9  346.3  343.1
  303.0   9659  -28.7  -33.2     65   0.77    113     15  343.8  346.9  344.0
  300.0   9730  -29.5  -34.2     64   0.71    110     17  343.7  346.5  343.8
  275.0  10343  -34.1  -45.1     32   0.25    112     17  345.7  346.7  345.7
  250.0  11000  -39.3  -50.3     30   0.15    115     17  347.5  348.2  347.5
  246.0  11111  -40.1  -51.1     30   0.14    115     17  347.9  348.5  347.9
  206.0  12293  -50.4                         115     12  349.9         349.9
  200.0  12490  -52.1                         115     12  350.1         350.1
  187.0  12911  -55.5                          95     16  351.4         351.4
  150.0  14290  -66.7                         110     41  355.0         355.0
  140.0  14694  -69.9                         115     45  356.5         356.5
  114.0  15897  -79.3                         100     45  360.5         360.5
  108.0  16204  -79.5                         105     45  365.8         365.8
  102.0  16528  -79.7                         100     45  371.4         371.4
  100.0  16640  -78.5                          95     31  375.8         375.8
   97.0  16815  -78.0                          90     14  380.0         380.0
   92.0  17119  -77.2                         230      6  387.4         387.4
   91.1  17175  -77.1                         227      7  388.7         388.7
   87.0  17438  -77.7                         215     12  392.6         392.6
   83.0  17707  -78.4                         265     14  396.6         396.6
   75.0  18286  -79.8                         280     31  405.4         405.4
   70.0  18680  -80.7                         275     27  411.4         411.4
   62.1  19354  -80.3                         263     22  426.6         426.6
   60.0  19550  -76.9                         260     21  438.4         438.4
   57.0  19845  -76.7                         255     19  445.4         445.4
   55.0  20050  -76.5                         245     17  450.3         450.3
   52.2  20350  -76.3                         203      9  457.6         457.6
   52.0  20372  -76.0                         200      8  458.8         458.8
   50.0  20600  -72.9                         135     10  471.3         471.3
   49.0  20719  -71.4                         105     12  477.5         477.5
   48.5  20780  -70.7                         104     11  480.6         480.6
   44.0  21361  -69.8                          90      6  496.5         496.5
   42.0  21638  -69.3                         155     10  504.2         504.2
   40.0  21929  -68.8                         175     16  512.5         512.5
   38.0  22235  -68.3                         145     25  521.3         521.3
   37.8  22267  -68.3                         141     26  522.2         522.2
   36.0  22567  -65.2                         100     33  537.6         537.6
   32.4  23214  -58.5                          60     20  571.9         571.9
   32.0  23292  -58.2                          55     19  574.7         574.7
   30.0  23700  -56.7                           0     12  589.5         589.5
   29.0  23913  -56.9                         355     16  594.7         594.7
   24.0  25103  -57.9                         270     35  624.8         624.8
   21.0  25943  -58.6                         250     17  646.9         646.9
   20.0  26250  -58.9                         245     16  655.1         655.1
   19.0  26572  -58.6                         235      6  665.6         665.6
   18.0  26912  -58.4                         130      6  676.8         676.8
   17.7  27017  -58.3                         127      7  680.3         680.3
   15.0  28071  -55.5                         100     19  722.5         722.5
   13.0  28982  -53.1                                     761.0         761.0
</PRE><H3>Station information and sounding indices</H3><PRE>
                         Station identifier: WIII
                             Station number: 96749
                           Observation time: 160215/0000
                           Station latitude: -6.11
                          Station longitude: 106.65
                          Station elevation: 8.0
                            Showalter index: 0.04
                               Lifted index: -2.35
    LIFT computed using virtual temperature: -2.75
                                SWEAT index: 232.80
                                    K index: 35.00
                         Cross totals index: 20.50
                      Vertical totals index: 23.10
                        Totals totals index: 43.60
      Convective Available Potential Energy: 519.66
             CAPE using virtual temperature: 630.12
                      Convective Inhibition: -41.18
             CINS using virtual temperature: -31.65
                           Equilibrum Level: 199.18
 Equilibrum Level using virtual temperature: 199.14
                   Level of Free Convection: 789.61
             LFCT using virtual temperature: 858.76
                     Bulk Richardson Number: 129.12
          Bulk Richardson Number using CAPV: 156.57
  Temp [K] of the Lifted Condensation Level: 294.27
Pres [hPa] of the Lifted Condensation Level: 932.85
   Equivalent potential temp [K] of the LCL: 350.86
     Mean mixed layer potential temperature: 300.19
              Mean mixed layer mixing ratio: 17.26
              1000 hPa to 500 hPa thickness: 5791.00
Precipitable water [mm] for entire sounding: 59.73
</PRE>
<P>Description of the 
<A HREF="/upperair/columns.html">data columns</A>
or <A HREF="/upperair/indices.html">sounding indices</A>.

<P>
<FORM>
<INPUT CLASS="button" TYPE="button" VALUE=" Close this window " 
 onClick="window.close();">
<INPUT CLASS="button" TYPE="button" VALUE=" Select another map " 
 onClick="window.blur();">
</FORM>
<HR SIZE="1">
<I>Interested in graduate studies in atmospheric science?
Check out our program at the
<a href="http://www.uwyo.edu/atsc/howtoapply/"
target=_top>University of Wyoming
</a></I>
<HR SIZE="1"><FONT SIZE="-1">
Questions about the weather data provided by this site can be
addressed to <A HREF="mailto:ldoolman@uwyo.edu">
Larry Oolman (ldoolman@uwyo.edu)</A></FONT>
<HR SIZE="1">
<SCRIPT TYPE="text/javascript">
<!--
window.focus();
// -->
</SCRIPT>
</BODY>
</HTML>
