2021-11-17 00
<HTML>
<TITLE>University of Wyoming - Radiosonde Data</TITLE>
<BODY BGCOLOR="white">
<H2>96749 WIII Jakarta Observations at 00Z 17 Nov 2021</H2>
<PRE>
-----------------------------------------------------------------------------
   PRES   HGHT   TEMP   DWPT   RELH   MIXR   DRCT   SKNT   THTA   THTE   THTV
    hPa     m      C      C      %    g/kg    deg   knot     K      K      K 
-----------------------------------------------------------------------------
 1009.0      8   25.6   23.2     87  18.11    220      2  298.0  350.8  301.2
 1000.0     82   26.4   21.7     75  16.64    100      2  299.6  348.4  302.5
  985.0    215   26.4   20.4     70  15.57    100      3  300.9  346.8  303.6
  976.0    296   25.8   20.1     71  15.46    100      3  301.1  346.7  303.8
  943.0    597   23.6   19.1     76  15.04    220      6  301.8  346.4  304.5
  925.0    766   22.4   18.6     79  14.80    240      6  302.2  346.1  304.9
  911.0    899   21.4   18.2     82  14.69    255      6  302.5  346.2  305.2
  880.0   1200   19.2   17.4     89  14.44    275     11  303.2  346.3  305.9
  850.0   1501   17.0   16.6     97  14.18    265      9  303.9  346.3  306.5
  830.0   1705   15.6   15.5     99  13.52    268      9  304.5  345.1  307.0
  821.0   1798   15.3   15.0     98  13.19    270      9  305.2  344.8  307.6
  765.0   2397   13.3   11.4     88  11.21    255     10  309.2  343.6  311.3
  720.0   2912   11.6    8.4     81   9.70    272      7  312.8  343.1  314.6
  712.0   3005   10.9    8.0     82   9.52    275      6  313.0  342.7  314.8
  700.0   3148    9.8    7.3     84   9.25    290      7  313.3  342.3  315.1
  667.0   3547    7.4    4.9     84   8.21    290      9  315.0  340.9  316.5
  635.0   3952    6.8   -0.2     61   5.97    290     11  318.7  338.2  319.9
  616.0   4199    5.1   -0.5     67   6.03    290     12  319.6  339.2  320.7
  585.0   4619    2.2   -1.0     79   6.12    293     12  320.9  341.0  322.1
  572.0   4800    1.1   -2.2     79   5.71    295     12  321.7  340.5  322.8
  560.0   4970    0.0   -3.4     78   5.35    308     12  322.4  340.1  323.4
  530.0   5408   -2.0   -6.2     73   4.58    340     12  325.1  340.5  326.0
  511.0   5698   -3.4   -8.0     70   4.12    345      8  326.8  340.9  327.7
  509.0   5729   -3.5   -8.2     70   4.07    344      8  327.0  340.9  327.8
  500.0   5870   -4.3   -8.2     74   4.15    340      6  327.7  341.9  328.6
  492.0   5996   -5.1   -8.8     75   4.01    340      4  328.3  342.0  329.1
  473.0   6303   -7.1  -10.3     77   3.70    255      4  329.5  342.3  330.3
  458.0   6555   -8.7  -11.6     80   3.46    215      5  330.6  342.6  331.2
  438.0   6896  -10.6  -14.5     73   2.85    160      6  332.4  342.5  332.9
  421.0   7199  -12.3  -17.1     67   2.38    150      3  334.0  342.6  334.5
  405.0   7495  -14.0  -19.7     62   1.99    105      4  335.6  342.9  336.0
  400.0   7590  -14.5  -20.5     60   1.88    105      4  336.1  343.0  336.4
  389.0   7801  -15.7  -22.5     56   1.62    115      4  337.2  343.2  337.5
  387.0   7840  -15.9  -22.9     55   1.58    111      4  337.4  343.3  337.7
  359.0   8400  -20.5  -25.9     62   1.30     55      3  338.6  343.6  338.9
  346.0   8675  -22.7  -27.3     66   1.18    166      2  339.2  343.7  339.4
  345.0   8696  -22.8  -27.5     65   1.16    175      2  339.3  343.7  339.5
  318.0   9288  -26.8  -34.1     50   0.67    140      9  341.8  344.4  341.9
  305.0   9591  -28.8  -37.5     43   0.50    150     15  343.0  345.1  343.1
  302.0   9662  -29.3  -38.3     41   0.47    150     15  343.3  345.2  343.4
  300.0   9710  -29.5  -38.5     41   0.46    150     15  343.7  345.6  343.8
  268.0  10502  -36.2  -44.6     42   0.27    130     13  345.2  346.4  345.3
  250.0  10990  -40.3  -48.3     42   0.19    110     12  346.0  346.8  346.1
  246.0  11099  -41.5  -50.5     37   0.15    107     13  345.8  346.5  345.9
  223.0  11754  -47.5  -52.5     56   0.13     92     17  346.4  347.0  346.5
  217.0  11933  -49.1  -57.1     39   0.08     88     18  346.7  347.0  346.7
  200.0  12460  -53.7  -58.7     54   0.07     75     21  347.6  347.9  347.6
  196.0  12586  -54.8  -60.1     52   0.06     80     22  347.9  348.2  347.9
  162.0  13775  -64.7  -72.9     31   0.01     50     15  350.7  350.8  350.7
  154.0  14091  -67.3  -76.3     27   0.01     53     25  351.3  351.4  351.3
  150.0  14250  -68.5  -77.5     26   0.01     55     30  351.9  351.9  351.9
  138.0  14743  -73.1  -80.1     34   0.00     52     37  352.3  352.3  352.3
  132.0  15000  -75.0  -82.7     30   0.00     50     40  353.4  353.4  353.4
  125.0  15314  -77.3  -85.8     25   0.00     50     44  354.8  354.8  354.8
  121.0  15501  -78.7  -87.7     22   0.00     57     48  355.5  355.5  355.5
  119.0  15596  -78.9  -88.2     21   0.00     60     50  356.9  356.9  356.9
  107.0  16197  -79.9  -91.4     14   0.00     70     12  366.0  366.0  366.0
  102.0  16468  -80.3  -92.9     11   0.00    190      8  370.2  370.2  370.2
  100.0  16580  -80.5  -93.5     10   0.00    190     12  371.9  371.9  371.9
   96.0  16810  -81.3  -94.3     10   0.00    150     14  374.8  374.8  374.8
   95.0  16870  -81.5  -94.5     10   0.00    140     13  375.5  375.5  375.5
   87.0  17371  -78.7  -91.7     11   0.00     55      2  390.7  390.7  390.7
   82.0  17709  -76.8  -89.8     11   0.00    340      8  401.3  401.3  401.3
   80.8  17793  -76.3  -89.3     11   0.00    335      8  403.9  403.9  403.9
   78.3  17976  -73.3  -89.3      7   0.00    324      8  413.8  413.8  413.8
   74.0  18306  -74.7  -90.7      7   0.00    305      9  417.6  417.6  417.6
   71.7  18490  -75.5  -91.5      7   0.00    296     14  419.6  419.7  419.6
   70.0  18630  -74.7  -91.7      6   0.00    290     18  424.2  424.3  424.2
   57.0  19848  -69.2  -93.2      2   0.00    225     12  462.3  462.3  462.3
   55.0  20060  -68.3  -93.5      2   0.00    175     14  469.2  469.2  469.2
   52.2  20369  -66.9  -93.9      1   0.00    170      7  479.5  479.5  479.5
   52.0  20392  -66.8  -93.8      1   0.00    170      6  480.2  480.2  480.2
   50.0  20630  -65.9  -92.9      1   0.00     20      4  487.8  487.8  487.8
   49.0  20753  -65.9  -93.1      1   0.00     15      5  490.6  490.7  490.6
   47.0  21005  -65.8  -93.5      1   0.00     25      8  496.6  496.6  496.6
   45.0  21269  -65.8  -94.0      1   0.00    110      8  503.0  503.0  503.0
   42.0  21688  -65.7  -94.7      1   0.00    103     22  513.2  513.2  513.2
   40.5  21909  -63.5  -93.5      1   0.00     99     29  524.0  524.0  524.0
   39.0  22141  -63.8  -93.3      1   0.00     95     36  528.9  528.9  528.9
   37.7  22348  -64.1  -93.1      1   0.00     90     40  533.4  533.4  533.4
   35.0  22807  -61.1  -92.2      1   0.00     80     50  552.7  552.7  552.7
   34.0  22986  -59.9  -91.9      1   0.00     80     47  560.4  560.4  560.4
   33.0  23173  -59.5  -91.0      1   0.00     80     43  566.2  566.2  566.2
   32.0  23366  -59.1  -90.2      1   0.00     90     44  572.2  572.3  572.2
   30.0  23770  -58.3  -88.3      1   0.01     90     56  585.1  585.2  585.1
   29.0  23984  -57.9  -87.9      1   0.01     90     58  591.9  591.9  591.9
   27.0  24434  -57.1  -87.1      1   0.01     88     62  606.4  606.4  606.4
   24.0  25189  -53.3  -84.6      1   0.01     85     68  638.3  638.4  638.3
   22.6  25574  -51.3  -83.3      1   0.02     85     70  655.1  655.3  655.1
   22.5  25603  -51.3  -83.2      1   0.02     85     70  655.9  656.1  656.0
   22.0  25749  -51.1  -82.8      1   0.02     85     71  660.9  661.0  660.9
   21.8  25809  -51.0  -82.7      1   0.02     85     71  662.9  663.0  662.9
   21.0  26052  -50.6  -82.0      1   0.02     85     67  671.1  671.4  671.1
   20.0  26370  -50.1  -81.2      1   0.03     80     68  682.1  682.3  682.1
   17.3  27324  -48.2  -78.7      2   0.05     90     69  716.9  717.4  716.9
   17.0  27439  -48.0  -78.4      2   0.05     90     69  721.2  721.7  721.2
   15.6  28004  -46.9  -76.9      2   0.07     93     58  742.7  743.5  742.8
   15.0  28266  -46.4  -77.7      2   0.06     95     53  752.9  753.6  753.0
   12.0  29761  -43.2  -82.0      1   0.04     95     22  813.5  814.0  813.5
   11.0  30343  -42.0  -83.7      0   0.03     95     10  838.4  838.8  838.4
   10.9  30404  -41.9  -83.9      0   0.03                841.0  841.5  841.1
</PRE><H3>Station information and sounding indices</H3><PRE>
                         Station identifier: WIII
                             Station number: 96749
                           Observation time: 211117/0000
                           Station latitude: -6.11
                          Station longitude: 106.65
                          Station elevation: 8.0
                            Showalter index: 0.10
                               Lifted index: -0.25
    LIFT computed using virtual temperature: -0.50
                                SWEAT index: 223.19
                                    K index: 35.40
                         Cross totals index: 20.90
                      Vertical totals index: 21.30
                        Totals totals index: 42.20
      Convective Available Potential Energy: 79.60
             CAPE using virtual temperature: 128.89
                      Convective Inhibition: -39.65
             CINS using virtual temperature: -34.91
                           Equilibrum Level: 311.18
 Equilibrum Level using virtual temperature: 307.58
                   Level of Free Convection: 848.01
             LFCT using virtual temperature: 850.04
                     Bulk Richardson Number: 7.92
          Bulk Richardson Number using CAPV: 12.83
  Temp [K] of the Lifted Condensation Level: 292.57
Pres [hPa] of the Lifted Condensation Level: 910.22
   Equivalent potential temp [K] of the LCL: 347.23
     Mean mixed layer potential temperature: 300.55
              Mean mixed layer mixing ratio: 15.89
              1000 hPa to 500 hPa thickness: 5788.00
Precipitable water [mm] for entire sounding: 59.40
</PRE>
<P>Description of the 
<A HREF="/upperair/columns.html">data columns</A>
or <A HREF="/upperair/indices.html">sounding indices</A>.

<P>
<FORM>
<INPUT CLASS="button" TYPE="button" VALUE=" Close this window " 
 onClick="window.close();">
<INPUT CLASS="button" TYPE="button" VALUE=" Select another map " 
 onClick="window.blur();">
</FORM>
<HR SIZE="1">
<I>Interested in graduate studies in atmospheric science?
Check out our program at the
<a href="http://www.uwyo.edu/atsc/howtoapply/"
target=_top>University of Wyoming
</a></I>
<HR SIZE="1"><FONT SIZE="-1">
Questions about the weather data provided by this site can be
addressed to <A HREF="mailto:ldoolman@uwyo.edu">
Larry Oolman (ldoolman@uwyo.edu)</A></FONT>
<HR SIZE="1">
<SCRIPT TYPE="text/javascript">
<!--
window.focus();
// -->
</SCRIPT>
</BODY>
</HTML>
