2016-04-12 00
<HTML>
<TITLE>University of Wyoming - Radiosonde Data</TITLE>
<BODY BGCOLOR="white">
<H2>96749 WIII Jakarta Observations at 00Z 12 Apr 2016</H2>
<PRE>
-----------------------------------------------------------------------------
   PRES   HGHT   TEMP   DWPT   RELH   MIXR   DRCT   SKNT   THTA   THTE   THTV
    hPa     m      C      C      %    g/kg    deg   knot     K      K      K 
-----------------------------------------------------------------------------
 1010.0      8   26.4   24.0     87  19.02    220      6  298.7  354.3  302.1
 1000.0     91   25.6   23.5     88  18.63    230      8  298.8  353.2  302.1
  985.0    226   24.4   23.1     92  18.45    237      9  298.8  352.8  302.1
  977.0    298   25.1   22.7     87  18.15    240      9  300.2  353.6  303.5
  969.0    371   25.8   22.3     81  17.85    240      9  301.6  354.5  304.9
  944.0    603   24.1   21.7     86  17.63    240      9  302.2  354.5  305.4
  925.0    784   22.8   21.2     91  17.47    245      6  302.6  354.5  305.8
  912.0    906   22.1   20.6     91  17.06    260      6  303.1  353.9  306.2
  850.0   1512   18.6   17.6     94  15.13    260      7  305.6  351.2  308.4
  811.0   1915   16.2   15.9     98  14.21    260      8  307.2  350.3  309.8
  713.0   3001   10.2    8.9     91  10.14    260      9  312.2  343.7  314.1
  700.0   3156    9.4    7.9     90   9.64    250      6  312.9  343.0  314.7
  688.0   3297    8.6    7.2     91   9.36    220      5  313.6  342.9  315.3
  663.0   3600    7.0    5.8     92   8.77    205      4  315.0  342.8  316.7
  640.0   3888    5.4    4.4     93   8.24    140      2  316.4  342.7  318.0
  617.0   4188    3.8    2.9     94   7.72    100      6  317.9  342.6  319.4
  572.0   4807    0.4   -0.1     97   6.71     90      9  320.9  342.8  322.2
  567.0   4878    0.0   -0.4     97   6.60     88     10  321.2  342.8  322.5
  534.0   5358   -1.9   -3.3     90   5.65     72     15  324.5  343.3  325.6
  531.0   5403   -2.0   -4.4     83   5.22     70     15  324.9  342.4  326.0
  518.0   5600   -2.3   -9.3     59   3.67     74     15  326.9  339.4  327.6
  500.0   5880   -4.1  -11.1     58   3.29     80     15  328.0  339.4  328.6
  484.0   6135   -5.3  -13.3     53   2.85     81     16  329.6  339.6  330.1
  452.0   6666   -8.1  -12.4     71   3.28     85     19  332.6  344.1  333.2
  407.0   7469  -12.9  -20.9     51   1.79     89     23  336.5  343.1  336.8
  400.0   7600  -13.9  -19.9     60   1.98     90     24  336.8  344.1  337.2
  391.0   7773  -15.3  -18.8     75   2.23     90     25  337.2  345.4  337.7
  375.0   8087  -17.4  -20.8     75   1.96     90     28  338.5  345.8  338.9
  359.0   8415  -19.5  -22.8     75   1.71     87     28  339.9  346.3  340.2
  337.0   8883  -22.9  -28.9     58   1.05     83     28  341.5  345.5  341.7
  335.0   8927  -23.1  -30.1     53   0.94     82     27  341.8  345.4  342.0
  333.0   8971  -23.3  -30.3     53   0.93     82     27  342.1  345.7  342.3
  331.0   9015  -23.5  -27.9     67   1.17     82     27  342.4  346.9  342.6
  330.0   9037  -23.7  -24.7     91   1.57     81     27  342.4  348.4  342.7
  328.0   9082  -23.9  -25.3     88   1.50     81     27  342.7  348.4  343.1
  327.0   9104  -24.1  -25.2     91   1.52     81     27  342.8  348.5  343.1
  326.0   9127  -24.3  -25.4     91   1.50     81     27  342.8  348.5  343.1
  325.0   9149  -24.5  -25.8     89   1.45     80     27  342.8  348.3  343.1
  324.0   9171  -24.5  -31.5     52   0.85     80     27  343.1  346.5  343.3
  323.0   9194  -24.3  -34.3     39   0.65     80     27  343.7  346.3  343.8
  321.0   9239  -24.7  -31.7     52   0.84     80     27  343.8  347.1  343.9
  318.0   9308  -25.1  -35.1     39   0.61     79     27  344.1  346.6  344.2
  301.0   9706  -27.7  -47.7     13   0.17     75     27  345.9  346.6  345.9
  300.0   9730  -27.9  -48.9     12   0.15     75     27  345.9  346.6  346.0
  271.0  10451  -33.9  -51.9     15   0.12     78     25  347.4  347.9  347.4
  258.0  10793  -36.7  -54.7     14   0.09     79     24  348.2  348.6  348.2
  254.0  10901  -37.9  -50.9     24   0.14     80     23  348.0  348.6  348.0
  250.0  11010  -38.7  -48.7     34   0.18     80     23  348.4  349.2  348.4
  247.0  11093  -39.4  -51.2     27   0.14     80     23  348.5  349.1  348.6
  245.0  11148  -39.9  -52.9     24   0.12     80     23  348.6  349.1  348.6
  200.0  12500  -51.1                          90     22  351.7         351.7
  150.0  14300  -67.3                         110     19  354.0         354.0
  126.0  15314  -76.9                         115     21  354.6         354.6
  122.0  15501  -78.7                         112     20  354.7         354.7
  112.0  15980  -82.5                         104     16  356.4         356.4
  108.0  16182  -82.0                         100     15  361.1         361.1
  102.0  16500  -81.2                          75     17  368.6         368.6
  100.0  16610  -80.9                          55     17  371.2         371.2
   97.0  16784  -80.3                          15     15  375.6         375.6
   92.0  17086  -79.2                          25      7  383.5         383.5
   87.0  17404  -78.0                          70     11  392.0         392.0
   83.0  17673  -77.1                          80      6  399.3         399.3
   82.3  17721  -76.9                         100      6  400.6         400.6
   78.0  18029  -77.5                         225      8  405.5         405.5
   74.0  18331  -78.1                         215     11  410.4         410.4
   71.0  18569  -78.5                         250     18  414.4         414.4
   70.0  18650  -78.7                         255     19  415.7         415.7
   67.5  18857  -79.7                         252     20  417.9         417.9
   57.0  19815  -80.0                         240     22  437.9         437.9
   54.0  20122  -80.1                         190     18  444.5         444.5
   53.4  20185  -80.1                         174     17  445.9         445.9
   51.7  20368  -79.7                         129     14  451.0         451.0
   51.0  20446  -78.1                         110     13  456.5         456.5
   50.0  20560  -75.7                          80     20  464.7         464.7
   49.0  20677  -75.6                          80     26  467.6         467.6
   45.9  21054  -75.3                          81     27  477.2         477.2
   42.1  21562  -69.1                          82     29  504.4         504.4
   39.4  21957  -69.1                          84     30  514.1         514.1
   37.6  22239  -64.7                          84     31  532.2         532.2
   36.0  22505  -63.4                          85     32  542.2         542.2
   35.4  22608  -62.9                          87     31  546.1         546.1
   31.6  23303  -64.9                          99     26  558.8         558.8
   30.0  23620  -63.3                         105     23  571.5         571.5
   28.5  23937  -61.1                         116     31  586.0         586.0
   28.1  24024  -61.1                         119     33  588.4         588.4
   28.0  24047  -60.5                         120     34  590.6         590.6
   27.3  24206  -56.3                         103     30  606.7         606.7
   26.5  24396  -52.9                          84     26  621.5         621.5
   25.0  24770  -53.5                          45     18  630.2         630.2
   23.0  25306  -54.4                          60     21  642.8         642.8
   22.7  25390  -54.5                                     644.9         644.9
</PRE><H3>Station information and sounding indices</H3><PRE>
                         Station identifier: WIII
                             Station number: 96749
                           Observation time: 160412/0000
                           Station latitude: -6.11
                          Station longitude: 106.65
                          Station elevation: 8.0
                            Showalter index: -1.44
                               Lifted index: -2.32
    LIFT computed using virtual temperature: -2.89
                                SWEAT index: 240.18
                                    K index: 38.80
                         Cross totals index: 21.70
                      Vertical totals index: 22.70
                        Totals totals index: 44.40
      Convective Available Potential Energy: 830.52
             CAPE using virtual temperature: 939.34
                      Convective Inhibition: -33.81
             CINS using virtual temperature: -30.49
                           Equilibrum Level: 165.71
 Equilibrum Level using virtual temperature: 161.40
                   Level of Free Convection: 843.75
             LFCT using virtual temperature: 852.13
                     Bulk Richardson Number: 161.27
          Bulk Richardson Number using CAPV: 182.40
  Temp [K] of the Lifted Condensation Level: 295.47
Pres [hPa] of the Lifted Condensation Level: 948.31
   Equivalent potential temp [K] of the LCL: 353.67
     Mean mixed layer potential temperature: 300.00
              Mean mixed layer mixing ratio: 18.28
              1000 hPa to 500 hPa thickness: 5789.00
Precipitable water [mm] for entire sounding: 66.16
</PRE>
<P>Description of the 
<A HREF="/upperair/columns.html">data columns</A>
or <A HREF="/upperair/indices.html">sounding indices</A>.

<P>
<FORM>
<INPUT CLASS="button" TYPE="button" VALUE=" Close this window " 
 onClick="window.close();">
<INPUT CLASS="button" TYPE="button" VALUE=" Select another map " 
 onClick="window.blur();">
</FORM>
<HR SIZE="1">
<I>Interested in graduate studies in atmospheric science?
Check out our program at the
<a href="http://www.uwyo.edu/atsc/howtoapply/"
target=_top>University of Wyoming
</a></I>
<HR SIZE="1"><FONT SIZE="-1">
Questions about the weather data provided by this site can be
addressed to <A HREF="mailto:ldoolman@uwyo.edu">
Larry Oolman (ldoolman@uwyo.edu)</A></FONT>
<HR SIZE="1">
<SCRIPT TYPE="text/javascript">
<!--
window.focus();
// -->
</SCRIPT>
</BODY>
</HTML>
