2017-06-10 12
<HTML>
<TITLE>University of Wyoming - Radiosonde Data</TITLE>
<BODY BGCOLOR="white">
<H2>96749 WIII Jakarta Observations at 00Z 10 Jun 2017</H2>
<PRE>
-----------------------------------------------------------------------------
   PRES   HGHT   TEMP   DWPT   RELH   MIXR   DRCT   SKNT   THTA   THTE   THTV
    hPa     m      C      C      %    g/kg    deg   knot     K      K      K 
-----------------------------------------------------------------------------
 1010.0      8   25.2   23.5     90  18.44    200      4  297.5  351.1  300.8
 1008.0     26   26.2   23.4     85  18.36    183      4  298.7  352.4  301.9
 1000.0     97   26.4   23.4     84  18.51    115      3  299.6  353.9  302.9
  977.0    302   25.4   21.4     79  16.74    105     12  300.6  349.9  303.6
  945.0    597   24.0   18.6     72  14.47     90     12  302.0  344.9  304.6
  932.0    719   23.4   17.4     69  13.60    100     11  302.6  343.1  305.0
  925.0    785   22.8   18.3     76  14.52    105     11  302.6  345.8  305.2
  900.0   1024   20.6   17.7     83  14.37    108      9  302.7  345.5  305.3
  882.0   1200   19.9   16.8     83  13.85    110      8  303.7  345.1  306.2
  852.0   1500   18.6   15.3     81  13.00    101      7  305.4  344.6  307.8
  850.0   1520   18.6   14.4     77  12.28    100      7  305.6  342.7  307.9
  822.0   1807   17.6    9.0     57   8.83    105      8  307.4  334.5  309.1
  813.0   1901   17.2    7.2     52   7.89    109      8  308.0  332.4  309.5
  801.0   2027   16.6    5.6     48   7.17    114      7  308.7  331.0  310.1
  793.0   2113   15.6    9.6     67   9.55    118      7  308.5  337.9  310.3
  780.0   2253   14.2   10.4     78  10.25    124      7  308.5  339.9  310.4
  766.0   2405   13.7    8.1     69   8.93    130      6  309.5  337.1  311.2
  739.0   2707   12.6    3.6     54   6.75    116      6  311.5  332.8  312.8
  700.0   3160   10.8   -2.2     40   4.67     95      5  314.4  329.5  315.3
  688.0   3303   10.1   -3.1     39   4.44    100      3  315.1  329.6  316.0
  664.0   3596    8.6   -5.0     38   3.99    120      1  316.7  329.8  317.4
  640.0   3900    7.0   -7.0     36   3.57      0      4  318.2  330.1  318.9
  637.0   3939    6.8   -7.2     36   3.51    359      4  318.4  330.2  319.1
  607.0   4332    4.0  -12.0     30   2.52    353      5  319.6  328.2  320.1
  595.0   4494    2.6   -8.2     45   3.47    350      6  319.9  331.5  320.6
  593.0   4521    2.4   -7.6     48   3.66    352      6  319.9  332.2  320.6
  575.0   4769    1.6  -15.4     27   2.02      8      3  321.8  328.8  322.2
  573.0   4797    1.4  -15.5     27   2.02     10      3  322.0  329.0  322.4
  554.0   5068    0.0  -16.0     29   1.99     10      2  323.4  330.3  323.8
  552.0   5096   -0.2  -16.2     29   1.97     10      2  323.5  330.4  323.9
  532.0   5389   -1.9  -18.2     27   1.72     60      2  324.9  331.0  325.2
  500.0   5880   -4.7  -21.7     25   1.36     80      7  327.2  332.2  327.5
  456.0   6590   -9.2  -27.4     21   0.89    115     11  330.4  333.7  330.6
  422.0   7187  -12.9  -32.2     18   0.61     95     16  333.0  335.4  333.1
  400.0   7600  -15.5  -35.5     16   0.47    100     13  334.8  336.6  334.9
  396.0   7676  -15.9  -38.9     12   0.33    100     14  335.2  336.6  335.3
  356.0   8469  -21.3  -47.3      8   0.15     96     22  338.3  338.9  338.3
  351.0   8573  -22.1  -37.1     24   0.45     96     23  338.6  340.4  338.7
  345.0   8699  -22.7  -40.4     18   0.33     95     24  339.5  340.9  339.6
  334.0   8936  -23.7  -46.7     10   0.17     87     24  341.2  342.0  341.3
  318.0   9290  -26.5  -49.1     10   0.14     75     24  342.1  342.7  342.1
  300.0   9710  -29.9  -51.9     10   0.11     85     25  343.1  343.6  343.1
  251.0  10953  -40.1  -54.1     21   0.10     80     37  345.9  346.4  345.9
  250.0  10980  -40.3                          80     37  346.0         346.0
  225.0  11679  -46.0                          80     36  347.9         347.9
  200.0  12460  -52.3                          55     45  349.8         349.8
  196.0  12587  -53.4                          60     42  350.1         350.1
  155.0  14061  -66.1                          94     35  352.7         352.7
  154.0  14100  -66.3                          95     35  353.0         353.0
  150.0  14260  -67.1                          95     32  354.3         354.3
  146.0  14422  -67.1                          85     26  357.1         357.1
  139.0  14718  -67.1                          40     12  362.1         362.1
  133.0  14975  -69.0                         355      3  363.3         363.3
  126.0  15291  -71.4                         200      2  364.7         364.7
  120.0  15575  -73.5                         275      8  365.9         365.9
  108.0  16190  -78.1                         325     12  368.4         368.4
  105.0  16354  -79.3                         305     11  369.1         369.1
  102.0  16518  -79.2                         270     13  372.4         372.4
  100.0  16630  -79.1                         255     17  374.6         374.6
   97.0  16804  -79.7                         245     22  376.8         376.8
   93.0  17044  -80.5                         246     24  379.7         379.7
   83.0  17692  -79.6                         250     30  394.1         394.1
   79.0  17973  -79.2                         235     22  400.5         400.5
   77.9  18053  -79.1                         240     20  402.4         402.4
   72.6  18458  -77.5                         263     13  413.9         413.9
   71.0  18588  -75.7                         270     10  420.5         420.5
   70.0  18670  -74.5                         275     10  424.7         424.7
   65.9  19025  -68.7                         278     27  444.7         444.7
   64.0  19202  -68.3                         280     35  449.3         449.3
   55.0  20115  -66.2                         255     36  474.0         474.0
   50.0  20690  -64.9                         255     29  490.1         490.1
   48.0  20941  -64.3                         270     26  497.3         497.3
   43.0  21619  -62.7                         285     34  517.2         517.2
   36.2  22679  -60.1                         292     20  549.9         549.9
   34.0  23069  -59.9                         295     15  560.4         560.4
   32.0  23448  -59.7                         260      4  570.7         570.7
   31.0  23646  -59.6                         135     10  576.1         576.1
   30.0  23850  -59.5                         130     14  581.9         581.9
   26.4  24647  -60.9                          95     36  599.5         599.5
   25.7  24815  -58.9                          88     41  609.9         609.9
   25.0  24988  -58.7                          80     46  615.2         615.2
   24.0  25244  -58.4                          80     46  623.3         623.3
   23.6  25350  -58.3                                     626.6         626.6
</PRE><H3>Station information and sounding indices</H3><PRE>
                         Station identifier: WIII
                             Station number: 96749
                           Observation time: 170610/0000
                           Station latitude: -6.11
                          Station longitude: 106.65
                          Station elevation: 8.0
                            Showalter index: 1.12
                               Lifted index: -1.77
    LIFT computed using virtual temperature: -2.56
                                SWEAT index: 193.78
                                    K index: 24.70
                         Cross totals index: 19.10
                      Vertical totals index: 23.30
                        Totals totals index: 42.40
      Convective Available Potential Energy: 525.42
             CAPE using virtual temperature: 726.22
                      Convective Inhibition: -62.61
             CINS using virtual temperature: -31.46
                           Equilibrum Level: 202.09
 Equilibrum Level using virtual temperature: 202.07
                   Level of Free Convection: 786.34
             LFCT using virtual temperature: 816.53
                     Bulk Richardson Number: 344.56
          Bulk Richardson Number using CAPV: 476.24
  Temp [K] of the Lifted Condensation Level: 294.03
Pres [hPa] of the Lifted Condensation Level: 929.57
   Equivalent potential temp [K] of the LCL: 350.34
     Mean mixed layer potential temperature: 300.25
              Mean mixed layer mixing ratio: 17.09
              1000 hPa to 500 hPa thickness: 5783.00
Precipitable water [mm] for entire sounding: 44.12
</PRE>
<P>Description of the 
<A HREF="/upperair/columns.html">data columns</A>
or <A HREF="/upperair/indices.html">sounding indices</A>.

<P>
<FORM>
<INPUT CLASS="button" TYPE="button" VALUE=" Close this window " 
 onClick="window.close();">
<INPUT CLASS="button" TYPE="button" VALUE=" Select another map " 
 onClick="window.blur();">
</FORM>
<HR SIZE="1">
<I>Interested in graduate studies in atmospheric science?
Check out our program at the
<a href="http://www.uwyo.edu/atsc/howtoapply/"
target=_top>University of Wyoming
</a></I>
<HR SIZE="1"><FONT SIZE="-1">
Questions about the weather data provided by this site can be
addressed to <A HREF="mailto:ldoolman@uwyo.edu">
Larry Oolman (ldoolman@uwyo.edu)</A></FONT>
<HR SIZE="1">
<SCRIPT TYPE="text/javascript">
<!--
window.focus();
// -->
</SCRIPT>
</BODY>
</HTML>
