2018-10-26 12
<HTML>
<TITLE>University of Wyoming - Radiosonde Data</TITLE>
<BODY BGCOLOR="white">
<H2>96749 WIII Jakarta Observations at 00Z 26 Oct 2018</H2>
<PRE>
-----------------------------------------------------------------------------
   PRES   HGHT   TEMP   DWPT   RELH   MIXR   DRCT   SKNT   THTA   THTE   THTV
    hPa     m      C      C      %    g/kg    deg   knot     K      K      K 
-----------------------------------------------------------------------------
 1013.0      8   25.8   22.6     83  17.38    180      2  297.9  348.5  300.9
 1000.0    119   25.8   20.9     74  15.83    160      7  298.9  345.3  301.8
  995.0    164   26.4   20.4     70  15.41    159      7  300.0  345.3  302.8
  980.0    297   25.6   19.8     70  15.07    155      7  300.4  344.8  303.2
  947.0    600   23.7   18.4     72  14.30     95      3  301.5  343.8  304.1
  925.0    807   22.4   17.5     74  13.79     90      5  302.2  343.2  304.7
  850.0   1539   17.0   13.8     81  11.80     90      9  303.9  339.3  306.1
  824.0   1804   14.8   12.9     88  11.46     85      8  304.4  338.8  306.4
  819.0   1856   14.4   12.7     90  11.39     80      9  304.4  338.7  306.5
  795.0   2106   13.4   10.4     82  10.04     55     11  306.0  336.5  307.8
  741.0   2698   11.1    4.9     65   7.37     55     15  309.7  332.6  311.1
  729.0   2835   10.6    3.6     62   6.84     62     14  310.6  332.0  311.9
  709.0   3067   10.0   -6.0     32   3.46     74     13  312.4  323.7  313.0
  702.0   3149    9.6   -6.4     32   3.39     79     12  312.8  323.9  313.5
  700.0   3173    9.4   -5.6     34   3.62     80     12  312.9  324.6  313.6
  697.0   3209    8.8   -1.2     49   5.05     83     12  312.6  328.8  313.5
  690.0   3292    8.4    0.4     57   5.74     89     13  313.0  331.3  314.1
  689.0   3304    8.4    0.4     57   5.75     90     13  313.2  331.5  314.3
  686.0   3340    8.4    0.4     57   5.78     89     13  313.6  332.0  314.6
  685.0   3352    8.6   -3.4     43   4.37     89     13  313.9  328.1  314.7
  684.0   3364    8.6   -0.4     53   5.46     89     13  314.0  331.6  315.1
  681.0   3401    8.2    2.2     66   6.63     88     13  314.0  335.1  315.2
  662.0   3634    7.4   -3.6     46   4.45     84     12  315.6  330.1  316.5
  658.0   3684    7.6  -14.4     19   1.91     84     11  316.4  323.0  316.8
  650.0   3784    7.0  -20.0     13   1.21     82     11  316.8  321.1  317.1
  646.0   3835    7.0  -21.0     12   1.12     81     11  317.4  321.4  317.6
  639.0   3924    6.2   -6.8     39   3.61     80     10  317.5  329.5  318.2
  637.0   3950    6.6  -20.4     12   1.19     79     10  318.2  322.4  318.4
  618.0   4196    5.0  -17.1     18   1.63     75      9  319.1  324.8  319.4
  581.0   4698    1.6  -10.4     41   3.00     46      7  320.9  331.0  321.4
  574.0   4795    0.9   -9.3     46   3.30     40      7  321.1  332.3  321.8
  573.0   4809    0.8   -9.2     47   3.34     41      7  321.2  332.5  321.9
  563.0   4950    0.0  -14.0     34   2.31     48      9  321.9  329.9  322.3
  512.0   5702   -4.6  -19.4     30   1.62     90     18  325.2  331.0  325.5
  500.0   5890   -5.7  -20.7     30   1.48     90     19  326.0  331.3  326.3
  474.0   6307   -8.1  -20.9     35   1.54     90     16  328.0  333.6  328.3
  466.0   6441   -8.9  -20.9     37   1.56     97     16  328.7  334.3  329.0
  459.0   6558   -9.3  -29.3     18   0.74    102     16  329.6  332.4  329.7
  456.0   6609   -9.7  -29.0     19   0.77    105     16  329.8  332.7  329.9
  438.0   6919  -11.9  -26.9     28   0.97     92     13  330.7  334.4  330.9
  433.0   7008  -12.5  -23.5     39   1.34     88     12  331.1  336.0  331.3
  422.0   7203  -13.9  -22.6     48   1.49     80     10  331.7  337.1  332.0
  406.0   7497  -16.1  -21.1     65   1.75    120      6  332.6  339.0  332.9
  400.0   7610  -16.9  -20.6     73   1.87    140      6  332.9  339.7  333.3
  397.0   7667  -17.3  -20.7     75   1.86    136      7  333.1  339.9  333.5
  390.0   7800  -18.1  -23.5     63   1.49    125      8  333.8  339.3  334.1
  381.0   7974  -19.1  -27.1     49   1.10    107     11  334.7  338.8  334.9
  378.0   8033  -18.5  -34.5     23   0.55    101     12  336.2  338.4  336.4
  375.0   8092  -18.8  -35.9     21   0.48     95     13  336.6  338.5  336.7
  360.0   8396  -20.3  -43.3     11   0.23    113     11  338.6  339.5  338.6
  346.0   8689  -22.3  -36.3     27   0.50    131      9  339.7  341.7  339.8
  332.0   8988  -24.8  -37.9     29   0.44    150      7  340.3  342.1  340.4
  303.0   9649  -30.3  -41.3     33   0.34    150     10  341.6  343.0  341.6
  300.0   9720  -30.9  -42.9     30   0.29    150     10  341.7  342.9  341.8
  289.0   9985  -32.9  -49.9     17   0.14    142      8  342.5  343.1  342.6
  280.0  10205  -34.9  -50.1     20   0.14    135      6  342.8  343.4  342.8
  260.0  10721  -39.5  -50.5     30   0.14     96      8  343.3  344.0  343.4
  255.0  10855  -40.1  -54.1     21   0.10     85      8  344.4  344.8  344.4
  250.0  10990  -41.1                          75      9  344.8         344.8
  246.0  11096  -42.0                          70     10  345.1         345.1
  235.0  11398  -44.6                          35     12  345.7         345.7
  200.0  12460  -53.7                          20     23  347.6         347.6
  178.0  13185  -59.3                          25     20  350.2         350.2
  162.0  13771  -63.8                          30     17  352.1         352.1
  154.0  14086  -66.2                           5     11  353.1         353.1
  150.0  14250  -67.5                          15      6  353.6         353.6
  146.0  14410  -68.9                          80      2  353.9         353.9
  139.0  14700  -71.4                         170      3  354.5         354.5
  132.0  15005  -74.1                         220      4  355.0         355.0
  128.0  15186  -75.7                         202      4  355.2         355.2
  119.0  15604  -79.3                         160      4  356.1         356.1
  113.0  15898  -78.9                         180      8  362.2         362.2
  110.0  16051  -78.7                         202     13  365.3         365.3
  107.0  16208  -79.6                         225     18  366.6         366.6
  100.0  16590  -81.7                         215     20  369.6         369.6
   96.0  16819  -82.6                         190     14  372.3         372.3
   92.7  17015  -83.3                         150     13  374.6         374.6
   91.0  17119  -81.5                         130     12  380.1         380.1
   87.3  17354  -77.5                          42     16  392.7         392.7
   87.0  17374  -77.6                          35     16  392.9         392.9
   74.0  18295  -81.0                           5     17  404.2         404.2
   72.4  18419  -81.5                          15     10  405.8         405.8
   70.0  18610  -78.9                         125      7  415.3         415.3
   64.1  19115  -74.7                         108     22  435.1         435.1
   60.0  19497  -74.8                          95     33  443.0         443.0
   58.6  19634  -74.9                         102     34  445.9         445.9
   57.0  19795  -74.0                         110     35  451.4         451.4
   54.6  20046  -72.7                         105     43  460.1         460.1
   52.1  20323  -67.9                         100     51  477.4         477.4
   50.0  20570  -67.5                          95     59  484.0         484.0
   49.0  20691  -67.7                          95     58  486.5         486.5
   46.1  21058  -68.1                          94     55  493.9         493.9
   44.6  21257  -67.7                          93     54  499.6         499.6
   41.6  21682  -60.9                          92     51  526.5         526.5
   38.0  22255  -55.8                          90     47  553.4         553.4
   36.4  22527  -53.3                          82     27  566.5         566.5
   35.0  22779  -53.5                          75      9  572.4         572.4
   33.0  23157  -53.8                         240      9  581.2         581.2
   31.5  23455  -54.1                         206     13  588.3         588.3
   30.1  23748  -51.9                         172     18  602.0         602.0
   30.0  23770  -51.3                         170     18  604.2         604.2
   29.0  23988  -52.3                         155     13  607.3         607.3
   28.0  24214  -53.3                         175      7  610.5         610.5
   27.1  24424  -54.3                         199      8  613.6         613.6
   26.0  24693  -53.6                         230      9  622.9         622.9
   25.0  24946  -52.9                         230     14  631.8         631.8
   24.0  25210  -52.2                         165     10  641.3         641.3
   21.0  26074  -49.9                         255     22  673.1         673.1
   20.0  26390  -49.1                         265     27  685.1         685.1
   19.0  26728  -47.8                         260     25  699.3         699.3
   18.5  26904  -47.1                         248     24  706.8         706.8
   18.0  27085  -47.1                         235     22  712.3         712.3
   17.0  27463  -47.2                         240     20  723.9         723.9
   15.0  28291  -47.3                         285     31  749.8         749.8
   14.7  28424  -47.3                                     754.1         754.1
</PRE><H3>Station information and sounding indices</H3><PRE>
                         Station identifier: WIII
                             Station number: 96749
                           Observation time: 181026/0000
                           Station latitude: -6.11
                          Station longitude: 106.65
                          Station elevation: 8.0
                            Showalter index: 1.47
                               Lifted index: -0.86
    LIFT computed using virtual temperature: -1.50
                                SWEAT index: 202.59
                                    K index: 21.50
                         Cross totals index: 19.50
                      Vertical totals index: 22.70
                        Totals totals index: 42.20
      Convective Available Potential Energy: 117.60
             CAPE using virtual temperature: 236.27
                      Convective Inhibition: -59.13
             CINS using virtual temperature: -47.25
                           Equilibrum Level: 374.49
 Equilibrum Level using virtual temperature: 367.91
                   Level of Free Convection: 835.29
             LFCT using virtual temperature: 844.98
                     Bulk Richardson Number: 10.24
          Bulk Richardson Number using CAPV: 20.58
  Temp [K] of the Lifted Condensation Level: 292.11
Pres [hPa] of the Lifted Condensation Level: 911.34
   Equivalent potential temp [K] of the LCL: 345.13
     Mean mixed layer potential temperature: 299.97
              Mean mixed layer mixing ratio: 15.41
              1000 hPa to 500 hPa thickness: 5771.00
Precipitable water [mm] for entire sounding: 44.16
</PRE>
<P>Description of the 
<A HREF="/upperair/columns.html">data columns</A>
or <A HREF="/upperair/indices.html">sounding indices</A>.

<P>
<FORM>
<INPUT CLASS="button" TYPE="button" VALUE=" Close this window " 
 onClick="window.close();">
<INPUT CLASS="button" TYPE="button" VALUE=" Select another map " 
 onClick="window.blur();">
</FORM>
<HR SIZE="1">
<I>Interested in graduate studies in atmospheric science?
Check out our program at the
<a href="http://www.uwyo.edu/atsc/howtoapply/"
target=_top>University of Wyoming
</a></I>
<HR SIZE="1"><FONT SIZE="-1">
Questions about the weather data provided by this site can be
addressed to <A HREF="mailto:ldoolman@uwyo.edu">
Larry Oolman (ldoolman@uwyo.edu)</A></FONT>
<HR SIZE="1">
<SCRIPT TYPE="text/javascript">
<!--
window.focus();
// -->
</SCRIPT>
</BODY>
</HTML>
