2019-08-05 12
<HTML>
<TITLE>University of Wyoming - Radiosonde Data</TITLE>
<BODY BGCOLOR="white">
<H2>96749 WIII Jakarta Observations at 00Z 05 Aug 2019</H2>
<PRE>
-----------------------------------------------------------------------------
   PRES   HGHT   TEMP   DWPT   RELH   MIXR   DRCT   SKNT   THTA   THTE   THTV
    hPa     m      C      C      %    g/kg    deg   knot     K      K      K 
-----------------------------------------------------------------------------
 1011.0      8   23.4   13.4     53   9.64    175      6  295.6  323.7  297.3
 1000.0    105   23.2   13.2     53   9.62    185     11  296.4  324.4  298.1
  997.0    131   23.2   12.2     50   9.03    192     10  296.6  323.1  298.2
  987.0    220   24.6   13.6     50  10.01    214      7  298.9  328.4  300.7
  978.0    300   24.1   14.9     57  11.04    235      4  299.1  331.6  301.1
  958.0    481   22.8   18.0     74  13.75    307      3  299.6  340.0  302.1
  945.0    600   22.2   16.5     70  12.67    355      3  300.1  337.5  302.4
  925.0    787   21.2   14.2     64  11.12     25      1  301.0  334.0  303.0
  913.0    899   20.4   13.4     64  10.69     95      3  301.3  333.1  303.2
  881.0   1204   18.0   13.9     77  11.49    185      3  301.9  336.0  303.9
  866.0   1351   16.8   14.2     85  11.89    217      3  302.1  337.5  304.3
  851.0   1499   16.2   11.7     74  10.23    250      2  303.0  333.7  304.9
  850.0   1509   16.2   11.5     74  10.12    250      2  303.1  333.5  304.9
  825.0   1763   14.2   10.0     76   9.43    263      5  303.6  332.0  305.3
  821.0   1804   14.0    9.3     73   9.04    265      5  303.8  331.1  305.5
  793.0   2097   12.9    4.3     56   6.63    185      4  305.7  326.1  306.9
  790.0   2129   12.8    3.8     54   6.40    188      4  305.9  325.6  307.1
  788.0   2151   12.8    4.8     58   6.89    190      4  306.1  327.3  307.4
  784.0   2193   13.4   -2.6     33   4.05    194      4  307.2  320.0  307.9
  767.0   2378   13.8  -13.2     14   1.81    211      5  309.5  315.6  309.9
  741.0   2668   12.4   -9.6     21   2.50    237      7  311.1  319.4  311.6
  738.0   2702   12.5  -10.4     19   2.36    240      7  311.5  319.3  311.9
  710.0   3027   13.0  -18.0     10   1.31    222      6  315.6  320.1  315.8
  700.0   3146   12.4  -11.6     18   2.26    215      5  316.2  323.8  316.6
  687.0   3300   11.2  -11.7     19   2.28    210      8  316.5  324.2  316.9
  639.0   3893    6.4  -12.2     25   2.35    225      8  317.7  325.7  318.1
  593.0   4505    1.4  -12.8     34   2.43    290     12  318.8  327.1  319.3
  591.0   4533    1.2  -12.8     34   2.43    290     12  318.8  327.1  319.3
  559.0   4979    0.0  -21.0     19   1.29    295     15  322.5  327.1  322.8
  530.0   5400   -3.0  -24.0     18   1.04    300     17  323.9  327.7  324.1
  510.0   5704   -5.2  -26.2     17   0.89    320      5  324.8  328.1  325.0
  500.0   5860   -6.3  -27.3     17   0.82     55      4  325.3  328.3  325.5
  491.0   6001   -7.5  -27.0     19   0.86     75      8  325.5  328.7  325.7
  476.0   6241   -9.5  -26.5     24   0.93     86     11  325.9  329.4  326.1
  437.0   6896  -11.6  -40.4      7   0.26    115     20  331.4  332.4  331.4
  421.0   7182  -12.5  -46.5      4   0.14    103     28  333.7  334.3  333.8
  404.0   7495  -14.4  -46.8      5   0.14     90     36  335.2  335.8  335.2
  400.0   7570  -14.9  -46.9      5   0.14     90     38  335.5  336.1  335.6
  363.0   8298  -19.5  -51.5      4   0.09     96     37  338.8  339.2  338.8
  344.0   8687  -22.9  -50.9      6   0.10    100     37  339.5  339.9  339.5
  300.0   9680  -31.5  -49.5     15   0.14     90     37  340.9  341.5  340.9
  276.0  10263  -36.7  -49.7     25   0.15     79     42  341.6  342.2  341.6
  257.0  10752  -39.9  -51.9     27   0.12     69     47  343.9  344.4  343.9
  250.0  10940  -41.7                          65     49  343.9         343.9
  244.0  11101  -42.9                          60     47  344.5         344.5
  200.0  12420  -52.9                          50     61  348.8         348.8
  169.0  13474  -60.6                          55     71  353.2         353.2
  150.0  14220  -66.1                          75     62  356.0         356.0
  131.0  15025  -73.5                          87     53  356.8         356.8
  119.0  15580  -77.4                          95     47  359.7         359.7
  118.0  15629  -77.7                          93     45  359.9         359.9
  112.0  15927  -77.9                          78     33  365.0         365.0
  107.0  16190  -76.5                          65     22  372.5         372.5
  101.0  16523  -74.6                          70      5  382.2         382.2
  100.0  16580  -74.3                          65      4  383.9         383.9
   96.0  16816  -75.1                         220      2  386.9         386.9
   91.0  17125  -76.1                         175      9  390.9         390.9
   90.0  17189  -76.3                         187      8  391.7         391.7
   87.0  17384  -76.0                         225      4  396.1         396.1
   83.7  17607  -75.7                         277      9  401.1         401.1
   82.0  17726  -73.7                         305     11  407.6         407.6
   80.9  17805  -72.3                         286     12  412.0         412.0
   78.0  18018  -73.2                         235     13  414.5         414.5
   74.5  18286  -74.3                         218      9  417.6         417.6
   74.0  18325  -74.0                         215      8  419.1         419.1
   71.0  18567  -72.1                         310     11  428.0         428.0
   70.0  18650  -71.5                         310     13  431.1         431.1
   64.0  19185  -67.7                         265     20  450.7         450.7
   62.9  19288  -66.9                         267     21  454.6         454.6
   55.0  20096  -67.6                         285     27  470.8         470.8
   50.0  20670  -68.1                         280     25  482.6         482.6
   49.9  20682  -68.1                         280     25  482.9         482.9
   41.0  21877  -63.2                         265     40  523.0         523.0
   37.4  22436  -60.9                         283     41  542.8         542.8
   37.0  22502  -60.7                         285     41  544.9         544.9
   32.0  23407  -58.5                         255     39  574.0         574.0
   31.3  23544  -58.1                         255     37  578.6         578.6
   30.0  23810  -58.3                         255     34  585.1         585.1
   27.4  24377  -60.1                         246     30  595.4         595.4
   26.0  24704  -60.1                         240     27  604.4         604.4
   25.0  24948  -60.1                         210     16  611.2         611.2
   24.9  24973  -60.1                         204     16  611.9         611.9
   23.3  25390  -56.5                         113      9  634.2         634.2
   23.0  25472  -56.4                          95      8  636.9         636.9
   22.0  25755  -56.0                         115      8  646.3         646.3
   21.0  26050  -55.5                          60      8  656.2         656.2
   20.0  26360  -55.1                         350      4  666.8         666.8
   19.1  26653  -56.7                          23      8  670.6         670.6
   18.1  26994  -56.7                          61     13  681.0         681.0
   17.0  27395  -51.9                         105     18  708.7         708.7
   15.1  28167  -49.7                          67     40  740.4         740.4
   15.0                                        65     41                     
</PRE><H3>Station information and sounding indices</H3><PRE>
                         Station identifier: WIII
                             Station number: 96749
                           Observation time: 190805/0000
                           Station latitude: -6.11
                          Station longitude: 106.65
                          Station elevation: 8.0
                            Showalter index: 3.42
                               Lifted index: 5.06
    LIFT computed using virtual temperature: 4.68
                                SWEAT index: 146.00
                                    K index: 10.00
                         Cross totals index: 17.80
                      Vertical totals index: 22.50
                        Totals totals index: 40.30
      Convective Available Potential Energy: 0.00
             CAPE using virtual temperature: 0.00
                      Convective Inhibition: 0.00
             CINS using virtual temperature: 0.00
                     Bulk Richardson Number: 0.00
          Bulk Richardson Number using CAPV: 0.00
  Temp [K] of the Lifted Condensation Level: 285.86
Pres [hPa] of the Lifted Condensation Level: 862.64
   Equivalent potential temp [K] of the LCL: 329.87
     Mean mixed layer potential temperature: 298.20
              Mean mixed layer mixing ratio: 10.94
              1000 hPa to 500 hPa thickness: 5755.00
Precipitable water [mm] for entire sounding: 30.59
</PRE>
<P>Description of the 
<A HREF="/upperair/columns.html">data columns</A>
or <A HREF="/upperair/indices.html">sounding indices</A>.

<P>
<FORM>
<INPUT CLASS="button" TYPE="button" VALUE=" Close this window " 
 onClick="window.close();">
<INPUT CLASS="button" TYPE="button" VALUE=" Select another map " 
 onClick="window.blur();">
</FORM>
<HR SIZE="1">
<I>Interested in graduate studies in atmospheric science?
Check out our program at the
<a href="http://www.uwyo.edu/atsc/howtoapply/"
target=_top>University of Wyoming
</a></I>
<HR SIZE="1"><FONT SIZE="-1">
Questions about the weather data provided by this site can be
addressed to <A HREF="mailto:ldoolman@uwyo.edu">
Larry Oolman (ldoolman@uwyo.edu)</A></FONT>
<HR SIZE="1">
<SCRIPT TYPE="text/javascript">
<!--
window.focus();
// -->
</SCRIPT>
</BODY>
</HTML>
