2017-04-04 12
<HTML>
<TITLE>University of Wyoming - Radiosonde Data</TITLE>
<BODY BGCOLOR="white">
<H2>96749 WIII Jakarta Observations at 00Z 04 Apr 2017</H2>
<PRE>
-----------------------------------------------------------------------------
   PRES   HGHT   TEMP   DWPT   RELH   MIXR   DRCT   SKNT   THTA   THTE   THTV
    hPa     m      C      C      %    g/kg    deg   knot     K      K      K 
-----------------------------------------------------------------------------
 1009.0      8   25.2   24.0     93  19.04    200      6  297.6  353.0  301.0
 1000.0     90   24.4   22.7     90  17.72    225     12  297.6  349.1  300.7
  987.0    205   23.8   22.1     90  17.30    237     10  298.1  348.5  301.1
  964.0    411   24.4   20.4     78  15.92    260      6  300.7  347.6  303.6
  944.0    594   23.8   18.8     74  14.66    280      3  301.9  345.3  304.5
  925.0    772   23.2   17.2     69  13.53    325      1  303.0  343.4  305.5
  912.0    895   22.4   16.6     70  13.24     10      2  303.5  343.0  305.9
  881.0   1196   20.6   15.3     72  12.56    355      4  304.5  342.2  306.8
  851.0   1497   18.7   13.9     74  11.90     10      1  305.6  341.5  307.8
  850.0   1507   18.6   13.9     74  11.88    355      1  305.6  341.5  307.8
  849.0   1517   18.4   13.7     74  11.74    359      1  305.5  340.9  307.7
  827.0   1742   18.4   11.4     64  10.34     86      3  307.8  339.4  309.7
  821.0   1803   18.0   11.1     64  10.20    110      3  308.1  339.3  310.0
  766.0   2387   14.6    8.1     65   8.92    170      8  310.6  338.2  312.2
  700.0   3146   10.2    4.2     66   7.44    200      7  313.8  337.3  315.2
  687.0   3299    9.2    3.7     68   7.30    190      8  314.3  337.4  315.7
  616.0   4191    3.2    0.6     83   6.51    180      4  317.4  338.4  318.6
  594.0   4489    1.2   -0.5     89   6.26    125      3  318.4  338.7  319.6
  581.0   4670    0.0   -1.1     92   6.12     28      2  319.0  338.9  320.2
  572.0   4794   -0.7   -1.9     92   5.87    320      2  319.6  338.7  320.7
  551.0   5093   -2.5   -3.7     92   5.33    305      6  320.9  338.5  322.0
  546.0   5165   -2.9   -4.1     91   5.20    312      6  321.3  338.4  322.3
  544.0   5195   -2.9   -5.2     84   4.80    315      6  321.6  337.5  322.5
  539.0   5268   -2.9   -6.2     78   4.49    322      6  322.4  337.4  323.3
  530.0   5401   -3.6   -7.0     77   4.28    335      6  323.1  337.5  323.9
  520.0   5552   -4.5   -8.0     77   4.05    350      6  323.8  337.5  324.6
  518.0   5582   -4.7   -7.5     81   4.22    353      5  323.9  338.2  324.8
  510.0   5704   -5.1   -8.2     79   4.05      5      5  324.9  338.6  325.7
  500.0   5860   -5.7   -9.2     76   3.83     15      4  326.0  339.1  326.8
  473.0   6293   -8.6  -11.5     79   3.38     70      2  327.7  339.4  328.4
  468.0   6376   -9.1  -11.9     80   3.30     63      3  328.0  339.4  328.7
  458.0   6543   -9.9  -12.1     84   3.32     49      4  329.1  340.6  329.7
  455.0   6594  -10.2  -13.1     79   3.08     45      5  329.3  340.1  329.9
  449.0   6697  -10.7  -15.1     70   2.65     61      6  329.9  339.3  330.4
  437.0   6904  -11.7  -15.4     74   2.66     95      7  331.3  340.7  331.8
  422.0   7172  -12.9  -15.7     80   2.68     89      8  333.0  342.6  333.5
  400.0   7580  -14.5  -19.5     66   2.05     80      9  336.1  343.6  336.5
  388.0   7810  -15.3  -22.3     55   1.66     77      9  337.9  344.1  338.3
  344.0   8708  -21.5  -29.5     48   0.97     64     10  341.4  345.1  341.6
  331.0   8988  -23.9  -31.0     52   0.88     60     10  341.9  345.3  342.1
  300.0   9700  -29.9  -34.7     63   0.67     65     13  343.1  345.8  343.3
  293.0   9868  -31.5  -35.3     69   0.65     74     14  343.2  345.8  343.3
  292.0   9891  -31.7  -35.6     68   0.63     75     14  343.2  345.8  343.4
  279.0  10208  -34.1  -40.2     54   0.42     85     19  344.2  345.9  344.3
  256.0  10805  -38.8  -48.7     34   0.18     85     24  345.9  346.6  345.9
  250.0  10970  -40.1  -51.1     30   0.14     90     22  346.3  346.9  346.3
  205.0  12286  -51.8                         140     13  348.1         348.1
  200.0  12450  -53.3                         140     15  348.2         348.2
  153.0  14107  -68.6                          90     36  349.8         349.8
  150.0  14230  -69.7                          90     39  349.8         349.8
  127.0  15200  -76.9                          80     50  353.9         353.9
  125.0  15291  -76.4                          80     48  356.4         356.4
  121.0  15478  -75.3                          69     37  361.7         361.7
  113.0  15870  -76.2                          45     15  367.1         367.1
  107.0  16182  -77.0                         315     12  371.5         371.5
  100.0  16570  -77.9                         305     18  377.0         377.0
   96.0  16805  -77.4                         305     13  382.4         382.4
   91.0  17112  -76.7                         235      6  389.6         389.6
   87.0  17371  -76.2                         205     15  395.7         395.7
   86.5  17404  -76.1                         205     15  396.5         396.5
   82.0  17710  -77.6                         210     13  399.5         399.5
   79.0  17924  -78.7                         195     10  401.6         401.6
   78.0  17998  -78.3                         190      9  403.8         403.8
   74.0  18300  -76.8                         200      5  413.2         413.2
   70.4  18587  -75.3                         146      6  422.3         422.3
   70.0  18620  -75.1                         140      6  423.4         423.4
   69.0  18704  -72.1                         150      6  431.6         431.6
   67.0  18877  -72.3                         170      5  434.8         434.8
   64.5  19100  -72.5                         253      9  439.1         439.1
   63.0  19240  -70.0                         305     12  447.5         447.5
   62.2  19316  -68.7                         300     17  452.1         452.1
   60.0  19528  -70.0                         285     31  453.7         453.7
   53.3  20226  -74.5                         255     13  459.1         459.1
   52.0  20371  -73.5                         225      7  464.7         464.7
   50.0  20600  -71.9                         180      5  473.6         473.6
   49.0  20719  -71.1                         170      4  478.2         478.2
   48.2  20817  -70.5                         119      4  482.0         482.0
   47.0  20970  -67.9                          40      4  491.8         491.8
   45.0  21234  -63.3                         330      7  508.9         508.9
   43.8  21399  -60.5                         320     10  519.8         519.8
   42.0  21659  -60.6                         305     14  525.7         525.7
   39.0  22120  -60.9                         325     21  536.4         536.4
   37.0  22447  -61.0                         290     20  544.1         544.1
   35.9  22635  -61.1                                     548.6         548.6
</PRE><H3>Station information and sounding indices</H3><PRE>
                         Station identifier: WIII
                             Station number: 96749
                           Observation time: 170404/0000
                           Station latitude: -6.11
                          Station longitude: 106.65
                          Station elevation: 8.0
                            Showalter index: 0.59
                               Lifted index: -2.06
    LIFT computed using virtual temperature: -2.40
                                SWEAT index: 172.78
                                    K index: 32.20
                         Cross totals index: 19.60
                      Vertical totals index: 24.30
                        Totals totals index: 43.90
      Convective Available Potential Energy: 344.15
             CAPE using virtual temperature: 411.88
                      Convective Inhibition: -144.73
             CINS using virtual temperature: -95.69
                           Equilibrum Level: 234.66
 Equilibrum Level using virtual temperature: 232.47
                   Level of Free Convection: 692.73
             LFCT using virtual temperature: 729.64
                     Bulk Richardson Number: 64.59
          Bulk Richardson Number using CAPV: 77.30
  Temp [K] of the Lifted Condensation Level: 294.13
Pres [hPa] of the Lifted Condensation Level: 944.10
   Equivalent potential temp [K] of the LCL: 348.37
     Mean mixed layer potential temperature: 299.03
              Mean mixed layer mixing ratio: 16.91
              1000 hPa to 500 hPa thickness: 5770.00
Precipitable water [mm] for entire sounding: 54.23
</PRE>
<P>Description of the 
<A HREF="/upperair/columns.html">data columns</A>
or <A HREF="/upperair/indices.html">sounding indices</A>.

<P>
<FORM>
<INPUT CLASS="button" TYPE="button" VALUE=" Close this window " 
 onClick="window.close();">
<INPUT CLASS="button" TYPE="button" VALUE=" Select another map " 
 onClick="window.blur();">
</FORM>
<HR SIZE="1">
<I>Interested in graduate studies in atmospheric science?
Check out our program at the
<a href="http://www.uwyo.edu/atsc/howtoapply/"
target=_top>University of Wyoming
</a></I>
<HR SIZE="1"><FONT SIZE="-1">
Questions about the weather data provided by this site can be
addressed to <A HREF="mailto:ldoolman@uwyo.edu">
Larry Oolman (ldoolman@uwyo.edu)</A></FONT>
<HR SIZE="1">
<SCRIPT TYPE="text/javascript">
<!--
window.focus();
// -->
</SCRIPT>
</BODY>
</HTML>
