2017-07-17 12
<HTML>
<TITLE>University of Wyoming - Radiosonde Data</TITLE>
<BODY BGCOLOR="white">
<H2>96749 WIII Jakarta Observations at 00Z 17 Jul 2017</H2>
<PRE>
-----------------------------------------------------------------------------
   PRES   HGHT   TEMP   DWPT   RELH   MIXR   DRCT   SKNT   THTA   THTE   THTV
    hPa     m      C      C      %    g/kg    deg   knot     K      K      K 
-----------------------------------------------------------------------------
 1009.0      8   24.0   19.5     76  14.35    130      3  296.4  337.9  298.9
 1000.0     86   24.2   16.2     61  11.71    170      9  297.4  331.5  299.4
  998.0    104   24.2   16.2     61  11.74    173      9  297.5  331.8  299.6
  994.0    139   25.0   17.0     61  12.41    179      8  298.7  335.1  300.9
  976.0    300   23.7   19.3     76  14.69    205      4  299.0  342.0  301.6
  974.0    319   23.6   19.6     78  14.97    212      4  299.0  342.8  301.7
  943.0    602   21.7   18.6     83  14.54    320      2  299.8  342.5  302.4
  939.0    640   21.4   18.5     84  14.49    314      2  299.9  342.5  302.5
  925.0    771   21.2   15.2     69  11.88    295      2  301.0  336.2  303.1
  911.0    903   20.4   13.6     65  10.82    180      2  301.4  333.6  303.4
  908.0    931   20.2   13.2     64  10.61    176      2  301.6  333.1  303.5
  880.0   1200   18.1   13.6     75  11.23    140      4  302.1  335.5  304.1
  850.0   1497   15.8   14.0     89  11.96    175      3  302.7  338.3  304.9
  820.0   1802   14.0   11.8     87  10.75     85      3  303.9  336.2  305.9
  807.0   1938   13.2   10.9     86  10.25     88      3  304.4  335.3  306.3
  805.0   1959   13.4    8.7     73   8.84     89      3  304.9  331.7  306.5
  804.0   1969   13.6    5.6     58   7.14     89      3  305.2  327.1  306.5
  797.0   2043   13.6    2.6     47   5.82     91      3  306.0  324.0  307.0
  794.0   2075   13.8    3.8     51   6.37     92      3  306.5  326.2  307.7
  789.0   2128   13.8    4.8     55   6.88     93      3  307.1  328.3  308.3
  779.0   2236   13.6   -3.4     31   3.84     96      3  308.0  320.2  308.7
  772.0   2311   13.0   -4.0     30   3.70     98      3  308.1  319.9  308.8
  766.0   2377   12.8    4.8     58   7.09     99      3  308.6  330.6  309.9
  764.0   2399   13.0    2.6     49   6.08    100      3  309.0  328.1  310.2
  756.0   2488   13.8   -6.2     24   3.20     99      3  310.8  321.2  311.4
  737.0   2701   12.5   -5.8     27   3.38     95      4  311.7  322.7  312.4
  711.0   3001   10.8   -5.2     32   3.66    125      3  313.0  324.9  313.7
  700.0   3132   10.0   -5.0     34   3.78     80      2  313.5  325.9  314.2
  686.0   3300    8.6   -7.0     32   3.32     30      3  313.8  324.7  314.4
  676.0   3421    7.6   -8.4     31   3.02     36      5  314.0  323.9  314.6
  667.0   3532    7.2  -13.8     21   1.98     42      8  314.7  321.5  315.1
  638.0   3897    5.3    0.0     69   6.04     60     15  316.6  336.0  317.7
  637.0   3910    5.2    0.5     72   6.27     60     15  316.6  336.8  317.8
  593.0   4494    2.7   -1.2     75   5.94     45     17  320.3  339.7  321.4
  591.0   4522    2.6   -1.3     75   5.92     46     17  320.5  339.9  321.6
  575.0   4745    2.8   -6.2     52   4.21     56     16  323.2  337.4  324.0
  552.0   5074    0.0   -9.0     51   3.52     71     15  323.7  335.7  324.4
  510.0   5704   -4.9  -13.9     49   2.57    100     13  325.2  334.1  325.7
  500.0   5860   -6.1  -13.1     58   2.80     90     14  325.5  335.2  326.1
  491.0   6002   -7.0  -12.0     68   3.12     80     15  326.1  336.8  326.7
  481.0   6162   -8.1  -10.8     81   3.51     83     16  326.7  338.8  327.4
  454.0   6609  -10.5  -15.0     70   2.64     90     17  329.1  338.4  329.6
  428.0   7059  -13.9  -14.7     94   2.87     67     14  330.4  340.5  331.0
  404.0   7495  -16.4  -18.8     81   2.15     45     11  332.6  340.4  333.1
  403.0   7514  -16.5  -19.0     81   2.13     46     11  332.7  340.4  333.2
  400.0   7570  -16.9  -19.2     82   2.11     50     11  332.9  340.5  333.4
  386.0   7836  -19.5  -20.3     93   1.98     56     13  332.9  340.1  333.3
  376.0   8031  -21.1  -21.3     98   1.87     61     15  333.3  340.1  333.7
  372.0   8110  -21.7  -21.9     98   1.79     62     16  333.5  340.1  333.9
  369.0   8169  -21.9  -24.8     77   1.39     64     16  334.1  339.2  334.3
  365.0   8250  -20.5  -31.5     37   0.76     66     17  337.0  339.9  337.1
  364.0   8270  -19.1  -34.1     25   0.59     66     17  339.1  341.4  339.2
  345.0   8668  -20.7  -40.7     15   0.32     75     21  342.2  343.5  342.2
  316.0   9304  -27.0  -42.0     23   0.30     90     27  342.1  343.4  342.2
  300.0   9680  -30.7  -42.7     30   0.30     90     25  342.0  343.2  342.1
  299.0   9704  -30.9  -42.9     30   0.29     90     25  342.0  343.2  342.1
  291.0   9893  -32.5  -43.6     32   0.28     90     25  342.5  343.6  342.5
  267.0  10494  -37.4  -45.9     41   0.24     55     34  343.7  344.7  343.8
  255.0  10815  -40.1  -47.1     47   0.22     55     38  344.4  345.3  344.4
  250.0  10950  -41.3                          55     40  344.5         344.5
  210.0  12098  -51.9                          47     54  345.6         345.6
  200.0  12410  -54.1                          45     58  346.9         346.9
  177.0  13182  -58.4                          40     62  352.2         352.2
  166.0  13587  -60.7                          50     53  354.9         354.9
  150.0  14210  -66.1                          65     39  356.0         356.0
  125.0  15279  -75.0                          95     30  358.9         358.9
  118.0  15617  -77.8                         100     33  359.7         359.7
  115.0  15768  -79.1                          85     30  360.0         360.0
  107.0  16177  -79.3                          30     21  367.1         367.1
  101.0  16504  -79.5                          15      4  372.9         372.9
  100.0  16560  -79.5                         350      3  373.9         373.9
   96.0  16795  -77.5                         245     10  382.1         382.1
   91.0  17104  -75.0                         255     12  393.1         393.1
   87.2  17350  -72.9                         236     19  402.1         402.1
   87.0  17364  -72.8                         235     19  402.4         402.4
   82.2  17698  -71.3                         256     26  412.2         412.2
   78.0  18006  -72.5                         275     32  415.9         415.9
   74.0  18315  -73.7                         269     25  419.7         419.7
   71.0  18557  -73.7                         265     20  424.7         424.7
   70.0  18640  -73.7                         265     19  426.4         426.4
   67.0  18898  -72.7                         285     21  434.0         434.0
   62.3  19328  -70.9                         278     25  447.0         447.0
   57.4  19821  -65.5                         269     30  469.8         469.8
   55.0  20083  -64.2                         265     32  478.6         478.6
   52.0  20428  -62.5                         277     32  490.2         490.2
   50.0  20670  -63.7                         285     32  492.9         492.9
   47.0  21046  -65.1                         280     32  498.3         498.3
   45.5  21243  -65.9                         275     28  501.1         501.1
   41.0  21885  -61.6                         260     15  527.0         527.0
   39.0  22193  -59.5                         220      5  539.9         539.9
   37.2  22485  -57.5                         157      6  552.3         552.3
   37.0  22518  -57.7                         150      6  552.7         552.7
   35.0  22866  -59.3                         160     14  557.3         557.3
   34.3  22992  -59.9                         153     17  559.0         559.0
   30.5  23726  -57.5                         111     36  584.5         584.5
   30.0  23830  -58.1                         105     39  585.7         585.7
   28.0  24260  -61.0                          85     43  589.2         589.2
   27.3  24418  -62.1                          90     42  590.5         590.5
   25.0  24973  -59.6                          95     46  612.6         612.6
   21.0  26072  -54.7                          85     51  658.8         658.8
   20.0  26380  -53.3                          90     51  672.3         672.3
   19.0  26712  -52.0                          95     51  686.3         686.3
   18.5  26884  -51.3                                     693.7         693.7
</PRE><H3>Station information and sounding indices</H3><PRE>
                         Station identifier: WIII
                             Station number: 96749
                           Observation time: 170717/0000
                           Station latitude: -6.11
                          Station longitude: 106.65
                          Station elevation: 8.0
                            Showalter index: 1.49
                               Lifted index: 1.29
    LIFT computed using virtual temperature: 1.04
                                SWEAT index: 187.99
                                    K index: 20.90
                         Cross totals index: 20.10
                      Vertical totals index: 21.90
                        Totals totals index: 42.00
      Convective Available Potential Energy: 0.00
             CAPE using virtual temperature: 0.00
                      Convective Inhibition: 0.00
             CINS using virtual temperature: 0.00
                     Bulk Richardson Number: 0.00
          Bulk Richardson Number using CAPV: 0.00
  Temp [K] of the Lifted Condensation Level: 290.28
Pres [hPa] of the Lifted Condensation Level: 906.29
   Equivalent potential temp [K] of the LCL: 338.74
     Mean mixed layer potential temperature: 298.57
              Mean mixed layer mixing ratio: 13.82
              1000 hPa to 500 hPa thickness: 5774.00
Precipitable water [mm] for entire sounding: 42.62
</PRE>
<P>Description of the 
<A HREF="/upperair/columns.html">data columns</A>
or <A HREF="/upperair/indices.html">sounding indices</A>.

<P>
<FORM>
<INPUT CLASS="button" TYPE="button" VALUE=" Close this window " 
 onClick="window.close();">
<INPUT CLASS="button" TYPE="button" VALUE=" Select another map " 
 onClick="window.blur();">
</FORM>
<HR SIZE="1">
<I>Interested in graduate studies in atmospheric science?
Check out our program at the
<a href="http://www.uwyo.edu/atsc/howtoapply/"
target=_top>University of Wyoming
</a></I>
<HR SIZE="1"><FONT SIZE="-1">
Questions about the weather data provided by this site can be
addressed to <A HREF="mailto:ldoolman@uwyo.edu">
Larry Oolman (ldoolman@uwyo.edu)</A></FONT>
<HR SIZE="1">
<SCRIPT TYPE="text/javascript">
<!--
window.focus();
// -->
</SCRIPT>
</BODY>
</HTML>
