2019-10-11 00
<HTML>
<TITLE>University of Wyoming - Radiosonde Data</TITLE>
<BODY BGCOLOR="white">
<H2>96749 WIII Jakarta Observations at 00Z 11 Oct 2019</H2>
<PRE>
-----------------------------------------------------------------------------
   PRES   HGHT   TEMP   DWPT   RELH   MIXR   DRCT   SKNT   THTA   THTE   THTV
    hPa     m      C      C      %    g/kg    deg   knot     K      K      K 
-----------------------------------------------------------------------------
 1011.0      8   25.6   22.8     85  17.63    220      2  297.8  349.2  300.9
 1002.0     90   24.4   21.3     83  16.20    204      6  297.4  344.4  300.3
 1000.0    108   24.4   21.3     83  16.23    200      7  297.6  344.8  300.4
  958.0    485   24.2   18.2     69  13.92    136      5  301.0  342.2  303.5
  945.0    604   23.3   17.3     69  13.29    115      4  301.2  340.6  303.6
  925.0    791   21.8   15.8     69  12.35    120      7  301.6  338.2  303.8
  893.0   1096   19.0   16.5     85  13.40    112     11  301.8  341.5  304.2
  850.0   1520   16.6   14.0     85  11.96    100     17  303.5  339.3  305.7
  823.0   1795   15.5   12.2     81  10.99     85     11  305.2  338.4  307.2
  815.0   1878   15.2   11.7     80  10.71     85     11  305.7  338.1  307.7
  775.0   2304   12.2   11.3     94  10.97     85      8  306.9  340.2  308.9
  739.0   2700    9.5    8.1     91   9.24     85      6  308.1  336.5  309.9
  713.0   2998    7.5    5.7     88   8.09     70      7  309.1  334.1  310.6
  700.0   3151    6.4    4.4     87   7.55     80      6  309.5  333.0  310.9
  687.0   3305    5.4    4.3     93   7.65     75      7  310.1  333.9  311.5
  682.0   3365    5.0    4.3     95   7.69     72      7  310.3  334.2  311.7
  678.0   3413    4.6    4.2     97   7.68     70      7  310.4  334.3  311.8
  676.0   3437    4.6    4.0     96   7.60     68      7  310.6  334.3  312.1
  673.0   3473    3.4    0.1     79   5.76     67      7  309.7  327.8  310.8
  672.0   3485    3.0   -3.0     65   4.59     66      7  309.4  323.9  310.2
  671.0   3497    2.8   -5.2     56   3.89     65      7  309.3  321.7  310.0
  666.0   3558    5.8   -4.2     49   4.23     62      7  313.3  327.0  314.1
  662.0   3607    6.8   -7.2     36   3.37     60      7  314.9  326.0  315.6
  661.0   3620    7.0   -8.0     33   3.18     60      7  315.3  325.9  315.9
  651.0   3745    7.8  -15.2     18   1.81     65      7  317.6  323.9  318.0
  639.0   3896    6.8  -16.4     17   1.67     70      8  318.1  323.9  318.4
  616.0   4194    4.7  -18.7     16   1.43    115     12  319.1  324.1  319.4
  566.0   4881    0.0  -24.0     14   0.98    152     13  321.4  324.9  321.6
  537.0   5299   -3.9  -20.9     25   1.35    174     13  321.6  326.4  321.9
  530.0   5402   -4.5  -21.0     26   1.36    180     13  322.1  326.9  322.4
  523.0   5507   -5.1  -21.1     27   1.37    156     13  322.6  327.5  322.9
  522.0   5522   -5.3  -21.3     27   1.34    153     13  322.5  327.3  322.8
  509.0   5720   -4.3  -37.3      6   0.31    107     12  326.1  327.3  326.1
  500.0   5860   -4.9  -38.9      5   0.26     75     12  327.0  328.1  327.1
  491.0   6001   -5.8  -40.5      5   0.23     55     13  327.6  328.5  327.6
  441.0   6835  -11.1  -50.1      2   0.09     69     10  331.1  331.5  331.1
  437.0   6905  -11.4  -49.8      3   0.09     70     10  331.6  332.0  331.6
  407.0   7448  -13.7  -47.7      4   0.13    111     16  335.4  336.0  335.4
  404.0   7504  -14.0  -47.5      4   0.13    115     17  335.8  336.4  335.8
  400.0   7580  -14.3  -47.3      4   0.13    115     17  336.3  336.9  336.3
  394.0   7694  -14.9  -50.9      3   0.09    116     16  337.0  337.4  337.0
  333.0   8936  -26.5  -49.5     10   0.13    125     10  337.7  338.2  337.7
  330.0   9000  -27.0  -50.2      9   0.12    125     10  337.9  338.4  337.9
  316.0   9309  -29.2  -53.7      7   0.08    160     11  339.0  339.4  339.0
  300.0   9680  -31.9  -57.9      6   0.05    165     11  340.3  340.5  340.3
  291.0   9893  -33.6  -58.8      6   0.05    165     11  340.9  341.1  340.9
  260.0  10682  -39.9  -61.9      8   0.04    117     15  342.8  342.9  342.8
  256.0  10788  -40.9                         110     16  342.9         342.9
  250.0  10950  -42.3                         110     16  343.0         343.0
  223.0  11698  -48.3                         130     13  345.1         345.1
  204.0  12280  -53.0                          80     10  346.6         346.6
  200.0  12410  -54.1                          75     10  346.9         346.9
  168.0  13497  -63.0                          55     23  349.8         349.8
  160.0  13802  -65.5                          57     35  350.5         350.5
  150.0  14190  -68.9                          60     50  351.2         351.2
  145.0  14388  -70.1                          60     56  352.6         352.6
  124.0  15300  -75.6                          85     34  358.7         358.7
  111.0  15946  -79.5                          85     38  362.9         362.9
  108.0  16101  -80.3                          85     38  364.2         364.2
  106.0  16208  -79.4                          85     39  367.9         367.9
  100.0  16540  -76.7                          60     26  379.3         379.3
   96.0  16772  -77.3                          25     12  382.5         382.5
   91.0  17077  -78.2                         125      4  386.7         386.7
   83.9  17539  -79.5                          82     10  393.1         393.1
   82.0  17669  -79.4                          70     12  395.9         395.9
   77.0  18025  -79.1                          10     18  403.7         403.7
   76.9  18032  -79.1                           9     18  403.9         403.9
   73.0  18330  -76.9                         345     15  414.6         414.6
   70.0  18570  -75.1                         320     15  423.4         423.4
   65.3  18979  -69.9                         274     14  443.2         443.2
   63.0  19192  -69.9                         250     13  447.9         447.9
   51.0  20452  -69.7                         285     24  476.1         476.1
   50.0  20570  -69.7                         275     22  478.8         478.8
   48.7  20726  -70.3                         271     22  481.0         481.0
   44.1  21319  -66.7                         255     21  503.6         503.6
   40.0  21908  -66.2                         240     20  519.2         519.2
   36.0  22545  -65.6                         265     19  536.5         536.5
   35.2  22681  -65.5                         257     21  540.3         540.3
   33.0  23076  -63.7                         235     25  555.0         555.0
   31.0  23459  -62.0                         205     11  569.7         569.7
   30.0  23660  -61.1                         330      4  577.5         577.5
   29.0  23873  -60.3                          15      8  585.3         585.3
   26.0  24561  -57.7                          40      7  611.2         611.2
   25.0  24808  -56.8                         320      4  620.8         620.8
   24.3  24987  -56.1                         310      7  627.8         627.8
   24.0  25066  -56.0                         305      8  630.5         630.5
   22.0  25622  -54.9                         345     13  649.5         649.5
   20.0  26230  -56.7                         320     12  661.9         661.9
   19.0  26554  -57.5                         195      6  669.1         669.1
   18.8  26621  -57.7                         179      7  670.6         670.6
   18.2  26825  -58.1                         131     12  675.6         675.6
   18.0  26896  -57.2                         115     13  680.6         680.6
   17.0  27262  -52.3                          50     22  707.4         707.4
   16.8  27337  -51.3                                     713.0         713.0
</PRE><H3>Station information and sounding indices</H3><PRE>
                         Station identifier: WIII
                             Station number: 96749
                           Observation time: 191011/0000
                           Station latitude: -6.11
                          Station longitude: 106.65
                          Station elevation: 8.0
                            Showalter index: 2.28
                               Lifted index: 0.47
    LIFT computed using virtual temperature: -0.33
                                SWEAT index: 214.00
                                    K index: 33.50
                         Cross totals index: 18.90
                      Vertical totals index: 21.50
                        Totals totals index: 40.40
      Convective Available Potential Energy: 128.04
             CAPE using virtual temperature: 212.81
                      Convective Inhibition: -62.72
             CINS using virtual temperature: -45.36
                           Equilibrum Level: 298.21
 Equilibrum Level using virtual temperature: 288.59
                   Level of Free Convection: 789.99
             LFCT using virtual temperature: 801.05
                     Bulk Richardson Number: 17.20
          Bulk Richardson Number using CAPV: 28.58
  Temp [K] of the Lifted Condensation Level: 292.23
Pres [hPa] of the Lifted Condensation Level: 923.00
   Equivalent potential temp [K] of the LCL: 343.77
     Mean mixed layer potential temperature: 299.03
              Mean mixed layer mixing ratio: 15.36
              1000 hPa to 500 hPa thickness: 5752.00
Precipitable water [mm] for entire sounding: 42.99
</PRE>
<P>Description of the 
<A HREF="/upperair/columns.html">data columns</A>
or <A HREF="/upperair/indices.html">sounding indices</A>.

<P>
<FORM>
<INPUT CLASS="button" TYPE="button" VALUE=" Close this window " 
 onClick="window.close();">
<INPUT CLASS="button" TYPE="button" VALUE=" Select another map " 
 onClick="window.blur();">
</FORM>
<HR SIZE="1">
<I>Interested in graduate studies in atmospheric science?
Check out our program at the
<a href="http://www.uwyo.edu/atsc/howtoapply/"
target=_top>University of Wyoming
</a></I>
<HR SIZE="1"><FONT SIZE="-1">
Questions about the weather data provided by this site can be
addressed to <A HREF="mailto:ldoolman@uwyo.edu">
Larry Oolman (ldoolman@uwyo.edu)</A></FONT>
<HR SIZE="1">
<SCRIPT TYPE="text/javascript">
<!--
window.focus();
// -->
</SCRIPT>
</BODY>
</HTML>
