2021-08-20 00
<HTML>
<TITLE>University of Wyoming - Radiosonde Data</TITLE>
<BODY BGCOLOR="white">
<H2>96749 WIII Jakarta Observations at 00Z 20 Aug 2021</H2>
<PRE>
-----------------------------------------------------------------------------
   PRES   HGHT   TEMP   DWPT   RELH   MIXR   DRCT   SKNT   THTA   THTE   THTV
    hPa     m      C      C      %    g/kg    deg   knot     K      K      K 
-----------------------------------------------------------------------------
 1010.0      8   24.4   21.3     83  16.07    180      3  296.7  343.3  299.6
 1009.0     16   24.4   20.7     80  15.49    178      3  296.8  341.7  299.5
 1000.0     91   25.0   20.4     76  15.33    155      8  298.1  342.9  300.9
  990.0    180   25.4   20.4     74  15.49    131      7  299.4  344.8  302.2
  988.0    198   25.4   20.4     74  15.52    126      7  299.6  345.1  302.4
  977.0    297   24.7   20.3     76  15.57    100      6  299.8  345.6  302.6
  944.0    600   22.5   19.9     85  15.70     75      8  300.6  346.8  303.4
  925.0    779   21.2   19.6     91  15.78     75      7  301.0  347.6  303.8
  851.0   1497   17.1   15.2     89  12.90    105      6  303.9  342.5  306.2
  850.0   1507   17.0   15.1     89  12.86    105      6  303.9  342.4  306.3
  780.0   2237   12.4   11.0     91  10.68     72      8  306.6  339.0  308.5
  765.0   2399   11.8    9.7     87   9.95     65      8  307.6  338.0  309.5
  712.0   2999    9.6    4.8     72   7.62     70     10  311.5  335.4  313.0
  708.0   3047    9.4    4.4     71   7.46     72     11  311.9  335.3  313.2
  700.0   3141    9.0    5.5     79   8.16     75     12  312.4  338.0  314.0
  592.0   4508    1.0   -1.7     82   5.73     95     11  318.4  337.1  319.5
  580.0   4675    0.0   -2.6     83   5.48     91     10  319.1  337.1  320.2
  529.0   5405   -4.4   -5.9     89   4.68     75      7  322.4  337.9  323.3
  513.0   5649   -5.9   -7.0     92   4.44     59      5  323.4  338.3  324.3
  500.0   5850   -6.5   -9.6     79   3.71     45      3  325.1  337.7  325.8
  480.0   6169   -8.3  -14.3     62   2.65     45      5  326.6  335.9  327.2
  473.0   6283   -9.3  -12.0     81   3.24     45      5  326.8  338.0  327.4
  465.0   6415   -9.9  -13.4     76   2.94     45      6  327.6  337.9  328.2
  463.0   6449  -10.1  -14.9     68   2.61     45      6  327.8  336.9  328.3
  462.0   6465  -10.1  -18.1     52   2.00     45      6  328.0  335.1  328.4
  452.0   6634  -10.7  -15.7     67   2.50     45      7  329.3  338.1  329.8
  437.0   6894  -11.1  -19.8     48   1.83     45      8  332.0  338.6  332.4
  436.0   6912  -11.1  -20.1     47   1.79     46      8  332.2  338.7  332.6
  422.0   7162  -12.7  -22.7     43   1.47     67      4  333.3  338.7  333.6
  420.0   7199  -12.9  -22.6     44   1.49     70      4  333.4  338.9  333.7
  415.0   7290  -13.5  -22.5     47   1.52     87      4  333.8  339.4  334.1
  412.0   7345  -13.9  -19.9     60   1.92     97      4  334.0  341.0  334.4
  404.0   7494  -14.7  -22.0     54   1.63    125      4  334.9  340.9  335.2
  400.0   7570  -15.1  -23.1     50   1.50    115      4  335.3  340.8  335.6
  388.0   7798  -16.6  -25.1     48   1.29     95      8  336.2  341.1  336.5
  378.0   7994  -17.9  -26.9     45   1.12     95     11  337.0  341.3  337.3
  373.0   8092  -18.7  -27.2     47   1.11     95     13  337.2  341.5  337.5
  358.0   8392  -21.2  -28.0     54   1.07    100     10  337.9  342.0  338.1
  344.0   8685  -23.6  -28.8     62   1.04     95      8  338.5  342.4  338.7
  326.0   9078  -26.9  -29.9     76   0.99     87      9  339.2  343.0  339.4
  307.0   9507  -30.7  -32.6     83   0.81     77     10  339.8  342.9  339.9
  303.0   9600  -31.3  -34.4     74   0.69     75     10  340.2  342.9  340.4
  300.0   9670  -31.7  -35.7     68   0.61     75      9  340.6  343.0  340.7
  290.0   9904  -33.6  -38.0     65   0.50     75      7  341.1  343.1  341.2
  278.0  10197  -36.1  -40.9     61   0.39     75     10  341.8  343.4  341.9
  251.0  10903  -41.9  -47.9     52   0.20     65     12  343.2  344.1  343.3
  250.0  10930  -42.1  -49.1     46   0.18     65     12  343.3  344.1  343.4
  223.0  11685  -48.4  -53.8     54   0.11     60     22  345.0  345.5  345.0
  213.0  11988  -51.0  -55.6     57   0.10     55     29  345.6  346.0  345.6
  205.0  12241  -53.1  -57.2     61   0.08     46     28  346.1  346.4  346.1
  200.0  12400  -54.3  -58.7     58   0.07     40     28  346.6  346.9  346.6
  194.0  12587  -56.0  -60.7     56   0.06     30     27  346.9  347.1  346.9
  160.0  13773  -67.0  -73.4     40   0.01     40     33  348.0  348.0  348.0
  150.0  14170  -70.7  -77.7     35   0.01     35     38  348.1  348.1  348.1
  149.0  14210  -71.1  -78.1     35   0.01     36     38  348.1  348.1  348.1
  137.0  14701  -73.4  -82.0     26   0.00     55     35  352.4  352.4  352.4
  124.0  15285  -76.2  -86.8     18   0.00     70     22  357.6  357.6  357.6
  121.0  15428  -76.9  -87.9     16   0.00     67     25  358.8  358.8  358.8
  116.0  15671  -77.9  -87.9     19   0.00     61     29  361.3  361.3  361.3
  111.0  15927  -75.2  -87.1     14   0.00     55     34  371.0  371.0  371.0
  106.0  16196  -72.3  -86.3     11   0.00    355     11  381.4  381.4  381.4
  101.0  16481  -72.0  -87.6      8   0.00    225     13  387.3  387.3  387.3
  100.0  16540  -71.9  -87.9      8   0.00    210     16  388.6  388.6  388.6
   91.0  17091  -74.0  -89.2      8   0.00    145     24  395.0  395.0  395.0
   89.0  17221  -74.5  -89.5      8   0.00    133     18  396.5  396.5  396.5
   86.0  17423  -73.4  -89.5      7   0.00    115      8  402.7  402.7  402.7
   82.0  17703  -71.8  -89.6      5   0.00    305      7  411.5  411.5  411.5
   74.8  18244  -68.7  -89.7      3   0.00    278     17  428.9  428.9  428.9
   74.0  18308  -68.7  -89.7      3   0.00    275     18  430.1  430.1  430.1
   70.0  18640  -68.9  -89.9      3   0.00    250     25  436.6  436.7  436.6
   67.0  18901  -68.9  -90.3      3   0.00    250     27  442.1  442.2  442.1
   61.0  19460  -68.9  -91.1      3   0.00    260     27  454.2  454.2  454.2
   58.0  19760  -68.9  -91.5      3   0.00    255     31  460.8  460.8  460.8
   55.7  20002  -68.9  -91.9      2   0.00    251     28  466.1  466.1  466.1
   55.0  20077  -68.4  -92.0      2   0.00    250     27  468.9  468.9  468.9
   52.1  20402  -66.3  -92.3      2   0.00    256     24  481.1  481.1  481.1
   50.0  20650  -67.1  -93.1      1   0.00    260     21  484.9  485.0  484.9
   48.7  20809  -67.9  -93.9      1   0.00    262     16  486.7  486.7  486.7
   47.0  21026  -65.8  -93.1      1   0.00    265      9  496.7  496.7  496.7
   45.0  21291  -63.2  -92.2      1   0.00    285     13  509.1  509.2  509.1
   44.9  21304  -63.1  -92.1      1   0.00    284     13  509.8  509.8  509.8
   43.0  21574  -62.5  -91.6      1   0.00    265     14  517.6  517.6  517.6
   41.0  21870  -61.8  -91.1      1   0.00    185      4  526.4  526.4  526.4
   39.0  22182  -61.1  -90.6      1   0.00    105     11  535.8  535.8  535.8
   35.0  22856  -59.6  -89.4      1   0.00    100     26  556.6  556.6  556.6
   32.9  23242  -58.7  -88.7      1   0.00     93     38  568.8  568.9  568.8
   32.0  23415  -59.2  -88.6      1   0.00     90     43  571.9  572.0  571.9
   30.0  23820  -60.5  -88.5      1   0.01     95     45  579.1  579.2  579.1
   29.5  23924  -60.7  -89.7      1   0.00     94     47  581.4  581.4  581.4
   28.7  24096  -57.9  -88.9      1   0.01     93     50  593.7  593.7  593.7
   27.0  24482  -57.3  -88.1      1   0.01     90     56  605.8  605.8  605.8
   22.3  25691  -55.5  -85.5      1   0.01     90     57  645.2  645.3  645.2
   20.5  26230  -52.1  -85.1      1   0.01     90     58  671.2  671.3  671.2
   20.0  26390  -51.9  -83.9      1   0.02     90     58  676.6  676.7  676.6
   18.6  26861  -52.7  -83.7      1   0.02     89     56  688.2  688.4  688.2
   15.9  27888  -47.5  -81.5      1   0.03     87     53  736.8  737.1  736.8
   13.2  29120  -47.9  -81.9      1   0.04     85     49  775.6  776.0  775.6
   13.0  29222  -47.6  -81.8      1   0.04     85     49  780.1  780.6  780.2
   12.0  29755  -45.8  -81.1      1   0.05     85     35  804.4  805.0  804.4
   11.4  30096  -44.7  -80.7      1   0.05     88     26  820.3  820.9  820.3
   11.0  30335  -45.5  -80.7      1   0.05     90     19  825.9  826.6  826.0
   10.0  30970  -47.5  -80.5      1   0.06    155     11  841.1  841.9  841.2
    9.0  31661  -50.2  -83.2      1   0.04    225     16  856.4  857.0  856.4
    8.9  31735  -50.5  -83.5      1   0.04                858.0  858.6  858.1
</PRE><H3>Station information and sounding indices</H3><PRE>
                         Station identifier: WIII
                             Station number: 96749
                           Observation time: 210820/0000
                           Station latitude: -6.11
                          Station longitude: 106.65
                          Station elevation: 8.0
                            Showalter index: -0.59
                               Lifted index: -1.50
    LIFT computed using virtual temperature: -1.76
                                SWEAT index: 196.20
                                    K index: 35.10
                         Cross totals index: 21.60
                      Vertical totals index: 23.50
                        Totals totals index: 45.10
      Convective Available Potential Energy: 201.55
             CAPE using virtual temperature: 262.94
                      Convective Inhibition: -46.67
             CINS using virtual temperature: -43.00
                           Equilibrum Level: 256.22
 Equilibrum Level using virtual temperature: 254.57
                   Level of Free Convection: 815.57
             LFCT using virtual temperature: 826.04
                     Bulk Richardson Number: 79.23
          Bulk Richardson Number using CAPV: 103.36
  Temp [K] of the Lifted Condensation Level: 292.45
Pres [hPa] of the Lifted Condensation Level: 922.55
   Equivalent potential temp [K] of the LCL: 344.72
     Mean mixed layer potential temperature: 299.27
              Mean mixed layer mixing ratio: 15.53
              1000 hPa to 500 hPa thickness: 5759.00
Precipitable water [mm] for entire sounding: 56.13
</PRE>
<P>Description of the 
<A HREF="/upperair/columns.html">data columns</A>
or <A HREF="/upperair/indices.html">sounding indices</A>.

<P>
<FORM>
<INPUT CLASS="button" TYPE="button" VALUE=" Close this window " 
 onClick="window.close();">
<INPUT CLASS="button" TYPE="button" VALUE=" Select another map " 
 onClick="window.blur();">
</FORM>
<HR SIZE="1">
<I>Interested in graduate studies in atmospheric science?
Check out our program at the
<a href="http://www.uwyo.edu/atsc/howtoapply/"
target=_top>University of Wyoming
</a></I>
<HR SIZE="1"><FONT SIZE="-1">
Questions about the weather data provided by this site can be
addressed to <A HREF="mailto:ldoolman@uwyo.edu">
Larry Oolman (ldoolman@uwyo.edu)</A></FONT>
<HR SIZE="1">
<SCRIPT TYPE="text/javascript">
<!--
window.focus();
// -->
</SCRIPT>
</BODY>
</HTML>
