2021-09-04 00
<HTML>
<TITLE>University of Wyoming - Radiosonde Data</TITLE>
<BODY BGCOLOR="white">
<H2>96749 WIII Jakarta Observations at 00Z 04 Sep 2021</H2>
<PRE>
-----------------------------------------------------------------------------
   PRES   HGHT   TEMP   DWPT   RELH   MIXR   DRCT   SKNT   THTA   THTE   THTV
    hPa     m      C      C      %    g/kg    deg   knot     K      K      K 
-----------------------------------------------------------------------------
 1010.0      8   25.0   22.1     84  16.89    190      2  297.3  346.4  300.3
 1000.0     97   25.4   21.1     77  16.03    215      4  298.6  345.4  301.4
  978.0    293   25.2   21.4     79  16.71    246      3  300.2  349.4  303.2
  944.0    604   22.9   20.8     88  16.65    295      2  300.9  350.1  303.9
  940.0    642   22.6   20.7     89  16.65    324      2  301.0  350.2  304.0
  925.0    782   22.2   17.8     76  14.06     75      3  302.0  343.7  304.6
  914.0    886   22.0   16.0     69  12.67     96      6  302.8  340.6  305.1
  912.0    905   21.9   15.9     69  12.63    100      6  302.9  340.5  305.2
  881.0   1204   19.7   14.6     72  11.98     75     10  303.6  339.5  305.8
  850.0   1513   17.4   13.2     76  11.34     65     12  304.4  338.4  306.4
  838.0   1634   16.4   13.0     80  11.35     66     12  304.6  338.7  306.6
  814.0   1881   15.4    8.4     63   8.57     69     12  306.0  332.2  307.6
  795.0   2081   14.2    9.2     72   9.27     71     12  306.8  335.1  308.5
  772.0   2329   13.6   -1.4     35   4.49     74     12  308.8  323.0  309.6
  765.0   2405   13.4   -3.3     31   3.92     75     12  309.3  321.9  310.1
  752.0   2549   13.0   -7.0     24   3.02     79     11  310.4  320.3  311.0
  738.0   2706   11.8    0.8     47   5.53     83      9  310.8  328.3  311.8
  731.0   2786   11.0    2.0     54   6.08     85      8  310.8  329.9  311.9
  729.0   2809   11.0    2.0     54   6.10     85      8  311.0  330.2  312.1
  724.0   2866   11.0   -6.0     30   3.39     87      7  311.6  322.6  312.3
  713.0   2993   10.2   -3.1     39   4.30     90      6  312.0  325.9  312.9
  701.0   3134    9.2    0.2     53   5.57    104      6  312.5  330.2  313.6
  700.0   3146    9.2    0.2     53   5.58    105      6  312.6  330.4  313.7
  687.0   3301    8.4   -1.2     51   5.13     95      6  313.4  329.9  314.4
  663.0   3595    6.9   -3.8     46   4.36     60     13  315.0  329.2  315.8
  658.0   3658    6.6   -4.4     45   4.21     61     13  315.3  329.0  316.1
  651.0   3746    6.0   -6.0     42   3.77     62     14  315.6  328.0  316.3
  645.0   3822    5.6    0.6     70   6.24     62     14  316.0  336.0  317.1
  576.0   4741    0.0   -3.0     80   5.35     73     19  319.8  337.3  320.8
  567.0   4868   -0.7   -2.3     89   5.73     74     19  320.4  339.2  321.5
  556.0   5025   -1.7   -4.2     83   5.07     76     20  321.0  337.8  322.0
  553.0   5068   -1.9   -5.2     78   4.72     76     20  321.3  336.9  322.2
  547.0   5155   -1.7   -7.7     64   3.94     77     21  322.5  335.8  323.3
  542.0   5228   -0.9  -16.9     29   1.89     78     21  324.3  331.0  324.7
  531.0   5392   -1.1  -28.1     11   0.72     80     22  326.0  328.7  326.1
  530.0   5407   -1.2  -27.8     11   0.74     80     22  326.0  328.8  326.2
  500.0   5870   -4.1  -19.1     30   1.70    105     16  328.0  334.1  328.3
  499.0   5886   -4.1  -18.1     33   1.85    105     16  328.2  334.8  328.5
  495.0   5949   -4.5  -16.5     39   2.14    105     16  328.4  336.0  328.9
  492.0   5997   -4.7  -23.3     22   1.19    105     16  328.7  333.1  328.9
  490.0   6029   -4.9  -27.9     15   0.79    105     16  328.9  331.9  329.1
  481.0   6174   -5.9  -37.9      6   0.31    104     15  329.4  330.6  329.5
  476.0   6256   -6.5  -20.5     32   1.58    104     15  329.6  335.4  330.0
  469.0   6371   -7.5  -16.5     49   2.26    103     14  329.8  337.8  330.3
  438.0   6896  -11.1  -17.6     59   2.21    100     11  331.8  339.7  332.2
  421.0   7200  -13.2  -18.2     66   2.19     90      9  332.9  340.8  333.3
  409.0   7422  -14.7  -18.6     72   2.17     83     10  333.7  341.5  334.1
  405.0   7496  -15.1  -19.4     70   2.05     80     10  334.0  341.5  334.4
  400.0   7590  -15.7  -20.4     67   1.90     80     11  334.5  341.4  334.9
  382.0   7936  -18.3  -21.1     79   1.87     86     12  335.5  342.4  335.9
  359.0   8398  -21.1  -26.2     63   1.26     95     13  337.8  342.5  338.0
  351.0   8565  -22.1  -28.1     58   1.08     95     14  338.6  342.7  338.8
  319.0   9261  -28.1  -31.7     71   0.85     95     18  339.6  342.9  339.8
  300.0   9700  -31.7  -36.1     65   0.59     95     20  340.6  342.9  340.7
  279.0  10202  -35.7  -41.2     57   0.38     90     18  342.0  343.5  342.1
  269.0  10454  -37.7  -43.7     53   0.30     80     20  342.6  343.9  342.7
  263.0  10607  -38.7  -48.7     34   0.17     74     22  343.4  344.1  343.4
  250.0  10950  -41.3  -53.3     26   0.11     60     25  344.5  345.0  344.6
  245.0  11084  -42.4  -54.4     26   0.10     60     27  344.8  345.2  344.8
  224.0  11678  -47.5  -59.0     25   0.06     55     34  346.0  346.3  346.0
  200.0  12430  -53.9  -64.9     25   0.03     45     46  347.2  347.4  347.3
  186.0  12886  -57.9  -67.9     27   0.02     40     48  348.1  348.2  348.1
  173.0  13342  -61.9  -70.9     29   0.02     40     50  348.7  348.8  348.7
  169.0  13484  -62.9  -72.2     27   0.01     40     51  349.4  349.5  349.4
  160.0  13817  -65.2  -75.3     24   0.01     45     51  351.1  351.1  351.1
  150.0  14210  -67.9  -78.9     19   0.01     45     42  352.9  353.0  352.9
  148.0  14291  -66.9  -80.9     12   0.00     49     34  356.0  356.0  356.0
  145.0  14410  -67.9  -81.5     13   0.00     55     21  356.4  356.4  356.4
  138.0  14700  -70.3  -82.9     14   0.00    125     11  357.2  357.3  357.2
  131.0  15004  -72.8  -84.5     16   0.00    135     11  358.1  358.1  358.1
  125.0  15278  -75.0  -85.8     17   0.00    165     14  358.8  358.9  358.8
  114.0  15816  -79.5  -88.5     22   0.00    168     17  360.1  360.1  360.1
  107.0  16176  -78.9  -87.9     22   0.00    170     19  367.8  367.8  367.8
  101.0  16504  -78.4  -87.4     22   0.00    140     12  374.9  375.0  374.9
  100.0  16560  -78.3  -87.3     22   0.00    140     11  376.2  376.2  376.2
   96.0  16796  -76.2  -87.1     17   0.00    155      8  384.8  384.8  384.8
   92.0  17042  -73.9  -86.9     12   0.00    119     11  394.0  394.0  394.0
   91.0  17105  -74.0  -87.2     12   0.00    110     12  395.1  395.1  395.1
   87.0  17368  -74.2  -88.4     10   0.00    115      6  399.8  399.8  399.8
   84.0  17572  -74.3  -89.3      8   0.00    174      7  403.5  403.5  403.5
   82.0  17714  -73.2  -89.5      7   0.00    215      8  408.5  408.5  408.5
   78.0  18009  -71.1  -89.9      5   0.00    205     11  418.9  418.9  418.9
   76.3  18138  -70.1  -90.1      4   0.00    236     13  423.5  423.5  423.5
   74.0  18320  -70.5  -91.2      3   0.00    280     16  426.5  426.5  426.5
   70.0  18650  -71.1  -93.1      3   0.00    270     22  431.9  431.9  431.9
   68.0  18820  -71.9  -91.9      4   0.00    273     20  433.8  433.8  433.8
   67.0  18908  -71.6  -91.8      4   0.00    275     19  436.2  436.3  436.2
   58.0  19763  -69.0  -91.4      3   0.00    235     22  460.6  460.7  460.6
   52.5  20354  -67.1  -91.1      2   0.00    262     17  478.2  478.2  478.2
   52.0  20412  -66.2  -90.6      2   0.00    265     16  481.6  481.7  481.6
   50.0  20650  -62.5  -88.5      2   0.00    290     11  495.8  495.8  495.8
   49.9  20662  -61.5  -88.5      2   0.00    293     11  498.4  498.4  498.4
   47.0  21032  -62.0  -88.5      2   0.00     25      7  505.8  505.8  505.8
   45.0  21301  -62.4  -88.5      2   0.00     15     12  511.2  511.3  511.2
   43.0  21582  -62.8  -88.5      2   0.00     55     10  517.0  517.0  517.0
   39.0  22185  -63.6  -88.5      2   0.00     80     16  529.5  529.6  529.5
   37.0  22510  -64.0  -88.5      2   0.00     90     24  536.4  536.5  536.4
   34.9  22871  -64.5  -88.5      2   0.00     87     34  544.2  544.2  544.2
   34.0  23031  -64.5  -89.5      2   0.00     85     39  548.4  548.4  548.4
   31.6  23480  -64.3  -92.3      1   0.00     89     41  560.4  560.4  560.4
   31.0  23598  -64.0  -92.0      1   0.00     90     42  564.4  564.4  564.4
   30.2  23759  -63.5  -91.5      1   0.00     90     45  569.9  569.9  569.9
   30.0  23800  -63.1  -91.1      1   0.00     90     46  572.0  572.1  572.0
   29.3  23946  -59.7  -90.7      1   0.00     93     49  585.2  585.3  585.2
   28.0  24230  -59.5  -91.3      1   0.00    100     55  593.5  593.5  593.5
   25.0  24939  -58.9  -92.9      1   0.00    100     65  614.7  614.7  614.7
   23.4  25358  -55.1  -90.1      1   0.01     96     73  637.5  637.6  637.5
   23.0  25468  -55.1  -89.8      1   0.01     95     75  640.7  640.8  640.7
   20.0  26360  -54.9  -86.9      1   0.01     90     73  667.4  667.5  667.4
   19.8  26424  -54.9  -86.9      1   0.01     90     73  669.3  669.4  669.3
   14.0  28691  -45.1  -78.0      1   0.07     95     77  772.1  772.9  772.1
   13.7  28833  -44.5  -77.5      1   0.07                779.0  779.8  779.0
</PRE><H3>Station information and sounding indices</H3><PRE>
                         Station identifier: WIII
                             Station number: 96749
                           Observation time: 210904/0000
                           Station latitude: -6.11
                          Station longitude: 106.65
                          Station elevation: 8.0
                            Showalter index: 3.44
                               Lifted index: -0.33
    LIFT computed using virtual temperature: -1.00
                                SWEAT index: 198.42
                                    K index: 25.70
                         Cross totals index: 17.30
                      Vertical totals index: 21.50
                        Totals totals index: 38.80
      Convective Available Potential Energy: 472.75
             CAPE using virtual temperature: 637.24
                      Convective Inhibition: -48.05
             CINS using virtual temperature: -33.47
                           Equilibrum Level: 195.76
 Equilibrum Level using virtual temperature: 195.11
                   Level of Free Convection: 843.46
             LFCT using virtual temperature: 860.17
                     Bulk Richardson Number: 21.54
          Bulk Richardson Number using CAPV: 29.04
  Temp [K] of the Lifted Condensation Level: 293.57
Pres [hPa] of the Lifted Condensation Level: 931.51
   Equivalent potential temp [K] of the LCL: 348.00
     Mean mixed layer potential temperature: 299.60
              Mean mixed layer mixing ratio: 16.52
              1000 hPa to 500 hPa thickness: 5773.00
Precipitable water [mm] for entire sounding: 46.30
</PRE>
<P>Description of the 
<A HREF="/upperair/columns.html">data columns</A>
or <A HREF="/upperair/indices.html">sounding indices</A>.

<P>
<FORM>
<INPUT CLASS="button" TYPE="button" VALUE=" Close this window " 
 onClick="window.close();">
<INPUT CLASS="button" TYPE="button" VALUE=" Select another map " 
 onClick="window.blur();">
</FORM>
<HR SIZE="1">
<I>Interested in graduate studies in atmospheric science?
Check out our program at the
<a href="http://www.uwyo.edu/atsc/howtoapply/"
target=_top>University of Wyoming
</a></I>
<HR SIZE="1"><FONT SIZE="-1">
Questions about the weather data provided by this site can be
addressed to <A HREF="mailto:ldoolman@uwyo.edu">
Larry Oolman (ldoolman@uwyo.edu)</A></FONT>
<HR SIZE="1">
<SCRIPT TYPE="text/javascript">
<!--
window.focus();
// -->
</SCRIPT>
</BODY>
</HTML>
