2020-10-08 12
<HTML>
<TITLE>University of Wyoming - Radiosonde Data</TITLE>
<BODY BGCOLOR="white">
<H2>96749 WIII Jakarta Observations at 00Z 08 Oct 2020</H2>
<PRE>
-----------------------------------------------------------------------------
   PRES   HGHT   TEMP   DWPT   RELH   MIXR   DRCT   SKNT   THTA   THTE   THTV
    hPa     m      C      C      %    g/kg    deg   knot     K      K      K 
-----------------------------------------------------------------------------
 1008.0      8   25.8   21.6     78  16.41    200      4  298.3  346.1  301.2
 1000.0     82   25.6   19.6     69  14.57    130      6  298.8  341.4  301.4
  977.0    287   26.0   19.0     65  14.36    132      6  301.1  343.6  303.7
  943.0    596   23.7   18.5     73  14.41    135      6  301.8  344.6  304.4
  925.0    765   22.4   18.2     77  14.43    125      7  302.2  345.0  304.8
  878.0   1217   19.0   16.7     87  13.81    116      7  303.2  344.4  305.7
  850.0   1496   17.4   14.6     84  12.44    110      7  304.4  341.7  306.6
  820.0   1802   15.6   13.6     88  12.11    140      6  305.6  342.1  307.8
  798.0   2034   14.2   12.9     92  11.85    140      4  306.5  342.4  308.7
  792.0   2098   13.5   11.7     89  11.03    140      4  306.4  339.9  308.5
  780.0   2226   12.2    9.3     82   9.51    163      5  306.3  335.3  308.1
  774.0   2291   11.6    7.2     74   8.30    175      5  306.4  331.7  307.9
  773.0   2302   11.4    6.7     73   8.02    177      5  306.3  330.8  307.8
  764.0   2400   12.4    5.8     64   7.63    195      6  308.4  331.9  309.8
  762.0   2422   12.6    5.6     62   7.54    196      6  308.8  332.2  310.2
  759.0   2455   13.2    3.2     51   6.39    198      6  309.8  329.8  311.0
  727.0   2816   10.0    3.0     62   6.57    219      7  310.1  330.8  311.4
  711.0   3001    9.1    2.1     62   6.32    230      7  311.2  331.1  312.4
  701.0   3118    8.6    1.6     61   6.17    262      4  311.9  331.4  313.0
  700.0   3130    8.6    0.6     57   5.74    265      4  312.0  330.2  313.1
  686.0   3297    7.7    2.3     69   6.65    345      4  312.8  333.8  314.0
  666.0   3541    6.4    4.9     90   8.22     17      5  314.0  339.9  315.5
  661.0   3603    6.2    4.4     88   7.98     25      5  314.4  339.6  315.9
  653.0   3703    5.8    3.5     85   7.59      8      5  315.1  339.2  316.5
  646.0   3791    5.4    2.7     83   7.25    353      6  315.6  338.7  317.0
  643.0   3829    5.4    1.4     75   6.63    346      6  316.0  337.2  317.3
  638.0   3894    6.9    1.2     67   6.60    335      6  318.4  339.8  319.7
  637.0   3906    7.2    1.2     66   6.60    336      6  318.9  340.3  320.2
  632.0   3971    7.2   -2.8     49   4.95    341      6  319.6  335.9  320.6
  631.0   3984    7.4   -4.6     42   4.33    343      6  320.0  334.4  320.8
  615.0   4195    6.0   -6.4     40   3.86      0      6  320.8  333.7  321.5
  595.0   4465    4.2   -8.8     38   3.32    337      5  321.7  332.9  322.4
  593.0   4493    4.0   -8.7     39   3.37    335      5  321.8  333.2  322.5
  576.0   4729    2.6   -7.4     48   3.83    347      5  322.8  335.7  323.6
  573.0   4771    2.2   -4.8     60   4.70    349      5  322.8  338.5  323.8
  571.0   4799    2.1   -6.7     52   4.09    350      5  323.1  336.8  323.9
  563.0   4913    1.8  -14.2     29   2.28    337      4  324.0  331.9  324.4
  560.0   4956    1.8  -20.2     18   1.38    332      4  324.5  329.4  324.8
  550.0   5101    0.6  -15.4     29   2.11    315      3  324.8  332.1  325.2
  545.0   5174    0.0  -13.0     37   2.59    326      3  324.9  333.9  325.4
  537.0   5293   -0.5  -11.5     43   2.97    344      2  325.6  335.9  326.2
  534.0   5338   -0.9   -9.9     50   3.39    351      1  325.7  337.3  326.4
  533.0   5352   -1.3   -8.3     59   3.86    353      1  325.4  338.5  326.1
  532.0   5367   -1.3   -8.3     59   3.86    355      1  325.6  338.7  326.3
  531.0   5382   -1.5   -8.5     59   3.81    358      1  325.5  338.5  326.2
  530.0   5397   -1.4  -15.7     33   2.14      0      1  325.8  333.4  326.3
  528.0   5428   -1.1  -30.1      9   0.60      5      2  326.5  328.8  326.6
  527.0   5443   -1.1  -30.1      9   0.60      8      2  326.7  329.0  326.8
  526.0   5458   -1.5  -12.5     43   2.80     11      2  326.4  336.1  326.9
  524.0   5488   -1.7  -15.7     34   2.16     16      3  326.5  334.1  326.9
  515.0   5626   -2.7  -12.7     46   2.81     41      5  326.9  336.7  327.5
  510.0   5703   -2.7  -20.2     25   1.52     55      7  327.8  333.3  328.1
  507.0   5750   -2.7  -24.7     17   1.02     54      7  328.4  332.2  328.6
  501.0   5844   -3.3  -39.3      4   0.25     51      8  328.8  329.8  328.8
  500.0   5860   -3.5  -40.5      4   0.22     50      8  328.7  329.6  328.8
  489.0   6036   -5.1  -39.1      5   0.27     52      9  328.8  329.9  328.9
  475.0   6264   -7.1  -17.1     45   2.12     55     10  329.1  336.7  329.5
  470.0   6347   -7.7  -14.7     57   2.62     57     10  329.4  338.6  329.9
  465.0   6430   -8.5  -14.5     62   2.69     58     10  329.4  338.8  329.9
  462.0   6480   -8.7  -17.7     48   2.07     58     11  329.7  337.1  330.1
  455.0   6599   -9.5  -20.5     40   1.65     60     11  330.2  336.2  330.5
  453.0   6633   -9.7  -20.7     40   1.63     62     11  330.3  336.3  330.7
  446.0   6754   -9.5  -36.5      9   0.38     70     11  332.1  333.6  332.1
  421.0   7197  -11.8  -43.1      6   0.20    100     12  334.6  335.4  334.6
  405.0   7495  -13.4  -47.5      4   0.13     85     15  336.3  336.9  336.3
  400.0   7590  -13.9  -48.9      3   0.11     90     16  336.8  337.3  336.9
  389.0   7800  -15.3  -50.3      3   0.10    105     16  337.7  338.1  337.7
  378.0   8015  -16.7  -51.7      3   0.09     95     16  338.6  339.0  338.6
  362.0   8337  -19.1  -53.1      3   0.08     79     16  339.6  340.0  339.6
  356.0   8460  -20.1  -37.1     20   0.45     73     16  339.9  341.7  340.0
  346.0   8670  -21.1  -42.1     13   0.27     62     16  341.3  342.5  341.4
  344.0   8712  -21.5  -41.8     14   0.29     60     16  341.4  342.6  341.5
  317.0   9304  -26.5  -37.3     36   0.49     50     19  342.5  344.5  342.6
  307.0   9536  -28.5  -35.5     51   0.61     35     20  342.8  345.3  343.0
  300.0   9700  -29.1  -37.1     46   0.53     25     20  344.2  346.4  344.4
  299.0   9724  -29.1  -39.1     37   0.43     25     20  344.6  346.4  344.7
  292.0   9893  -30.6  -40.6     37   0.38     25     21  344.8  346.4  344.9
  285.0  10066  -32.1  -42.1     36   0.33     23     23  345.0  346.4  345.1
  272.0  10395  -35.1  -41.1     54   0.39     20     26  345.3  346.9  345.4
  269.0  10473  -35.7  -40.7     60   0.41     20     27  345.5  347.2  345.6
  263.0  10630  -36.9  -44.9     43   0.27     18     29  346.0  347.1  346.1
  250.0  10980  -39.5  -49.5     34   0.17     15     33  347.2  347.9  347.2
  242.0  11201  -41.5  -54.5     23   0.10     16     33  347.4  347.9  347.5
  205.0  12300  -51.6  -60.7     33   0.05     20     32  348.4  348.7  348.4
  204.0  12332  -51.9  -60.9     33   0.05     21     32  348.4  348.7  348.4
  200.0  12460  -52.9  -62.9     29   0.04     25     30  348.8  349.0  348.8
  170.0  13487  -61.7  -73.7     19   0.01     37     32  350.8  350.9  350.8
  154.0  14092  -67.1  -75.1     31   0.01     45     33  351.6  351.7  351.6
  150.0  14250  -68.3  -75.3     36   0.01     40     35  352.2  352.3  352.2
  141.0  14618  -71.3  -78.3     35   0.01     43     44  353.3  353.3  353.3
  136.0  14830  -73.5  -79.5     40   0.01     44     50  353.0  353.1  353.1
  131.0  15048  -75.3  -83.3     28   0.00     46     55  353.6  353.6  353.6
  115.0  15791  -81.1  -88.1     30   0.00     52     75  356.3  356.3  356.3
  108.0  16141  -83.5  -90.5     29   0.00     55     85  358.2  358.2  358.2
  107.0  16193  -83.3  -90.4     29   0.00     55     86  359.5  359.5  359.5
  100.0  16570  -81.9  -89.9     25   0.00     60     57  369.2  369.2  369.2
   96.2  16787  -81.7  -90.7     21   0.00     65     41  373.8  373.8  373.8
   96.0  16799  -81.5  -90.6     21   0.00     65     40  374.3  374.3  374.3
   87.0  17364  -74.4  -86.8     13   0.00     55     21  399.4  399.4  399.4
   85.5  17464  -73.1  -86.1     12   0.00     68     18  403.9  403.9  403.9
   82.0  17709  -73.1  -86.6     11   0.00    100     12  408.8  408.8  408.8
   78.5  17965  -73.1  -87.1     10   0.00    117     15  413.9  413.9  413.9
   78.4  17973  -73.1  -87.1     10   0.00    118     15  414.1  414.1  414.1
   78.0  18003  -73.0  -87.1     10   0.00    120     15  414.8  414.8  414.8
   71.0  18557  -71.9  -87.5      8   0.00     95      7  428.6  428.6  428.6
   70.0  18640  -71.7  -87.5      8   0.00     85      6  430.7  430.7  430.7
   67.0  18901  -70.8  -87.7      7   0.00     10      8  438.1  438.1  438.1
   61.0  19460  -68.8  -88.0      5   0.00     45      7  454.4  454.4  454.4
   59.0  19658  -68.1  -88.1      4   0.00    121      5  460.3  460.3  460.3
   58.5  19709  -67.7  -87.7      4   0.00    140      5  462.3  462.4  462.3
   58.0  19761  -67.6  -87.6      4   0.00    160      4  463.8  463.8  463.8
   55.0  20083  -66.8  -87.2      4   0.00    190     21  472.7  472.7  472.7
   52.0  20423  -65.9  -86.7      4   0.00    160     24  482.3  482.4  482.3
   50.0  20660  -65.3  -86.3      4   0.00    150     14  489.2  489.2  489.2
   47.0  21039  -63.4  -85.7      3   0.01    150      7  502.4  502.5  502.4
   45.3  21265  -62.3  -85.3      3   0.01                510.4  510.5  510.4
</PRE><H3>Station information and sounding indices</H3><PRE>
                         Station identifier: WIII
                             Station number: 96749
                           Observation time: 201008/0000
                           Station latitude: -6.11
                          Station longitude: 106.65
                          Station elevation: 8.0
                            Showalter index: 2.71
                               Lifted index: 2.08
    LIFT computed using virtual temperature: 1.29
                                SWEAT index: 197.19
                                    K index: 27.50
                         Cross totals index: 18.10
                      Vertical totals index: 20.90
                        Totals totals index: 39.00
      Convective Available Potential Energy: 4.87
             CAPE using virtual temperature: 27.46
                      Convective Inhibition: -80.83
             CINS using virtual temperature: -75.27
                           Equilibrum Level: 654.54
 Equilibrum Level using virtual temperature: 642.72
                   Level of Free Convection: 787.99
             LFCT using virtual temperature: 791.50
                     Bulk Richardson Number: 2.21
          Bulk Richardson Number using CAPV: 12.47
  Temp [K] of the Lifted Condensation Level: 290.96
Pres [hPa] of the Lifted Condensation Level: 894.68
   Equivalent potential temp [K] of the LCL: 343.21
     Mean mixed layer potential temperature: 300.38
              Mean mixed layer mixing ratio: 14.58
              1000 hPa to 500 hPa thickness: 5778.00
Precipitable water [mm] for entire sounding: 47.03
</PRE>
<P>Description of the 
<A HREF="/upperair/columns.html">data columns</A>
or <A HREF="/upperair/indices.html">sounding indices</A>.

<P>
<FORM>
<INPUT CLASS="button" TYPE="button" VALUE=" Close this window " 
 onClick="window.close();">
<INPUT CLASS="button" TYPE="button" VALUE=" Select another map " 
 onClick="window.blur();">
</FORM>
<HR SIZE="1">
<I>Interested in graduate studies in atmospheric science?
Check out our program at the
<a href="http://www.uwyo.edu/atsc/howtoapply/"
target=_top>University of Wyoming
</a></I>
<HR SIZE="1"><FONT SIZE="-1">
Questions about the weather data provided by this site can be
addressed to <A HREF="mailto:ldoolman@uwyo.edu">
Larry Oolman (ldoolman@uwyo.edu)</A></FONT>
<HR SIZE="1">
<SCRIPT TYPE="text/javascript">
<!--
window.focus();
// -->
</SCRIPT>
</BODY>
</HTML>
