2017-11-01 00
<HTML>
<TITLE>University of Wyoming - Radiosonde Data</TITLE>
<BODY BGCOLOR="white">
<H2>96749 WIII Jakarta Observations at 00Z 01 Nov 2017</H2>
<PRE>
-----------------------------------------------------------------------------
   PRES   HGHT   TEMP   DWPT   RELH   MIXR   DRCT   SKNT   THTA   THTE   THTV
    hPa     m      C      C      %    g/kg    deg   knot     K      K      K 
-----------------------------------------------------------------------------
 1008.0      8   25.0   23.3     90  18.25    200      4  297.5  350.5  300.7
 1000.0     82   24.8   22.3     86  17.28    190      4  297.9  348.3  301.0
  987.0    197   23.8   21.3     86  16.45    180      6  298.1  346.0  301.0
  984.0    223   23.6   21.2     86  16.40    177      6  298.1  345.9  301.0
  975.0    304   25.1   20.9     78  16.27    170      7  300.4  348.3  303.4
  971.0    340   25.8   20.8     74  16.21    173      7  301.5  349.4  304.4
  949.0    541   25.0   19.0     69  14.80    190      5  302.6  346.7  305.3
  943.0    596   24.8   18.3     67  14.20    195      5  302.9  345.2  305.5
  925.0    765   24.0   16.0     61  12.51    230      5  303.8  341.3  306.1
  911.0    898   22.9   15.5     63  12.28    245      6  304.1  340.9  306.3
  880.0   1199   20.5   14.3     68  11.77    250      6  304.5  339.9  306.7
  850.0   1501   18.0   13.1     73  11.27    190      3  305.0  338.9  307.1
  842.0   1582   17.6   14.0     79  12.07    176      4  305.4  341.8  307.6
  821.0   1798   16.6   11.2     71  10.27    140      5  306.5  337.7  308.4
  802.0   1998   15.6    8.6     63   8.82    120      7  307.5  334.6  309.2
  799.0   2030   15.6    7.6     59   8.26    117      7  307.9  333.3  309.4
  793.0   2094   15.7    1.1     37   5.25    110      8  308.7  325.2  309.6
  790.0   2127   15.8   -2.2     29   4.14    111      8  309.1  322.3  309.9
  748.0   2588   12.4   -3.6     33   3.94    124      9  310.2  322.9  311.0
  730.0   2792   10.6    2.6     58   6.36    130      9  310.4  330.4  311.6
  716.0   2953    9.4   -1.6     46   4.78    135     10  310.9  326.1  311.8
  700.0   3141    9.8   -8.2     27   2.96    140     10  313.3  323.1  313.9
  687.0   3297    9.7  -14.9     16   1.75    140     10  314.9  320.9  315.2
  671.0   3492    9.6  -23.4      8   0.87    136      9  316.9  320.0  317.1
  641.0   3870    7.4  -25.6      7   0.75    127      7  318.6  321.3  318.7
  629.0   4025    6.6  -25.4      8   0.78    124      7  319.4  322.2  319.5
  618.0   4170    5.8   -7.2     39   3.62    121      6  320.1  332.2  320.8
  616.0   4196    5.6   -7.2     39   3.63    120      6  320.1  332.3  320.9
  572.0   4798    1.2   -7.8     51   3.73    150      7  321.9  334.4  322.6
  560.0   4969    0.0   -8.0     55   3.76    136      8  322.4  335.0  323.1
  555.0   5041   -0.7   -7.7     59   3.88    130      8  322.4  335.4  323.1
  551.0   5099   -0.7  -10.7     47   3.09    125      8  323.0  333.6  323.6
  547.0   5158   -0.7  -13.7     37   2.44    126      8  323.7  332.2  324.2
  500.0   5870   -5.1  -35.1      7   0.39    140     11  326.8  328.3  326.8
  498.0   5901   -5.1  -37.1      6   0.32    140     11  327.1  328.4  327.2
  455.0   6603   -8.9  -36.9      8   0.36    145      6  330.9  332.4  331.0
  444.0   6793   -9.9  -36.9      9   0.37    126      5  332.0  333.4  332.1
  438.0   6898  -10.3  -37.7      9   0.34    115      5  332.8  334.1  332.8
  429.0   7057  -10.9  -38.9      8   0.31    112      6  334.0  335.2  334.1
  423.0   7165  -11.7  -40.7      7   0.26    111      6  334.3  335.4  334.4
  421.0   7201  -12.1  -34.4     14   0.49    110      6  334.2  336.2  334.4
  420.0   7219  -12.3  -31.3     19   0.67    112      6  334.2  336.8  334.4
  418.0   7256  -12.7  -26.7     30   1.04    117      6  334.2  338.1  334.4
  414.0   7329  -12.9  -33.9     15   0.53    126      6  334.8  336.9  334.9
  400.0   7590  -14.5  -45.5      5   0.16    160      5  336.1  336.8  336.1
  389.0   7799  -15.6  -46.3      5   0.15    170      7  337.2  337.9  337.3
  370.0   8175  -17.7  -47.7      5   0.14    173     11  339.4  340.0  339.4
  359.0   8399  -19.6  -42.0     12   0.27    175     13  339.8  340.9  339.9
  357.0   8440  -19.9  -40.9     14   0.30    178     12  339.9  341.1  340.0
  345.0   8691  -21.9  -31.8     40   0.77    195      8  340.5  343.5  340.6
  343.0   8734  -22.3  -30.3     48   0.90    208      8  340.6  344.1  340.7
  331.0   8991  -24.3  -30.9     54   0.88    290      5  341.3  344.7  341.5
  317.0   9304  -26.7  -31.7     63   0.85    330     10  342.2  345.5  342.3
  305.0   9582  -28.9  -32.4     72   0.83    316     12  342.9  346.2  343.1
  300.0   9700  -29.9  -34.1     67   0.72    310     13  343.1  346.0  343.3
  292.0   9892  -31.4  -36.5     60   0.58    310     14  343.7  346.0  343.8
  277.0  10267  -34.3  -41.3     49   0.37    313     14  344.7  346.2  344.8
  251.0  10953  -39.9  -47.9     42   0.20    320     14  346.2  347.1  346.3
  250.0  10980  -40.1                         320     14  346.3         346.3
  235.0  11388  -43.6                         325      9  347.1         347.1
  224.0  11703  -46.4                         310      9  347.7         347.7
  214.0  12004  -49.0                         340      8  348.2         348.2
  205.0  12287  -51.5                          10     12  348.6         348.6
  200.0  12450  -52.9                          10     15  348.8         348.8
  161.0  13800  -64.8                          25     27  351.1         351.1
  150.0  14240  -68.7                          15     26  351.6         351.6
  146.0  14401  -70.3                          18     27  351.5         351.5
  132.0  14987  -75.0                          30     31  353.4         353.4
  125.0  15304  -77.5                          39     26  354.4         354.4
  107.0  16179  -81.3                          65     12  363.4         363.4
  100.0  16560  -82.9                          45     16  367.3         367.3
   96.0  16788  -83.7                          40     12  370.1         370.1
   91.0  17087  -84.7                         145      8  373.7         373.7
   87.4  17312  -85.5                         145     10  376.5         376.5
   83.8  17546  -84.5                         133     11  383.1         383.1
   82.9  17607  -81.5                         130     11  390.4         390.4
   79.5  17844  -81.9                         119     12  394.3         394.3
   77.0  18027  -78.8                         110     13  404.4         404.4
   75.7  18124  -77.1                          76     11  409.9         409.9
   73.0  18335  -76.4                           5      7  415.6         415.6
   71.0  18497  -75.9                         302      8  420.0         420.0
   70.0  18580  -73.7                         270      9  426.4         426.4
   66.4  18890  -70.1                         292     11  440.7         440.7
   66.0  18926  -70.2                         295     11  441.2         441.2
   61.0  19391  -71.5                         204     12  448.4         448.4
   60.0  19489  -70.8                         185     12  452.1         452.1
   57.0  19794  -68.6                         155      8  463.7         463.7
   55.3  19974  -67.3                         180      7  470.7         470.7
   54.0  20117  -67.2                         200      7  474.3         474.3
   52.0  20344  -66.9                         285     16  479.9         479.9
   50.0  20580  -66.7                         285     22  485.9         485.9
   47.0  20953  -67.6                         280     12  492.4         492.4
   44.8  21242  -68.3                         167      5  497.5         497.5
   44.0  21352  -67.8                         125      3  501.3         501.3
   40.0  21933  -65.2                          65      9  521.7         521.7
   36.0  22575  -62.3                         100     32  545.1         545.1
   30.0  23710  -59.3                          80     52  582.4         582.4
   29.0  23922  -59.5                          80     51  587.4         587.4
   28.4  24053  -59.7                                     590.5         590.5
</PRE><H3>Station information and sounding indices</H3><PRE>
                         Station identifier: WIII
                             Station number: 96749
                           Observation time: 171101/0000
                           Station latitude: -6.11
                          Station longitude: 106.65
                          Station elevation: 8.0
                            Showalter index: 2.23
                               Lifted index: -1.25
    LIFT computed using virtual temperature: -2.13
                                SWEAT index: 174.18
                                    K index: 18.20
                         Cross totals index: 18.20
                      Vertical totals index: 23.10
                        Totals totals index: 41.30
      Convective Available Potential Energy: 106.35
             CAPE using virtual temperature: 260.26
                      Convective Inhibition: -115.19
             CINS using virtual temperature: -71.34
                           Equilibrum Level: 271.24
 Equilibrum Level using virtual temperature: 267.42
                   Level of Free Convection: 747.48
             LFCT using virtual temperature: 814.47
                     Bulk Richardson Number: 71.70
          Bulk Richardson Number using CAPV: 175.45
  Temp [K] of the Lifted Condensation Level: 293.41
Pres [hPa] of the Lifted Condensation Level: 928.64
   Equivalent potential temp [K] of the LCL: 347.79
     Mean mixed layer potential temperature: 299.70
              Mean mixed layer mixing ratio: 16.42
              1000 hPa to 500 hPa thickness: 5788.00
Precipitable water [mm] for entire sounding: 37.91
</PRE>
<P>Description of the 
<A HREF="/upperair/columns.html">data columns</A>
or <A HREF="/upperair/indices.html">sounding indices</A>.

<P>
<FORM>
<INPUT CLASS="button" TYPE="button" VALUE=" Close this window " 
 onClick="window.close();">
<INPUT CLASS="button" TYPE="button" VALUE=" Select another map " 
 onClick="window.blur();">
</FORM>
<HR SIZE="1">
<I>Interested in graduate studies in atmospheric science?
Check out our program at the
<a href="http://www.uwyo.edu/atsc/howtoapply/"
target=_top>University of Wyoming
</a></I>
<HR SIZE="1"><FONT SIZE="-1">
Questions about the weather data provided by this site can be
addressed to <A HREF="mailto:ldoolman@uwyo.edu">
Larry Oolman (ldoolman@uwyo.edu)</A></FONT>
<HR SIZE="1">
<SCRIPT TYPE="text/javascript">
<!--
window.focus();
// -->
</SCRIPT>
</BODY>
</HTML>
