2021-02-07 00
<HTML>
<TITLE>University of Wyoming - Radiosonde Data</TITLE>
<BODY BGCOLOR="white">
<H2>96749 WIII Jakarta Observations at 00Z 07 Feb 2021</H2>
<PRE>
-----------------------------------------------------------------------------
   PRES   HGHT   TEMP   DWPT   RELH   MIXR   DRCT   SKNT   THTA   THTE   THTV
    hPa     m      C      C      %    g/kg    deg   knot     K      K      K 
-----------------------------------------------------------------------------
 1007.0      8   26.6   23.0     81  17.93    330      8  299.1  351.7  302.4
 1000.0     74   26.8   22.7     78  17.72    315      9  299.9  352.0  303.1
  975.0    294   24.8   21.9     84  17.33    320     20  300.1  351.1  303.2
  930.0    706   21.0   20.5     97  16.62    320     25  300.3  349.2  303.3
  925.0    752   20.8   20.2     96  16.40    320     26  300.6  348.9  303.5
  871.0   1275   18.6   18.3     98  15.44    306     24  303.5  349.5  306.3
  850.0   1485   17.0   16.7     98  14.28    300     23  303.9  346.6  306.5
  818.0   1814   15.8   15.6     99  13.82    298     24  306.0  347.7  308.6
  804.0   1961   15.0   14.8     99  13.34    297     24  306.7  347.1  309.1
  800.0   2003   13.4   12.9     97  11.82    297     24  305.4  341.1  307.6
  763.0   2401   11.3    9.7     90   9.98    295     25  307.3  337.7  309.1
  736.0   2703    9.7    7.2     85   8.74    295     29  308.7  335.6  310.3
  725.0   2829    9.0    6.2     83   8.27    292     29  309.3  334.9  310.8
  700.0   3121    9.0    6.6     85   8.81    285     28  312.4  340.0  314.1
  685.0   3300    8.7    5.4     79   8.26    285     27  314.1  340.1  315.6
  677.0   3398    8.6    4.7     76   7.97    284     27  315.0  340.2  316.5
  669.0   3496    8.4    1.4     61   6.37    283     27  315.8  336.2  317.0
  638.0   3886    5.6    3.3     85   7.66    279     26  316.9  341.4  318.4
  579.0   4673    0.6   -0.7     91   6.32    271     24  320.0  340.6  321.2
  570.0   4799    0.3   -1.9     85   5.86    270     24  321.1  340.4  322.3
  558.0   4970    0.0   -3.6     77   5.28    272     24  322.7  340.2  323.7
  521.0   5516   -3.5   -6.2     82   4.64    280     23  324.9  340.5  325.8
  507.0   5731   -4.9   -8.4     76   4.02    283     23  325.7  339.4  326.5
  500.0   5840   -4.7  -12.7     54   2.90    285     23  327.2  337.3  327.8
  490.0   5997   -5.5  -13.0     56   2.88    290     24  328.1  338.2  328.7
  441.0   6816   -9.9  -14.6     69   2.81    274     23  332.6  342.6  333.2
  400.0   7560  -15.3  -18.1     79   2.31    260     23  335.0  343.4  335.5
  387.0   7805  -16.9  -19.7     78   2.08    265     22  336.2  343.8  336.6
  358.0   8383  -20.5  -23.5     77   1.62    280     11  338.9  344.9  339.2
  343.0   8701  -22.5  -25.6     76   1.40    320      9  340.3  345.6  340.6
  323.0   9147  -25.3  -28.5     75   1.14    294      8  342.3  346.7  342.5
  316.0   9305  -26.5  -29.8     74   1.03    285      7  342.8  346.8  343.0
  300.0   9680  -29.3  -32.8     72   0.81    240      9  344.0  347.2  344.1
  291.0   9895  -31.0  -34.3     73   0.72    230     10  344.6  347.5  344.7
  279.0  10191  -33.3  -36.3     74   0.62    190     12  345.4  347.9  345.5
  274.0  10319  -34.3  -37.2     75   0.57    188     12  345.8  348.1  345.9
  267.0  10497  -35.9  -38.7     75   0.51    185     12  346.0  348.1  346.1
  256.0  10787  -38.5  -41.2     75   0.41    195      8  346.4  348.1  346.5
  250.0  10950  -39.9  -42.6     75   0.36    185      8  346.6  348.1  346.7
  245.0  11084  -41.0  -44.0     73   0.32    180     10  346.9  348.2  347.0
  200.0  12430  -52.5  -57.5     55   0.08    140     25  349.5  349.8  349.5
  186.0  12882  -56.7  -61.9     51   0.05    140     19  350.0  350.2  350.0
  153.0  14097  -68.0  -73.9     42   0.01    110     13  350.8  350.9  350.8
  150.0  14220  -69.1  -75.1     42   0.01    105     14  350.9  350.9  350.9
  144.0  14462  -71.1  -77.1     41   0.01    100     18  351.5  351.5  351.5
  138.0  14703  -72.8  -79.1     38   0.01     95     23  352.8  352.8  352.8
  125.0  15264  -76.8  -83.6     33   0.00     70     33  355.6  355.6  355.6
  118.0  15591  -79.2  -86.3     31   0.00     60     37  357.2  357.2  357.2
  112.0  15887  -81.3  -88.7     28   0.00     65     50  358.6  358.6  358.6
  100.0  16530  -85.9  -93.9     23   0.00     70     66  361.5  361.5  361.5
   98.8  16597  -83.1  -93.1     17   0.00     74     61  368.2  368.2  368.2
   90.0  17116  -83.0  -92.4     19   0.00    105     24  378.4  378.4  378.4
   86.0  17369  -82.9  -92.0     20   0.00    115     29  383.4  383.4  383.4
   84.5  17467  -82.9  -91.9     20   0.00    106     26  385.4  385.4  385.4
   81.0  17707  -80.0  -89.8     19   0.00     85     18  396.2  396.2  396.2
   77.0  17995  -76.4  -87.2     17   0.00     20     12  409.3  409.3  409.3
   76.0  18069  -75.5  -86.5     17   0.00    352     12  412.7  412.8  412.7
   75.1  18139  -72.5  -85.5     13   0.00    326     12  420.4  420.4  420.4
   73.0  18304  -73.2  -84.9     15   0.00    265     12  422.5  422.5  422.5
   70.0  18550  -74.1  -84.1     20   0.00    245     19  425.5  425.6  425.5
   68.0  18719  -75.3  -85.3     20   0.00    240     16  426.5  426.5  426.5
   66.0  18893  -75.0  -85.6     18   0.00    235     13  430.7  430.8  430.7
   61.0  19353  -74.3  -86.3     14   0.00    247     11  442.1  442.2  442.2
   60.0  19450  -72.7  -85.8     12   0.00    250     10  447.8  447.8  447.8
   59.1  19539  -71.3  -85.3     11   0.00    246      8  452.9  452.9  452.9
   57.0  19754  -71.4  -85.0     12   0.01    235      4  457.3  457.3  457.3
   54.0  20074  -71.6  -84.5     13   0.01     75      8  464.0  464.0  464.0
   51.0  20413  -71.8  -84.0     15   0.01     35     11  471.1  471.1  471.1
   50.3  20495  -71.9  -83.9     15   0.01     32     12  472.8  472.9  472.8
   50.0  20530  -71.7  -83.7     15   0.01     30     13  474.1  474.2  474.1
   49.0  20650  -70.8  -83.3     14   0.01     10     10  478.9  479.0  478.9
   45.6  21079  -67.7  -81.7     12   0.01     80      9  496.4  496.5  496.4
   44.1  21282  -64.1  -81.1      8   0.01    113      8  510.0  510.1  510.0
   42.0  21581  -64.1  -82.9      6   0.01    160      7  517.2  517.3  517.2
   40.0  21880  -64.0  -84.8      4   0.01    275      3  524.6  524.6  524.6
   36.0  22525  -63.9  -88.8      2   0.00    335      7  540.8  540.9  540.8
   34.0  22875  -63.9  -90.9      1   0.00    345      4  549.9  549.9  549.9
   33.0  23059  -62.3  -93.6      1   0.00     10      6  558.7  558.7  558.7
   32.6  23134  -61.7  -94.7      1   0.00     26      5  562.3  562.4  562.4
   31.0  23446  -61.1  -92.9      1   0.00     90      3  572.1  572.1  572.1
   30.0  23650  -60.7  -91.7      1   0.00    100      7  578.6  578.6  578.6
   28.0  24082  -60.3  -90.3      1   0.00     45     10  591.2  591.3  591.2
   27.0  24310  -60.1  -89.5      1   0.00    355     10  598.0  598.1  598.0
   26.0  24546  -59.9  -88.7      1   0.01    310     10  605.1  605.2  605.1
   25.0  24792  -59.6  -87.9      1   0.01    345      7  612.6  612.7  612.6
   23.0  25314  -59.1  -86.2      2   0.01    270      5  628.8  628.9  628.8
   22.0  25593  -58.9  -85.3      2   0.01    185     12  637.7  637.8  637.7
   20.0  26190  -58.3  -83.3      3   0.02    115     20  657.0  657.2  657.0
   19.2  26448  -56.3  -83.3      2   0.02    107     24  670.9  671.1  670.9
   19.0                                       105     25                     
</PRE><H3>Station information and sounding indices</H3><PRE>
                         Station identifier: WIII
                             Station number: 96749
                           Observation time: 210207/0000
                           Station latitude: -6.11
                          Station longitude: 106.65
                          Station elevation: 8.0
                            Showalter index: -0.40
                               Lifted index: -2.04
    LIFT computed using virtual temperature: -2.60
                                SWEAT index: 269.40
                                    K index: 36.00
                         Cross totals index: 21.40
                      Vertical totals index: 21.70
                        Totals totals index: 43.10
      Convective Available Potential Energy: 770.14
             CAPE using virtual temperature: 878.70
                      Convective Inhibition: -1.09
             CINS using virtual temperature: -0.58
                           Equilibrum Level: 148.73
 Equilibrum Level using virtual temperature: 148.66
                   Level of Free Convection: 931.52
             LFCT using virtual temperature: 933.91
                     Bulk Richardson Number: 47.64
          Bulk Richardson Number using CAPV: 54.36
  Temp [K] of the Lifted Condensation Level: 294.49
Pres [hPa] of the Lifted Condensation Level: 937.16
   Equivalent potential temp [K] of the LCL: 351.11
     Mean mixed layer potential temperature: 300.02
              Mean mixed layer mixing ratio: 17.40
              1000 hPa to 500 hPa thickness: 5766.00
Precipitable water [mm] for entire sounding: 60.91
</PRE>
<P>Description of the 
<A HREF="/upperair/columns.html">data columns</A>
or <A HREF="/upperair/indices.html">sounding indices</A>.

<P>
<FORM>
<INPUT CLASS="button" TYPE="button" VALUE=" Close this window " 
 onClick="window.close();">
<INPUT CLASS="button" TYPE="button" VALUE=" Select another map " 
 onClick="window.blur();">
</FORM>
<HR SIZE="1">
<I>Interested in graduate studies in atmospheric science?
Check out our program at the
<a href="http://www.uwyo.edu/atsc/howtoapply/"
target=_top>University of Wyoming
</a></I>
<HR SIZE="1"><FONT SIZE="-1">
Questions about the weather data provided by this site can be
addressed to <A HREF="mailto:ldoolman@uwyo.edu">
Larry Oolman (ldoolman@uwyo.edu)</A></FONT>
<HR SIZE="1">
<SCRIPT TYPE="text/javascript">
<!--
window.focus();
// -->
</SCRIPT>
</BODY>
</HTML>
