2016-07-20 12
<HTML>
<TITLE>University of Wyoming - Radiosonde Data</TITLE>
<BODY BGCOLOR="white">
<H2>96749 WIII Jakarta Observations at 00Z 20 Jul 2016</H2>
<PRE>
-----------------------------------------------------------------------------
   PRES   HGHT   TEMP   DWPT   RELH   MIXR   DRCT   SKNT   THTA   THTE   THTV
    hPa     m      C      C      %    g/kg    deg   knot     K      K      K 
-----------------------------------------------------------------------------
 1009.0      8   24.8   22.6     88  17.45    250      4  297.2  347.9  300.3
 1008.0     17   24.6   20.4     77  15.21    246      5  297.1  341.2  299.8
 1000.0     85   24.8   20.5     77  15.43    215      9  297.9  342.9  300.7
  985.0    218   25.4   19.4     69  14.61    218     10  299.8  342.8  302.5
  943.0    600   23.8   17.0     66  13.09    225     14  302.0  340.8  304.3
  933.0    693   23.4   16.4     65  12.73    225     14  302.5  340.4  304.8
  925.0    768   22.8   16.8     69  13.18    225     14  302.6  341.9  305.0
  854.0   1459   17.4   14.2     81  12.06    225     13  303.9  340.1  306.1
  850.0   1499   17.2   14.0     81  11.96    225     13  304.1  340.0  306.3
  792.0   2096   14.1   11.6     84  10.92    260     19  307.1  340.3  309.1
  700.0   3140    8.8    7.3     90   9.25    265     15  312.2  341.0  313.9
  687.0   3295    7.7    6.4     92   8.88    260     14  312.6  340.4  314.3
  682.0   3356    7.2    6.1     93   8.73    256     13  312.8  340.1  314.4
  656.0   3677    6.6    3.5     81   7.56    235      9  315.6  339.6  317.0
  615.0   4202    3.1    1.2     87   6.86    200      2  317.5  339.5  318.8
  593.0   4499    1.2   -0.0     92   6.48     20      1  318.5  339.5  319.8
  580.0   4679    0.0   -0.8     94   6.26     31      3  319.1  339.5  320.4
  530.0   5399   -3.0   -6.1     79   4.60     75      9  323.9  339.3  324.8
  522.0   5520   -3.5   -7.0     77   4.36     71      9  324.7  339.4  325.5
  508.0   5735   -5.3   -7.0     88   4.48     64      8  325.0  340.1  325.9
  500.0   5860   -5.7   -8.2     83   4.15     60      8  326.0  340.1  326.8
  488.0   6050   -6.7  -11.4     69   3.30     55      8  327.1  338.4  327.7
  463.0   6460   -8.5  -11.2     81   3.53     44      9  329.8  342.0  330.5
  455.0   6596   -9.7  -12.7     79   3.18     40      9  329.9  341.0  330.6
  454.0   6613   -9.7  -14.7     67   2.71     40      9  330.1  339.7  330.7
  444.0   6784  -10.7  -13.6     79   3.03     35      9  331.0  341.6  331.6
  428.0   7066  -12.5  -19.5     56   1.92     27      9  332.2  339.1  332.6
  419.0   7228  -13.5  -19.5     61   1.96     23     10  332.9  340.0  333.3
  411.0   7375  -14.7  -16.1     89   2.66     19     10  333.2  342.7  333.7
  404.0   7505  -15.5  -17.1     88   2.49     15     10  333.8  342.8  334.3
  400.0   7580  -15.9  -17.7     86   2.39     20     10  334.2  342.9  334.7
  398.0   7618  -16.1  -17.7     87   2.41     20     10  334.4  343.1  334.9
  396.0   7656  -16.3  -17.8     88   2.40     21     10  334.7  343.3  335.2
  395.0   7675  -16.5  -17.9     89   2.38     21     10  334.7  343.2  335.1
  394.0   7694  -16.5  -18.1     87   2.35     21     10  334.9  343.4  335.4
  393.0   7713  -16.7  -18.7     84   2.24     22     10  334.9  343.0  335.3
  392.0   7732  -16.5  -25.5     46   1.23     22     10  335.4  340.0  335.6
  388.0   7809  -17.1  -21.5     69   1.78     23      9  335.6  342.1  335.9
  374.0   8083  -18.5  -24.5     59   1.41     26      9  337.3  342.6  337.6
  358.0   8407  -20.7  -25.4     66   1.37     30      8  338.6  343.8  338.9
  348.0   8617  -22.1  -25.9     71   1.34     19      6  339.4  344.5  339.7
  344.0   8700  -22.7  -26.7     70   1.26     15      5  339.7  344.6  340.0
  317.0   9291  -26.9  -32.1     61   0.83     35      5  342.0  345.2  342.1
  304.0   9594  -29.0  -34.8     57   0.66     10      6  343.1  345.7  343.2
  300.0   9690  -29.7  -35.7     56   0.61     15      7  343.4  345.9  343.5
  295.0   9810  -30.7  -35.7     61   0.62     25      8  343.6  346.1  343.8
  281.0  10156  -33.3  -42.3     40   0.33     56     10  344.7  346.1  344.8
  279.0  10205  -33.7  -42.5     41   0.33     60     10  344.8  346.2  344.9
  256.0  10805  -38.6  -44.3     55   0.29     70     11  346.2  347.5  346.3
  250.0  10970  -39.9  -44.8     59   0.28     60     14  346.6  347.8  346.7
  234.0  11409  -43.8                          40     20  347.3         347.3
  200.0  12450  -53.1                          30     27  348.5         348.5
  177.0  13206  -60.1                          30     22  349.5         349.5
  150.0  14230  -69.5                          45     22  350.2         350.2
  141.0  14593  -73.3                          49     15  349.8         349.8
  138.0  14716  -74.1                          50     12  350.5         350.5
  118.0  15610  -80.1                          60     18  355.5         355.5
  106.0  16213  -80.0                          35     25  366.8         366.8
  100.0  16540  -79.9                          45     32  373.1         373.1
   91.0  17076  -80.9                          70     39  381.3         381.3
   90.9  17082  -80.9                          70     39  381.4         381.4
   86.3  17378  -77.9                          56     25  393.2         393.2
   86.0  17399  -76.6                          55     24  396.2         396.2
   84.9  17474  -71.7                          16     19  407.6         407.6
   82.0  17681  -70.7                         270      4  413.6         413.6
   81.3  17732  -70.5                         262      6  415.1         415.1
   78.0  17975  -72.5                         225     14  416.0         416.0
   70.1  18602  -77.5                         185     14  418.1         418.1
   70.0  18610  -77.5                         185     14  418.3         418.3
   67.0  18862  -77.0                          95      8  424.7         424.7
   65.7  18974  -76.7                          85     12  427.6         427.6
   63.0  19219  -72.8                          65     20  441.5         441.5
   62.7  19247  -72.3                          67     21  443.1         443.1
   60.0  19506  -72.1                          85     28  449.1         449.1
   56.0  19913  -71.9                          85     36  458.6         458.6
   53.1  20228  -70.5                          85     43  468.8         468.8
   52.0  20354  -68.7                          85     45  475.9         475.9
   50.3  20554  -65.7                          85     42  487.4         487.4
   50.0  20590  -65.1                          85     41  489.7         489.7
   47.0  20977  -55.1                          80     26  522.4         522.4
   46.6  21031  -53.7                          75     22  527.0         527.0
   45.0  21254  -54.0                          55      8  531.4         531.4
   43.0  21544  -54.5                         240      7  537.3         537.3
   39.0  22169  -55.5                         235      7  550.0         550.0
   37.3  22453  -55.9                                     556.0         556.0
</PRE><H3>Station information and sounding indices</H3><PRE>
                         Station identifier: WIII
                             Station number: 96749
                           Observation time: 160720/0000
                           Station latitude: -6.11
                          Station longitude: 106.65
                          Station elevation: 8.0
                            Showalter index: 1.18
                               Lifted index: 0.29
    LIFT computed using virtual temperature: 0.17
                                SWEAT index: 201.99
                                    K index: 35.40
                         Cross totals index: 19.70
                      Vertical totals index: 22.90
                        Totals totals index: 42.60
      Convective Available Potential Energy: 7.65
             CAPE using virtual temperature: 11.95
                      Convective Inhibition: -159.21
             CINS using virtual temperature: -124.68
                           Equilibrum Level: 507.78
 Equilibrum Level using virtual temperature: 504.80
                   Level of Free Convection: 607.37
             LFCT using virtual temperature: 685.48
                     Bulk Richardson Number: 3.69
          Bulk Richardson Number using CAPV: 5.76
  Temp [K] of the Lifted Condensation Level: 291.03
Pres [hPa] of the Lifted Condensation Level: 902.90
   Equivalent potential temp [K] of the LCL: 342.17
     Mean mixed layer potential temperature: 299.67
              Mean mixed layer mixing ratio: 14.52
              1000 hPa to 500 hPa thickness: 5775.00
Precipitable water [mm] for entire sounding: 55.64
</PRE>
<P>Description of the 
<A HREF="/upperair/columns.html">data columns</A>
or <A HREF="/upperair/indices.html">sounding indices</A>.

<P>
<FORM>
<INPUT CLASS="button" TYPE="button" VALUE=" Close this window " 
 onClick="window.close();">
<INPUT CLASS="button" TYPE="button" VALUE=" Select another map " 
 onClick="window.blur();">
</FORM>
<HR SIZE="1">
<I>Interested in graduate studies in atmospheric science?
Check out our program at the
<a href="http://www.uwyo.edu/atsc/howtoapply/"
target=_top>University of Wyoming
</a></I>
<HR SIZE="1"><FONT SIZE="-1">
Questions about the weather data provided by this site can be
addressed to <A HREF="mailto:ldoolman@uwyo.edu">
Larry Oolman (ldoolman@uwyo.edu)</A></FONT>
<HR SIZE="1">
<SCRIPT TYPE="text/javascript">
<!--
window.focus();
// -->
</SCRIPT>
</BODY>
</HTML>
