2022-07-10 00
<HTML>
<TITLE>University of Wyoming - Radiosonde Data</TITLE>
<BODY BGCOLOR="white">
<H2>96749 WIII Jakarta Observations at 00Z 10 Jul 2022</H2>
<PRE>
-----------------------------------------------------------------------------
   PRES   HGHT   TEMP   DWPT   RELH   MIXR   DRCT   SKNT   THTA   THTE   THTV
    hPa     m      C      C      %    g/kg    deg   knot     K      K      K 
-----------------------------------------------------------------------------
 1008.0      8   22.6   20.1     86  14.92    190      3  295.1  338.0  297.7
 1007.0     17   24.2   19.3     74  14.20    184      3  296.8  337.9  299.3
 1000.0     77   24.4   19.4     74  14.39    140      6  297.6  339.4  300.1
  990.0    166   25.2   18.2     65  13.46    134      7  299.2  338.7  301.6
  942.0    604   23.1   16.1     65  12.41    105      9  301.4  338.2  303.6
  925.0    764   22.4   15.4     65  12.03    110     10  302.2  338.0  304.4
  911.0    896   21.5   14.5     64  11.52    110     11  302.6  337.0  304.7
  850.0   1494   17.4   10.4     63   9.40    120     14  304.4  332.8  306.1
  849.0   1504   17.4   10.3     63   9.36    120     14  304.4  332.7  306.1
  817.0   1831   15.6    7.6     59   8.08    144     11  305.9  330.6  307.4
  791.0   2105   13.4    9.5     77   9.51    165      8  306.4  335.4  308.2
  750.0   2552   12.4   -7.6     24   2.89    116      7  310.0  319.4  310.6
  737.0   2698   11.7   -7.4     26   2.99    100      7  310.8  320.5  311.3
  736.0   2709   11.6   -7.4     26   2.99    100      7  310.8  320.6  311.4
  720.0   2892   10.8    3.8     62   7.03     93     10  311.9  334.0  313.2
  700.0   3127   10.4    3.4     62   7.03     85     13  314.0  336.3  315.3
  696.0   3175   10.2    4.2     66   7.48     84     12  314.3  338.0  315.7
  686.0   3295    9.9   -0.1     50   5.59     80     11  315.3  333.3  316.3
  681.0   3356    9.8   -2.2     43   4.80     77     11  315.8  331.4  316.7
  680.0   3368    9.6   -2.4     43   4.74     76     11  315.7  331.1  316.6
  676.0   3417   10.2  -12.8     18   2.12     74     11  316.9  324.1  317.3
  661.0   3604   10.0   -8.8     26   2.99     65     12  318.7  328.8  319.3
  658.0   3641   10.0   -8.0     27   3.20     65     12  319.1  329.9  319.7
  644.0   3820    8.8   -4.2     40   4.37     65     10  319.7  334.2  320.6
  638.0   3897    8.4   -6.6     34   3.68     65      9  320.1  332.4  320.8
  629.0   4014    7.8  -10.2     27   2.81     63      9  320.7  330.3  321.3
  571.0   4801    1.8   -8.5     46   3.54     50      8  322.7  334.6  323.4
  555.0   5032    0.0   -8.0     55   3.79     73     10  323.2  336.0  323.9
  550.0   5104   -0.5   -8.2     56   3.77     80     11  323.5  336.2  324.2
  530.0   5398   -2.3   -9.0     60   3.67     95      8  324.7  337.1  325.4
  510.0   5703   -4.3   -9.9     65   3.56     55     12  325.9  338.1  326.6
  500.0   5860   -5.3  -10.3     68   3.51     50     18  326.5  338.6  327.2
  455.0   6598  -10.2  -14.6     70   2.73     65     25  329.3  338.9  329.9
  447.0   6736  -11.1  -15.4     71   2.60     70     27  329.8  339.0  330.4
  438.0   6893  -12.0  -19.0     56   1.96     75     30  330.6  337.6  331.0
  428.0   7071  -13.1  -23.1     43   1.40     76     33  331.4  336.6  331.7
  425.0   7125  -13.3  -24.3     39   1.27     77     33  331.8  336.5  332.1
  419.0   7234  -12.3  -36.3     12   0.41     77     35  334.4  336.1  334.5
  415.0   7307  -12.1  -46.1      4   0.15     78     36  335.6  336.2  335.6
  400.0   7590  -13.3  -45.3      5   0.17     80     40  337.6  338.3  337.6
  384.0   7899  -15.1  -50.1      3   0.10     83     40  339.2  339.6  339.2
  327.0   9090  -23.9  -46.9     10   0.17     94     40  343.0  343.8  343.1
  300.0   9710  -29.7  -45.7     20   0.21    100     40  343.4  344.3  343.4
  292.0   9901  -31.6  -46.0     23   0.21    100     39  343.3  344.2  343.4
  290.0   9950  -32.1  -46.1     24   0.21     99     39  343.3  344.2  343.4
  278.0  10247  -33.3  -53.3     12   0.10     92     38  345.8  346.2  345.8
  250.0  10980  -40.5  -51.5     30   0.13     75     35  345.7  346.3  345.7
  246.0  11090  -41.1  -52.1     29   0.13     75     34  346.4  347.0  346.4
  200.0  12460  -52.5  -66.5     17   0.02     60     40  349.5  349.6  349.5
  187.0  12888  -56.2  -69.6     17   0.02     60     45  350.3  350.4  350.3
  180.0  13131  -58.3  -71.3     17   0.01     56     49  350.7  350.8  350.7
  170.0  13486  -61.5  -72.0     23   0.01     50     55  351.2  351.2  351.2
  164.0  13709  -63.5  -72.5     28   0.01     50     54  351.4  351.5  351.4
  150.0  14250  -67.7  -79.7     17   0.00     50     53  353.3  353.3  353.3
  146.0  14413  -68.0  -84.0      9   0.00     65     49  355.5  355.5  355.5
  145.0  14454  -68.1  -85.1      7   0.00     67     49  356.0  356.0  356.0
  139.0  14702  -70.4  -86.1      8   0.00     80     47  356.3  356.3  356.3
  120.0  15563  -78.5  -89.5     16   0.00     99     43  356.7  356.7  356.7
  119.0  15610  -78.7  -89.7     16   0.00    100     43  357.2  357.2  357.2
  113.0  15901  -80.1  -90.8     16   0.00    105     49  360.0  360.0  360.0
  107.0  16209  -81.5  -91.9     16   0.00    105     54  362.9  362.9  362.9
  102.0  16478  -82.8  -92.9     17   0.00    105     46  365.5  365.5  365.5
  100.0  16590  -83.3  -93.3     17   0.00    105     42  366.5  366.6  366.5
   96.0  16816  -82.9  -92.9     17   0.00    110     46  371.6  371.6  371.6
   87.0  17376  -74.3  -89.7      8   0.00     55     14  399.5  399.5  399.5
   86.0  17442  -73.3  -89.3      7   0.00     43     12  402.8  402.9  402.8
   82.0  17721  -71.4  -90.6      4   0.00    355      4  412.3  412.3  412.3
   81.0  17793  -70.9  -90.9      4   0.00    359      4  414.7  414.7  414.7
   78.0  18015  -71.6  -93.3      3   0.00     10      5  417.8  417.8  417.8
   74.0  18324  -72.5  -96.7      2   0.00     45      4  422.1  422.1  422.1
   72.6  18436  -72.9  -97.9      1   0.00     47      7  423.7  423.7  423.7
   71.0  18567  -71.3  -97.5      1   0.00     50     11  429.8  429.8  429.8
   70.0  18650  -70.3  -97.3      1   0.00     55     12  433.7  433.7  433.7
   69.6  18684  -69.7  -96.7      1   0.00     57     12  435.6  435.7  435.6
   61.0  19467  -71.5 -101.8      0   0.00    105     23  448.4  448.4  448.4
   59.2  19645  -71.9 -102.9      0   0.00     93     26  451.3  451.3  451.3
   58.0  19767  -71.5 -102.6      0   0.00     85     28  454.9  454.9  454.9
   50.3  20614  -68.7 -100.7      0   0.00     95     41  480.4  480.4  480.4
   50.0  20650  -68.5 -100.5      0   0.00     95     42  481.6  481.7  481.6
   45.0  21289  -65.0  -97.8      0   0.00     80     48  504.8  504.8  504.8
   43.2  21537  -63.7  -96.7      0   0.00     84     51  514.0  514.0  514.0
   43.0  21565  -63.2  -96.4      0   0.00     85     51  515.9  515.9  515.9
   41.9  21725  -60.5  -94.5      0   0.00     88     52  526.4  526.4  526.4
   41.0  21863  -59.6  -93.8      0   0.00     90     52  531.8  531.8  531.8
   37.0  22512  -55.6  -90.4      1   0.00     85     15  557.9  558.0  557.9
   35.4  22792  -53.9  -88.9      1   0.00    196      9  569.5  569.6  569.5
   35.0  22865  -54.0  -89.0      1   0.00    225      7  571.0  571.0  571.0
   34.0  23050  -54.4  -89.4      1   0.00    225     13  574.8  574.9  574.9
   32.0  23437  -55.1  -90.1      1   0.00    200     11  582.9  583.0  582.9
   31.0  23640  -55.5  -90.5      1   0.00    185      5  587.2  587.2  587.2
   30.0  23850  -55.9  -90.9      1   0.00      0      1  591.6  591.7  591.7
   29.9  23871  -55.9  -90.9      1   0.00    358      2  592.2  592.2  592.2
   29.0  24068  -55.0  -92.1      0   0.00    335      7  599.9  600.0  599.9
   28.0  24293  -53.9  -93.4      0   0.00    310     22  608.9  608.9  608.9
   27.0  24527  -52.9  -94.8      0   0.00    300     23  618.3  618.3  618.3
   25.8  24819  -51.5  -96.5      0   0.00                630.2  630.2  630.2
</PRE><H3>Station information and sounding indices</H3><PRE>
                         Station identifier: WIII
                             Station number: 96749
                           Observation time: 220710/0000
                           Station latitude: -6.11
                          Station longitude: 106.65
                          Station elevation: 8.0
                            Showalter index: 4.74
                               Lifted index: 2.19
    LIFT computed using virtual temperature: 2.06
                                SWEAT index: 170.82
                                    K index: 26.10
                         Cross totals index: 15.70
                      Vertical totals index: 22.70
                        Totals totals index: 38.40
      Convective Available Potential Energy: 0.00
             CAPE using virtual temperature: 0.00
                      Convective Inhibition: 0.00
             CINS using virtual temperature: 0.00
                     Bulk Richardson Number: 0.00
          Bulk Richardson Number using CAPV: 0.00
  Temp [K] of the Lifted Condensation Level: 289.57
Pres [hPa] of the Lifted Condensation Level: 890.76
   Equivalent potential temp [K] of the LCL: 338.50
     Mean mixed layer potential temperature: 299.32
              Mean mixed layer mixing ratio: 13.39
              1000 hPa to 500 hPa thickness: 5783.00
Precipitable water [mm] for entire sounding: 39.71
</PRE>
<P>Description of the 
<A HREF="/upperair/columns.html">data columns</A>
or <A HREF="/upperair/indices.html">sounding indices</A>.

<P>
<FORM>
<INPUT CLASS="button" TYPE="button" VALUE=" Close this window " 
 onClick="window.close();">
<INPUT CLASS="button" TYPE="button" VALUE=" Select another map " 
 onClick="window.blur();">
</FORM>
<HR SIZE="1">
<I>Interested in graduate studies in atmospheric science?
Check out our program at the
<a href="http://www.uwyo.edu/atsc/howtoapply/"
target=_top>University of Wyoming
</a></I>
<HR SIZE="1"><FONT SIZE="-1">
Questions about the weather data provided by this site can be
addressed to <A HREF="mailto:ldoolman@uwyo.edu">
Larry Oolman (ldoolman@uwyo.edu)</A></FONT>
<HR SIZE="1">
<SCRIPT TYPE="text/javascript">
<!--
window.focus();
// -->
</SCRIPT>
</BODY>
</HTML>
