2019-01-15 12
<HTML>
<TITLE>University of Wyoming - Radiosonde Data</TITLE>
<BODY BGCOLOR="white">
<H2>96749 WIII Jakarta Observations at 00Z 15 Jan 2019</H2>
<PRE>
-----------------------------------------------------------------------------
   PRES   HGHT   TEMP   DWPT   RELH   MIXR   DRCT   SKNT   THTA   THTE   THTV
    hPa     m      C      C      %    g/kg    deg   knot     K      K      K 
-----------------------------------------------------------------------------
 1009.0      8   25.2   24.2     94  19.27    270      4  297.6  353.7  301.0
 1000.0     89   25.2   22.6     86  17.61    270      8  298.4  349.8  301.5
  976.0    301   24.1   21.5     85  16.83    290     12  299.4  348.7  302.4
  925.0    769   21.8   19.0     84  15.19    285     11  301.6  346.5  304.3
  850.0   1504   18.0   13.8     76  11.80    280      7  305.0  340.5  307.1
  821.0   1798   16.6   12.4     76  11.11    285      4  306.5  340.2  308.6
  793.0   2093   15.1   10.9     76  10.46    310      2  308.0  340.0  310.0
  765.0   2398   13.7    9.5     76   9.81    280      2  309.6  339.9  311.4
  739.0   2691   12.2    8.0     76   9.21    330      6  311.1  339.8  312.9
  713.0   2995   10.8    6.6     75   8.62     35      5  312.7  339.7  314.3
  700.0   3151   10.0    5.8     75   8.33     25      5  313.5  339.7  315.1
  693.0   3235    9.8    5.6     75   8.30     19      5  314.2  340.4  315.8
  688.0   3294    9.5    5.3     75   8.19     15      5  314.5  340.4  316.0
  639.0   3896    6.0    2.3     77   7.13     45      7  317.3  340.1  318.6
  616.0   4195    4.3    0.8     78   6.64     40      7  318.6  340.1  319.9
  594.0   4492    2.6   -0.7     79   6.18     50      5  320.0  340.1  321.2
  572.0   4800    0.8   -2.2     80   5.73     35      4  321.4  340.2  322.5
  562.0   4943    0.0   -2.9     81   5.53     37      5  322.0  340.3  323.1
  531.0   5393   -2.5   -5.4     80   4.84     45      8  324.3  340.6  325.3
  500.0   5870   -5.1   -8.1     79   4.18     15      5  326.8  341.0  327.6
  492.0   5996   -5.9   -8.5     82   4.12     10      3  327.2  341.3  328.1
  473.0   6303   -8.0   -9.4     90   3.99     80      2  328.4  342.1  329.2
  465.0   6437   -8.9   -9.8     93   3.93     69      3  328.9  342.4  329.7
  438.0   6898  -10.9  -12.7     87   3.32     30      6  332.0  343.7  332.7
  433.0   6986  -11.3  -13.2     86   3.21     29      6  332.6  343.9  333.2
  421.0   7200  -12.8  -14.5     87   2.97     25      5  333.4  343.9  334.0
  405.0   7495  -14.8  -16.3     88   2.65    350      3  334.4  343.9  335.0
  400.0   7590  -15.5  -16.9     89   2.56    305      5  334.8  344.0  335.3
  389.0   7798  -16.8  -18.6     86   2.28    295      8  335.8  344.1  336.3
  359.0   8396  -20.4  -23.5     76   1.62    295      7  338.8  344.8  339.1
  350.0   8585  -21.5  -25.0     73   1.44    311      6  339.7  345.1  340.0
  331.0   8992  -25.0  -26.9     84   1.28    345      3  340.4  345.2  340.6
  324.0   9148  -26.3  -27.7     88   1.22    355      2  340.6  345.3  340.9
  317.0   9306  -27.1  -30.2     75   0.99      5      1  341.7  345.5  341.9
  315.0   9351  -27.3  -30.9     71   0.93      4      1  342.0  345.6  342.2
  304.0   9605  -29.5  -32.9     72   0.80      0      1  342.4  345.5  342.6
  300.0   9700  -30.3  -33.6     73   0.75    145      2  342.6  345.5  342.7
  292.0   9892  -32.0  -34.4     79   0.71    130      3  342.7  345.6  342.9
  289.0   9965  -32.7  -34.7     82   0.70    122      3  342.8  345.6  343.0
  268.0  10489  -36.8  -40.5     68   0.42     60      4  344.3  346.1  344.4
  256.0  10807  -39.3  -44.0     61   0.30     65      5  345.2  346.5  345.3
  253.0  10889  -39.9  -44.9     59   0.28     55      5  345.4  346.6  345.5
  250.0  10970  -40.5                          45      5  345.7         345.7
  245.0  11104  -41.7                          40      5  345.9         345.9
  235.0  11380  -44.2                          50      5  346.4         346.4
  214.0  12001  -49.7                          95      8  347.1         347.1
  200.0  12450  -53.7                         100     15  347.6         347.6
  169.0  13509  -63.1                         130     16  349.1         349.1
  163.0  13736  -65.1                         121     21  349.4         349.4
  150.0  14240  -68.5                         100     31  351.9         351.9
  139.0  14676  -71.4                          95     47  354.5         354.5
  100.0  16560  -84.1                          95     47  365.0         365.0
   96.0  16787  -82.6                         100     52  372.2         372.2
   93.6  16929  -81.7                          93     51  376.7         376.7
   87.4  17311  -83.1                          74     49  381.3         381.3
   86.0  17402  -81.8                          70     49  385.6         385.6
   82.4  17643  -78.5                          61     19  397.2         397.2
   82.0  17671  -78.7                          60     16  397.4         397.4
   77.0  18024  -80.7                          40      6  400.3         400.3
   73.0  18324  -82.5                         160      2  402.7         402.7
   70.0  18560  -83.9                         150     11  404.6         404.6
   66.0  18892  -82.1                         120      7  415.3         415.3
   63.0  19155  -80.8                         125     16  423.9         423.9
   56.9  19730  -77.7                          99     38  443.3         443.3
   56.0  19823  -76.1                          95     41  449.0         449.0
   53.6  20078  -71.7                          93     42  464.8         464.8
   51.0  20373  -71.1                          90     44  472.8         472.8
   50.0  20490  -70.9                          85     44  476.0         476.0
   49.4  20561  -70.9                          85     40  477.6         477.6
   48.0  20733  -67.7                          85     30  489.2         489.2
   47.4  20808  -66.3                          92     27  494.3         494.3
   46.0  20988  -66.9                         110     19  497.0         497.0
   44.0  21256  -67.9                         115     26  501.0         501.0
   42.0  21536  -66.9                          90     13  510.2         510.2
   40.5  21754  -66.1                          23      4  517.5         517.5
   40.0  21830  -64.3                           0      1  523.9         523.9
   39.3  21938  -61.7                         319      4  533.1         533.1
   38.0  22148  -60.8                         240     11  540.6         540.6
   36.0  22486  -59.3                         185     17  552.9         552.9
   34.0  22843  -57.7                         190      9  566.2         566.2
   33.0  23030  -56.8                         285      5  573.3         573.3
   32.6  23106  -56.5                         258      5  576.2         576.2
   31.0  23423  -57.2                         145      5  582.6         582.6
   30.0  23630  -57.7                         145      7  586.8         586.8
   28.0  24064  -58.4                         265     13  596.5         596.5
   27.7  24132  -58.5                         263     14  598.0         598.0
   25.0  24779  -57.8                         245     19  618.0         618.0
   22.0  25586  -56.8                         190      5  643.7         643.7
   21.6  25702  -56.7                                     647.5         647.5
</PRE><H3>Station information and sounding indices</H3><PRE>
                         Station identifier: WIII
                             Station number: 96749
                           Observation time: 190115/0000
                           Station latitude: -6.11
                          Station longitude: 106.65
                          Station elevation: 8.0
                            Showalter index: 1.58
                               Lifted index: -1.72
    LIFT computed using virtual temperature: -2.02
                                SWEAT index: 184.58
                                    K index: 32.70
                         Cross totals index: 18.90
                      Vertical totals index: 23.10
                        Totals totals index: 42.00
      Convective Available Potential Energy: 474.31
             CAPE using virtual temperature: 555.76
                      Convective Inhibition: -47.06
             CINS using virtual temperature: -24.72
                           Equilibrum Level: 175.49
 Equilibrum Level using virtual temperature: 174.48
                   Level of Free Convection: 746.01
             LFCT using virtual temperature: 842.33
                     Bulk Richardson Number: 62.18
          Bulk Richardson Number using CAPV: 72.85
  Temp [K] of the Lifted Condensation Level: 294.35
Pres [hPa] of the Lifted Condensation Level: 945.41
   Equivalent potential temp [K] of the LCL: 349.09
     Mean mixed layer potential temperature: 299.12
              Mean mixed layer mixing ratio: 17.10
              1000 hPa to 500 hPa thickness: 5781.00
Precipitable water [mm] for entire sounding: 58.21
</PRE>
<P>Description of the 
<A HREF="/upperair/columns.html">data columns</A>
or <A HREF="/upperair/indices.html">sounding indices</A>.

<P>
<FORM>
<INPUT CLASS="button" TYPE="button" VALUE=" Close this window " 
 onClick="window.close();">
<INPUT CLASS="button" TYPE="button" VALUE=" Select another map " 
 onClick="window.blur();">
</FORM>
<HR SIZE="1">
<I>Interested in graduate studies in atmospheric science?
Check out our program at the
<a href="http://www.uwyo.edu/atsc/howtoapply/"
target=_top>University of Wyoming
</a></I>
<HR SIZE="1"><FONT SIZE="-1">
Questions about the weather data provided by this site can be
addressed to <A HREF="mailto:ldoolman@uwyo.edu">
Larry Oolman (ldoolman@uwyo.edu)</A></FONT>
<HR SIZE="1">
<SCRIPT TYPE="text/javascript">
<!--
window.focus();
// -->
</SCRIPT>
</BODY>
</HTML>
