2021-04-17 00
<HTML>
<TITLE>University of Wyoming - Radiosonde Data</TITLE>
<BODY BGCOLOR="white">
<H2>96749 WIII Jakarta Observations at 00Z 17 Apr 2021</H2>
<PRE>
-----------------------------------------------------------------------------
   PRES   HGHT   TEMP   DWPT   RELH   MIXR   DRCT   SKNT   THTA   THTE   THTV
    hPa     m      C      C      %    g/kg    deg   knot     K      K      K 
-----------------------------------------------------------------------------
 1011.0      8   25.8   23.4     87  18.30    210      2  298.0  351.4  301.3
 1000.0    100   26.2   22.3     79  17.28    155      4  299.4  350.0  302.4
  997.0    127   26.4   22.2     78  17.23    150      4  299.8  350.4  302.9
  978.0    298   25.3   22.6     85  17.98    120      4  300.4  353.3  303.6
  966.0    408   24.6   22.8     90  18.47    114      5  300.7  355.2  304.0
  925.0    791   22.6   18.3     77  14.52     95      9  302.4  345.6  305.0
  917.0    866   22.0   17.1     74  13.56     95      8  302.6  342.9  305.0
  913.0    904   21.7   17.5     77  13.94     95      8  302.6  344.1  305.1
  896.0   1067   20.4   19.0     92  15.69    121      7  302.9  349.6  305.8
  852.0   1500   18.1   16.3     89  13.90    190      4  304.9  346.6  307.4
  850.0   1520   18.0   16.2     89  13.82    185      4  305.0  346.5  307.5
  822.0   1808   17.6   12.6     72  11.27    171      6  307.5  341.8  309.6
  763.0   2441   12.4   11.4     94  11.22    138     10  308.5  342.8  310.6
  740.0   2697   10.8    9.7     93  10.31    125     12  309.5  341.2  311.4
  714.0   2996    9.0    7.7     92   9.32    125      8  310.7  339.6  312.4
  700.0   3161    8.0    6.6     91   8.81    125      9  311.3  338.7  313.0
  691.0   3268    7.4    6.1     91   8.62    121     10  311.8  338.7  313.4
  674.0   3473    7.4    4.4     81   7.84    114     11  314.0  338.8  315.5
  664.0   3595    6.5    3.9     83   7.66    110     12  314.4  338.6  315.8
  650.0   3770    5.2    3.1     86   7.41    110     12  314.8  338.3  316.2
  626.0   4076    4.0    1.1     81   6.67    109     12  316.8  338.2  318.1
  603.0   4380    2.6   -3.4     65   4.96    108     12  318.6  334.9  319.6
  597.0   4460    2.0   -4.0     64   4.79    108     12  318.8  334.6  319.8
  595.0   4487    2.0   -6.0     55   4.13    108     12  319.1  332.8  319.9
  589.0   4569    2.0  -14.0     29   2.21    108     12  320.1  327.7  320.5
  585.0   4624    2.6  -17.4     21   1.68    108     12  321.4  327.3  321.7
  557.0   5017    0.0  -23.0     16   1.09    107     12  322.9  326.8  323.1
  511.0   5698   -4.5  -25.2     18   0.98    105     12  325.4  329.0  325.6
  500.0   5870   -5.7  -25.7     19   0.95    100     10  326.0  329.5  326.2
  492.0   5995   -6.5  -27.4     17   0.83    100      9  326.5  329.6  326.7
  454.0   6618  -10.7  -35.7     11   0.40    113      7  328.9  330.4  329.0
  448.0   6720  -11.3  -36.3     11   0.39    115      7  329.4  330.9  329.4
  445.0   6772  -11.5  -36.5     11   0.38    116      7  329.8  331.2  329.8
  442.0   6823  -12.1  -27.1     28   0.94    117      7  329.6  333.2  329.8
  441.0   6841  -12.3  -23.3     39   1.33    118      7  329.6  334.5  329.9
  438.0   6893  -12.5  -31.5     19   0.63    119      7  330.0  332.4  330.1
  436.0   6928  -12.7  -26.7     30   0.99    119      7  330.2  333.9  330.4
  428.0   7069  -13.5  -30.5     22   0.71    122      6  330.9  333.6  331.0
  426.0   7104  -13.7  -28.7     27   0.84    123      6  331.1  334.3  331.2
  421.0   7194  -13.7  -31.7     20   0.64    125      6  332.2  334.7  332.3
  416.0   7284  -14.5  -24.5     42   1.27    114      5  332.3  337.0  332.6
  408.0   7431  -15.7  -22.7     55   1.52     97      4  332.6  338.2  332.9
  405.0   7487  -16.1  -23.8     51   1.39     90      3  332.8  338.0  333.1
  400.0   7580  -16.7  -25.7     46   1.19     90      3  333.2  337.6  333.4
  395.0   7675  -16.9  -29.9     31   0.81    102      4  334.1  337.2  334.3
  380.0   7967  -18.1  -30.1     34   0.83    138      7  336.3  339.5  336.4
  373.0   8106  -18.9  -35.2     22   0.52    155      8  337.0  339.1  337.1
  364.0   8289  -19.9  -41.9     12   0.27    142      5  338.0  339.1  338.1
  359.0   8390  -20.7  -42.0     13   0.27    135      4  338.3  339.4  338.4
  344.0   8702  -23.1  -42.4     15   0.27     85      3  339.2  340.3  339.3
  317.0   9300  -27.7  -43.2     21   0.27    270      2  340.8  341.9  340.9
  307.0   9535  -29.5  -43.5     24   0.27    278      1  341.4  342.5  341.5
  304.0   9605  -30.1  -42.0     30   0.32    280      1  341.6  342.9  341.6
  300.0   9700  -30.9  -39.9     41   0.40    310      1  341.7  343.3  341.8
  295.0   9819  -31.9  -38.9     50   0.45    346      3  341.9  343.8  342.0
  291.0   9914  -32.8  -39.4     51   0.43     15      5  342.1  343.8  342.1
  283.0  10109  -34.5  -40.5     54   0.40     15      6  342.3  343.9  342.4
  277.0  10258  -35.5  -45.5     35   0.24     15      7  342.9  343.9  343.0
  267.0  10511  -37.8  -49.9     27   0.15     15      8  343.3  343.9  343.3
  263.0  10615  -38.7  -51.7     24   0.12      8      8  343.4  343.9  343.4
  257.0  10773  -40.3  -49.3     37   0.17    357      8  343.3  344.0  343.3
  256.0  10799  -40.4  -50.3     33   0.15    355      8  343.6  344.2  343.6
  253.0  10879  -40.5  -53.5     23   0.10    355      9  344.5  345.0  344.6
  250.0  10960  -41.1  -54.1     23   0.10    355     10  344.8  345.3  344.9
  245.0  11095  -42.2  -55.2     23   0.09      5     11  345.2  345.6  345.2
  234.0  11403  -44.6  -57.6     22   0.07     10     12  346.1  346.4  346.1
  224.0  11695  -47.0  -60.0     21   0.05      0     10  346.8  347.1  346.8
  216.0  11938  -48.9  -61.9     21   0.04    350     11  347.4  347.6  347.5
  206.0  12248  -51.3  -58.3     43   0.07    338     13  348.4  348.7  348.4
  200.0  12440  -52.9  -58.9     48   0.07    330     14  348.8  349.1  348.9
  183.0  13004  -58.1  -63.0     53   0.04    323     16  349.4  349.6  349.4
  177.0  13209  -60.0  -65.1     51   0.03    320     17  349.6  349.8  349.6
  156.0  13985  -67.1  -73.1     42   0.01    303     14  350.4  350.4  350.4
  153.0  14101  -67.9  -74.4     39   0.01    300     13  350.9  351.0  350.9
  150.0  14220  -68.7  -75.7     36   0.01    310      9  351.6  351.6  351.6
  146.0  14378  -69.7  -76.8     35   0.01    335      8  352.5  352.5  352.5
  138.0  14706  -71.9  -79.2     33   0.01    325      4  354.4  354.4  354.4
  132.0  14966  -73.6  -81.1     31   0.00    355      6  355.8  355.9  355.8
  125.0  15283  -75.7  -83.4     29   0.00    270      8  357.6  357.6  357.6
  119.0  15570  -77.6  -85.5     28   0.00    255     14  359.2  359.2  359.2
  114.0  15821  -79.3  -87.3     26   0.00    271     11  360.5  360.5  360.5
  107.0  16178  -80.5  -89.4     22   0.00    295      7  364.9  364.9  364.9
  101.0  16504  -81.5  -91.4     18   0.00     55      2  368.9  368.9  368.9
  100.0  16560  -81.7  -91.7     17   0.00     60      3  369.6  369.6  369.6
   91.0  17085  -85.7  -95.7     16   0.00     20     14  371.9  371.9  371.9
   90.9  17091  -85.7  -95.7     16   0.00     20     14  371.9  371.9  371.9
   86.0  17399  -83.0  -95.5     10   0.00     80     12  383.4  383.4  383.4
   85.2  17451  -82.5  -95.5     10   0.00     78     14  385.3  385.3  385.3
   82.0  17665  -83.0  -94.4     13   0.00     70     23  388.6  388.6  388.6
   81.2  17720  -83.1  -94.1     14   0.00     80     21  389.4  389.4  389.4
   78.4  17919  -78.7  -92.7      9   0.00    116     12  402.5  402.5  402.5
   77.0  18022  -78.4  -92.7      8   0.00    135      8  405.1  405.1  405.1
   73.3  18304  -77.7  -92.7      8   0.00     10      1  412.4  412.4  412.4
   73.0  18328  -77.5  -92.7      7   0.00      0      0  413.2  413.2  413.2
   70.0  18570  -75.7  -92.7      6   0.00    295     11  422.1  422.1  422.1
   66.0  18915  -70.7  -92.7      3   0.00    290      8  440.1  440.1  440.1
   63.0  19193  -69.0  -93.2      2   0.00    250     12  449.7  449.7  449.7
   60.0  19485  -67.3  -93.8      1   0.00    270     17  459.9  459.9  459.9
   59.3  19555  -66.9  -93.9      1   0.00    275     20  462.3  462.3  462.3
   57.0  19793  -67.7  -94.3      1   0.00    290     30  465.8  465.8  465.8
   52.5  20287  -69.3  -95.3      1   0.00    263     29  473.1  473.1  473.1
   52.0  20344  -68.8  -95.3      1   0.00    260     29  475.7  475.7  475.7
   50.0  20580  -66.5  -95.5      1   0.00    270     22  486.4  486.4  486.4
   49.0  20703  -65.9  -95.2      1   0.00    265     19  490.6  490.6  490.6
   42.5  21572  -61.5  -93.5      1   0.00    287     16  521.8  521.8  521.8
   38.0  22260  -62.2  -92.7      1   0.00    305     14  537.0  537.0  537.0
   35.0  22767  -62.7  -92.1      1   0.00    225      8  548.4  548.4  548.4
   34.1  22927  -62.9  -91.9      1   0.00    223      6  552.0  552.0  552.0
   33.0  23129  -61.6  -93.2      1   0.00    220      3  560.6  560.6  560.6
   32.4  23242  -60.9  -93.9      1   0.00    303      2  565.5  565.5  565.5
   32.0  23321  -59.2  -92.8      1   0.00      0      1  572.0  572.0  572.0
   30.5  23624  -52.7  -88.7      1   0.00    353      5  597.5  597.6  597.5
   30.0  23730  -52.3  -88.3      1   0.01    350      7  601.5  601.5  601.5
   29.0  23947  -53.1  -88.3      1   0.01    280      4  605.0  605.1  605.0
   28.0  24171  -54.0  -88.3      1   0.01      0      6  608.7  608.8  608.7
   26.0  24645  -55.8  -88.4      1   0.01     40      4  616.6  616.7  616.6
   25.0  24896  -56.8  -88.4      1   0.01    155      9  620.8  620.9  620.8
   24.0  25157  -57.8  -88.5      1   0.01    170     16  625.2  625.2  625.2
   23.3  25347  -58.5  -88.5      1   0.01    165     18  628.4  628.4  628.4
   22.0  25709  -57.7  -88.5      1   0.01    130     32  641.1  641.2  641.1
   21.7  25796  -57.5  -88.5      1   0.01    124     34  644.2  644.3  644.2
   21.3  25915  -54.7  -87.7      1   0.01    115     36  656.1  656.2  656.1
   20.0  26320  -53.5  -86.5      1   0.01     85     43  671.7  671.8  671.7
   18.0  27004  -49.3  -83.3      1   0.02     75     46  705.4  705.7  705.4
   17.0  27380  -48.1  -81.5      1   0.03     70     47  721.0  721.3  721.0
   16.4  27617  -47.3  -80.3      1   0.04     73     51  730.9  731.3  730.9
   16.0  27779  -47.7  -80.1      1   0.04     75     54  734.9  735.4  734.9
   14.3  28518  -49.3  -79.3      2   0.05     83     62  753.4  754.0  753.4
   14.0  28659  -48.4  -79.2      2   0.05     85     64  761.1  761.8  761.2
   13.1  29099  -45.4  -78.8      1   0.06     80     68  786.0  786.7  786.0
   13.0  29149  -45.0  -78.7      1   0.06     80     68  788.9  789.6  788.9
   12.9  29201  -44.7  -78.7      1   0.06     80     67  791.8  792.6  791.8
   12.0  29684  -44.9  -77.8      1   0.08     80     61  807.5  808.5  807.6
   11.4  30026  -45.1  -77.1      2   0.09     83     62  818.8  820.0  818.9
   11.0                                        85     63                     
</PRE><H3>Station information and sounding indices</H3><PRE>
                         Station identifier: WIII
                             Station number: 96749
                           Observation time: 210417/0000
                           Station latitude: -6.11
                          Station longitude: 106.65
                          Station elevation: 8.0
                            Showalter index: -1.35
                               Lifted index: -3.47
    LIFT computed using virtual temperature: -4.38
                                SWEAT index: 212.41
                                    K index: 38.50
                         Cross totals index: 21.90
                      Vertical totals index: 23.70
                        Totals totals index: 45.60
      Convective Available Potential Energy: 1369.33
             CAPE using virtual temperature: 1556.23
                      Convective Inhibition: -23.66
             CINS using virtual temperature: -15.20
                           Equilibrum Level: 146.99
 Equilibrum Level using virtual temperature: 146.98
                   Level of Free Convection: 865.25
             LFCT using virtual temperature: 884.67
                     Bulk Richardson Number: 509.83
          Bulk Richardson Number using CAPV: 579.41
  Temp [K] of the Lifted Condensation Level: 294.95
Pres [hPa] of the Lifted Condensation Level: 941.95
   Equivalent potential temp [K] of the LCL: 352.35
     Mean mixed layer potential temperature: 300.04
              Mean mixed layer mixing ratio: 17.82
              1000 hPa to 500 hPa thickness: 5770.00
Precipitable water [mm] for entire sounding: 53.31
</PRE>
<P>Description of the 
<A HREF="/upperair/columns.html">data columns</A>
or <A HREF="/upperair/indices.html">sounding indices</A>.

<P>
<FORM>
<INPUT CLASS="button" TYPE="button" VALUE=" Close this window " 
 onClick="window.close();">
<INPUT CLASS="button" TYPE="button" VALUE=" Select another map " 
 onClick="window.blur();">
</FORM>
<HR SIZE="1">
<I>Interested in graduate studies in atmospheric science?
Check out our program at the
<a href="http://www.uwyo.edu/atsc/howtoapply/"
target=_top>University of Wyoming
</a></I>
<HR SIZE="1"><FONT SIZE="-1">
Questions about the weather data provided by this site can be
addressed to <A HREF="mailto:ldoolman@uwyo.edu">
Larry Oolman (ldoolman@uwyo.edu)</A></FONT>
<HR SIZE="1">
<SCRIPT TYPE="text/javascript">
<!--
window.focus();
// -->
</SCRIPT>
</BODY>
</HTML>
