2016-06-12 00
<HTML>
<TITLE>University of Wyoming - Radiosonde Data</TITLE>
<BODY BGCOLOR="white">
<H2>96749 WIII Jakarta Observations at 00Z 12 Jun 2016</H2>
<PRE>
-----------------------------------------------------------------------------
   PRES   HGHT   TEMP   DWPT   RELH   MIXR   DRCT   SKNT   THTA   THTE   THTV
    hPa     m      C      C      %    g/kg    deg   knot     K      K      K 
-----------------------------------------------------------------------------
 1011.0      8   25.6   23.6     89  18.53    150      4  297.8  351.8  301.1
 1000.0    107   26.4   22.7     80  17.72    155      6  299.6  351.6  302.7
  997.0    134   26.6   22.7     79  17.77    152      6  300.0  352.3  303.2
  945.0    605   25.0   15.5     56  11.86    100     12  303.0  338.4  305.1
  940.0    652   24.8   14.8     54  11.38    101     12  303.3  337.4  305.3
  925.0    792   23.4   14.4     57  11.27    105     11  303.2  337.0  305.3
  918.0    858   22.6   16.6     69  13.11    104     11  303.1  342.2  305.4
  904.0    992   22.4   12.4     53  10.10    102     12  304.2  334.6  306.1
  850.0   1526   19.6    8.6     49   8.31     95     13  306.7  332.1  308.2
  823.0   1802   17.9    6.1     46   7.21    105     13  307.7  330.0  309.1
  818.0   1855   17.6    5.6     45   7.02    104     13  307.9  329.7  309.2
  808.0   1959   16.4    8.4     59   8.63    103     12  307.7  334.2  309.3
  789.0   2161   15.2    9.2     67   9.34    100     11  308.6  337.3  310.3
  773.0   2335   15.0    1.0     39   5.35     97     10  310.1  327.1  311.1
  738.0   2724   13.2   -4.8     28   3.64     92      8  312.3  324.2  313.0
  713.0   3013   11.6   -2.4     38   4.52     87      7  313.6  328.2  314.5
  710.0   3048   11.4    0.4     47   5.58     87      7  313.8  331.7  314.9
  709.0   3060   11.2   -0.8     43   5.12     87      7  313.7  330.1  314.7
  705.0   3107   11.6  -10.4     20   2.47     86      6  314.7  322.9  315.1
  700.0   3166   11.2  -11.8     19   2.22     85      6  314.9  322.4  315.3
  689.0   3298   10.5  -14.1     16   1.87     80      5  315.6  322.0  315.9
  680.0   3407   10.0  -16.0     14   1.62     93      4  316.1  321.7  316.4
  646.0   3830    6.2   -0.8     61   5.62    142      2  316.5  334.7  317.6
  641.0   3894    5.9   -1.1     61   5.53    150      2  316.8  334.8  317.9
  618.0   4193    4.4   -2.6     60   5.14    123      3  318.5  335.3  319.4
  607.0   4339    4.2   -4.8     52   4.43    110      4  319.9  334.6  320.7
  596.0   4488    3.6  -14.4     25   2.11     96      5  320.9  328.2  321.3
  595.0   4502    3.5  -15.3     24   1.96     95      5  320.9  327.8  321.3
  589.0   4584    3.2  -20.8     15   1.25     98      5  321.5  325.9  321.7
  573.0   4806    1.4  -14.1     30   2.25    105      6  321.9  329.7  322.3
  561.0   4976    0.0   -9.0     51   3.47     94      6  322.2  333.9  322.9
  552.0   5104   -0.7   -9.3     52   3.44     85      6  322.8  334.5  323.5
  532.0   5397   -2.4  -10.0     56   3.39     90      6  324.3  335.9  325.0
  500.0   5890   -5.1  -11.1     63   3.29     35      5  326.8  338.1  327.4
  496.0   5953   -5.7  -11.7     63   3.17     35      5  326.8  337.7  327.4
  493.0   6000   -6.0  -12.3     61   3.03     35      5  327.0  337.5  327.6
  457.0   6585   -9.5  -19.9     43   1.73     75      7  329.7  336.0  330.1
  422.0   7199  -13.3  -27.9     28   0.92     55     15  332.5  336.0  332.7
  404.0   7535  -15.3  -32.3     22   0.63     71     16  334.1  336.5  334.2
  400.0   7610  -15.7  -34.7     18   0.51     75     16  334.5  336.5  334.6
  360.0   8392  -20.2  -39.9     16   0.33    105     20  338.6  340.0  338.7
  340.0   8816  -22.7  -42.7     14   0.26     96     20  340.9  342.0  340.9
  300.0   9720  -29.5  -52.5      9   0.10     75     19  343.7  344.1  343.7
  268.0  10506  -35.8  -58.8      8   0.05     75     13  345.8  346.0  345.8
  250.0  10990  -39.7  -62.7      7   0.03     85     13  346.9  347.1  346.9
  249.0  11017  -39.9  -62.9      7   0.03     85     13  347.0  347.2  347.0
  225.0  11689  -45.9                          95     14  348.0         348.0
  205.0  12306  -51.4                          75     13  348.7         348.7
  200.0  12470  -52.9                          80     13  348.8         348.8
  178.0  13207  -59.1                          90     13  350.5         350.5
  172.0  13424  -60.9                          86     14  351.0         351.0
  154.0  14099  -66.2                          75     19  353.1         353.1
  150.0  14260  -67.5                          65     24  353.6         353.6
  139.0  14707  -70.5                          50     34  356.1         356.1
  120.0  15570  -76.4                         100      8  360.6         360.6
  115.0  15820  -78.1                         142      4  361.8         361.8
  113.0  15920  -79.0                         160      3  362.0         362.0
  108.0  16176  -81.3                         155      4  362.4         362.4
  102.0  16498  -80.7                          90      4  369.5         369.5
  100.0  16610  -80.5                          40      6  371.9         371.9
   97.0  16782  -80.8                         355     10  374.7         374.7
   92.0  17080  -81.2                         290      8  379.6         379.6
   87.0  17396  -81.7                         345      7  384.7         384.7
   84.5  17560  -81.9                           4      6  387.4         387.4
   83.0  17662  -81.1                          15      6  391.0         391.0
   78.9  17949  -78.9                          76      6  401.3         401.3
   78.0  18014  -79.3                          90      6  401.8         401.8
   75.4  18207  -80.5                          93      6  403.2         403.2
   74.0  18313  -80.4                          95      6  405.6         405.6
   72.3  18444  -80.3                          85      9  408.5         408.5
   70.4  18597  -76.5                          73     11  419.7         419.7
   70.0  18630  -74.5                          70     12  424.7         424.7
   69.3  18689  -71.3                          96     12  432.8         432.8
   67.4  18853  -68.9                         169     10  441.4         441.4
   67.0  18889  -69.0                         185     10  441.9         441.9
   61.0  19446  -70.5                         155     21  450.6         450.6
   60.2  19524  -70.7                         141     20  451.9         451.9
   58.0  19746  -70.0                         100     19  458.2         458.2
   55.0  20062  -69.0                          65     21  467.5         467.5
   52.0  20396  -68.0                          55     16  477.5         477.5
   50.1  20618  -67.3                          69     16  484.2         484.2
   50.0  20630  -67.1                          70     16  484.9         484.9
   45.0  21263  -68.6                          90     26  496.2         496.2
   42.7  21578  -69.3                          90     28  501.9         501.9
   40.8  21850  -69.7                          90     29  507.5         507.5
   39.9  21983  -69.5                          90     30  511.2         511.2
   39.3  22075  -66.3                          90     31  521.5         521.5
   39.0  22121  -66.1                          90     31  523.1         523.1
   35.5  22695  -63.7                         103     23  543.6         543.6
   35.0  22784  -62.6                         105     22  548.8         548.8
   33.0  23154  -57.9                          85     21  570.4         570.4
   32.0  23347  -55.5                          30     23  581.9         581.9
   31.6  23426  -54.5                          26     22  586.7         586.7
   30.2  23717  -53.1                          12     17  598.1         598.1
   30.0  23760  -53.1                          10     16  599.3         599.3
   29.0  23977  -54.1                         320     14  602.2         602.2
   27.4  24340  -55.9                         260     12  607.2         607.2
   26.0  24675  -55.4                         205     10  617.9         617.9
   25.0  24925  -54.9                         125      6  626.1         626.1
   24.0  25185  -54.5                         205      7  634.7         634.7
   22.6  25574  -50.3                         198      4  658.1         658.1
   22.0  25750  -49.8                         195      2  664.5         664.5
   21.0  26055  -49.0                         315     12  675.8         675.8
   20.1  26342  -48.3                                     686.6         686.6
</PRE><H3>Station information and sounding indices</H3><PRE>
                         Station identifier: WIII
                             Station number: 96749
                           Observation time: 160612/0000
                           Station latitude: -6.11
                          Station longitude: 106.65
                          Station elevation: 8.0
                            Showalter index: 5.23
                               Lifted index: -1.06
    LIFT computed using virtual temperature: -1.45
                                SWEAT index: 134.18
                                    K index: 10.30
                         Cross totals index: 13.70
                      Vertical totals index: 24.70
                        Totals totals index: 38.40
      Convective Available Potential Energy: 157.17
             CAPE using virtual temperature: 255.08
                      Convective Inhibition: -201.07
             CINS using virtual temperature: -86.96
                           Equilibrum Level: 347.29
 Equilibrum Level using virtual temperature: 339.59
                   Level of Free Convection: 653.30
             LFCT using virtual temperature: 708.75
                     Bulk Richardson Number: 89.90
          Bulk Richardson Number using CAPV: 145.90
  Temp [K] of the Lifted Condensation Level: 292.54
Pres [hPa] of the Lifted Condensation Level: 909.36
   Equivalent potential temp [K] of the LCL: 347.25
     Mean mixed layer potential temperature: 300.61
              Mean mixed layer mixing ratio: 16.02
              1000 hPa to 500 hPa thickness: 5783.00
Precipitable water [mm] for entire sounding: 38.74
</PRE>
<P>Description of the 
<A HREF="/upperair/columns.html">data columns</A>
or <A HREF="/upperair/indices.html">sounding indices</A>.

<P>
<FORM>
<INPUT CLASS="button" TYPE="button" VALUE=" Close this window " 
 onClick="window.close();">
<INPUT CLASS="button" TYPE="button" VALUE=" Select another map " 
 onClick="window.blur();">
</FORM>
<HR SIZE="1">
<I>Interested in graduate studies in atmospheric science?
Check out our program at the
<a href="http://www.uwyo.edu/atsc/howtoapply/"
target=_top>University of Wyoming
</a></I>
<HR SIZE="1"><FONT SIZE="-1">
Questions about the weather data provided by this site can be
addressed to <A HREF="mailto:ldoolman@uwyo.edu">
Larry Oolman (ldoolman@uwyo.edu)</A></FONT>
<HR SIZE="1">
<SCRIPT TYPE="text/javascript">
<!--
window.focus();
// -->
</SCRIPT>
</BODY>
</HTML>
