2018-11-12 12
<HTML>
<TITLE>University of Wyoming - Radiosonde Data</TITLE>
<BODY BGCOLOR="white">
<H2>96749 WIII Jakarta Observations at 00Z 12 Nov 2018</H2>
<PRE>
-----------------------------------------------------------------------------
   PRES   HGHT   TEMP   DWPT   RELH   MIXR   DRCT   SKNT   THTA   THTE   THTV
    hPa     m      C      C      %    g/kg    deg   knot     K      K      K 
-----------------------------------------------------------------------------
 1009.0      8   24.4   23.4     94  18.34    240      2  296.8  350.0  300.0
 1000.0     86   25.8   22.5     82  17.50    150      2  298.9  350.2  302.1
  976.0    301   26.0   20.2     70  15.52    145      3  301.2  347.1  304.0
  974.0    319   26.0   20.0     70  15.36    142      3  301.4  346.8  304.2
  943.0    604   23.9   18.8     73  14.65     90      3  302.0  345.5  304.7
  925.0    774   22.6   18.0     75  14.24    120      5  302.4  344.7  305.0
  912.0    896   21.9   17.5     76  13.98    105      6  302.9  344.5  305.4
  881.0   1195   20.1   16.2     79  13.33     70      7  304.0  343.9  306.4
  850.0   1504   18.2   14.9     81  12.69     75      7  305.2  343.4  307.5
  815.0   1863   15.6   13.7     88  12.24     78      7  306.1  343.1  308.4
  738.0   2700   12.1    8.4     78   9.47     85      7  311.1  340.5  312.9
  720.0   2908   11.2    7.1     76   8.86    106      4  312.3  340.0  314.0
  712.0   3001   10.6    6.7     76   8.70    115      2  312.7  340.0  314.4
  700.0   3143    9.8    6.0     77   8.45    110      2  313.3  339.9  314.9
  687.0   3297    8.9    5.3     78   8.22     95      2  314.0  339.9  315.6
  639.0   3890    5.6    2.8     82   7.37    175      2  316.8  340.4  318.2
  616.0   4190    3.9    1.5     84   6.97    310      1  318.2  340.7  319.5
  594.0   4488    2.2    0.2     86   6.58      5      1  319.6  340.9  320.8
  572.0   4797    0.5   -1.1     89   6.20    215      3  321.0  341.3  322.2
  566.0   4883    0.0   -1.5     90   6.10    222      3  321.4  341.4  322.6
  551.0   5097   -1.1   -2.6     89   5.75    240      2  322.6  341.6  323.7
  531.0   5391   -2.6   -4.2     89   5.30    345      2  324.1  341.8  325.2
  511.0   5697   -4.2   -5.9     88   4.86    310      2  325.8  342.2  326.8
  500.0   5870   -5.1   -6.8     88   4.62    310      2  326.8  342.4  327.7
  492.0   5996   -5.8   -7.6     87   4.43    310      2  327.4  342.5  328.3
  474.0   6286   -7.3   -9.3     86   4.00      0      1  329.0  342.8  329.8
  439.0   6885  -10.6  -13.0     83   3.23     25      3  332.2  343.6  332.9
  422.0   7193  -12.2  -14.9     81   2.88    250      2  333.8  344.1  334.4
  406.0   7494  -13.9  -16.7     79   2.57    185      1  335.4  344.7  336.0
  400.0   7610  -14.5  -17.4     79   2.45    170      2  336.1  344.9  336.6
  391.0   7782  -15.3  -19.2     72   2.15    157      3  337.2  345.1  337.6
  390.0   7801  -15.4  -19.3     72   2.14    155      3  337.2  345.1  337.7
  374.0   8113  -17.9  -21.2     75   1.90     95      3  338.1  345.1  338.5
  360.0   8397  -20.1  -22.9     78   1.69    100      2  338.8  345.1  339.2
  345.0   8709  -21.9  -26.2     68   1.32      5      1  340.5  345.5  340.8
  331.0   9012  -23.7  -29.4     59   1.02    300      1  342.1  346.1  342.3
  328.0   9079  -24.1  -30.1     58   0.96    291      1  342.5  346.2  342.7
  318.0   9301  -25.9  -32.6     53   0.78    260      3  343.0  346.1  343.2
  305.0   9601  -28.3  -36.0     48   0.58    280      3  343.7  346.1  343.8
  300.0   9720  -29.3  -37.3     46   0.52    275      5  344.0  346.1  344.1
  294.0   9865  -30.3  -40.3     37   0.39    249      5  344.5  346.1  344.6
  293.0   9889  -30.5  -40.5     37   0.39    245      5  344.6  346.2  344.6
  269.0  10488  -35.8  -44.1     42   0.28    235      5  345.4  346.5  345.4
  257.0  10808  -38.7  -46.1     46   0.24    310      2  345.7  346.7  345.7
  252.0  10945  -39.9  -46.9     47   0.22    310      3  345.8  346.8  345.9
  250.0  11000  -40.5                         310      3  345.7         345.7
  225.0  11694  -46.4                         345      7  347.3         347.3
  215.0  11994  -48.9                          25      6  347.9         347.9
  200.0  12470  -52.9                          30      6  348.8         348.8
  187.0  12888  -56.6                          35     10  349.6         349.6
  178.0  13195  -59.4                          15     14  350.0         350.0
  150.0  14260  -68.9                          20     19  351.2         351.2
  134.0  14918  -75.5                          27     19  351.0         351.0
  119.0  15584  -79.2                          35     18  356.4         356.4
  113.0  15874  -80.7                          65     27  358.7         358.7
  101.0  16504  -84.2                          55     38  363.8         363.8
  100.0  16560  -84.5                          55     37  364.2         364.2
   96.0  16787  -82.8                          75     28  371.8         371.8
   93.4  16940  -81.7                         101     27  376.9         376.9
   91.0  17086  -82.3                         125     27  378.5         378.5
   85.8  17414  -83.7                         128     23  382.1         382.1
   83.8  17547  -78.9                         129     21  394.5         394.5
   82.0  17670  -79.0                         130     20  396.8         396.8
   77.0  18028  -79.1                         120     13  403.7         403.7
   73.0  18331  -79.2                         355      7  409.7         409.7
   70.0  18570  -79.3                          50      8  414.4         414.4
   67.2  18801  -79.9                          74     14  418.0         418.0
   66.0  18903  -79.6                          85     16  420.8         420.8
   62.6  19203  -78.7                          88     25  429.2         429.2
   59.3  19514  -74.1                          90     34  446.2         446.2
   55.7  19879  -74.1                          93     45  454.2         454.2
   54.0  20063  -71.7                          95     50  463.8         463.8
   50.0  20520  -65.7                          95     51  488.2         488.2
   48.3  20731  -64.9                          92     49  495.0         495.0
   46.3  20991  -59.9                          89     47  513.0         513.0
   44.0  21308  -60.9                          85     44  518.1         518.1
   43.1  21437  -61.3                          87     45  520.2         520.2
   40.0  21905  -59.6                          95     47  535.7         535.7
   35.8  22600  -57.1                          63     26  559.4         559.4
   33.0  23112  -58.5                          40     11  568.9         568.9
   32.0  23305  -59.0                         245     10  572.5         572.5
   30.8  23545  -59.7                         281      8  577.0         577.0
   30.0  23710  -59.1                         305      6  582.9         582.9
   29.0  23922  -58.8                         350      8  589.3         589.3
   27.7  24209  -58.5                         102      8  598.0         598.0
   27.0  24371  -57.1                         165      8  606.5         606.5
   26.0  24611  -54.9                         130     23  619.1         619.1
   24.9  24885  -52.5                         111     21  633.8         633.8
   24.2  25068  -53.1                          99     20  637.2         637.2
   24.0  25121  -53.3                          95     20  638.1         638.1
   23.0  25399  -46.4                         345     18  666.2         666.2
   22.9  25428  -45.7                         342     19  669.1         669.1
   22.6  25515  -43.5                         333     21  678.1         678.1
   21.0  26005  -44.8                         285     33  688.5         688.5
   20.0  26330  -45.7                         275     38  695.5         695.5
   18.5  26847  -47.1                         260     30  706.8         706.8
   18.0                                       255     27                     
</PRE><H3>Station information and sounding indices</H3><PRE>
                         Station identifier: WIII
                             Station number: 96749
                           Observation time: 181112/0000
                           Station latitude: -6.11
                          Station longitude: 106.65
                          Station elevation: 8.0
                            Showalter index: 0.43
                               Lifted index: -1.26
    LIFT computed using virtual temperature: -1.45
                                SWEAT index: 194.79
                                    K index: 34.40
                         Cross totals index: 20.00
                      Vertical totals index: 23.30
                        Totals totals index: 43.30
      Convective Available Potential Energy: 162.37
             CAPE using virtual temperature: 217.23
                      Convective Inhibition: -71.46
             CINS using virtual temperature: -51.36
                           Equilibrum Level: 242.99
 Equilibrum Level using virtual temperature: 243.31
                   Level of Free Convection: 703.97
             LFCT using virtual temperature: 823.01
                     Bulk Richardson Number: 231.40
          Bulk Richardson Number using CAPV: 309.57
  Temp [K] of the Lifted Condensation Level: 292.95
Pres [hPa] of the Lifted Condensation Level: 916.74
   Equivalent potential temp [K] of the LCL: 347.79
     Mean mixed layer potential temperature: 300.34
              Mean mixed layer mixing ratio: 16.18
              1000 hPa to 500 hPa thickness: 5784.00
Precipitable water [mm] for entire sounding: 58.81
</PRE>
<P>Description of the 
<A HREF="/upperair/columns.html">data columns</A>
or <A HREF="/upperair/indices.html">sounding indices</A>.

<P>
<FORM>
<INPUT CLASS="button" TYPE="button" VALUE=" Close this window " 
 onClick="window.close();">
<INPUT CLASS="button" TYPE="button" VALUE=" Select another map " 
 onClick="window.blur();">
</FORM>
<HR SIZE="1">
<I>Interested in graduate studies in atmospheric science?
Check out our program at the
<a href="http://www.uwyo.edu/atsc/howtoapply/"
target=_top>University of Wyoming
</a></I>
<HR SIZE="1"><FONT SIZE="-1">
Questions about the weather data provided by this site can be
addressed to <A HREF="mailto:ldoolman@uwyo.edu">
Larry Oolman (ldoolman@uwyo.edu)</A></FONT>
<HR SIZE="1">
<SCRIPT TYPE="text/javascript">
<!--
window.focus();
// -->
</SCRIPT>
</BODY>
</HTML>
