2021-09-11 00
<HTML>
<TITLE>University of Wyoming - Radiosonde Data</TITLE>
<BODY BGCOLOR="white">
<H2>96749 WIII Jakarta Observations at 00Z 11 Sep 2021</H2>
<PRE>
-----------------------------------------------------------------------------
   PRES   HGHT   TEMP   DWPT   RELH   MIXR   DRCT   SKNT   THTA   THTE   THTV
    hPa     m      C      C      %    g/kg    deg   knot     K      K      K 
-----------------------------------------------------------------------------
 1011.0      8   24.6   23.1     91  17.96    230      9  296.8  348.9  300.0
 1001.0     93   24.8   22.0     84  16.94    189      4  297.9  347.2  300.9
 1000.0    102   24.8   21.8     83  16.75    185      3  297.9  346.7  300.9
  984.0    244   26.2   19.2     65  14.44    174      4  300.7  343.4  303.3
  978.0    298   26.2   19.2     65  14.53    170      4  301.3  344.2  303.9
  977.0    307   26.2   19.2     65  14.55    170      4  301.4  344.4  304.0
  945.0    599   23.8   18.6     73  14.44    170      3  301.7  344.5  304.3
  938.0    664   23.2   18.4     74  14.41    167      3  301.8  344.5  304.4
  925.0    786   22.8   14.8     61  11.57    160      4  302.6  337.1  304.7
  921.0    824   22.6   13.6     57  10.74    147      4  302.8  334.9  304.7
  913.0    899   22.1   13.7     59  10.93    120      4  303.0  335.7  305.0
  855.0   1467   18.0   14.8     82  12.53    134      5  304.5  342.1  306.8
  852.0   1497   17.9   14.7     82  12.48    135      5  304.7  342.1  306.9
  850.0   1517   17.8   14.6     82  12.44    135      5  304.8  342.2  307.1
  773.0   2328   13.8    7.8     67   8.66     94      9  308.9  335.6  310.5
  740.0   2695   11.9    6.6     70   8.33     75     11  310.7  336.6  312.3
  700.0   3162    9.6    5.1     74   7.93     50      9  313.1  338.0  314.6
  698.0   3186    9.6    5.0     73   7.90     48      9  313.3  338.2  314.8
  688.0   3303    8.8    4.4     74   7.66     40     11  313.7  337.9  315.2
  589.0   4569    0.0   -2.5     83   5.44     52     13  317.8  335.4  318.8
  585.0   4623   -0.5   -2.5     86   5.47     53     13  317.8  335.6  318.8
  583.0   4650   -0.7   -2.3     89   5.57     53     13  317.9  336.0  318.9
  582.0   4664   -0.7   -2.7     86   5.42     53     13  318.0  335.7  319.1
  580.0   4692    0.4   -6.6     59   4.04     53     13  319.6  333.1  320.4
  572.0   4803    1.0  -17.0     25   1.77     54     13  321.6  327.8  321.9
  568.0   4859    1.2  -23.8     14   0.99     55     13  322.5  326.1  322.7
  537.0   5307   -1.7  -10.7     50   3.17     59     14  324.2  335.1  324.8
  528.0   5440   -2.7   -9.7     59   3.49     61     14  324.6  336.5  325.3
  520.0   5561   -2.9  -13.9     42   2.52     62     15  325.8  334.6  326.3
  500.0   5870   -4.5  -14.5     46   2.50     65     15  327.5  336.3  328.0
  497.0   5917   -4.9  -11.9     58   3.11     65     15  327.6  338.4  328.2
  459.0   6538   -7.5  -17.5     45   2.12     65     15  331.8  339.5  332.3
  427.0   7095  -12.1  -18.1     61   2.17     65     15  332.9  340.7  333.3
  421.0   7202  -12.8  -19.0     60   2.03     65     15  333.4  340.7  333.8
  400.0   7590  -15.3  -22.3     55   1.61     75     21  335.0  340.9  335.3
  381.0   7958  -17.1  -27.1     42   1.10     83     20  337.3  341.5  337.6
  329.0   9044  -25.1  -45.1     14   0.21    106     17  340.8  341.7  340.8
  300.0   9710  -30.1  -47.1     17   0.18    120     15  342.8  343.6  342.9
  292.0   9901  -31.6  -50.4     14   0.13    115     18  343.4  343.9  343.4
  283.0  10122  -33.3  -54.3     10   0.08    109     21  344.0  344.4  344.0
  263.0  10632  -37.7  -52.7     19   0.11     95     27  344.9  345.3  344.9
  258.0  10765  -38.5  -49.5     30   0.16     91     28  345.6  346.3  345.6
  256.0  10818  -39.0  -49.8     31   0.16     90     29  345.6  346.3  345.6
  250.0  10980  -40.5  -50.5     33   0.15     90     30  345.7  346.4  345.8
  239.0  11283  -43.3  -47.6     62   0.22     86     32  346.0  346.9  346.0
  235.0  11394  -44.1  -48.4     62   0.20     85     33  346.4  347.3  346.4
  215.0  11982  -48.5  -52.8     61   0.13     74     36  348.5  349.1  348.6
  211.0  12104  -49.5  -56.5     44   0.09     72     36  348.8  349.2  348.9
  200.0  12450  -52.5  -59.5     42   0.06     65     38  349.5  349.8  349.5
  196.0  12579  -53.7  -60.5     43   0.06     60     38  349.6  349.9  349.6
  175.0  13303  -60.3  -66.3     45   0.03     62     39  350.2  350.4  350.2
  154.0  14088  -67.8  -77.1     25   0.01     65     41  350.5  350.6  350.5
  150.0  14250  -69.3  -79.3     22   0.00     70     45  350.5  350.6  350.5
  139.0  14697  -73.0  -83.0     21   0.00     70     57  351.7  351.7  351.7
  131.0  15045  -75.9  -85.9     20   0.00     68     56  352.6  352.6  352.6
  119.0  15595  -78.3  -90.1     13   0.00     65     55  358.0  358.0  358.0
  118.0  15644  -78.5  -90.5     13   0.00     67     53  358.4  358.5  358.4
  113.0  15890  -79.7  -89.7     18   0.00     80     41  360.7  360.7  360.7
  110.0  16041  -80.7  -91.7     15   0.00     87     34  361.6  361.6  361.6
  107.0  16201  -78.2  -90.1     13   0.00     95     26  369.2  369.2  369.2
  101.0  16533  -73.0  -86.7     11   0.00    135     18  385.3  385.4  385.3
  100.0  16590  -72.1  -86.1     11   0.00    135     17  388.2  388.2  388.2
   97.0  16770  -71.0  -87.3      7   0.00    135      3  393.8  393.8  393.8
   93.7  16974  -69.7  -88.7      5   0.00    230     10  400.2  400.2  400.2
   92.0  17082  -70.1  -89.4      5   0.00    280     14  401.4  401.4  401.4
   87.0  17409  -71.5  -91.4      4   0.00    250     10  405.2  405.2  405.2
   83.0  17685  -72.6  -93.2      3   0.00    255     13  408.4  408.4  408.4
   75.0  18279  -75.0  -96.9      2   0.00    240     16  415.4  415.4  415.4
   74.6  18310  -75.1  -97.1      2   0.00    240     16  415.8  415.8  415.8
   70.0  18680  -73.1  -95.1      2   0.00    200      9  427.7  427.7  427.7
   68.0  18853  -72.5  -95.3      2   0.00    175     11  432.6  432.6  432.6
   61.0  19502  -70.1  -96.2      1   0.00    220      4  451.6  451.6  451.6
   55.0  20121  -67.8  -97.0      1   0.00    270      9  470.3  470.3  470.3
   50.0  20690  -65.7  -97.7      0   0.00    270      5  488.2  488.2  488.2
   48.7  20851  -63.1  -96.1      0   0.00    268      7  498.1  498.1  498.1
   45.0  21334  -64.7  -97.0      1   0.00    260     15  505.7  505.7  505.7
   43.6  21527  -65.3  -97.3      1   0.00    236     13  508.7  508.7  508.7
   43.0  21612  -65.3  -97.3      1   0.00    225     12  510.8  510.8  510.8
   41.0  21901  -65.1  -97.1      1   0.00    155     13  518.1  518.1  518.1
   40.3  22006  -65.1  -97.1      1   0.00    141     16  520.8  520.8  520.8
   39.0  22210  -63.2  -95.7      1   0.00    115     22  530.4  530.4  530.4
   37.0  22536  -60.2  -93.4      1   0.00    110     34  546.1  546.1  546.1
   34.9  22899  -56.9  -90.9      1   0.00    102     38  564.0  564.0  564.0
   32.0  23445  -58.7  -91.9      1   0.00     90     44  573.5  573.5  573.5
   31.0  23645  -59.3  -92.3      1   0.00     90     48  577.0  577.0  577.0
   30.0  23850  -58.9  -92.9      1   0.00     90     53  583.5  583.5  583.5
   29.4  23978  -56.5  -91.5      1   0.00     87     55  593.4  593.5  593.4
   29.0  24065  -56.5  -91.5      1   0.00     85     57  595.6  595.7  595.6
   24.5  25135  -57.1  -91.1      1   0.00     94     66  623.4  623.5  623.4
   24.0  25266  -56.8  -90.9      1   0.00     95     67  628.1  628.1  628.1
   23.0  25538  -56.1  -90.4      1   0.00     85     68  637.7  637.8  637.7
   22.0  25822  -55.4  -89.9      1   0.01     80     68  648.0  648.0  648.0
   20.0  26430  -53.9  -88.9      1   0.01     75     68  670.4  670.5  670.4
   19.2  26694  -53.4  -88.3      1   0.01     80     69  679.8  679.9  679.8
   19.0  26761  -53.3  -88.1      1   0.01     80     69  682.2  682.3  682.2
   15.5  28077  -50.9  -84.9      1   0.02     85     68  731.0  731.2  731.0
   15.2  28205  -50.3  -84.9      1   0.02     85     68  736.9  737.1  736.9
   15.0  28292  -50.0  -85.0      1   0.02     85     68  741.0  741.2  741.0
   14.0  28745  -47.9  -85.1      1   0.02     90     59  762.5  762.8  762.5
   13.6  28935  -47.1  -85.1      1   0.02                771.8  772.0  771.8
</PRE><H3>Station information and sounding indices</H3><PRE>
                         Station identifier: WIII
                             Station number: 96749
                           Observation time: 210911/0000
                           Station latitude: -6.11
                          Station longitude: 106.65
                          Station elevation: 8.0
                            Showalter index: 1.51
                               Lifted index: 0.37
    LIFT computed using virtual temperature: -0.09
                                SWEAT index: 200.18
                                    K index: 32.40
                         Cross totals index: 19.10
                      Vertical totals index: 22.30
                        Totals totals index: 41.40
      Convective Available Potential Energy: 53.51
             CAPE using virtual temperature: 91.24
                      Convective Inhibition: -128.74
             CINS using virtual temperature: -82.79
                           Equilibrum Level: 524.39
 Equilibrum Level using virtual temperature: 401.93
                   Level of Free Convection: 673.01
             LFCT using virtual temperature: 689.58
                     Bulk Richardson Number: 4.72
          Bulk Richardson Number using CAPV: 8.04
  Temp [K] of the Lifted Condensation Level: 292.03
Pres [hPa] of the Lifted Condensation Level: 910.14
   Equivalent potential temp [K] of the LCL: 345.03
     Mean mixed layer potential temperature: 300.02
              Mean mixed layer mixing ratio: 15.38
              1000 hPa to 500 hPa thickness: 5768.00
Precipitable water [mm] for entire sounding: 49.59
</PRE>
<P>Description of the 
<A HREF="/upperair/columns.html">data columns</A>
or <A HREF="/upperair/indices.html">sounding indices</A>.

<P>
<FORM>
<INPUT CLASS="button" TYPE="button" VALUE=" Close this window " 
 onClick="window.close();">
<INPUT CLASS="button" TYPE="button" VALUE=" Select another map " 
 onClick="window.blur();">
</FORM>
<HR SIZE="1">
<I>Interested in graduate studies in atmospheric science?
Check out our program at the
<a href="http://www.uwyo.edu/atsc/howtoapply/"
target=_top>University of Wyoming
</a></I>
<HR SIZE="1"><FONT SIZE="-1">
Questions about the weather data provided by this site can be
addressed to <A HREF="mailto:ldoolman@uwyo.edu">
Larry Oolman (ldoolman@uwyo.edu)</A></FONT>
<HR SIZE="1">
<SCRIPT TYPE="text/javascript">
<!--
window.focus();
// -->
</SCRIPT>
</BODY>
</HTML>
