2017-02-01 12
<HTML>
<TITLE>University of Wyoming - Radiosonde Data</TITLE>
<BODY BGCOLOR="white">
<H2>96749 WIII Jakarta Observations at 00Z 01 Feb 2017</H2>
<PRE>
-----------------------------------------------------------------------------
   PRES   HGHT   TEMP   DWPT   RELH   MIXR   DRCT   SKNT   THTA   THTE   THTV
    hPa     m      C      C      %    g/kg    deg   knot     K      K      K 
-----------------------------------------------------------------------------
 1010.0      8   24.8   23.7     94  18.67    210      4  297.1  351.3  300.4
 1000.0     95   25.0   22.5     86  17.50    260      6  298.1  349.2  301.3
  977.0    298   23.9   21.0     84  16.32    310     10  299.0  346.8  301.9
  944.0    598   22.2   18.8     81  14.69    310     13  300.2  343.5  302.9
  925.0    775   21.2   17.5     79  13.79    295     13  301.0  341.7  303.5
  881.0   1196   18.9   15.2     79  12.52    270     19  302.8  340.1  305.1
  850.0   1506   17.2   13.6     79  11.65    280     26  304.1  339.1  306.3
  808.0   1939   15.4   10.5     73   9.96    280     26  306.7  337.0  308.5
  765.0   2399   13.0    8.8     76   9.37    280     27  308.9  337.7  310.6
  700.0   3146    9.0    6.0     81   8.45    265     26  312.4  338.9  314.0
  686.0   3314    8.6    5.1     79   8.09    266     25  313.8  339.3  315.3
  632.0   3987    3.4    2.0     91   7.05    268     22  315.3  337.7  316.6
  593.0   4502    1.1   -0.5     89   6.27    270     20  318.4  338.7  319.6
  576.0   4737    0.0   -1.6     89   5.94    272     18  319.8  339.2  320.9
  550.0   5104   -2.1   -3.2     92   5.53    275     16  321.5  339.8  322.6
  517.0   5597   -4.9   -5.3     97   5.02    275     17  323.9  340.6  324.9
  500.0   5860   -5.1   -7.1     86   4.52    275     17  326.8  342.1  327.6
  437.0   6898  -11.4  -13.6     84   3.09    275     18  331.6  342.5  332.2
  400.0   7580  -15.5  -17.8     83   2.37    260     16  334.8  343.3  335.2
  379.0   7985  -18.1  -19.9     86   2.09    241      9  336.5  344.2  336.9
  373.0   8103  -18.8  -21.1     82   1.91    235      7  337.2  344.2  337.6
  358.0   8408  -20.5  -24.3     72   1.51    205      4  338.9  344.5  339.2
  351.0   8555  -21.3  -25.8     67   1.34    146      4  339.7  344.8  339.9
  344.0   8701  -22.6  -26.5     70   1.28     85      4  339.9  344.8  340.2
  330.0   9003  -25.2  -27.9     78   1.17     55      3  340.4  344.9  340.6
  317.0   9296  -27.7  -29.3     86   1.07     45     10  340.8  344.9  341.0
  316.0   9319  -27.9  -29.4     87   1.07     46     10  340.8  345.0  341.1
  304.0   9595  -29.7  -32.8     74   0.80     60     13  342.1  345.3  342.3
  300.0   9690  -30.3  -34.0     70   0.72     65     12  342.6  345.4  342.7
  291.0   9906  -31.8  -36.3     64   0.59     95     11  343.4  345.7  343.5
  285.0  10053  -32.9  -37.9     61   0.51    102     12  343.9  346.0  344.0
  267.0  10506  -37.0  -40.1     73   0.44    125     17  344.4  346.2  344.5
  255.0  10825  -39.9  -41.7     83   0.39    118     17  344.6  346.2  344.7
  250.0  10960  -41.3                         115     17  344.5         344.5
  245.0  11093  -42.5                         120     19  344.8         344.8
  214.0  11984  -50.2                         130     29  346.3         346.3
  200.0  12430  -54.1                         125     32  346.9         346.9
  161.0  13772  -66.6                         100     39  348.0         348.0
  150.0  14210  -70.7                         100     43  348.1         348.1
  135.0  14824  -76.3                          93     54  348.8         348.8
  118.0  15586  -81.1                          85     67  353.6         353.6
  113.0  15831  -82.7                          85     76  355.1         355.1
  112.0  15880  -82.6                          85     78  356.2         356.2
  110.0  15981  -82.3                          83     75  358.6         358.6
  108.0  16083  -82.1                          82     72  360.8         360.8
  106.0  16188  -79.9                          80     69  366.9         366.9
  100.0  16520  -76.1                          85     36  380.4         380.4
   95.0  16811  -78.1                          90     19  382.2         382.2
   91.0  17055  -79.7                         130     12  383.7         383.7
   81.0  17716  -84.2                         135     20  387.6         387.6
   79.0  17857  -85.1                         115     23  388.4         388.4
   76.3  18053  -79.5                          89     23  403.9         403.9
   73.0  18306  -78.0                          55     23  412.2         412.2
   72.3  18362  -77.7                          60     20  414.0         414.0
   70.0  18550  -73.1                          75     10  427.7         427.7
   69.1  18626  -70.3                          80      9  435.3         435.3
   69.0  18635  -70.2                          80      9  435.7         435.7
   67.0  18810  -67.7                          11      7  444.8         444.8
   66.0  18900  -68.1                         335      6  445.8         445.8
   60.6  19408  -70.3                         305     17  451.9         451.9
   58.0  19669  -67.7                         290     22  463.5         463.5
   54.0  20094  -70.0                         265     31  467.8         467.8
   51.8  20341  -71.3                         258     25  470.3         470.3
   51.0  20433  -71.0                         255     23  473.2         473.2
   50.0  20550  -70.5                         260     17  476.9         476.9
   46.0  21051  -67.8                         280     14  494.9         494.9
   44.0  21319  -66.4                         260     11  504.8         504.8
   42.3  21555  -65.1                         294     12  513.6         513.6
   42.0  21599  -65.1                         300     12  514.6         514.6
   38.0  22207  -65.6                         245     13  528.2         528.2
   36.1  22519  -65.9                         250      8  535.4         535.4
   36.0  22536  -65.8                         250      8  536.0         536.0
   35.0  22709  -64.7                         220      3  543.2         543.2
   33.0  23071  -62.4                         235      3  558.5         558.5
   31.6  23337  -60.7                         208      5  570.1         570.1
   30.0  23660  -60.7                         175      7  578.6         578.6
   28.0  24086  -62.9                         140     12  584.1         584.1
   27.6  24175  -63.3                         144      9  585.3         585.3
   27.0  24311  -63.0                         150      5  589.8         589.8
   26.0  24543  -62.5                          55      8  597.5         597.5
   25.1  24760  -62.1                          24     12  604.8         604.8
   25.0  24785  -62.0                          20     13  605.9         605.9
   23.0  25309  -58.8                         340     15  630.0         630.0
   22.0  25589  -57.0                         340     15  643.1         643.1
   21.0  25881  -55.2                         310     10  657.1         657.1
   20.7  25972  -54.7                                     661.5         661.5
</PRE><H3>Station information and sounding indices</H3><PRE>
                         Station identifier: WIII
                             Station number: 96749
                           Observation time: 170201/0000
                           Station latitude: -6.11
                          Station longitude: 106.65
                          Station elevation: 8.0
                            Showalter index: 2.16
                               Lifted index: -1.05
    LIFT computed using virtual temperature: -1.25
                                SWEAT index: 232.18
                                    K index: 32.90
                         Cross totals index: 18.70
                      Vertical totals index: 22.30
                        Totals totals index: 41.00
      Convective Available Potential Energy: 340.04
             CAPE using virtual temperature: 414.36
                      Convective Inhibition: -34.89
             CINS using virtual temperature: -15.87
                           Equilibrum Level: 208.44
 Equilibrum Level using virtual temperature: 208.24
                   Level of Free Convection: 776.79
             LFCT using virtual temperature: 868.24
                     Bulk Richardson Number: 15.75
          Bulk Richardson Number using CAPV: 19.19
  Temp [K] of the Lifted Condensation Level: 293.87
Pres [hPa] of the Lifted Condensation Level: 944.08
   Equivalent potential temp [K] of the LCL: 347.25
     Mean mixed layer potential temperature: 298.76
              Mean mixed layer mixing ratio: 16.63
              1000 hPa to 500 hPa thickness: 5765.00
Precipitable water [mm] for entire sounding: 56.70
</PRE>
<P>Description of the 
<A HREF="/upperair/columns.html">data columns</A>
or <A HREF="/upperair/indices.html">sounding indices</A>.

<P>
<FORM>
<INPUT CLASS="button" TYPE="button" VALUE=" Close this window " 
 onClick="window.close();">
<INPUT CLASS="button" TYPE="button" VALUE=" Select another map " 
 onClick="window.blur();">
</FORM>
<HR SIZE="1">
<I>Interested in graduate studies in atmospheric science?
Check out our program at the
<a href="http://www.uwyo.edu/atsc/howtoapply/"
target=_top>University of Wyoming
</a></I>
<HR SIZE="1"><FONT SIZE="-1">
Questions about the weather data provided by this site can be
addressed to <A HREF="mailto:ldoolman@uwyo.edu">
Larry Oolman (ldoolman@uwyo.edu)</A></FONT>
<HR SIZE="1">
<SCRIPT TYPE="text/javascript">
<!--
window.focus();
// -->
</SCRIPT>
</BODY>
</HTML>
