2021-11-30 00
<HTML>
<TITLE>University of Wyoming - Radiosonde Data</TITLE>
<BODY BGCOLOR="white">
<H2>96749 WIII Jakarta Observations at 00Z 30 Nov 2021</H2>
<PRE>
-----------------------------------------------------------------------------
   PRES   HGHT   TEMP   DWPT   RELH   MIXR   DRCT   SKNT   THTA   THTE   THTV
    hPa     m      C      C      %    g/kg    deg   knot     K      K      K 
-----------------------------------------------------------------------------
 1009.0      8   26.4   22.0     77  16.81    250      2  298.8  347.9  301.8
 1000.0     82   26.0   21.9     78  16.85    250      3  299.1  348.5  302.2
  976.0    296   24.9   20.8     78  16.16    235     11  300.1  347.6  303.0
  943.0    599   23.3   19.3     78  15.22    245      9  301.4  346.5  304.2
  925.0    769   22.4   18.5     79  14.71    255      5  302.2  345.9  304.9
  922.0    797   22.4   18.2     77  14.48    255      5  302.5  345.5  305.1
  880.0   1202   19.1   17.6     91  14.61    260      5  303.1  346.7  305.8
  866.0   1341   18.0   17.4     96  14.66    311      4  303.4  347.1  306.0
  850.0   1501   17.0   16.9     99  14.46     10      2  303.9  347.2  306.6
  820.0   1807   15.7   15.1     96  13.36    350      3  305.7  345.9  308.1
  762.0   2431   13.0   11.5     91  11.31    334      3  309.3  343.9  311.4
  712.0   3000    9.2    8.9     98  10.12    320      3  311.1  342.4  313.0
  700.0   3142    8.2    8.2    100   9.84    285      1  311.5  342.1  313.4
  696.0   3189    7.8    7.5     98   9.43    253      1  311.6  340.9  313.4
  687.0   3297    7.7    6.1     89   8.66    180      2  312.7  339.8  314.3
  674.0   3454    7.6    4.0     78   7.62    170      3  314.2  338.4  315.7
  662.0   3602    6.9    4.5     84   8.01    160      3  315.1  340.5  316.6
  653.0   3715    6.4    4.8     90   8.33    136      3  315.8  342.2  317.3
  646.0   3803    6.2    1.8     73   6.79    117      3  316.5  338.3  317.8
  638.0   3905    5.1    2.5     83   7.24     95      3  316.4  339.6  317.8
  637.0   3918    5.0    2.6     84   7.30     91      3  316.4  339.7  317.8
  623.0   4100    5.2   -0.8     65   5.83     33      3  318.6  337.6  319.8
  615.0   4204    4.4   -0.8     69   5.90      0      3  318.9  338.1  320.0
  593.0   4499    2.1   -0.9     81   6.10    305      5  319.6  339.5  320.8
  573.0   4777    0.0   -0.9     94   6.29    302      6  320.3  340.8  321.5
  558.0   4989   -1.9   -1.9    100   6.00    299      7  320.4  340.1  321.6
  547.0   5147   -1.1   -3.4     84   5.47    297      7  323.2  341.4  324.3
  510.0   5704   -3.3   -7.6     72   4.26    290      9  327.1  341.6  327.9
  500.0   5860   -4.1   -8.3     73   4.11    285     10  328.0  342.1  328.8
  491.0   6003   -5.2   -8.9     75   4.00    275     11  328.4  342.1  329.2
  473.0   6296   -7.3  -10.1     81   3.79    295     10  329.2  342.3  330.0
  465.0   6430   -8.3  -10.6     83   3.69    306      9  329.6  342.4  330.4
  455.0   6598   -9.1  -12.4     77   3.26    320      8  330.7  342.1  331.3
  438.0   6893  -10.5  -15.6     66   2.61    310     12  332.6  341.9  333.1
  421.0   7199  -11.9  -18.9     56   2.05    315     10  334.5  342.0  334.9
  402.0   7552  -14.3  -17.4     77   2.44    297     12  335.8  344.7  336.3
  400.0   7590  -14.7  -17.6     79   2.41    295     12  335.8  344.5  336.3
  389.0   7799  -15.9  -21.3     63   1.81    290     10  336.9  343.5  337.2
  374.0   8093  -17.7  -26.5     46   1.18    335      3  338.3  342.8  338.6
  369.0   8194  -18.3  -28.3     41   1.01    353      4  338.8  342.7  339.1
  359.0   8398  -19.6  -31.6     33   0.76     30      6  339.8  342.8  340.0
  350.0   8585  -20.7  -34.7     27   0.58     56      5  340.8  343.1  340.9
  345.0   8691  -21.7  -34.2     31   0.61     70      4  340.8  343.3  340.9
  333.0   8950  -24.1  -33.1     43   0.71     70      2  341.0  343.8  341.1
  332.0   8971  -24.3  -36.3     32   0.52     70      2  341.0  343.1  341.1
  331.0   8993  -24.4  -36.2     33   0.52     70      2  341.2  343.3  341.3
  326.0   9104  -24.9  -35.9     35   0.55    121      3  342.0  344.2  342.1
  323.0   9170  -25.3  -35.3     39   0.59    152      3  342.3  344.7  342.4
  321.0   9215  -25.7  -35.7     39   0.57    173      4  342.4  344.6  342.5
  319.0   9260  -26.1  -32.1     57   0.82    194      4  342.4  345.6  342.6
  318.0   9283  -26.5  -29.9     73   1.01    205      4  342.2  346.1  342.4
  313.0   9397  -27.1  -33.1     57   0.76    210      6  342.9  345.9  343.1
  300.0   9700  -29.3  -39.3     37   0.42    225     10  344.0  345.7  344.1
  280.0  10184  -33.6  -43.6     36   0.29    250      2  344.6  345.8  344.7
  268.0  10492  -36.4  -46.4     35   0.22    355      5  345.0  345.9  345.0
  257.0  10786  -39.0  -49.0     34   0.17    335     11  345.2  346.0  345.3
  250.0  10980  -40.7  -50.7     33   0.15    355     10  345.4  346.1  345.4
  246.0  11089  -41.5  -51.9     32   0.13     25     10  345.8  346.3  345.8
  227.0  11630  -45.7  -57.7     25   0.07     30     21  347.4  347.8  347.4
  225.0  11688  -46.2  -57.4     27   0.07     30     22  347.6  347.9  347.6
  211.0  12112  -49.5  -55.5     49   0.10     30     23  348.8  349.3  348.9
  200.0  12460  -52.9  -59.9     42   0.06     30     23  348.8  349.1  348.9
  165.0  13672  -63.9  -70.9     38   0.02     27     23  350.1  350.2  350.1
  150.0  14250  -69.1  -76.1     36   0.01     25     23  350.9  350.9  350.9
  146.0  14410  -70.4  -77.6     34   0.01     30     24  351.4  351.4  351.4
  136.0  14828  -73.7  -81.7     29   0.00     41     28  352.7  352.7  352.7
  125.0  15309  -76.3  -85.4     23   0.00     55     32  356.5  356.5  356.5
  119.0  15589  -77.9  -87.6     20   0.00     75     26  358.8  358.8  358.8
  101.0  16523  -83.0  -94.9     12   0.00    100     28  366.1  366.1  366.1
  100.0  16580  -83.3  -95.3     11   0.00     95     30  366.5  366.6  366.5
   96.9  16754  -84.3  -95.3     13   0.00     90     33  367.9  367.9  367.9
   96.0  16806  -84.0  -95.0     14   0.00     85     33  369.4  369.4  369.4
   92.5  17012  -82.9  -93.9     14   0.00     78     19  375.6  375.6  375.6
   91.0  17104  -80.3  -91.8     13   0.00     75     13  382.6  382.6  382.6
   89.9  17173  -78.3  -90.3     13   0.00     48     11  387.8  387.8  387.8
   86.0  17426  -78.4  -91.4     11   0.00    310      5  392.6  392.6  392.6
   82.3  17676  -78.5  -92.5      9   0.00    299      4  397.3  397.3  397.3
   78.7  17933  -74.7  -91.7      6   0.00    287      2  410.3  410.3  410.3
   78.0  17985  -75.0  -92.0      6   0.00    285      2  410.7  410.7  410.7
   76.9  18067  -75.5  -92.5      6   0.00    281      6  411.3  411.4  411.3
   75.0  18214  -71.5  -89.5      5   0.00    274     12  422.7  422.7  422.7
   74.0  18293  -71.6  -89.4      6   0.00    270     16  424.1  424.1  424.1
   70.0  18620  -72.1  -89.1      6   0.00    250     21  429.8  429.8  429.8
   67.9  18799  -72.3  -90.3      5   0.00    237     18  433.1  433.1  433.1
   63.5  19195  -69.5  -91.5      3   0.00    208     11  447.7  447.7  447.7
   63.0  19242  -69.6  -91.7      3   0.00    205     10  448.5  448.5  448.5
   60.0  19530  -70.2  -93.1      2   0.00    265      4  453.5  453.5  453.5
   57.0  19834  -70.8  -94.5      2   0.00    260      6  458.8  458.8  458.8
   52.6  20310  -71.7  -96.7      1   0.00     49      3  467.3  467.3  467.3
   52.0  20378  -71.1  -96.3      1   0.00     70      2  470.2  470.2  470.2
   50.0  20610  -69.1  -95.1      1   0.00     95      4  480.2  480.2  480.2
   49.0  20731  -67.9  -93.9      1   0.00    115      6  486.0  486.0  486.0
   48.4  20805  -67.1  -93.1      1   0.00    111      7  489.5  489.5  489.5
   45.9  21124  -68.9  -96.9      1   0.00     96     13  492.6  492.6  492.6
   45.0  21244  -67.6  -95.9      1   0.00     90     15  498.6  498.6  498.6
   43.1  21504  -64.7  -93.7      1   0.00     81     19  511.9  511.9  511.9
   40.0  21961  -64.3  -93.3      1   0.00     65     26  523.9  524.0  523.9
   39.0  22115  -64.1  -93.1      1   0.00     80     33  528.1  528.1  528.1
   38.7  22162  -64.1  -93.1      1   0.00     81     33  529.4  529.4  529.4
   38.0  22275  -61.9  -92.9      1   0.00     82     34  537.7  537.8  537.7
   32.1  23318  -62.3  -90.3      1   0.00     95     42  563.2  563.3  563.2
   32.0  23337  -62.1  -90.3      1   0.00     95     42  564.3  564.3  564.3
   30.2  23698  -58.1  -91.1      1   0.00     91     50  584.5  584.6  584.5
   30.0  23740  -57.1  -90.1      1   0.00     90     51  588.4  588.4  588.4
   29.0  23955  -56.5  -89.0      1   0.01     90     54  595.8  595.8  595.8
   26.5  24525  -54.9  -85.9      1   0.01     81     51  615.8  615.9  615.8
   25.0  24894  -56.2  -85.9      1   0.01     75     49  622.5  622.6  622.5
   24.2  25100  -56.9  -85.9      1   0.01     80     52  626.2  626.3  626.2
   22.0  25710  -53.5  -84.1      1   0.02     95     59  653.5  653.7  653.5
   20.2  26255  -50.5  -82.5      1   0.02     91     66  678.9  679.1  678.9
   20.0  26320  -50.5  -82.5      1   0.02     90     67  680.8  681.1  680.9
   15.4  28034  -48.9  -81.9      1   0.03    101     55  738.9  739.2  738.9
   14.0  28664  -47.3  -80.3      1   0.05    105     51  764.6  765.1  764.6
   13.3  29003  -46.5  -79.5      1   0.05     91     47  778.8  779.4  778.8
   13.0  29156  -45.9  -79.1      1   0.06     85     45  786.0  786.7  786.0
   12.1  29636  -43.9  -77.9      1   0.08     76     28  809.2  810.2  809.3
   12.0  29692  -41.7  -77.7      1   0.08     75     26  819.0  819.9  819.0
   10.8  30403  -44.3  -75.3      2   0.13     84     18  834.5  836.1  834.6
   10.5  30592  -45.5  -75.5      2   0.13     86     16  836.8  838.4  836.9
   10.0  30920  -42.5  -76.5      1   0.12     90     13  859.8  861.2  859.8
    9.0  31638  -38.9  -73.8      1   0.19     60     18  899.9  902.5  900.0
    8.9  31714  -38.5  -73.5      1   0.21                904.3  907.0  904.4
</PRE><H3>Station information and sounding indices</H3><PRE>
                         Station identifier: WIII
                             Station number: 96749
                           Observation time: 211130/0000
                           Station latitude: -6.11
                          Station longitude: 106.65
                          Station elevation: 8.0
                            Showalter index: -0.00
                               Lifted index: -0.21
    LIFT computed using virtual temperature: -0.48
                                SWEAT index: 216.81
                                    K index: 38.00
                         Cross totals index: 21.00
                      Vertical totals index: 21.10
                        Totals totals index: 42.10
      Convective Available Potential Energy: 164.84
             CAPE using virtual temperature: 228.27
                      Convective Inhibition: -41.84
             CINS using virtual temperature: -36.47
                           Equilibrum Level: 242.62
 Equilibrum Level using virtual temperature: 241.65
                   Level of Free Convection: 852.64
             LFCT using virtual temperature: 854.43
                     Bulk Richardson Number: 38.40
          Bulk Richardson Number using CAPV: 53.18
  Temp [K] of the Lifted Condensation Level: 293.21
Pres [hPa] of the Lifted Condensation Level: 924.07
   Equivalent potential temp [K] of the LCL: 347.66
     Mean mixed layer potential temperature: 299.91
              Mean mixed layer mixing ratio: 16.28
              1000 hPa to 500 hPa thickness: 5778.00
Precipitable water [mm] for entire sounding: 60.41
</PRE>
<P>Description of the 
<A HREF="/upperair/columns.html">data columns</A>
or <A HREF="/upperair/indices.html">sounding indices</A>.

<P>
<FORM>
<INPUT CLASS="button" TYPE="button" VALUE=" Close this window " 
 onClick="window.close();">
<INPUT CLASS="button" TYPE="button" VALUE=" Select another map " 
 onClick="window.blur();">
</FORM>
<HR SIZE="1">
<I>Interested in graduate studies in atmospheric science?
Check out our program at the
<a href="http://www.uwyo.edu/atsc/howtoapply/"
target=_top>University of Wyoming
</a></I>
<HR SIZE="1"><FONT SIZE="-1">
Questions about the weather data provided by this site can be
addressed to <A HREF="mailto:ldoolman@uwyo.edu">
Larry Oolman (ldoolman@uwyo.edu)</A></FONT>
<HR SIZE="1">
<SCRIPT TYPE="text/javascript">
<!--
window.focus();
// -->
</SCRIPT>
</BODY>
</HTML>
