2022-04-26 00
<HTML>
<TITLE>University of Wyoming - Radiosonde Data</TITLE>
<BODY BGCOLOR="white">
<H2>96749 WIII Jakarta Observations at 00Z 26 Apr 2022</H2>
<PRE>
-----------------------------------------------------------------------------
   PRES   HGHT   TEMP   DWPT   RELH   MIXR   DRCT   SKNT   THTA   THTE   THTV
    hPa     m      C      C      %    g/kg    deg   knot     K      K      K 
-----------------------------------------------------------------------------
 1008.0      8   25.0   23.9     94  18.94    220      4  297.5  352.6  300.8
 1000.0     79   25.4   23.3     88  18.39    225      8  298.6  352.3  301.8
  975.0    300   25.4   22.1     82  17.55    245     13  300.7  352.5  303.9
  968.0    362   25.4   21.8     80  17.32    248     13  301.3  352.5  304.4
  925.0    756   22.4   20.1     87  16.29    265     14  302.2  350.5  305.1
  850.0   1485   18.8   15.0     79  12.77    265     11  305.8  344.4  308.2
  849.0   1495   18.7   15.0     79  12.77    265     11  305.9  344.4  308.2
  820.0   1793   16.8   14.2     84  12.55    265      7  306.9  344.9  309.2
  776.0   2266   13.8   12.9     94  12.19    265      3  308.5  345.7  310.8
  764.0   2397   13.1   11.8     92  11.53    265      2  309.1  344.4  311.2
  711.0   3003    9.7    6.9     82   8.84    155      3  311.8  339.4  313.5
  700.0   3134    9.0    5.8     80   8.33    130      3  312.4  338.5  314.0
  647.0   3786    7.6    1.6     66   6.69    143      2  317.9  339.5  319.2
  638.0   3900    6.8    1.3     68   6.62    145      2  318.3  339.7  319.6
  615.0   4199    4.6    0.4     74   6.46    225      3  319.2  340.2  320.4
  593.0   4495    2.5   -0.4     81   6.30    190      6  320.1  340.6  321.3
  568.0   4846    0.0   -1.4     90   6.12    199      5  321.1  341.1  322.2
  550.0   5103   -1.5   -2.3     94   5.90    205      5  322.2  341.7  323.4
  532.0   5369   -3.1   -3.3     99   5.67    160      8  323.4  342.2  324.5
  530.0   5399   -3.5   -3.6     99   5.57    155      8  323.3  341.7  324.4
  521.0   5534   -2.7   -6.1     77   4.68    157      8  325.8  341.6  326.8
  510.0   5703   -3.6   -7.4     75   4.33    160      7  326.7  341.4  327.6
  500.0   5860   -4.5   -8.6     73   4.02    160      5  327.5  341.2  328.3
  455.0   6595   -9.3  -13.3     73   3.03     90      5  330.4  341.0  331.0
  448.0   6716  -10.1  -14.1     73   2.88     90      5  330.9  341.1  331.5
  422.0   7174  -13.1  -23.1     43   1.42     90      4  332.7  338.0  333.0
  414.0   7320  -14.1  -26.1     36   1.11     90      3  333.3  337.4  333.5
  404.0   7505  -14.9  -19.3     69   2.07     90      3  334.6  342.1  335.0
  400.0   7580  -15.5  -18.6     77   2.22    135      1  334.8  342.8  335.2
  393.0   7713  -16.7  -17.9     90   2.39    195      4  334.9  343.5  335.4
  389.0   7790  -17.1  -18.6     88   2.28    230      5  335.4  343.6  335.9
  373.0   8105  -18.5  -21.5     77   1.85    215      6  337.5  344.3  337.9
  365.0   8267  -19.3  -23.0     72   1.66    187      7  338.6  344.8  338.9
  344.0   8700  -22.4  -25.9     73   1.35    110     10  340.2  345.3  340.4
  330.0   9004  -24.5  -28.0     73   1.17    105     10  341.3  345.7  341.5
  317.0   9297  -26.6  -30.0     73   1.01     95     10  342.3  346.2  342.5
  300.0   9700  -29.5  -32.7     74   0.82     95     11  343.7  346.9  343.9
  292.0   9891  -31.2  -34.1     76   0.74    100     11  343.9  346.9  344.1
  286.0  10038  -32.5  -35.1     78   0.68    101     11  344.1  346.8  344.3
  268.0  10488  -36.1  -39.8     68   0.45    105     12  345.4  347.2  345.5
  250.0  10970  -39.9  -44.9     59   0.28    105     10  346.6  347.8  346.7
  223.0  11738  -45.7  -52.7     45   0.13     95     18  349.2  349.8  349.2
  204.0  12322  -50.9  -54.4     66   0.12     87     25  350.0  350.5  350.0
  200.0  12450  -51.9  -55.8     63   0.10     85     26  350.4  350.9  350.4
  150.0  14240  -68.3  -74.3     42   0.01     80     19  352.2  352.3  352.2
  146.0  14399  -69.8  -76.0     40   0.01     85     18  352.4  352.4  352.4
  133.0  14949  -74.9  -81.9     33   0.00     89     19  352.8  352.8  352.8
  116.0  15727  -81.9  -88.9     30   0.00     94     20  353.9  353.9  353.9
  112.0  15922  -82.7  -89.7     30   0.00     95     20  356.0  356.0  356.0
  101.0  16495  -85.1  -92.1     29   0.00    125     26  362.1  362.1  362.1
  100.0  16550  -85.3  -92.3     28   0.00    125     25  362.7  362.7  362.7
   99.2  16594  -85.7  -92.7     28   0.00    125     24  362.7  362.8  362.7
   96.0  16774  -85.4  -92.7     27   0.00    115     24  366.8  366.8  366.8
   90.2  17116  -84.7  -92.7     24   0.00     91     32  374.7  374.7  374.7
   90.0  17129  -84.6  -92.6     24   0.00     90     32  375.1  375.1  375.1
   86.0  17381  -83.1  -91.1     24   0.00     90     26  383.1  383.1  383.1
   83.1  17571  -81.9  -89.9     25   0.00     90     30  389.3  389.3  389.3
   81.0  17715  -80.7  -89.8     21   0.00     90     33  394.7  394.7  394.7
   79.4  17827  -79.7  -89.7     18   0.00     74     30  398.9  398.9  398.9
   78.4  17899  -76.3  -90.3     10   0.00     64     28  407.4  407.4  407.4
   77.0  18003  -76.4  -90.2     10   0.00     50     25  409.3  409.3  409.3
   73.0  18309  -76.7  -90.0     11   0.00    350     22  415.0  415.0  415.0
   70.1  18542  -76.9  -89.9     11   0.00    331     16  419.4  419.4  419.4
   70.0  18550  -76.9  -89.9     11   0.00    330     16  419.6  419.6  419.6
   69.0  18635  -76.5  -90.0     10   0.00    330     14  422.1  422.1  422.1
   66.0  18896  -75.4  -90.3      8   0.00    340      4  430.0  430.0  430.0
   63.0  19170  -74.1  -90.6      7   0.00    225     11  438.4  438.4  438.4
   60.0  19457  -72.9  -90.9      5   0.00    180      6  447.4  447.5  447.4
   57.0  19759  -71.5  -91.2      4   0.00     50      4  457.1  457.1  457.1
   54.0  20077  -70.1  -91.6      3   0.00    105     12  467.5  467.5  467.5
   50.0  20530  -68.1  -92.1      2   0.00     75     27  482.6  482.6  482.6
   47.7  20814  -66.9  -92.9      1   0.00     69     30  492.0  492.0  492.0
   46.0  21033  -67.7  -94.3      1   0.00     65     33  495.2  495.2  495.2
   44.8  21192  -68.3  -95.3      1   0.00     71     36  497.5  497.5  497.5
   42.0  21581  -66.5  -98.5      0   0.00     85     43  511.2  511.2  511.2
   40.2  21850  -62.1  -95.1      1   0.00     85     44  528.7  528.7  528.7
   36.0  22534  -61.8  -94.8      1   0.00     85     45  546.5  546.5  546.5
   33.0  23073  -61.5  -94.5      1   0.00     85     54  560.9  560.9  560.9
   32.9  23092  -61.5  -94.5      1   0.00     85     54  561.4  561.4  561.4
   30.2  23628  -57.7  -91.7      1   0.00     76     63  585.6  585.7  585.6
   30.0  23670  -57.7  -91.7      1   0.00     75     64  586.8  586.8  586.8
   26.4  24475  -58.3  -92.3      1   0.00     86     66  606.9  606.9  606.9
   25.0  24823  -56.8  -91.0      1   0.00     90     67  620.9  620.9  620.9
   24.0  25082  -55.6  -90.1      1   0.00     95     68  631.5  631.6  631.5
   23.6  25190  -55.1  -89.7      1   0.01     95     68  636.0  636.0  636.0
   22.0  25637  -53.1  -88.1      1   0.01     91     51  654.8  654.9  654.8
   20.5  26097  -48.3  -85.3      1   0.01     86     35  682.7  682.9  682.7
   20.0  26260  -46.3  -83.3      1   0.02     85     29  693.7  693.9  693.7
   19.7  26361  -45.5  -82.5      1   0.02    110     24  699.1  699.4  699.1
   19.0  26601  -46.1  -83.1      1   0.02    170     11  704.5  704.8  704.6
   18.1  26923  -46.9  -83.9      1   0.02    201     22  711.9  712.1  711.9
   18.0  26960  -47.0  -84.0      1   0.02    205     23  712.8  713.0  712.8
   17.4  27184  -47.3  -84.3      1   0.02    184     20  718.6  718.9  718.7
   17.0  27340  -45.6  -83.2      1   0.02    170     18  729.0  729.3  729.0
   16.1  27704  -41.5  -80.5      1   0.04     35     14  753.6  754.1  753.7
   16.0  27746  -41.6  -80.6      1   0.04     20     14  754.5  755.0  754.5
   15.0  28181  -43.1  -81.7      1   0.03    350     23  763.6  764.0  763.6
   14.0  28645  -44.7  -82.8      1   0.03    340     30  773.4  773.8  773.4
   13.9  28693  -44.9  -82.9      1   0.03    325     26  774.4  774.8  774.4
   13.3  28989  -42.7  -80.7      1   0.04    299     22  791.8  792.3  791.8
   13.0  29143  -43.2  -81.2      1   0.04    285     20  795.3  795.9  795.4
   12.2  29570  -44.5  -82.5      1   0.04    277     24  805.2  805.7  805.3
   12.0  29680  -44.2  -82.2      1   0.04    275     25  810.0  810.5  810.1
   11.5  29966  -43.5  -81.5      1   0.05    297     22  822.5  823.1  822.5
   11.0  30268  -40.2  -79.0      1   0.07    320     19  844.9  845.8  844.9
   10.8  30392  -38.9  -77.9      1   0.09                854.2  855.3  854.2
   10.3  30718  -38.5  -87.5      0   0.02                867.3  867.6  867.3
</PRE><H3>Station information and sounding indices</H3><PRE>
                         Station identifier: WIII
                             Station number: 96749
                           Observation time: 220426/0000
                           Station latitude: -6.11
                          Station longitude: 106.65
                          Station elevation: 8.0
                            Showalter index: 0.65
                               Lifted index: -2.24
    LIFT computed using virtual temperature: -2.65
                                SWEAT index: 206.98
                                    K index: 35.10
                         Cross totals index: 19.50
                      Vertical totals index: 23.30
                        Totals totals index: 42.80
      Convective Available Potential Energy: 897.36
             CAPE using virtual temperature: 1008.34
                      Convective Inhibition: -39.04
             CINS using virtual temperature: -26.07
                           Equilibrum Level: 156.90
 Equilibrum Level using virtual temperature: 153.40
                   Level of Free Convection: 822.00
             LFCT using virtual temperature: 843.40
                     Bulk Richardson Number: 210.03
          Bulk Richardson Number using CAPV: 236.00
  Temp [K] of the Lifted Condensation Level: 294.87
Pres [hPa] of the Lifted Condensation Level: 940.33
   Equivalent potential temp [K] of the LCL: 352.26
     Mean mixed layer potential temperature: 300.11
              Mean mixed layer mixing ratio: 17.76
              1000 hPa to 500 hPa thickness: 5781.00
Precipitable water [mm] for entire sounding: 60.76
</PRE>
<P>Description of the 
<A HREF="/upperair/columns.html">data columns</A>
or <A HREF="/upperair/indices.html">sounding indices</A>.

<P>
<FORM>
<INPUT CLASS="button" TYPE="button" VALUE=" Close this window " 
 onClick="window.close();">
<INPUT CLASS="button" TYPE="button" VALUE=" Select another map " 
 onClick="window.blur();">
</FORM>
<HR SIZE="1">
<I>Interested in graduate studies in atmospheric science?
Check out our program at the
<a href="http://www.uwyo.edu/atsc/howtoapply/"
target=_top>University of Wyoming
</a></I>
<HR SIZE="1"><FONT SIZE="-1">
Questions about the weather data provided by this site can be
addressed to <A HREF="mailto:ldoolman@uwyo.edu">
Larry Oolman (ldoolman@uwyo.edu)</A></FONT>
<HR SIZE="1">
<SCRIPT TYPE="text/javascript">
<!--
window.focus();
// -->
</SCRIPT>
</BODY>
</HTML>
