2020-06-27 00
<HTML>
<TITLE>University of Wyoming - Radiosonde Data</TITLE>
<BODY BGCOLOR="white">
<H2>96749 WIII Jakarta Observations at 00Z 27 Jun 2020</H2>
<PRE>
-----------------------------------------------------------------------------
   PRES   HGHT   TEMP   DWPT   RELH   MIXR   DRCT   SKNT   THTA   THTE   THTV
    hPa     m      C      C      %    g/kg    deg   knot     K      K      K 
-----------------------------------------------------------------------------
 1010.0      8   25.2   23.4     90  18.32    190      3  297.5  350.8  300.8
 1009.0     16   26.2   22.6     81  17.45    188      3  298.6  349.6  301.7
 1000.0     93   26.2   22.7     81  17.72    165      7  299.4  351.3  302.5
  944.0    599   23.1   20.0     83  15.82     90     12  301.2  347.9  304.0
  925.0    777   22.0   19.0     83  15.19     80     12  301.8  346.8  304.5
  880.0   1206   19.6   15.7     78  12.91     85      8  303.7  342.3  306.0
  850.0   1505   18.0   13.4     74  11.49     90      3  305.0  339.6  307.1
  835.0   1657   17.0   14.4     85  12.50    134      2  305.5  343.2  307.8
  821.0   1801   16.4   13.4     83  11.90    175      1  306.3  342.3  308.5
  792.0   2106   15.0   11.2     78  10.69    130      1  308.0  340.6  309.9
  765.0   2399   13.6    9.2     75   9.62    310      1  309.6  339.3  311.4
  745.0   2624   12.6    7.6     72   8.87    348      1  310.8  338.4  312.5
  739.0   2692   12.6    5.3     61   7.60      0      1  311.5  335.4  313.0
  717.0   2945   12.6   -3.4     33   4.17      0      0  314.2  327.8  315.0
  713.0   2992   12.3   -2.3     36   4.54      0      0  314.4  329.1  315.2
  700.0   3146   11.2    1.2     50   6.00      0      1  314.9  334.1  316.0
  696.0   3194   10.8    1.8     54   6.30      9      2  314.9  335.1  316.1
  683.0   3351   10.0   -6.0     32   3.59     38      3  315.7  327.6  316.4
  663.0   3597    8.2   -4.9     39   4.02     85      6  316.4  329.6  317.1
  639.0   3901    5.9   -3.6     51   4.62     60      5  317.1  332.2  318.0
  636.0   3940    5.6   -3.4     52   4.70     61      5  317.2  332.6  318.1
  629.0   4031    4.8   -0.2     70   6.03     63      6  317.3  336.8  318.5
  619.0   4162    3.8   -0.3     75   6.09     66      7  317.6  337.3  318.8
  603.0   4375    3.0  -11.0     35   2.75     70      8  319.1  328.4  319.6
  600.0   4415    3.2  -22.8     13   1.03     71      8  319.8  323.5  320.0
  588.0   4579    2.6  -31.4      6   0.47     75     10  320.9  322.7  321.0
  572.0   4801    0.8  -13.8     33   2.31     80     11  321.4  329.3  321.8
  565.0   4901    0.0   -6.0     64   4.35     75     10  321.6  336.1  322.4
  547.0   5160   -2.3   -6.6     72   4.29     62      9  321.8  336.1  322.6
  539.0   5277   -2.7   -9.7     59   3.42     56      8  322.7  334.3  323.4
  531.0   5396   -3.7   -8.6     69   3.79     50      7  322.9  335.7  323.7
  529.0   5426   -3.9   -8.3     71   3.89     50      7  323.0  336.1  323.7
  520.0   5561   -4.9   -9.4     71   3.63     50      6  323.4  335.6  324.1
  511.0   5699   -5.1  -16.4     41   2.09     50      5  324.8  332.1  325.2
  501.0   5854   -5.3  -24.3     21   1.07     86      4  326.3  330.3  326.5
  500.0   5870   -5.3  -27.3     16   0.82     90      4  326.5  329.6  326.7
  494.0   5964   -5.1  -28.1     15   0.77     97      6  327.9  330.8  328.0
  492.0   5996   -5.3  -26.5     17   0.90    100      6  328.0  331.4  328.2
  481.0   6172   -6.3  -17.3     41   2.06     86      8  328.9  336.2  329.3
  473.0   6301   -7.3  -17.4     44   2.07     75      9  329.3  336.7  329.7
  426.0   7105  -13.3  -18.3     66   2.14     59     17  331.6  339.3  332.0
  409.0   7413  -14.9  -18.7     73   2.15     53     20  333.4  341.2  333.8
  400.0   7580  -16.3  -20.0     73   1.97     50     22  333.7  340.9  334.1
  389.0   7790  -17.7  -21.9     70   1.72     55     26  334.5  340.8  334.9
  386.0   7848  -18.1  -22.4     69   1.65     57     26  334.8  340.9  335.1
  374.0   8085  -19.3  -32.3     31   0.68     64     27  336.2  338.9  336.4
  368.0   8206  -18.7  -44.7      8   0.19     67     28  338.6  339.4  338.6
  317.0   9297  -27.2  -51.0      9   0.11    100     32  341.6  342.0  341.6
  300.0   9700  -30.3  -53.3      9   0.09     90     32  342.6  342.9  342.6
  254.0  10853  -40.1  -60.1     10   0.05     81     30  344.7  345.0  344.8
  250.0  10960  -40.9                          80     30  345.1         345.1
  214.0  11991  -49.7                          75     29  347.2         347.2
  200.0  12440  -53.5                          75     35  347.9         347.9
  169.0  13488  -62.5                          90     31  350.1         350.1
  150.0  14230  -68.9                          75     42  351.2         351.2
  138.0  14711  -72.3                          75     42  353.6         353.6
  112.0  15915  -80.9                          80     34  359.4         359.4
  107.0  16172  -78.9                          80     33  367.9         367.9
  105.0  16280  -77.1                          98     30  373.3         373.3
  100.0  16560  -74.1                         145     23  384.3         384.3
   96.0  16797  -75.7                         160     26  385.8         385.8
   91.9  17050  -77.3                         142     20  387.4         387.4
   87.0  17366  -76.9                         120     13  394.4         394.4
   82.0  17707  -76.4                          75      6  402.1         402.1
   78.0  17996  -76.0                           0      1  408.7         408.7
   77.3  18048  -75.9                           3      2  409.9         409.9
   74.0  18304  -73.4                          15      6  420.3         420.3
   70.3  18605  -70.5                         352      2  432.7         432.7
   70.0  18630  -70.5                         350      2  433.2         433.2
   67.0  18889  -72.1                          65      4  435.3         435.3
   65.5  19023  -72.9                          90      9  436.3         436.3
   64.0  19161  -72.2                         115     14  440.9         440.9
   55.1  20054  -67.3                          75     40  471.2         471.2
   55.0  20065  -67.3                          75     40  471.4         471.4
   50.0  20640  -68.3                          80     40  482.1         482.1
   48.6  20810  -68.9                          83     42  484.6         484.6
   45.0  21273  -67.3                          90     48  499.4         499.4
   43.4  21490  -66.5                          87     44  506.4         506.4
   41.7  21734  -62.7                          84     40  521.7         521.7
   35.0  22819  -60.3                          70     21  554.7         554.7
   34.0  23001  -59.4                          65     20  561.8         561.8
   30.0  23790  -55.3                         115      8  593.3         593.3
   29.0  24007  -53.3                           0      5  604.5         604.5
   28.9  24029  -53.1                         354      6  605.7         605.7
   28.0  24232  -53.1                         295     17  611.1         611.1
   27.0  24465  -53.2                         275     23  617.4         617.4
   21.0  26077  -53.5                         235     16  662.4         662.4
   20.9  26107  -53.5                         237     16  663.3         663.3
   20.0  26390  -52.3                         260     15  675.3         675.3
   17.6  27222  -49.5                         276     16  709.3         709.3
   17.0  27449  -49.5                         280     16  716.4         716.4
   16.0  27846  -49.5                         290     15  728.9         728.9
   15.0  28268  -49.5                         305     12  742.5         742.5
   14.6  28445  -49.5                                     748.2         748.2
</PRE><H3>Station information and sounding indices</H3><PRE>
                         Station identifier: WIII
                             Station number: 96749
                           Observation time: 200627/0000
                           Station latitude: -6.11
                          Station longitude: 106.65
                          Station elevation: 8.0
                            Showalter index: 1.75
                               Lifted index: -2.20
    LIFT computed using virtual temperature: -3.07
                                SWEAT index: 170.78
                                    K index: 26.70
                         Cross totals index: 18.70
                      Vertical totals index: 23.30
                        Totals totals index: 42.00
      Convective Available Potential Energy: 666.47
             CAPE using virtual temperature: 828.59
                      Convective Inhibition: -35.24
             CINS using virtual temperature: -20.97
                           Equilibrum Level: 176.35
 Equilibrum Level using virtual temperature: 175.67
                   Level of Free Convection: 817.32
             LFCT using virtual temperature: 862.77
                     Bulk Richardson Number: 216.53
          Bulk Richardson Number using CAPV: 269.20
  Temp [K] of the Lifted Condensation Level: 294.12
Pres [hPa] of the Lifted Condensation Level: 934.61
   Equivalent potential temp [K] of the LCL: 349.86
     Mean mixed layer potential temperature: 299.88
              Mean mixed layer mixing ratio: 17.06
              1000 hPa to 500 hPa thickness: 5777.00
Precipitable water [mm] for entire sounding: 48.86
</PRE>
<P>Description of the 
<A HREF="/upperair/columns.html">data columns</A>
or <A HREF="/upperair/indices.html">sounding indices</A>.

<P>
<FORM>
<INPUT CLASS="button" TYPE="button" VALUE=" Close this window " 
 onClick="window.close();">
<INPUT CLASS="button" TYPE="button" VALUE=" Select another map " 
 onClick="window.blur();">
</FORM>
<HR SIZE="1">
<I>Interested in graduate studies in atmospheric science?
Check out our program at the
<a href="http://www.uwyo.edu/atsc/howtoapply/"
target=_top>University of Wyoming
</a></I>
<HR SIZE="1"><FONT SIZE="-1">
Questions about the weather data provided by this site can be
addressed to <A HREF="mailto:ldoolman@uwyo.edu">
Larry Oolman (ldoolman@uwyo.edu)</A></FONT>
<HR SIZE="1">
<SCRIPT TYPE="text/javascript">
<!--
window.focus();
// -->
</SCRIPT>
</BODY>
</HTML>
