2020-11-30 12
<HTML>
<TITLE>University of Wyoming - Radiosonde Data</TITLE>
<BODY BGCOLOR="white">
<H2>96749 WIII Jakarta Observations at 00Z 30 Nov 2020</H2>
<PRE>
-----------------------------------------------------------------------------
   PRES   HGHT   TEMP   DWPT   RELH   MIXR   DRCT   SKNT   THTA   THTE   THTV
    hPa     m      C      C      %    g/kg    deg   knot     K      K      K 
-----------------------------------------------------------------------------
 1009.0      8   24.6   22.6     89  17.45    240      4  297.0  347.6  300.1
 1000.0     86   23.8   22.2     91  17.17    240      8  296.9  346.8  300.0
  976.0    299   23.2   21.1     88  16.47    250     14  298.4  346.5  301.3
  925.0    770   21.8   18.8     83  15.00    255     21  301.6  346.0  304.3
  895.0   1058   20.6   16.7     78  13.54    263     19  303.2  343.6  305.7
  850.0   1505   17.8   15.7     88  13.37    275     15  304.8  344.9  307.2
  821.0   1798   16.1   14.2     89  12.60    275     17  306.0  344.1  308.3
  712.0   3002    9.1    8.3     95   9.75    265     18  311.1  341.3  312.9
  710.0   3025    9.0    8.2     95   9.70    266     18  311.2  341.2  313.0
  700.0   3143    8.4    7.6     95   9.44    270     19  311.8  341.1  313.5
  678.0   3407    8.0    5.3     83   8.30    273     20  314.2  340.4  315.7
  576.0   4735    0.0   -1.0     93   6.21    286     25  319.8  340.0  321.0
  550.0   5105   -1.2   -2.4     92   5.87    290     26  322.6  342.0  323.7
  548.0   5134   -1.3   -2.5     92   5.85    290     26  322.8  342.1  324.0
  500.0   5860   -5.1   -6.3     91   4.80    290     27  326.8  343.0  327.7
  416.0   7283  -12.9  -14.8     86   2.93    278     18  334.4  344.8  335.0
  400.0   7580  -15.3  -16.2     93   2.72    275     16  335.0  344.8  335.6
  389.0   7789  -16.6  -18.0     89   2.39    265     17  336.0  344.6  336.5
  359.0   8390  -20.4  -23.3     77   1.64    260     16  338.7  344.9  339.1
  352.0   8538  -21.3  -24.6     75   1.49    258     14  339.4  345.0  339.7
  331.0   8985  -24.7  -28.2     73   1.14    250      9  340.8  345.1  341.0
  317.0   9299  -27.1  -30.7     71   0.94    260     10  341.7  345.4  341.9
  300.0   9700  -30.1  -33.9     69   0.73    235     13  342.8  345.7  343.0
  295.0   9819  -31.1  -34.8     70   0.68    234     13  343.1  345.8  343.2
  279.0  10211  -34.3  -38.3     67   0.50    230     11  344.0  346.1  344.1
  273.0  10364  -35.5  -39.7     65   0.45    230      8  344.4  346.2  344.5
  269.0  10466  -36.1  -42.1     54   0.35    230      6  345.0  346.4  345.0
  268.0  10492  -36.3  -42.4     54   0.34    230      6  345.0  346.4  345.1
  256.0  10807  -39.2  -45.9     49   0.25    240      3  345.3  346.3  345.3
  250.0  10970  -40.7  -47.7     47   0.21    285      1  345.4  346.3  345.5
  245.0  11106  -42.0  -49.6     44   0.17    295      2  345.4  346.2  345.5
  241.0  11218  -43.1  -51.1     41   0.14    289      2  345.4  346.1  345.5
  235.0  11385  -44.6  -51.6     45   0.14    280      2  345.7  346.3  345.7
  224.0  11703  -47.5  -52.6     55   0.13    215      1  346.0  346.6  346.0
  221.0  11793  -48.3  -52.9     59   0.13    258      1  346.1  346.7  346.1
  214.0  12001  -50.1  -54.5     59   0.11      0      1  346.5  347.0  346.5
  200.0  12440  -53.9  -58.0     61   0.08      0      0  347.2  347.6  347.3
  198.0  12504  -54.5  -58.5     61   0.07      0      0  347.3  347.6  347.3
  195.0  12601  -55.4  -60.3     54   0.06      0      1  347.4  347.7  347.4
  188.0  12834  -57.5  -64.5     40   0.03     54      5  347.6  347.8  347.6
  186.0  12901  -58.2  -65.0     41   0.03     70      6  347.6  347.8  347.6
  176.0  13246  -61.7  -67.7     45   0.02     76     12  347.4  347.5  347.4
  169.0  13495  -63.5  -72.2     29   0.01     80     17  348.5  348.6  348.5
  159.0  13868  -66.1  -79.1     15   0.00     80     27  350.1  350.2  350.1
  150.0  14220  -67.9  -81.9     12   0.00     80     37  352.9  352.9  352.9
  146.0  14379  -69.2  -83.0     12   0.00     80     37  353.4  353.4  353.4
  127.0  15200  -75.9  -88.9     12   0.00     89     43  355.7  355.7  355.7
  125.0  15291  -76.4  -89.5     11   0.00     90     44  356.4  356.4  356.4
  113.0  15868  -79.7  -93.7      9   0.00     64     35  360.7  360.7  360.7
  107.0  16177  -79.8  -91.6     13   0.00     50     30  366.2  366.2  366.2
  101.0  16504  -79.9  -89.3     20   0.00     35     15  372.1  372.1  372.1
  100.0  16560  -79.9  -88.9     22   0.00     40     15  373.1  373.1  373.1
   96.0  16790  -81.1  -91.7     16   0.00     80     14  375.2  375.2  375.2
   95.2  16838  -81.3  -92.3     15   0.00     81     14  375.6  375.6  375.6
   91.0  17091  -81.2  -92.2     15   0.00     85     17  380.8  380.8  380.8
   89.7  17172  -81.1  -92.1     15   0.00     75     16  382.5  382.5  382.5
   86.0  17410  -79.8  -89.9     18   0.00     45     12  389.8  389.8  389.8
   85.3  17457  -79.5  -89.5     18   0.00     29     13  391.3  391.3  391.3
   83.6  17572  -73.9  -88.9      9   0.00    349     15  404.9  404.9  404.9
   82.0  17685  -73.5  -87.2     11   0.00    310     17  407.9  407.9  407.9
   81.1  17750  -73.3  -86.3     12   0.00    307     18  409.6  409.7  409.6
   79.9  17838  -70.1  -86.1      8   0.00    302     20  418.0  418.0  418.0
   74.0  18291  -71.6  -85.9     10   0.00    280     30  424.1  424.1  424.1
   70.0  18620  -72.7  -85.7     13   0.00    260     28  428.5  428.6  428.5
   67.8  18807  -73.3  -87.3     10   0.00    260     22  431.2  431.2  431.2
   64.0  19146  -72.0  -86.6     10   0.00    245     21  441.3  441.3  441.3
   62.2  19314  -71.3  -86.3      9   0.00    254     15  446.3  446.4  446.3
   60.0  19529  -68.1  -85.2      7   0.00    265      7  458.2  458.2  458.2
   59.1  19620  -66.7  -84.7      6   0.01    264     10  463.2  463.3  463.2
   57.0  19840  -65.8  -83.8      7   0.01    260     16  470.0  470.0  470.0
   52.0  20400  -63.7  -81.7      7   0.01    285     12  487.6  487.6  487.6
   50.8  20542  -63.1  -81.1      7   0.01    276     14  492.1  492.2  492.1
   50.0  20640  -63.1  -81.1      7   0.01    270     16  494.4  494.4  494.4
   47.0  21019  -64.6  -82.6      7   0.01    255     20  499.7  499.7  499.7
   44.8  21312  -65.7  -83.7      7   0.01    185     13  503.8  503.9  503.8
   43.0  21561  -66.2  -85.4      5   0.01    125      7  508.6  508.6  508.6
   41.8  21732  -66.5  -86.5      5   0.01    116      8  511.9  511.9  511.9
   39.0  22158  -62.1  -83.6      4   0.01     95     10  533.2  533.2  533.2
   38.0  22318  -60.5  -82.5      4   0.01    117     10  541.3  541.4  541.3
   37.0  22485  -60.2  -82.2      4   0.01    140      9  546.2  546.3  546.2
   35.0  22833  -59.6  -81.6      4   0.01     90      8  556.5  556.6  556.5
   34.0  23015  -59.3  -81.3      4   0.02      0     13  561.9  562.1  561.9
   32.0  23395  -58.6  -80.7      4   0.02    315     19  573.5  573.6  573.5
   30.4  23716  -58.1  -80.1      4   0.02    295     18  583.5  583.6  583.5
   30.0  23800  -57.1  -80.1      4   0.02    290     18  588.4  588.6  588.4
   29.0  24016  -55.9  -80.2      3   0.02    290     10  597.4  597.6  597.4
   28.0  24239  -54.7  -80.3      3   0.02    155      3  606.8  607.0  606.8
   27.7  24307  -54.3  -80.3      3   0.02    145      7  609.8  610.0  609.8
   27.0  24471  -54.6  -80.4      3   0.02    120     16  613.2  613.5  613.2
   25.4  24861  -55.5  -80.5      3   0.02    117     17  621.6  621.8  621.6
   24.0  25222  -55.3  -82.7      2   0.02    115     17  632.5  632.6  632.5
   23.1  25465  -55.1  -84.1      2   0.01     93     24  639.9  640.0  639.9
   23.0  25493  -54.9  -84.2      2   0.01     90     25  641.4  641.6  641.4
   21.0  26081  -49.5  -85.5      1   0.01    100     12  674.4  674.6  674.4
   20.0  26400  -49.7  -85.7      1   0.01     55     17  683.3  683.4  683.3
   18.0  27087  -50.4  -86.4      1   0.01     20     20  702.1  702.2  702.1
   17.0  27460  -50.7  -86.7      1   0.01     25     12  712.5  712.6  712.5
   16.0  27855  -51.1  -87.1      1   0.01    105      9  723.7  723.8  723.7
   15.1  28230  -52.9  -88.9      1   0.01    114     15  729.8  729.9  729.8
   15.0  28272  -53.1  -88.8      1   0.01    115     16  730.5  730.6  730.5
   14.7  28403  -53.7  -88.7      1   0.01    112     25  732.8  732.9  732.8
   14.0  28723  -51.5  -89.3      0   0.01    105     47  750.4  750.5  750.4
   13.0  29210  -48.2  -90.2      0   0.01     85     57  777.9  778.0  777.9
   12.0  29736  -44.6  -91.2      0   0.01    100     63  808.6  808.7  808.6
   11.7  29903  -43.5  -91.5      0   0.01                818.5  818.6  818.5
</PRE><H3>Station information and sounding indices</H3><PRE>
                         Station identifier: WIII
                             Station number: 96749
                           Observation time: 201130/0000
                           Station latitude: -6.11
                          Station longitude: 106.65
                          Station elevation: 8.0
                            Showalter index: -0.16
                               Lifted index: -0.78
    LIFT computed using virtual temperature: -0.91
                                SWEAT index: 245.39
                                    K index: 37.80
                         Cross totals index: 20.80
                      Vertical totals index: 22.90
                        Totals totals index: 43.70
      Convective Available Potential Energy: 151.36
             CAPE using virtual temperature: 189.02
                      Convective Inhibition: -69.31
             CINS using virtual temperature: -58.04
                           Equilibrum Level: 359.34
 Equilibrum Level using virtual temperature: 354.91
                   Level of Free Convection: 780.48
             LFCT using virtual temperature: 792.43
                     Bulk Richardson Number: 12.47
          Bulk Richardson Number using CAPV: 15.57
  Temp [K] of the Lifted Condensation Level: 294.03
Pres [hPa] of the Lifted Condensation Level: 952.70
   Equivalent potential temp [K] of the LCL: 346.53
     Mean mixed layer potential temperature: 298.14
              Mean mixed layer mixing ratio: 16.62
              1000 hPa to 500 hPa thickness: 5774.00
Precipitable water [mm] for entire sounding: 61.42
</PRE>
<P>Description of the 
<A HREF="/upperair/columns.html">data columns</A>
or <A HREF="/upperair/indices.html">sounding indices</A>.

<P>
<FORM>
<INPUT CLASS="button" TYPE="button" VALUE=" Close this window " 
 onClick="window.close();">
<INPUT CLASS="button" TYPE="button" VALUE=" Select another map " 
 onClick="window.blur();">
</FORM>
<HR SIZE="1">
<I>Interested in graduate studies in atmospheric science?
Check out our program at the
<a href="http://www.uwyo.edu/atsc/howtoapply/"
target=_top>University of Wyoming
</a></I>
<HR SIZE="1"><FONT SIZE="-1">
Questions about the weather data provided by this site can be
addressed to <A HREF="mailto:ldoolman@uwyo.edu">
Larry Oolman (ldoolman@uwyo.edu)</A></FONT>
<HR SIZE="1">
<SCRIPT TYPE="text/javascript">
<!--
window.focus();
// -->
</SCRIPT>
</BODY>
</HTML>
