2017-03-21 00
<HTML>
<TITLE>University of Wyoming - Radiosonde Data</TITLE>
<BODY BGCOLOR="white">
<H2>96749 WIII Jakarta Observations at 00Z 21 Mar 2017</H2>
<PRE>
-----------------------------------------------------------------------------
   PRES   HGHT   TEMP   DWPT   RELH   MIXR   DRCT   SKNT   THTA   THTE   THTV
    hPa     m      C      C      %    g/kg    deg   knot     K      K      K 
-----------------------------------------------------------------------------
 1000.0   -253                                                               
  925.0    801                                                               
  850.0   1812                                                               
  700.0   2665                                                               
  500.0   9210                                                               
  400.0   7040                                                               
  300.0   4300                                                               
  250.0  12600                                                               
  200.0  10530                                                               
  199.0      8   25.2   23.9     93 109.09    280      3  473.2 1332.3  501.5
  187.0   2851   21.8   20.8     94  93.79    310     12  476.2 1161.1  501.0
  185.0   3342   21.2   20.2     94  91.35    306     13  476.7 1136.1  500.9
  175.0   5818   18.7   14.8     78  66.40    285     18  480.1  906.8  498.3
  171.0   6848   17.6   12.6     72  58.05    290     21  481.6  841.7  497.6
  170.0   7105   17.8   10.8     64  51.33    291     21  482.7  792.8  497.0
  167.0   7883   17.4    8.4     55  43.99    294     23  484.5  743.4  496.9
  164.0   8671   16.8    6.8     52  39.92    298     26  486.0  718.1  497.4
  163.0   8935   17.0    3.0     39  30.37    299     26  487.2  658.4  495.9
  162.0   9202   16.2   11.6     74  57.31    300     27  486.7  846.1  502.8
  158.0  10283   14.9   10.2     73  53.10    305     30  488.0  815.9  503.0
  150.0  12530   12.2    7.2     71  45.21    290     27  490.7  762.4  503.6
  137.0  13286    7.8    3.5     75  37.90    295     27  495.7  719.8  506.7
  117.0  14602    0.0   -2.9     81  27.45    306     18  504.2  664.0  512.4
  114.0  14812   -1.3   -3.1     88  27.77    308     17  505.6  667.9  513.9
  110.0  15098   -2.6   -4.4     88  26.08    310     15  508.3  661.0  516.1
  102.0  15702   -5.4   -7.1     88  22.77    275      9  514.1  648.0  521.0
  100.0  15860   -6.1   -7.8     88  21.95    275      7  515.6  645.0  522.3
   98.0  16018   -7.1   -8.6     89  21.08    285      5  516.6  640.8  523.1
   95.0  16260   -8.7   -9.8     92  19.78    340      6  518.2  634.9  524.3
   91.0  16596  -10.8  -11.4     95  18.09      0     12  520.4  627.2  526.0
   87.9  16867  -12.5  -12.7     98  16.81    351      9  522.1  621.6  527.4
   84.0  17214  -14.1  -14.9     93  14.60    340      6  525.8  612.6  530.4
   82.4  17361  -14.7  -15.9     91  13.73     25      4  527.4  609.3  531.7
   81.0  17492  -15.4  -18.9     75  10.84     65      2  528.5  593.2  531.9
   80.1  17576  -15.9  -20.8     66   9.26     65      3  529.2  584.6  532.1
   78.9  17690  -16.7  -23.7     55   7.26     64      5  529.8  573.5  532.1
   77.9  17786  -17.5  -20.7     76   9.60     64      6  530.1  587.7  533.1
   76.7  17903  -18.3  -24.3     59   7.08     63      7  530.8  573.5  533.0
   70.0  18580  -23.3  -26.0     78   6.65     60     16  534.1  574.6  536.3
   69.5  18633  -23.7  -25.6     84   6.94     60     16  534.4  576.6  536.6
   69.0  18686  -24.0  -26.2     82   6.59     60     16  534.8  575.0  536.9
   67.3  18869  -25.1  -28.5     73   5.48     68     17  536.3  570.0  538.1
   63.7  19268  -28.1  -29.1     91   5.48     85     20  538.2  572.0  540.0
   61.8  19486  -29.3  -32.0     77   4.28     94     21  540.2  567.0  541.6
   59.5  19757  -31.7  -32.6     92   4.19    106     23  540.7  567.0  542.1
   58.1  19926  -33.1  -33.5     96   3.93    114     24  541.2  566.0  542.5
   57.1  20049  -33.9  -37.0     73   2.82    119     25  542.1  560.1  543.0
   56.3  20148  -34.5  -36.2     84   3.10    123     26  543.0  562.7  544.0
   56.0  20185  -34.8  -36.7     83   2.97    125     26  543.1  562.1  544.1
   50.5  20902  -40.1  -46.1     53   1.22    111     26  546.9  555.1  547.3
   50.0  20970  -40.7                         110     26  547.1         547.1
   47.0  21364  -44.4                         115     26  548.1         548.1
   39.0  22551  -55.4                         140     33  550.2         550.2
   30.0  24220  -70.9                         105     35  550.8         550.8
   29.8  24259  -71.5                         104     36  550.2         550.2
   25.6  25138  -78.3                          92     47  555.2         555.2
   25.0  25272  -78.6                          90     49  558.1         558.1
   20.0  26530  -81.5                         100     59  586.0         586.0
   19.0  26814  -83.2                         105     68  589.4         589.4
   18.5  26961  -84.1                         110     73  591.1         591.1
   18.0  27112  -84.2                         110     72  595.3         595.3
   16.6  27556  -84.7                         124     56  607.8         607.8
   16.0  27758  -84.7                         130     48  614.2         614.2
   15.5  27932  -84.7                         116     64  619.8         619.8
   15.3  28003  -84.9                         110     70  621.4         621.4
   15.0  28113  -82.4                         110     70  633.3         633.3
   14.5  28302  -78.1                         110     44  653.8         653.8
   14.4  28341  -78.1                         110     39  655.1         655.1
   14.0  28504  -71.3                         110     17  683.5         683.5
   13.8  28589  -67.9                         144     17  697.8         697.8
   13.5  28720  -66.1                         196     18  708.4         708.4
   13.2  28856  -65.3                         249     19  715.7         715.7
   13.0  28948  -66.5                         285     19  714.7         714.7
   12.9  28994  -67.1                         282     20  714.2         714.2
   12.0  29423  -69.2                         255     25  721.7         721.7
   11.0  29938  -71.7                         220     12  730.8         730.8
   10.0  30500  -68.9                         265     11  761.4         761.4
    9.8  30621  -67.3                         275     11  771.8         771.8
    9.3  30936  -68.9                         299     10  777.3         777.3
    9.0  31134  -68.0                         315     10  788.0         788.0
    8.0  31846  -64.8                         260     23  827.6         827.6
    7.9  31922  -64.5                         255     22  832.0         832.0
    7.0  32666  -63.6                         210     17  864.9         864.9
    6.0  33615  -62.5                         245     10  908.7         908.7
    5.1  34615  -61.3                         249      7  957.2         957.2
    5.0  34738  -61.0                         250      7  964.2         964.2
    4.3  35680  -58.3                         162     11 1019.3        1019.3
    4.0  36136  -57.1                         120     13 1046.4        1046.4
    3.9  36297  -56.9                         114     14 1054.9        1054.9
    3.7  36633  -52.5                         102     17 1092.7        1092.7
    3.4  37184  -49.1                          83     21 1136.7        1136.7
    3.1  37791  -47.9                          62     25 1173.3        1173.3
    3.0                                        55     27                     
</PRE><H3>Station information and sounding indices</H3><PRE>
                         Station identifier: WIII
                             Station number: 96749
                           Observation time: 170321/0000
                           Station latitude: -6.11
                          Station longitude: 106.65
                          Station elevation: 8.0
              1000 hPa to 500 hPa thickness: 9463.00
Precipitable water [mm] for entire sounding: 56.89
</PRE>
<P>Description of the 
<A HREF="/upperair/columns.html">data columns</A>
or <A HREF="/upperair/indices.html">sounding indices</A>.

<P>
<FORM>
<INPUT CLASS="button" TYPE="button" VALUE=" Close this window " 
 onClick="window.close();">
<INPUT CLASS="button" TYPE="button" VALUE=" Select another map " 
 onClick="window.blur();">
</FORM>
<HR SIZE="1">
<I>Interested in graduate studies in atmospheric science?
Check out our program at the
<a href="http://www.uwyo.edu/atsc/howtoapply/"
target=_top>University of Wyoming
</a></I>
<HR SIZE="1"><FONT SIZE="-1">
Questions about the weather data provided by this site can be
addressed to <A HREF="mailto:ldoolman@uwyo.edu">
Larry Oolman (ldoolman@uwyo.edu)</A></FONT>
<HR SIZE="1">
<SCRIPT TYPE="text/javascript">
<!--
window.focus();
// -->
</SCRIPT>
</BODY>
</HTML>
