2016-12-10 12
<HTML>
<TITLE>University of Wyoming - Radiosonde Data</TITLE>
<BODY BGCOLOR="white">
<H2>96749 WIII Jakarta Observations at 00Z 10 Dec 2016</H2>
<PRE>
-----------------------------------------------------------------------------
   PRES   HGHT   TEMP   DWPT   RELH   MIXR   DRCT   SKNT   THTA   THTE   THTV
    hPa     m      C      C      %    g/kg    deg   knot     K      K      K 
-----------------------------------------------------------------------------
 1008.0      8   26.8   23.4     82  18.36    230      6  299.3  353.1  302.6
 1000.0     77   26.2   22.7     81  17.72    230     14  299.4  351.3  302.5
  925.0    762   22.6   18.8     79  15.00    260     23  302.4  346.9  305.1
  879.0   1205   19.8   16.4     81  13.55    270     23  303.9  344.4  306.4
  858.0   1415   18.4   15.3     82  12.90    270     19  304.6  343.3  306.9
  850.0   1496   18.0   15.3     84  13.03    270     18  305.0  344.1  307.4
  786.0   2163   14.8   10.8     77  10.45    270     19  308.5  340.5  310.4
  783.0   2195   15.0    8.0     63   8.67    270     19  309.0  335.8  310.6
  774.0   2293   14.6   10.7     77  10.55    270     20  309.6  342.1  311.6
  716.0   2947   11.2    4.2     62   7.27    270     21  312.8  335.8  314.2
  711.0   3005   10.7    5.2     69   7.86    270     21  312.9  337.6  314.3
  707.0   3052   10.2    6.0     75   8.36    270     20  312.9  339.1  314.4
  702.0   3111   10.0    5.8     75   8.30    270     19  313.3  339.4  314.8
  700.0   3135   10.2    5.2     71   7.98    270     19  313.8  338.9  315.3
  696.0   3183   10.0    5.1     72   7.97    268     18  314.0  339.2  315.6
  687.0   3291   10.2   -2.8     40   4.55    265     17  315.4  330.2  316.3
  680.0   3377    9.8   -9.2     25   2.81    262     16  315.9  325.3  316.4
  673.0   3462    9.0   -6.0     34   3.65    259     15  315.9  328.0  316.6
  663.0   3586    8.0   -5.0     39   4.00    255     14  316.2  329.3  316.9
  662.0   3599    7.9   -5.0     40   4.00    255     14  316.2  329.4  317.0
  650.0   3750    7.0   -5.0     42   4.08    257     14  316.8  330.2  317.6
  644.0   3826    6.2    0.2     65   6.07    259     14  316.8  336.4  317.9
  601.0   4390    2.8   -4.2     60   4.69    268     15  319.2  334.6  320.1
  595.0   4472    2.6   -7.4     48   3.70    270     15  319.8  332.2  320.6
  593.0   4499    2.4   -7.9     47   3.58    270     15  319.9  331.9  320.6
  581.0   4664    1.2  -10.8     40   2.90    263     13  320.4  330.2  321.0
  571.0   4804    0.0   -7.0     59   3.98    257     11  320.6  333.9  321.4
  563.0   4917   -0.7   -7.7     59   3.83    253     10  321.1  333.9  321.8
  561.0   4945   -0.9   -6.9     64   4.09    252     10  321.1  334.8  321.9
  550.0   5103   -1.7   -7.7     64   3.92    245      8  322.0  335.2  322.8
  547.0   5147   -1.9   -7.9     64   3.88    246      8  322.3  335.3  323.0
  538.0   5279   -2.7   -4.5     87   5.12    247      8  322.9  339.9  323.9
  528.0   5428   -2.5   -4.5     86   5.22    249      8  324.8  342.3  325.9
  500.0   5860   -4.9   -7.9     79   4.24    255      9  327.0  341.5  327.8
  473.0   6288   -7.3  -10.4     79   3.69    270      6  329.2  341.9  329.9
  437.0   6899  -10.8  -13.9     78   2.99    160      2  332.3  342.9  332.9
  421.0   7186  -12.5  -15.6     77   2.71     50      7  333.8  343.4  334.3
  402.0   7542  -14.5  -17.7     77   2.38     41     14  335.6  344.2  336.1
  400.0   7580  -14.9  -18.2     76   2.29     40     15  335.5  343.9  336.0
  389.0   7786  -16.3  -19.6     76   2.10     45     17  336.4  344.0  336.8
  373.0   8096  -18.4  -21.6     76   1.83     60     11  337.6  344.4  338.0
  359.0   8378  -20.4  -23.5     76   1.61    105      6  338.8  344.8  339.1
  344.0   8693  -22.5  -25.6     76   1.39    125      9  340.0  345.2  340.3
  317.0   9296  -26.6  -29.7     75   1.04    110     14  342.3  346.3  342.5
  303.0   9629  -28.9  -31.9     75   0.88    118     18  343.6  347.0  343.7
  300.0   9700  -29.5  -32.5     75   0.84    120     19  343.7  347.0  343.9
  292.0   9888  -31.1  -34.1     74   0.73    115     20  344.1  347.0  344.3
  256.0  10805  -38.8  -42.0     71   0.37     65     19  346.0  347.5  346.0
  251.0  10943  -39.9  -43.2     71   0.34     65     20  346.2  347.6  346.3
  250.0  10970  -40.1                          65     20  346.3         346.3
  214.0  12001  -49.2                          75     25  348.0         348.0
  200.0  12450  -53.1                          70     27  348.5         348.5
  153.0  14107  -68.2                          45     24  350.4         350.4
  150.0  14230  -69.3                          45     26  350.5         350.5
  132.0  14976  -76.1                          50     34  351.4         351.4
  130.0  15066  -76.9                          53     36  351.5         351.5
  112.0  15897  -82.6                          85     52  356.2         356.2
  100.0  16530  -86.9                          80     63  359.6         359.6
   95.6  16775  -87.7                          80     66  362.7         362.7
   93.1  16921  -84.5                          75     64  371.7         371.7
   90.2  17096  -84.7                          70     62  374.7         374.7
   90.0  17108  -84.7                          70     62  374.9         374.9
   87.6  17257  -84.9                          73     56  377.5         377.5
   81.0  17695  -80.7                          80     38  394.6         394.6
   77.0  17981  -80.5                         110     29  400.7         400.7
   71.1  18432  -80.3                          85     30  410.4         410.4
   70.4  18488  -80.5                          82     30  411.2         411.2
   70.0  18520  -78.9                          80     30  415.3         415.3
   69.6  18553  -76.5                          78     28  421.1         421.1
   69.0  18604  -75.5                          75     26  424.3         424.3
   66.0  18866  -70.4                         320      6  440.9         440.9
   65.4  18919  -69.3                         312      9  444.3         444.3
   64.9  18966  -66.7                         306     12  451.0         451.0
   63.0  19147  -66.3                         280     22  455.8         455.8
   59.0  19547  -65.3                         255     21  466.6         466.6
   58.3  19619  -65.1                         258     23  468.6         468.6
   54.0  20085  -67.9                         275     36  472.6         472.6
   50.0  20550  -67.3                         250     31  484.5         484.5
   49.0  20672  -67.5                         245     26  486.9         486.9
   47.4  20872  -67.7                         253     25  491.0         491.0
   44.0  21327  -62.5                         270     22  514.2         514.2
   43.5  21397  -61.7                         266     21  517.9         517.9
   38.2  22197  -64.7                         227     14  529.8         529.8
   38.0  22229  -64.7                         225     14  530.7         530.7
   36.2  22526  -64.3                         279     10  539.0         539.0
   36.0  22561  -63.8                         285      9  541.1         541.1
   34.4  22842  -60.1                         295     12  558.0         558.0
   33.0  23102  -59.7                         305     15  565.8         565.8
   32.0  23295  -59.4                         290     17  571.6         571.6
   30.0  23700  -58.7                         255     13  584.0         584.0
   29.0  23913  -58.2                         205     13  591.1         591.1
   27.0  24363  -57.1                         260      6  606.2         606.2
   26.0  24601  -56.6                         290     12  614.4         614.4
   24.8  24899  -55.9                         278     17  624.7         624.7
   24.0  25106  -56.3                         270     20  629.6         629.6
   22.2  25599  -57.1                         283     25  641.2         641.2
   22.0  25656  -56.9                         285     26  643.6         643.6
   20.6  26072  -55.1                         264     31  661.2         661.2
   20.0  26260  -55.7                         255     33  664.9         664.9
   19.0  26584  -57.1                         250     28  670.5         670.5
   17.6  27067  -59.1                         270     15  678.9         678.9
   17.0  27290  -57.6                         290     11  690.6         690.6
   16.0  27678  -54.9                         270      8  711.4         711.4
   15.0  28092  -52.0                         265      5  734.1         734.1
   14.1  28488  -49.3                         162      8  756.4         756.4
   14.0  28535  -49.2                         150      8  758.2         758.2
   13.0  29023  -48.5                         165      9  777.0         777.0
   12.0  29549  -47.7                         200      8  797.8         797.8
   11.8  29660  -47.5                                     802.3         802.3
</PRE><H3>Station information and sounding indices</H3><PRE>
                         Station identifier: WIII
                             Station number: 96749
                           Observation time: 161210/0000
                           Station latitude: -6.11
                          Station longitude: 106.65
                          Station elevation: 8.0
                            Showalter index: 0.34
                               Lifted index: -1.87
    LIFT computed using virtual temperature: -2.19
                                SWEAT index: 228.61
                                    K index: 33.20
                         Cross totals index: 20.20
                      Vertical totals index: 22.90
                        Totals totals index: 43.10
      Convective Available Potential Energy: 520.45
             CAPE using virtual temperature: 640.29
                      Convective Inhibition: -45.13
             CINS using virtual temperature: -28.72
                           Equilibrum Level: 172.47
 Equilibrum Level using virtual temperature: 167.57
                   Level of Free Convection: 786.52
             LFCT using virtual temperature: 870.52
                     Bulk Richardson Number: 113.01
          Bulk Richardson Number using CAPV: 139.04
  Temp [K] of the Lifted Condensation Level: 293.99
Pres [hPa] of the Lifted Condensation Level: 930.08
   Equivalent potential temp [K] of the LCL: 350.07
     Mean mixed layer potential temperature: 300.17
              Mean mixed layer mixing ratio: 17.01
              1000 hPa to 500 hPa thickness: 5783.00
Precipitable water [mm] for entire sounding: 54.45
</PRE>
<P>Description of the 
<A HREF="/upperair/columns.html">data columns</A>
or <A HREF="/upperair/indices.html">sounding indices</A>.

<P>
<FORM>
<INPUT CLASS="button" TYPE="button" VALUE=" Close this window " 
 onClick="window.close();">
<INPUT CLASS="button" TYPE="button" VALUE=" Select another map " 
 onClick="window.blur();">
</FORM>
<HR SIZE="1">
<I>Interested in graduate studies in atmospheric science?
Check out our program at the
<a href="http://www.uwyo.edu/atsc/howtoapply/"
target=_top>University of Wyoming
</a></I>
<HR SIZE="1"><FONT SIZE="-1">
Questions about the weather data provided by this site can be
addressed to <A HREF="mailto:ldoolman@uwyo.edu">
Larry Oolman (ldoolman@uwyo.edu)</A></FONT>
<HR SIZE="1">
<SCRIPT TYPE="text/javascript">
<!--
window.focus();
// -->
</SCRIPT>
</BODY>
</HTML>
