2019-09-20 00
<HTML>
<TITLE>University of Wyoming - Radiosonde Data</TITLE>
<BODY BGCOLOR="white">
<H2>96749 WIII Jakarta Observations at 00Z 20 Sep 2019</H2>
<PRE>
-----------------------------------------------------------------------------
   PRES   HGHT   TEMP   DWPT   RELH   MIXR   DRCT   SKNT   THTA   THTE   THTV
    hPa     m      C      C      %    g/kg    deg   knot     K      K      K 
-----------------------------------------------------------------------------
 1011.0      8   25.0   20.5     76  15.26    140      1  297.2  341.6  299.9
 1000.0    108   25.4   20.6     75  15.53    120      3  298.6  343.9  301.3
  979.0    295   24.1   18.4     70  13.75    105      6  299.1  339.4  301.6
  954.0    522   22.6   15.6     65  11.82     97      8  299.8  334.6  301.9
  946.0    596   22.2   16.1     69  12.33     95      8  300.0  336.4  302.3
  925.0    792   21.0   17.5     80  13.79    100      9  300.8  341.5  303.3
  882.0   1199   17.6   16.1     90  13.18    130      6  301.4  340.4  303.8
  869.0   1326   16.6   15.6     94  12.99    115      6  301.6  340.1  304.0
  851.0   1503   15.7   13.5     87  11.57     95      6  302.4  336.9  304.5
  850.0   1513   15.6   13.4     87  11.49     95      6  302.5  336.7  304.6
  829.0   1726   14.2   11.4     83  10.31    102      7  303.2  334.1  305.1
  819.0   1829   17.6   -4.4     22   3.38    106      7  307.8  318.7  308.4
  810.0   1923   18.0   -9.0     15   2.40    109      8  309.2  317.1  309.7
  766.0   2396   14.3   -5.8     24   3.25    125     10  310.2  320.7  310.8
  747.0   2609   12.6   -4.4     30   3.71    125      7  310.6  322.6  311.3
  739.0   2699   11.8   -5.2     30   3.53    125      5  310.7  322.1  311.4
  713.0   2998    9.2   -7.8     29   3.00    184      6  311.0  320.8  311.6
  703.0   3115    9.0  -16.0     15   1.57    208      6  312.0  317.4  312.3
  700.0   3150    9.0  -19.0     12   1.22    215      6  312.4  316.6  312.6
  687.0   3304    8.6  -21.0     10   1.05    210      9  313.6  317.3  313.9
  668.0   3535    8.0  -24.0      8   0.83    320      3  315.5  318.5  315.7
  663.0   3596    7.6  -23.7      9   0.86    350      2  315.7  318.8  315.9
  639.0   3898    5.6  -22.1     11   1.02     45      7  316.8  320.4  317.0
  634.0   3962    5.2  -21.8     12   1.06     47      7  317.1  320.8  317.3
  616.0   4196    5.0  -28.8      7   0.58     55      6  319.4  321.5  319.5
  605.0   4342    4.8  -33.2      4   0.39     19      5  320.9  322.3  320.9
  593.0   4504    3.6  -31.4      6   0.47    340      3  321.3  323.1  321.4
  571.0   4808    1.4  -28.1      9   0.67    250     10  322.2  324.7  322.3
  558.0   4993    0.0  -26.0     12   0.83    253      8  322.7  325.7  322.9
  536.0   5313   -1.5  -33.5      7   0.42    258      4  324.6  326.3  324.7
  530.0   5402   -2.2  -33.1      7   0.45    260      3  324.8  326.5  324.9
  510.0   5704   -4.8  -31.8     10   0.53     70      4  325.3  327.3  325.4
  500.0   5860   -6.1  -31.1     12   0.57     65      9  325.5  327.7  325.6
  494.0   5954   -7.1  -30.1     14   0.64     66      9  325.4  327.8  325.6
  455.0   6590   -9.9  -38.4      8   0.31     75     12  329.7  330.9  329.8
  452.0   6641  -10.1  -39.1      7   0.29     73     12  330.0  331.2  330.1
  437.0   6898  -11.8  -41.1      7   0.24     65     15  331.1  332.1  331.1
  420.0   7199  -13.8  -43.4      6   0.20     80     19  332.3  333.1  332.3
  400.0   7570  -16.3  -46.3      6   0.15     75     22  333.7  334.4  333.8
  344.0   8691  -21.6  -53.1      4   0.08     95     34  341.3  341.6  341.3
  331.0   8977  -22.9  -54.9      4   0.07     98     32  343.2  343.5  343.2
  300.0   9690  -28.9  -54.9      6   0.07    105     27  344.5  344.9  344.6
  256.0  10797  -39.4  -57.8     12   0.06    105     33  345.0  345.3  345.1
  254.0  10852  -39.9  -57.9     13   0.06    103     33  345.0  345.3  345.1
  250.0  10960  -40.9                         100     33  345.1         345.1
  214.0  11984  -49.3                          65     44  347.8         347.8
  200.0  12430  -52.9                          70     36  348.8         348.8
  195.0  12589  -54.3                          80     29  349.2         349.2
  169.0  13486  -62.0                         125     26  351.0         351.0
  153.0  14110  -67.3                         146     30  352.0         352.0
  150.0  14230  -68.3                         150     31  352.2         352.2
  146.0  14386  -69.2                         150     33  353.4         353.4
  139.0  14671  -70.8                         130     34  355.6         355.6
  113.0  15869  -77.6                         130     40  364.6         364.6
  107.0  16185  -79.4                         105     35  367.0         367.0
  104.0  16350  -80.3                         100     28  368.2         368.2
  101.0  16514  -79.8                         105     22  372.1         372.1
  100.0  16570  -79.7                         105     18  373.5         373.5
   96.0  16804  -77.9                           0      6  381.3         381.3
   95.9  16810  -77.9                         358      6  381.5         381.5
   91.0  17108  -79.0                         280      6  385.0         385.0
   87.0  17364  -80.0                         305      7  388.0         388.0
   82.0  17701  -81.3                           5      8  391.9         391.9
   79.9  17849  -81.9                           0     10  393.7         393.7
   78.0  17985  -81.3                         330     12  397.6         397.6
   74.0  18284  -80.0                         310     12  406.3         406.3
   70.0  18600  -78.7                         335     10  415.7         415.7
   64.1  19104  -75.5                         251      7  433.3         433.3
   63.0  19205  -74.3                         235      6  438.1         438.1
   58.5  19640  -69.1                         254      9  459.2         459.2
   55.0  20006  -69.7                         270     12  466.0         466.0
   54.0  20116  -68.3                         275     13  471.7         471.7
   52.8  20251  -66.5                         272     15  478.9         478.9
   52.0  20343  -66.2                         270     16  481.6         481.6
   50.0  20580  -65.5                         280     18  488.7         488.7
   47.0  20956  -65.3                         295     29  498.0         498.0
   40.0  21937  -64.7                         280     35  523.0         523.0
   38.0  22248  -64.5                         295     33  531.2         531.2
   36.2  22543  -64.3                         285     33  539.0         539.0
   33.0  23104  -66.0                         265     32  549.0         549.0
   30.7  23541  -67.3                         280     38  556.9         556.9
   30.0  23680  -66.3                         285     40  563.3         563.3
   26.3  24472  -67.3                         256     30  582.1         582.1
   25.0  24783  -65.1                         245     26  596.8         596.8
   23.0  25294  -61.6                         230     11  621.6         621.6
   22.0  25567  -59.7                         110     12  635.2         635.2
   21.5  25707  -58.7                          83     16  642.4         642.4
   21.0  25855  -58.6                          55     20  646.9         646.9
   20.0  26160  -58.5                          20     29  656.4         656.4
   19.0  26483  -57.6                          10     30  668.9         668.9
   18.3  26720  -56.9                          13     22  678.3         678.3
   18.0  26824  -57.5                          15     19  679.5         679.5
   17.0  27183  -59.7                          45     20  683.8         683.8
   16.9  27221  -59.9                          50     20  684.2         684.2
   15.0  27964  -60.5                         145     20  706.1         706.1
   14.9  28006  -60.5                         140     22  707.3         707.3
   14.0  28397  -57.4                          90     43  730.5         730.5
   13.8  28487  -56.7                          90     43  735.9         735.9
   12.0  29376  -55.5                          90     47  770.1         770.1
   11.7  29537  -55.3                                     776.4         776.4
</PRE><H3>Station information and sounding indices</H3><PRE>
                         Station identifier: WIII
                             Station number: 96749
                           Observation time: 190920/0000
                           Station latitude: -6.11
                          Station longitude: 106.65
                          Station elevation: 8.0
                            Showalter index: 2.17
                               Lifted index: 0.89
    LIFT computed using virtual temperature: 0.24
                                SWEAT index: 181.80
                                    K index: 7.10
                         Cross totals index: 19.50
                      Vertical totals index: 21.70
                        Totals totals index: 41.20
      Convective Available Potential Energy: 0.00
             CAPE using virtual temperature: 0.42
                      Convective Inhibition: 0.00
             CINS using virtual temperature: -43.53
 Equilibrum Level using virtual temperature: 489.72
             LFCT using virtual temperature: 836.04
                     Bulk Richardson Number: 0.00
          Bulk Richardson Number using CAPV: 1.33
  Temp [K] of the Lifted Condensation Level: 290.50
Pres [hPa] of the Lifted Condensation Level: 905.36
   Equivalent potential temp [K] of the LCL: 339.72
     Mean mixed layer potential temperature: 298.88
              Mean mixed layer mixing ratio: 14.03
              1000 hPa to 500 hPa thickness: 5752.00
Precipitable water [mm] for entire sounding: 30.54
</PRE>
<P>Description of the 
<A HREF="/upperair/columns.html">data columns</A>
or <A HREF="/upperair/indices.html">sounding indices</A>.

<P>
<FORM>
<INPUT CLASS="button" TYPE="button" VALUE=" Close this window " 
 onClick="window.close();">
<INPUT CLASS="button" TYPE="button" VALUE=" Select another map " 
 onClick="window.blur();">
</FORM>
<HR SIZE="1">
<I>Interested in graduate studies in atmospheric science?
Check out our program at the
<a href="http://www.uwyo.edu/atsc/howtoapply/"
target=_top>University of Wyoming
</a></I>
<HR SIZE="1"><FONT SIZE="-1">
Questions about the weather data provided by this site can be
addressed to <A HREF="mailto:ldoolman@uwyo.edu">
Larry Oolman (ldoolman@uwyo.edu)</A></FONT>
<HR SIZE="1">
<SCRIPT TYPE="text/javascript">
<!--
window.focus();
// -->
</SCRIPT>
</BODY>
</HTML>
