2018-06-20 12
<HTML>
<TITLE>University of Wyoming - Radiosonde Data</TITLE>
<BODY BGCOLOR="white">
<H2>96749 WIII Jakarta Observations at 00Z 20 Jun 2018</H2>
<PRE>
-----------------------------------------------------------------------------
   PRES   HGHT   TEMP   DWPT   RELH   MIXR   DRCT   SKNT   THTA   THTE   THTV
    hPa     m      C      C      %    g/kg    deg   knot     K      K      K 
-----------------------------------------------------------------------------
 1011.0      8   25.0   21.5     81  16.25    110      4  297.2  344.4  300.1
 1010.0     16   26.0   21.6     77  16.37    109      5  298.3  346.1  301.2
 1005.0     57   26.8   22.0     75  16.87    105      8  299.5  349.0  302.5
 1000.0     99   26.8   22.2     76  17.17    100     12  299.9  350.4  303.0
  953.0    529   26.0   17.0     58  12.96    100     16  303.3  342.0  305.6
  925.0    793   24.0   16.0     61  12.51    100     19  303.8  341.3  306.1
  852.0   1500   19.7   11.7     60  10.25     95     17  306.6  337.8  308.5
  850.0   1520   19.6   11.6     60  10.19     95     17  306.7  337.7  308.5
  810.0   1932   17.4    6.4     48   7.50     79     13  308.6  331.8  310.0
  791.0   2134   15.6    9.6     67   9.57     71     11  308.8  338.2  310.5
  766.0   2405   14.0    3.0     47   6.24     60      9  309.9  329.4  311.0
  700.0   3157    9.8    3.8     66   7.23     55      7  313.3  336.2  314.7
  699.0   3169    9.6    3.6     66   7.14     55      7  313.2  335.8  314.6
  664.0   3589    6.9    0.6     64   6.06     50      6  314.8  334.2  315.9
  640.0   3891    4.9   -1.6     63   5.37     80      6  315.9  333.2  316.9
  617.0   4190    3.0   -3.7     61   4.74     45      3  317.0  332.5  317.9
  594.0   4501    1.0   -5.9     60   4.16    160      1  318.1  331.9  318.9
  583.0   4654    0.0   -7.0     59   3.90    131      3  318.7  331.6  319.4
  551.0   5103   -2.9   -7.4     71   4.01     45     11  320.4  333.8  321.2
  522.0   5533   -5.7   -7.7     86   4.13     52     12  322.0  335.9  322.8
  511.0   5700   -6.8   -9.0     84   3.81     55     13  322.7  335.5  323.4
  502.0   5839   -7.7  -10.1     83   3.55     55     11  323.2  335.3  323.9
  500.0   5870   -7.9  -10.1     84   3.57     55     10  323.3  335.4  324.0
  494.0   5964   -8.1  -12.9     68   2.88     62     11  324.2  334.1  324.8
  480.0   6187   -9.3  -12.3     79   3.12     77     13  325.4  336.1  326.0
  473.0   6300  -10.1  -14.8     68   2.58     85     14  325.8  334.8  326.3
  464.0   6449  -11.1  -18.1     56   1.99     82     17  326.3  333.4  326.7
  458.0   6549  -11.7  -16.4     68   2.33     80     19  326.8  335.0  327.3
  456.0   6582  -11.9  -15.2     76   2.59     80     19  327.0  336.0  327.5
  450.0   6684  -11.7  -21.7     43   1.51     78     21  328.4  333.9  328.8
  441.0   6838  -12.1  -24.1     36   1.24     75     24  329.9  334.4  330.1
  433.0   6978  -13.1  -20.1     56   1.80     72     27  330.3  336.8  330.7
  400.0   7580  -15.3  -28.3     32   0.93     60     38  335.0  338.6  335.2
  393.0   7713  -15.7  -29.7     29   0.83     60     36  336.2  339.4  336.4
  388.0   7808  -16.3  -30.0     30   0.82     60     34  336.6  339.8  336.8
  363.0   8305  -19.5  -31.5     34   0.76     60     26  338.8  341.8  339.0
  359.0   8387  -19.1  -35.1     23   0.54     60     25  340.4  342.6  340.6
  344.0   8696  -21.5  -39.2     19   0.37     60     20  341.3  342.9  341.4
  317.0   9290  -26.2  -47.0     12   0.18     90      8  342.9  343.7  343.0
  304.0   9594  -28.6  -51.0     10   0.12    140      5  343.7  344.2  343.8
  300.0   9690  -29.3  -52.3      9   0.10    155      7  344.0  344.4  344.0
  292.0   9880  -30.9  -53.3      9   0.09    165     12  344.4  344.8  344.4
  251.0  10943  -39.9  -58.9     11   0.05    146     15  346.2  346.5  346.2
  250.0  10970  -40.1                         145     15  346.3         346.3
  205.0  12277  -52.5                         130     24  346.9         346.9
  200.0  12440  -54.1                         130     24  346.9         346.9
  190.0  12768  -57.3                         122     24  346.9         346.9
  161.0  13799  -65.1                          95     23  350.6         350.6
  153.0  14109  -66.1                          75     27  354.0         354.0
  150.0  14230  -66.5                          75     30  355.3         355.3
  149.0  14270  -66.1                          76     30  356.7         356.7
  119.0  15581  -76.2                          95     31  361.9         361.9
  107.0  16200  -80.9                          95     36  364.1         364.1
  102.0  16469  -81.0                          95     38  368.8         368.8
  100.0  16580  -81.1                          95     38  370.8         370.8
   96.0  16811  -80.6                          80     38  376.1         376.1
   95.1  16864  -80.5                          71     36  377.3         377.3
   91.8  17067  -75.3                          38     27  391.4         391.4
   91.0  17119  -74.7                          30     25  393.5         393.5
   87.9  17322  -72.5                         328     17  401.9         401.9
   87.0  17382  -72.8                         310     14  402.5         402.5
   83.0  17658  -74.3                         265     19  404.9         404.9
   78.4  17991  -76.1                         265     13  407.8         407.8
   78.0  18021  -76.2                         265     13  408.2         408.2
   74.6  18279  -77.1                         345      6  411.6         411.6
   74.0  18326  -76.7                           0      5  413.4         413.4
   71.4  18533  -74.9                         304      5  421.4         421.4
   71.0  18566  -73.8                         295      5  424.5         424.5
   70.4  18616  -72.1                         274      6  429.1         429.1
   70.0  18650  -71.5                         260      6  431.1         431.1
   68.1  18813  -69.3                         229     13  439.2         439.2
   67.0  18910  -69.7                         210     17  440.4         440.4
   64.0  19181  -70.9                         190     14  443.6         443.6
   63.5  19228  -71.1                         169     12  444.1         444.1
   61.0  19468  -68.0                          60      3  456.2         456.2
   59.7  19597  -66.3                          47      5  462.8         462.8
   58.0  19770  -66.9                          30      7  465.3         465.3
   51.5  20484  -69.3                          70     17  475.7         475.7
   50.0  20660  -68.5                          80     20  481.6         481.6
   48.8  20805  -67.7                          88     22  486.9         486.9
   47.6  20956  -64.3                          96     25  498.5         498.5
   47.0  21033  -64.4                         100     26  500.1         500.1
   43.0  21574  -65.2                         115     38  511.1         511.1
   41.3  21819  -65.5                         110     42  516.1         516.1
   39.9  22028  -65.5                         106     45  521.3         521.3
   39.1  22152  -62.3                         104     46  532.4         532.4
   33.7  23064  -63.5                          86     59  552.3         552.3
   32.0  23382  -62.9                          80     64  562.2         562.2
   31.6  23459  -62.7                          80     64  564.7         564.7
   30.0  23780  -60.1                          80     66  580.2         580.2
   27.3  24376  -54.9                          84     70  610.6         610.6
   24.0  25208  -51.0                          90     76  644.8         644.8
   23.6  25317  -50.5                          90     76  649.4         649.4
   21.0  26080  -49.7                          90     72  673.8         673.8
   20.0  26400  -49.1                          90     71  685.1         685.1
   17.3  27358  -45.7                          81     51  724.9         724.9
   17.0  27476  -44.3                          80     49  733.1         733.1
   16.5  27676  -41.9                          82     28  747.1         747.1
   16.0  27885  -41.8                          85      7  753.9         753.9
   15.0  28322  -41.7                         185     10  768.5         768.5
   14.0  28789  -41.5                         210     17  784.3         784.3
   13.9  28838  -41.5                                     786.0         786.0
</PRE><H3>Station information and sounding indices</H3><PRE>
                         Station identifier: WIII
                             Station number: 96749
                           Observation time: 180620/0000
                           Station latitude: -6.11
                          Station longitude: 106.65
                          Station elevation: 8.0
                            Showalter index: -0.04
                               Lifted index: -3.53
    LIFT computed using virtual temperature: -3.86
                                SWEAT index: 183.20
                                    K index: 33.10
                         Cross totals index: 19.50
                      Vertical totals index: 27.50
                        Totals totals index: 47.00
      Convective Available Potential Energy: 331.63
             CAPE using virtual temperature: 413.05
                      Convective Inhibition: -183.12
             CINS using virtual temperature: -119.69
                           Equilibrum Level: 394.17
 Equilibrum Level using virtual temperature: 374.53
                   Level of Free Convection: 689.40
             LFCT using virtual temperature: 753.00
                     Bulk Richardson Number: 114.59
          Bulk Richardson Number using CAPV: 142.72
  Temp [K] of the Lifted Condensation Level: 291.82
Pres [hPa] of the Lifted Condensation Level: 896.81
   Equivalent potential temp [K] of the LCL: 346.36
     Mean mixed layer potential temperature: 301.08
              Mean mixed layer mixing ratio: 15.47
              1000 hPa to 500 hPa thickness: 5771.00
Precipitable water [mm] for entire sounding: 45.69
</PRE>
<P>Description of the 
<A HREF="/upperair/columns.html">data columns</A>
or <A HREF="/upperair/indices.html">sounding indices</A>.

<P>
<FORM>
<INPUT CLASS="button" TYPE="button" VALUE=" Close this window " 
 onClick="window.close();">
<INPUT CLASS="button" TYPE="button" VALUE=" Select another map " 
 onClick="window.blur();">
</FORM>
<HR SIZE="1">
<I>Interested in graduate studies in atmospheric science?
Check out our program at the
<a href="http://www.uwyo.edu/atsc/howtoapply/"
target=_top>University of Wyoming
</a></I>
<HR SIZE="1"><FONT SIZE="-1">
Questions about the weather data provided by this site can be
addressed to <A HREF="mailto:ldoolman@uwyo.edu">
Larry Oolman (ldoolman@uwyo.edu)</A></FONT>
<HR SIZE="1">
<SCRIPT TYPE="text/javascript">
<!--
window.focus();
// -->
</SCRIPT>
</BODY>
</HTML>
