2018-08-22 12
<HTML>
<TITLE>University of Wyoming - Radiosonde Data</TITLE>
<BODY BGCOLOR="white">
<H2>96749 WIII Jakarta Observations at 00Z 22 Aug 2018</H2>
<PRE>
-----------------------------------------------------------------------------
   PRES   HGHT   TEMP   DWPT   RELH   MIXR   DRCT   SKNT   THTA   THTE   THTV
    hPa     m      C      C      %    g/kg    deg   knot     K      K      K 
-----------------------------------------------------------------------------
 1010.0      8   24.0   20.1     79  14.89    180      2  296.3  339.4  298.9
 1009.0     17   25.2   20.6     76  15.39    180      3  297.6  342.4  300.3
 1000.0     96   25.4   20.4     74  15.33    175      8  298.6  343.4  301.3
  930.0    731   22.2   17.8     76  13.99    138      8  301.5  342.9  304.1
  925.0    778   21.8   17.3     76  13.62    135      8  301.6  341.9  304.1
  912.0    900   21.0   16.7     77  13.30    125      6  302.0  341.4  304.4
  851.0   1497   16.9   13.8     82  11.83    170      2  303.7  339.1  305.9
  850.0   1507   16.8   13.8     82  11.80    160      2  303.7  339.1  305.9
  830.0   1710   15.0   13.3     90  11.70    115      3  303.9  339.0  306.0
  821.0   1801   14.6   12.6     88  11.27     95      3  304.4  338.3  306.4
  792.0   2104   13.1   10.2     83   9.96    340      2  306.0  336.2  307.8
  765.0   2396   11.7    7.9     78   8.82    315      5  307.5  334.6  309.2
  759.0   2462   11.4    7.4     76   8.58    320      6  307.9  334.2  309.5
  738.0   2697   11.7    3.5     57   6.73    340     11  310.7  331.8  312.0
  734.0   2742   11.8    2.8     54   6.42    337     11  311.3  331.5  312.5
  700.0   3137    9.4   -1.6     46   4.89    315     10  312.9  328.5  313.8
  686.0   3303    8.8   -4.8     38   3.92    320     10  314.0  326.8  314.8
  662.0   3596    7.8  -10.5     26   2.61    325     12  316.1  324.9  316.6
  638.0   3899    6.8  -16.3     17   1.68    305      6  318.3  324.1  318.6
  629.0   4016    6.4  -18.6     15   1.41    311      5  319.1  324.1  319.4
  615.0   4198    5.1  -18.4     16   1.47    320      4  319.7  324.9  320.0
  593.0   4493    3.0  -18.1     19   1.56     55      9  320.7  326.2  321.0
  574.0   4757    1.2  -17.8     23   1.65     74     11  321.5  327.3  321.8
  550.0   5098    0.1  -27.2     11   0.75    100     14  324.1  326.9  324.3
  548.0   5127    0.0  -28.0     10   0.70    100     14  324.4  327.0  324.5
  500.0   5850   -6.5  -31.5     12   0.55    110     21  325.1  327.1  325.2
  491.0   5992   -7.7  -32.0     12   0.54    105     20  325.3  327.4  325.4
  486.0   6072   -8.3  -32.3     13   0.53    100     19  325.5  327.5  325.6
  472.0   6301   -5.7  -46.7      2   0.12     87     16  331.4  331.9  331.5
  454.0   6601   -7.8  -46.9      3   0.12     70     12  332.6  333.1  332.6
  420.0   7203  -11.9  -47.3      4   0.13     65     12  334.7  335.3  334.8
  404.0   7503  -14.0  -47.5      4   0.13     90     14  335.8  336.3  335.8
  400.0   7580  -14.5  -47.5      4   0.13     95     15  336.1  336.6  336.1
  367.0   8225  -18.9  -47.9      6   0.14     86     15  338.6  339.1  338.6
  317.0   9290  -27.2  -48.2     12   0.15     70     16  341.5  342.2  341.6
  300.0   9690  -30.3  -48.3     16   0.16     85     25  342.6  343.2  342.6
  291.0   9903  -32.1  -49.2     17   0.15     85     32  342.9  343.6  343.0
  256.0  10798  -39.9  -52.9     24   0.11     81     37  344.3  344.8  344.3
  250.0  10960  -41.3                          80     38  344.5         344.5
  204.0  12309  -52.0                          55     24  348.2         348.2
  200.0  12440  -53.1                          50     22  348.5         348.5
  195.0  12598  -54.5                          50     17  348.8         348.8
  186.0  12893  -57.2                          10      9  349.2         349.2
  163.0  13718  -64.7                          69     12  350.0         350.0
  161.0  13793  -65.2                          75     12  350.5         350.5
  150.0  14220  -67.7                          45     18  353.3         353.3
  138.0  14714  -72.1                          15     17  354.0         354.0
  134.0  14888  -73.7                          19     19  354.2         354.2
  125.0  15286  -75.7                          30     24  357.6         357.6
  119.0  15567  -77.2                          20     19  360.0         360.0
  112.0  15914  -79.0                         355     17  363.0         363.0
  107.0  16175  -80.3                           0     20  365.2         365.2
  102.0  16449  -81.7                          20     20  367.6         367.6
  101.0  16504  -81.6                          25     19  368.8         368.8
  100.0  16560  -81.5                          25     17  370.0         370.0
   96.0  16791  -81.1                          75     16  375.1         375.1
   92.0  17031  -80.7                          91     24  380.5         380.5
   91.0  17094  -79.8                          95     26  383.4         383.4
   85.0  17486  -74.5                          95     18  401.8         401.8
   78.4  17959  -74.1                          95      9  412.0         412.0
   78.0  17989  -73.9                          95      8  413.0         413.0
   74.0  18301  -71.9                         145     10  423.6         423.6
   70.0  18630  -69.7                         110      9  434.9         434.9
   67.0  18893  -68.2                          60     10  443.6         443.6
   61.0  19456  -65.1                          95     20  462.6         462.6
   56.1  19959  -62.3                          95     28  480.2         480.2
   55.0  20079  -62.7                          95     30  482.0         482.0
   52.4  20374  -63.7                          98     33  486.4         486.4
   50.0  20660  -61.9                         100     35  497.2         497.2
   47.0  21044  -60.1                          95     35  510.4         510.4
   39.0  22206  -60.3                          95     35  537.8         537.8
   38.8  22238  -60.3                          94     35  538.6         538.6
   32.0  23451  -55.9                          75     42  580.8         580.8
   31.7  23510  -55.7                          76     43  583.0         583.0
   30.0  23860  -56.5                          85     47  590.0         590.0
   28.0  24297  -56.8                         100     50  601.0         601.0
   24.0  25274  -57.4                         105     41  626.2         626.2
   23.6  25381  -57.5                         100     40  629.0         629.0
   21.0  26133  -51.0                          65     30  669.9         669.9
   20.3  26352  -49.1                          27     22  682.2         682.2
   20.0  26450  -48.3                          10     19  687.6         687.6
   19.0  26786  -49.4                         350     15  694.2         694.2
   18.6  26926  -49.9                           4     12  697.0         697.0
   18.3  27033  -48.1                          14     10  705.9         705.9
   18.0  27141  -48.4                          25      8  708.4         708.4
   17.0  27515  -49.2                         230     12  717.2         717.2
   16.0  27912  -50.2                         225      9  726.6         726.6
   15.3  28205  -50.9                         270      5  733.7         733.7
   15.0  28334  -50.6                         290      3  738.7         738.7
   13.0  29271  -48.8                         280     27  775.9         775.9
   12.3  29634  -48.1                         270     26  790.7         790.7
   12.0                                       265     25                     
</PRE><H3>Station information and sounding indices</H3><PRE>
                         Station identifier: WIII
                             Station number: 96749
                           Observation time: 180822/0000
                           Station latitude: -6.11
                          Station longitude: 106.65
                          Station elevation: 8.0
                            Showalter index: 0.77
                               Lifted index: -0.84
    LIFT computed using virtual temperature: -1.57
                                SWEAT index: 190.60
                                    K index: 26.10
                         Cross totals index: 20.30
                      Vertical totals index: 23.30
                        Totals totals index: 43.60
      Convective Available Potential Energy: 16.21
             CAPE using virtual temperature: 46.15
                      Convective Inhibition: -64.52
             CINS using virtual temperature: -54.83
                           Equilibrum Level: 481.29
 Equilibrum Level using virtual temperature: 478.90
                   Level of Free Convection: 827.02
             LFCT using virtual temperature: 835.37
                     Bulk Richardson Number: 2.29
          Bulk Richardson Number using CAPV: 6.51
  Temp [K] of the Lifted Condensation Level: 291.74
Pres [hPa] of the Lifted Condensation Level: 915.25
   Equivalent potential temp [K] of the LCL: 343.01
     Mean mixed layer potential temperature: 299.24
              Mean mixed layer mixing ratio: 14.97
              1000 hPa to 500 hPa thickness: 5754.00
Precipitable water [mm] for entire sounding: 40.02
</PRE>
<P>Description of the 
<A HREF="/upperair/columns.html">data columns</A>
or <A HREF="/upperair/indices.html">sounding indices</A>.

<P>
<FORM>
<INPUT CLASS="button" TYPE="button" VALUE=" Close this window " 
 onClick="window.close();">
<INPUT CLASS="button" TYPE="button" VALUE=" Select another map " 
 onClick="window.blur();">
</FORM>
<HR SIZE="1">
<I>Interested in graduate studies in atmospheric science?
Check out our program at the
<a href="http://www.uwyo.edu/atsc/howtoapply/"
target=_top>University of Wyoming
</a></I>
<HR SIZE="1"><FONT SIZE="-1">
Questions about the weather data provided by this site can be
addressed to <A HREF="mailto:ldoolman@uwyo.edu">
Larry Oolman (ldoolman@uwyo.edu)</A></FONT>
<HR SIZE="1">
<SCRIPT TYPE="text/javascript">
<!--
window.focus();
// -->
</SCRIPT>
</BODY>
</HTML>
