2019-07-04 00
<HTML>
<TITLE>University of Wyoming - Radiosonde Data</TITLE>
<BODY BGCOLOR="white">
<H2>96749 WIII Jakarta Observations at 00Z 04 Jul 2019</H2>
<PRE>
-----------------------------------------------------------------------------
   PRES   HGHT   TEMP   DWPT   RELH   MIXR   DRCT   SKNT   THTA   THTE   THTV
    hPa     m      C      C      %    g/kg    deg   knot     K      K      K 
-----------------------------------------------------------------------------
 1012.0      8   24.4   22.6     90  17.40    210      2  296.5  346.9  299.6
 1011.0     17   25.8   22.2     81  16.98    202      2  298.0  347.5  301.0
 1000.0    115   26.0   22.1     79  17.07    115      3  299.1  349.1  302.2
  979.0    302   24.9   20.9     78  16.18    100      9  299.9  347.4  302.8
  925.0    801   22.0   17.7     77  13.97     85     11  301.8  343.2  304.3
  881.0   1220   19.0   16.3     84  13.41     79      9  302.9  342.9  305.4
  850.0   1526   17.8   12.8     73  11.04     75      8  304.8  338.1  306.8
  845.0   1577   17.6   11.6     68  10.25     73      7  305.1  336.1  307.0
  824.0   1792   15.6   11.7     78  10.59     65      2  305.2  337.1  307.1
  823.0   1802   15.6   11.5     77  10.45     65      2  305.2  336.8  307.2
  795.0   2096   14.5    5.6     55   7.22    190      1  307.1  329.4  308.4
  783.0   2225   14.0    3.0     47   6.10    215      3  307.9  326.9  309.1
  772.0   2344   13.2    7.2     67   8.32    239      4  308.3  334.0  309.9
  767.0   2399   13.0    5.0     58   7.19    250      5  308.7  331.0  310.0
  740.0   2699   11.8   -7.0     26   3.08    225      3  310.5  320.5  311.1
  732.0   2791   11.4  -10.6     20   2.34    196      4  311.1  318.8  311.5
  714.0   2998   10.6  -18.1     12   1.30    130      5  312.4  316.9  312.7
  700.0   3163   10.0  -24.0      7   0.79    125     11  313.5  316.3  313.7
  687.0   3318    9.2  -25.8      6   0.68    127     11  314.3  316.8  314.4
  664.0   3600    8.7  -16.6     15   1.58    130     11  316.8  322.3  317.1
  661.0   3637    8.6  -15.4     17   1.75    127     11  317.1  323.2  317.5
  649.0   3788    7.2   -2.8     49   4.82    114     12  317.2  332.9  318.1
  640.0   3903    6.2   -2.5     54   5.01    105     13  317.3  333.6  318.3
  616.0   4215    3.4   -1.6     70   5.56    105     16  317.6  335.7  318.7
  600.0   4429    1.6   -2.9     72   5.18    105     18  317.9  334.8  318.9
  582.0   4674    0.6   -6.4     59   4.09    105     21  319.5  333.1  320.3
  579.0   4716    0.6   -7.4     55   3.81    105     21  320.0  332.7  320.8
  575.0   4771    1.0  -13.0     34   2.46    105     22  321.1  329.5  321.6
  573.0   4799    0.8  -13.2     34   2.43    105     22  321.2  329.5  321.7
  565.0   4912    0.0  -14.0     34   2.30    109     22  321.6  329.5  322.0
  512.0   5693   -5.1  -16.5     40   2.07    140     21  324.6  331.8  325.0
  504.0   5818   -5.9  -16.9     42   2.03    143     22  325.0  332.2  325.4
  500.0   5880   -6.1  -17.1     41   2.01    145     23  325.5  332.6  325.9
  466.0   6425  -10.7  -14.8     72   2.62    126     21  326.4  335.6  326.9
  456.0   6589  -11.8  -15.8     72   2.47    120     21  327.1  335.8  327.6
  421.0   7193  -15.8  -19.3     74   1.98    130     15  329.6  336.7  330.0
  400.0   7580  -18.3  -21.6     75   1.71    110     16  331.1  337.3  331.5
  373.0   8099  -22.0  -23.5     87   1.55     70     22  332.9  338.6  333.3
  372.0   8119  -22.1  -23.6     88   1.54     70     22  333.0  338.7  333.3
  357.0   8421  -23.9  -25.8     84   1.32     70     27  334.5  339.4  334.8
  340.0   8777  -25.1  -29.0     70   1.03     70     32  337.6  341.5  337.8
  335.0   8884  -25.7  -30.0     67   0.95     70     33  338.2  341.9  338.4
  332.0   8950  -25.7  -31.7     57   0.82     70     34  339.1  342.3  339.2
  331.0   8972  -25.9  -35.9     39   0.54     70     35  339.1  341.3  339.2
  316.0   9307  -26.9  -39.9     28   0.38     70     40  342.2  343.8  342.3
  303.0   9609  -29.5  -42.5     27   0.30     70     44  342.7  344.0  342.8
  300.0   9680  -30.1  -43.1     27   0.28     70     44  342.8  344.0  342.9
  251.0  10923  -39.9  -56.9     15   0.07     70     32  346.2  346.5  346.2
  250.0  10950  -40.1                          70     32  346.3         346.3
  245.0  11085  -41.3                          70     32  346.6         346.6
  200.0  12440  -53.1                          70     31  348.5         348.5
  186.0  12898  -57.5                          75     26  348.8         348.8
  175.0  13283  -61.1                          79     25  348.9         348.9
  161.0  13790  -65.2                          85     23  350.4         350.4
  150.0  14220  -68.7                          85     25  351.6         351.6
  135.0  14844  -73.5                          88     35  353.8         353.8
  125.0  15292  -75.3                          90     43  358.4         358.4
  119.0  15578  -73.3                          58     32  367.1         367.1
  113.0  15879  -74.1                          25     20  371.2         371.2
  107.0  16196  -74.9                         330     10  375.4         375.4
  102.0  16475  -75.6                         260     12  379.2         379.2
  100.0  16590  -75.9                         240     12  380.8         380.8
   97.0  16766  -76.8                         200     12  382.4         382.4
   94.7  16904  -77.5                         193     12  383.7         383.7
   92.0  17072  -76.6                         185     11  388.6         388.6
   87.0  17395  -75.0                         230      9  398.2         398.2
   86.8  17408  -74.9                         231      9  398.6         398.6
   83.9  17608  -71.5                         247     14  409.4         409.4
   79.0  17961  -72.8                         275     23  413.7         413.7
   71.0  18587  -75.2                         245     32  421.5         421.5
   70.0  18670  -75.5                         245     30  422.5         422.5
   67.3  18897  -76.7                         250     27  424.7         424.7
   58.0  19764  -71.0                         280     22  456.1         456.1
   57.6  19804  -70.7                         279     23  457.6         457.6
   52.9  20316  -64.5                         261     31  483.2         483.2
   50.0  20660  -64.5                         250     36  491.1         491.1
   47.0  21041  -64.0                         250     30  500.9         500.9
   41.0  21881  -63.0                         255     26  523.4         523.4
   39.3  22142  -62.7                         255     25  530.6         530.6
   35.0  22872  -58.3                         255     21  559.9         559.9
   32.0  23437  -54.9                         245     22  583.5         583.5
   31.5  23536  -54.3                         245     22  587.8         587.8
   30.0  23850  -53.5                         245     23  598.2         598.2
   29.0  24069  -52.9                         245     20  605.6         605.6
   28.0  24296  -52.3                         265     11  613.4         613.4
   27.3  24460  -51.9                         296     12  619.0         619.0
   27.0  24531  -52.1                         310     12  620.5         620.5
   26.0  24774  -52.6                         295     15  625.7         625.7
   23.0  25563  -54.3                         310     20  642.9         642.9
   22.0  25849  -55.0                         290     23  649.2         649.2
   21.5  25997  -55.3                         292     17  652.5         652.5
   21.0  26148  -55.0                         295     11  657.7         657.7
   20.0  26460  -54.5                          20     15  668.6         668.6
   19.0  26790  -52.7                          35     26  684.1         684.1
   18.8  26858  -52.3                          36     24  687.4         687.4
   18.0  27137  -53.7                          40     15  691.6         691.6
   16.9  27541  -55.7                          56     20  697.7         697.7
   15.0  28306  -53.1                          85     30  730.6         730.6
   14.6  28479  -52.5                                     738.2         738.2
</PRE><H3>Station information and sounding indices</H3><PRE>
                         Station identifier: WIII
                             Station number: 96749
                           Observation time: 190704/0000
                           Station latitude: -6.11
                          Station longitude: 106.65
                          Station elevation: 8.0
                            Showalter index: 1.61
                               Lifted index: -2.12
    LIFT computed using virtual temperature: -2.73
                                SWEAT index: 192.61
                                    K index: 2.70
                         Cross totals index: 18.90
                      Vertical totals index: 23.90
                        Totals totals index: 42.80
      Convective Available Potential Energy: 542.33
             CAPE using virtual temperature: 711.25
                      Convective Inhibition: -45.26
             CINS using virtual temperature: -29.45
                           Equilibrum Level: 275.17
 Equilibrum Level using virtual temperature: 273.82
                   Level of Free Convection: 829.12
             LFCT using virtual temperature: 843.05
                     Bulk Richardson Number: 353.63
          Bulk Richardson Number using CAPV: 463.78
  Temp [K] of the Lifted Condensation Level: 293.34
Pres [hPa] of the Lifted Condensation Level: 928.96
   Equivalent potential temp [K] of the LCL: 347.43
     Mean mixed layer potential temperature: 299.60
              Mean mixed layer mixing ratio: 16.34
              1000 hPa to 500 hPa thickness: 5765.00
Precipitable water [mm] for entire sounding: 43.14
</PRE>
<P>Description of the 
<A HREF="/upperair/columns.html">data columns</A>
or <A HREF="/upperair/indices.html">sounding indices</A>.

<P>
<FORM>
<INPUT CLASS="button" TYPE="button" VALUE=" Close this window " 
 onClick="window.close();">
<INPUT CLASS="button" TYPE="button" VALUE=" Select another map " 
 onClick="window.blur();">
</FORM>
<HR SIZE="1">
<I>Interested in graduate studies in atmospheric science?
Check out our program at the
<a href="http://www.uwyo.edu/atsc/howtoapply/"
target=_top>University of Wyoming
</a></I>
<HR SIZE="1"><FONT SIZE="-1">
Questions about the weather data provided by this site can be
addressed to <A HREF="mailto:ldoolman@uwyo.edu">
Larry Oolman (ldoolman@uwyo.edu)</A></FONT>
<HR SIZE="1">
<SCRIPT TYPE="text/javascript">
<!--
window.focus();
// -->
</SCRIPT>
</BODY>
</HTML>
