2022-05-29 00
<HTML>
<TITLE>University of Wyoming - Radiosonde Data</TITLE>
<BODY BGCOLOR="white">
<H2>96749 WIII Jakarta Observations at 00Z 29 May 2022</H2>
<PRE>
-----------------------------------------------------------------------------
   PRES   HGHT   TEMP   DWPT   RELH   MIXR   DRCT   SKNT   THTA   THTE   THTV
    hPa     m      C      C      %    g/kg    deg   knot     K      K      K 
-----------------------------------------------------------------------------
 1009.0      8   22.8   21.9     95  16.70    160      3  295.2  343.2  298.1
 1004.0     53   23.0   20.5     86  15.37    143      5  295.8  340.2  298.5
 1000.0     89   23.4   19.8     80  14.76    130      6  296.6  339.3  299.2
  976.0    302   24.1   20.0     78  15.31    195      7  299.4  344.2  302.1
  974.0    320   24.2   20.0     77  15.36    199      7  299.6  344.7  302.4
  966.0    392   24.4   19.9     76  15.39    214      9  300.5  345.9  303.3
  943.0    603   23.5   17.6     70  13.63    260     15  301.7  342.1  304.1
  925.0    771   22.8   15.8     65  12.35    265     18  302.6  339.4  304.9
  923.0    790   22.8   15.8     65  12.38    265     18  302.8  339.7  305.1
  865.0   1351   18.4   14.3     77  11.98    277     23  303.9  339.8  306.1
  850.0   1501   18.2   13.4     74  11.49    280     24  305.2  339.9  307.3
  792.0   2103   15.7    8.5     62   8.86    305     22  308.7  336.0  310.4
  773.0   2309   14.8    6.8     59   8.08    309     28  309.9  335.0  311.4
  765.0   2396   14.2    6.6     60   8.03    310     31  310.3  335.3  311.8
  712.0   2998   10.5    5.0     69   7.73    315     32  312.6  336.8  314.0
  700.0   3140    9.6    4.6     71   7.65    315     31  313.1  337.2  314.5
  687.0   3294    8.5    4.0     73   7.46    315     28  313.5  337.1  314.9
  632.0   3979    3.4    1.2     86   6.65    315     23  315.3  336.5  316.6
  615.0   4199    2.4    0.5     88   6.51    315     21  316.6  337.5  317.8
  578.0   4700    0.0   -1.0     93   6.19    319     19  319.5  339.6  320.7
  571.0   4797   -0.5   -1.4     93   6.07    320     19  320.0  339.9  321.2
  509.0   5708   -4.8   -5.6     95   4.99    235      1  325.4  342.2  326.4
  500.0   5850   -5.5   -6.2     95   4.84     75      3  326.3  342.6  327.2
  490.0   6008   -6.4   -7.1     95   4.60     60      5  327.1  342.7  328.0
  473.0   6284   -7.9   -8.7     94   4.21     60      4  328.5  343.0  329.4
  400.0   7570  -15.3  -16.9     88   2.56     60      2  335.0  344.2  335.5
  388.0   7800  -16.6  -18.6     84   2.28     75      1  336.3  344.6  336.8
  381.0   7938  -17.3  -19.7     82   2.12     96      3  337.1  344.8  337.5
  373.0   8094  -18.4  -20.8     81   1.96    120      5  337.6  344.8  338.0
  320.0   9226  -26.7  -29.1     80   1.08    109      6  341.3  345.5  341.5
  304.0   9595  -29.7  -32.8     74   0.80    105      7  342.1  345.2  342.2
  300.0   9690  -30.5  -33.8     73   0.74    115      7  342.3  345.2  342.4
  291.0   9901  -32.2  -36.0     69   0.61    115      7  342.8  345.3  343.0
  256.0  10786  -39.4  -45.0     55   0.27     85     10  345.1  346.2  345.1
  250.0  10950  -40.7  -46.7     52   0.23     80     11  345.4  346.4  345.5
  245.0  11087  -41.7  -48.8     46   0.19     80     12  345.9  346.7  346.0
  241.0  11199  -42.5  -50.5     41   0.16     78     13  346.4  347.0  346.4
  200.0  12430  -53.1  -62.1     33   0.04     55     19  348.5  348.7  348.5
  180.0  13096  -59.1  -66.1     40   0.03     51     21  349.4  349.5  349.4
  177.0  13200  -59.9  -67.6     36   0.02     50     21  349.8  349.9  349.8
  164.0  13671  -63.5  -74.5     21   0.01     59     24  351.4  351.5  351.4
  150.0  14210  -67.7  -76.7     27   0.01     70     28  353.3  353.3  353.3
  126.0  15236  -76.9  -85.9     23   0.00     89     26  354.7  354.7  354.7
  125.0  15282  -77.2  -85.9     24   0.00     90     26  354.9  354.9  354.9
  119.0  15563  -79.1  -86.1     31   0.00     86     29  356.5  356.5  356.5
  113.0  15856  -80.3  -87.3     31   0.00     81     32  359.6  359.6  359.6
  112.0  15906  -80.3  -87.3     31   0.00     80     32  360.5  360.5  360.5
  106.0  16218  -80.1  -87.1     31   0.00     85     25  366.6  366.6  366.6
  101.0  16493  -77.3  -86.8     21   0.00     35     18  377.1  377.1  377.1
  100.0  16550  -76.7  -86.7     19   0.00     25     17  379.3  379.3  379.3
   96.1  16779  -78.1  -87.1     22   0.00     25     16  380.9  380.9  380.9
   96.0  16785  -78.0  -87.1     22   0.00     25     16  381.1  381.1  381.1
   92.8  16981  -76.1  -86.1     20   0.00    353      7  388.6  388.7  388.6
   91.0  17096  -73.0  -84.5     16   0.00    335      2  396.9  396.9  396.9
   89.2  17214  -69.9  -82.9     13   0.00    294      8  405.4  405.5  405.4
   86.0  17431  -70.9  -80.2     24   0.01    220     19  407.6  407.6  407.6
   84.9  17508  -71.3  -79.3     30   0.01    219     17  408.4  408.4  408.4
   78.0  18010  -72.1  -80.1     29   0.01    210      6  416.8  416.8  416.8
   74.0  18321  -72.5  -80.5     29   0.01    265      5  422.1  422.1  422.1
   72.8  18418  -72.7  -80.7     29   0.01    241      6  423.8  423.8  423.8
   71.0  18566  -72.1  -80.7     26   0.01    205      8  428.1  428.2  428.1
   70.0  18650  -71.7  -80.7     25   0.01    205      9  430.7  430.7  430.7
   64.0  19181  -68.4  -77.4     26   0.02    310      3  449.1  449.2  449.1
   63.2  19256  -67.9  -76.9     27   0.02    332      4  451.8  451.9  451.8
   61.0  19468  -68.8  -76.0     34   0.02     35      7  454.4  454.6  454.4
   60.7  19497  -68.9  -75.9     36   0.02     37      8  454.8  454.9  454.8
   57.4  19833  -65.7  -74.7     28   0.03     56     14  469.4  469.5  469.4
   55.0  20089  -66.9  -74.6     33   0.03     70     19  472.4  472.6  472.4
   50.0  20660  -69.5  -74.3     50   0.03     70     18  479.3  479.5  479.3
   48.3  20866  -70.1  -76.1     41   0.03                482.6  482.8  482.6
</PRE><H3>Station information and sounding indices</H3><PRE>
                         Station identifier: WIII
                             Station number: 96749
                           Observation time: 220529/0000
                           Station latitude: -6.11
                          Station longitude: 106.65
                          Station elevation: 8.0
                            Showalter index: 1.45
                               Lifted index: 0.24
    LIFT computed using virtual temperature: 0.21
                                SWEAT index: 211.81
                                    K index: 32.10
                         Cross totals index: 18.90
                      Vertical totals index: 23.70
                        Totals totals index: 42.60
      Convective Available Potential Energy: 36.17
             CAPE using virtual temperature: 48.92
                      Convective Inhibition: -225.73
             CINS using virtual temperature: -181.15
                           Equilibrum Level: 518.46
 Equilibrum Level using virtual temperature: 515.94
                   Level of Free Convection: 661.65
             LFCT using virtual temperature: 672.69
                     Bulk Richardson Number: 0.69
          Bulk Richardson Number using CAPV: 0.93
  Temp [K] of the Lifted Condensation Level: 292.12
Pres [hPa] of the Lifted Condensation Level: 926.04
   Equivalent potential temp [K] of the LCL: 342.81
     Mean mixed layer potential temperature: 298.62
              Mean mixed layer mixing ratio: 15.15
              1000 hPa to 500 hPa thickness: 5761.00
Precipitable water [mm] for entire sounding: 53.83
</PRE>
<P>Description of the 
<A HREF="/upperair/columns.html">data columns</A>
or <A HREF="/upperair/indices.html">sounding indices</A>.

<P>
<FORM>
<INPUT CLASS="button" TYPE="button" VALUE=" Close this window " 
 onClick="window.close();">
<INPUT CLASS="button" TYPE="button" VALUE=" Select another map " 
 onClick="window.blur();">
</FORM>
<HR SIZE="1">
<I>Interested in graduate studies in atmospheric science?
Check out our program at the
<a href="http://www.uwyo.edu/atsc/howtoapply/"
target=_top>University of Wyoming
</a></I>
<HR SIZE="1"><FONT SIZE="-1">
Questions about the weather data provided by this site can be
addressed to <A HREF="mailto:ldoolman@uwyo.edu">
Larry Oolman (ldoolman@uwyo.edu)</A></FONT>
<HR SIZE="1">
<SCRIPT TYPE="text/javascript">
<!--
window.focus();
// -->
</SCRIPT>
</BODY>
</HTML>
