2018-01-27 12
<HTML>
<TITLE>University of Wyoming - Radiosonde Data</TITLE>
<BODY BGCOLOR="white">
<H2>96749 WIII Jakarta Observations at 00Z 27 Jan 2018</H2>
<PRE>
-----------------------------------------------------------------------------
   PRES   HGHT   TEMP   DWPT   RELH   MIXR   DRCT   SKNT   THTA   THTE   THTV
    hPa     m      C      C      %    g/kg    deg   knot     K      K      K 
-----------------------------------------------------------------------------
 1006.0      8   25.4   22.1     82  16.96    250     12  298.0  347.5  301.1
 1000.0     64   25.4   21.0     77  15.93    230     15  298.6  345.1  301.4
  973.0    303   24.0   19.9     78  15.25    240     21  299.5  344.2  302.2
  925.0    745   21.4   17.8     80  14.06    265     32  301.2  342.8  303.7
  909.0    896   20.7   16.9     79  13.50    265     36  301.9  342.0  304.4
  850.0   1479   17.8   13.4     75  11.49    265     38  304.8  339.4  306.9
  838.0   1601   17.2   11.2     68  10.06    265     37  305.4  335.9  307.2
  803.0   1963   14.2   11.8     85  10.94    267     35  305.9  339.1  307.9
  740.0   2652   11.8    9.2     84   9.97    269     30  310.6  341.4  312.4
  710.0   2997    9.7    5.3     74   7.94    270     27  311.9  336.8  313.4
  700.0   3115    9.0    4.0     71   7.33    270     27  312.4  335.5  313.8
  696.0   3162    8.6    3.7     71   7.22    271     27  312.5  335.2  313.9
  644.0   3801    5.2    0.7     73   6.29    280     24  315.6  335.8  316.8
  631.0   3967    4.2    2.3     87   7.21    282     24  316.4  339.4  317.7
  626.0   4032    5.0    0.8     74   6.52    283     23  318.0  339.1  319.2
  565.0   4861    0.0   -4.1     74   5.03    295     20  321.6  338.2  322.5
  500.0   5830   -5.5   -8.5     79   4.05    310     16  326.3  340.1  327.1
  489.0   6003   -6.6   -9.1     83   3.96    315     12  327.0  340.5  327.8
  471.0   6296   -8.4  -10.1     88   3.80    340     12  328.2  341.3  329.0
  463.0   6430   -9.3  -10.5     91   3.73    340     11  328.8  341.7  329.5
  453.0   6599   -9.3  -12.6     77   3.23    340      9  330.8  342.2  331.5
  450.0   6650   -9.3  -13.2     73   3.09    336      8  331.5  342.3  332.1
  436.0   6892  -11.1  -14.2     78   2.93    315      6  332.2  342.5  332.8
  417.0   7234  -13.7  -15.7     85   2.72    307      5  333.1  342.8  333.7
  403.0   7493  -15.0  -18.1     77   2.30    300      5  334.7  343.0  335.1
  400.0   7550  -15.3  -18.6     76   2.22    310      4  335.0  343.1  335.5
  396.0   7626  -15.7  -19.9     70   2.00    334      5  335.5  342.8  335.9
  387.0   7799  -17.0  -20.9     72   1.88     30      6  335.9  342.8  336.3
  371.0   8116  -19.5  -22.7     76   1.67     46      7  336.7  342.9  337.1
  370.0   8136  -19.5  -21.6     83   1.85     47      7  337.0  343.8  337.4
  365.0   8237  -19.3  -25.3     59   1.35     52      7  338.6  343.6  338.8
  357.0   8400  -20.4  -26.6     58   1.23     60      7  339.2  343.9  339.5
  343.0   8695  -22.4  -28.9     56   1.03     95      5  340.4  344.4  340.6
  321.0   9183  -25.7  -32.7     52   0.77     71     11  342.4  345.4  342.5
  316.0   9296  -26.7  -32.8     56   0.77     65     13  342.5  345.5  342.6
  300.0   9670  -30.1  -33.3     74   0.77     75     14  342.8  345.9  343.0
  288.0   9959  -31.9  -35.4     71   0.66     89     12  344.3  346.9  344.4
  266.0  10510  -36.3  -40.1     68   0.44    115      8  345.8  347.6  345.9
  255.0  10803  -38.6  -42.6     66   0.35    150     12  346.6  348.0  346.6
  250.0  10940  -39.7  -43.8     65   0.32    155     13  346.9  348.2  347.0
  249.0  10967  -40.1  -44.3     64   0.30    156     13  346.7  348.0  346.8
  213.0  12003  -49.1                         190     24  348.6         348.6
  200.0  12420  -52.7                         175     26  349.1         349.1
  177.0  13176  -59.8                         155     19  349.9         349.9
  160.0  13801  -65.7                         115     26  350.1         350.1
  150.0  14200  -69.5                         100     35  350.2         350.2
  130.0  15031  -77.1                          93     48  351.2         351.2
  112.0  15866  -81.1                          85     61  359.0         359.0
  100.0  16500  -84.1                          80     64  365.0         365.0
   90.0  17091  -82.1                          40     21  380.1         380.1
   85.3  17393  -81.1                          49      4  388.0         388.0
   85.0  17413  -81.0                          50      3  388.6         388.6
   81.1  17679  -80.1                          79      6  395.7         395.7
   78.0  17903  -75.7                         102      9  409.3         409.3
   77.0  17978  -75.9                         110     10  410.4         410.4
   70.0  18530  -77.3                         100     28  418.7         418.7
   69.0  18613  -76.9                          95     30  421.2         421.2
   67.4  18748  -76.3                          77     23  425.4         425.4
   66.0  18871  -73.4                          60     17  434.3         434.3
   64.2  19034  -69.5                          22     17  446.3         446.3
   62.0  19241  -70.3                         335     16  449.0         449.0
   59.0  19535  -71.4                         300     23  452.9         452.9
   58.2  19616  -71.7                         296     22  454.0         454.0
   53.6  20106  -69.3                         270     13  470.3         470.3
   51.0  20402  -70.3                         255      8  474.7         474.7
   50.0  20520  -70.7                         265      8  476.5         476.5
   49.0  20639  -71.0                         270      6  478.5         478.5
   45.7  21050  -72.1                         163     11  485.5         485.5
   44.0  21273  -71.8                         105     14  491.4         491.4
   43.2  21381  -71.7                         104     18  494.3         494.3
   40.9  21707  -67.5                         103     31  512.6         512.6
   38.0  22149  -67.2                         100     49  524.1         524.1
   36.4  22408  -67.1                          97     52  531.0         531.0
   30.0  23590  -60.9                          85     64  578.0         578.0
   28.1  24000  -57.1                          87     63  599.5         599.5
   26.0  24490  -57.5                          90     62  612.0         612.0
   24.6  24839  -57.7                          89     64  621.0         621.0
   21.8  25608  -53.9                          87     69  654.1         654.1
   20.0  26160  -54.3                          85     73  669.2         669.2
   19.5  26322  -54.9                          85     73  672.2         672.2
   15.3  27896  -48.1                          88     73  742.9         742.9
   13.3  28822  -47.1                          90     73  776.8         776.8
   13.0  28973  -46.9                          90     73  782.4         782.4
   12.3  29339  -46.5                                     796.3         796.3
</PRE><H3>Station information and sounding indices</H3><PRE>
                         Station identifier: WIII
                             Station number: 96749
                           Observation time: 180127/0000
                           Station latitude: -6.11
                          Station longitude: 106.65
                          Station elevation: 8.0
                            Showalter index: 1.65
                               Lifted index: -0.38
    LIFT computed using virtual temperature: -0.58
                                SWEAT index: 252.80
                                    K index: 31.70
                         Cross totals index: 18.90
                      Vertical totals index: 23.30
                        Totals totals index: 42.20
      Convective Available Potential Energy: 32.00
             CAPE using virtual temperature: 65.65
                      Convective Inhibition: -88.13
             CINS using virtual temperature: -54.56
                           Equilibrum Level: 456.75
 Equilibrum Level using virtual temperature: 414.26
                   Level of Free Convection: 697.62
             LFCT using virtual temperature: 810.54
                     Bulk Richardson Number: 1.41
          Bulk Richardson Number using CAPV: 2.89
  Temp [K] of the Lifted Condensation Level: 292.31
Pres [hPa] of the Lifted Condensation Level: 920.92
   Equivalent potential temp [K] of the LCL: 344.42
     Mean mixed layer potential temperature: 299.29
              Mean mixed layer mixing ratio: 15.43
              1000 hPa to 500 hPa thickness: 5766.00
Precipitable water [mm] for entire sounding: 54.15
</PRE>
<P>Description of the 
<A HREF="/upperair/columns.html">data columns</A>
or <A HREF="/upperair/indices.html">sounding indices</A>.

<P>
<FORM>
<INPUT CLASS="button" TYPE="button" VALUE=" Close this window " 
 onClick="window.close();">
<INPUT CLASS="button" TYPE="button" VALUE=" Select another map " 
 onClick="window.blur();">
</FORM>
<HR SIZE="1">
<I>Interested in graduate studies in atmospheric science?
Check out our program at the
<a href="http://www.uwyo.edu/atsc/howtoapply/"
target=_top>University of Wyoming
</a></I>
<HR SIZE="1"><FONT SIZE="-1">
Questions about the weather data provided by this site can be
addressed to <A HREF="mailto:ldoolman@uwyo.edu">
Larry Oolman (ldoolman@uwyo.edu)</A></FONT>
<HR SIZE="1">
<SCRIPT TYPE="text/javascript">
<!--
window.focus();
// -->
</SCRIPT>
</BODY>
</HTML>
