2021-08-15 00
<HTML>
<TITLE>University of Wyoming - Radiosonde Data</TITLE>
<BODY BGCOLOR="white">
<H2>96749 WIII Jakarta Observations at 00Z 15 Aug 2021</H2>
<PRE>
-----------------------------------------------------------------------------
   PRES   HGHT   TEMP   DWPT   RELH   MIXR   DRCT   SKNT   THTA   THTE   THTV
    hPa     m      C      C      %    g/kg    deg   knot     K      K      K 
-----------------------------------------------------------------------------
 1010.0      8   24.4   22.8     91  17.65    170      2  296.7  347.9  299.8
 1009.0     16   25.4   22.2     82  17.02    167      2  297.8  347.3  300.8
 1000.0     92   26.0   21.8     78  16.75    135      3  299.1  348.2  302.1
  994.0    145   26.0   21.7     77  16.75    129      5  299.7  348.8  302.7
  977.0    297   25.1   21.1     78  16.36    110      9  300.3  348.4  303.2
  925.0    778   22.4   19.0     81  15.19     95     22  302.2  347.3  305.0
  913.0    891   21.4   18.6     84  15.01     95     21  302.3  346.9  305.1
  865.0   1360   17.4   17.0     98  14.30     91     26  302.8  345.4  305.4
  850.0   1510   16.8   16.2     96  13.82     90     28  303.7  345.0  306.2
  734.0   2755   11.2    7.1     76   8.69     86     26  310.6  337.6  312.2
  700.0   3151    9.4    1.4     57   6.09     85     26  312.9  332.2  314.0
  674.0   3465    7.8   -5.2     39   3.87     81     21  314.5  327.1  315.2
  661.0   3625    6.6   -1.4     57   5.25     79     19  314.9  331.8  315.9
  654.0   3713    6.4   -4.6     45   4.18     78     18  315.6  329.3  316.4
  639.0   3903    5.0   -1.3     64   5.47     75     15  316.2  333.8  317.2
  630.0   4019    4.2    0.7     78   6.43     83     13  316.5  337.2  317.7
  614.0   4229    3.0   -1.2     74   5.74     97     10  317.4  336.1  318.6
  602.0   4389    2.4   -7.6     48   3.60    108      8  318.6  330.6  319.2
  594.0   4497    1.7   -7.4     51   3.70    115      6  319.0  331.3  319.7
  574.0   4773    0.0   -7.0     59   3.96    120      5  320.1  333.3  320.9
  572.0   4801   -0.1   -6.9     60   4.01    120      5  320.3  333.6  321.0
  552.0   5086   -1.5   -5.8     73   4.52     87      5  321.9  337.0  322.8
  551.0   5100   -1.6   -6.0     72   4.44     85      5  322.0  336.8  322.9
  531.0   5394   -3.0  -11.0     54   3.13    140      4  323.6  334.4  324.3
  525.0   5485   -3.5  -12.5     50   2.80    139      5  324.2  333.8  324.7
  513.0   5667   -3.7  -23.7     20   1.11    136      6  326.1  330.1  326.3
  511.0   5698   -3.9  -23.1     21   1.17    135      6  326.2  330.5  326.4
  500.0   5870   -4.9  -19.9     30   1.59    150      9  327.0  332.7  327.3
  492.0   5996   -6.0  -18.7     36   1.79    160     12  327.2  333.6  327.5
  473.0   6305   -8.7  -15.7     57   2.39    160     10  327.5  335.9  328.0
  460.0   6521   -9.9  -21.9     37   1.45    117      7  328.6  333.9  328.9
  455.0   6605  -10.3  -18.1     53   2.04    100      6  329.1  336.4  329.5
  453.0   6639  -10.5  -16.5     61   2.34     99      6  329.3  337.6  329.8
  438.0   6898  -12.2  -17.4     65   2.23     95      4  330.3  338.3  330.8
  434.0   6968  -12.7  -17.7     66   2.21    130      4  330.6  338.5  331.0
  421.0   7201  -13.4  -24.2     40   1.28    245      3  332.6  337.4  332.8
  412.0   7366  -13.9  -28.9     27   0.86    258      4  334.0  337.3  334.2
  400.0   7590  -15.3  -28.3     32   0.93    275      5  335.0  338.6  335.2
  389.0   7798  -16.8  -32.6     24   0.64    290      5  335.7  338.2  335.9
  374.0   8091  -18.9  -38.7     16   0.36    260      4  336.7  338.2  336.8
  366.0   8252  -20.1  -42.1     12   0.26    267      4  337.2  338.3  337.3
  362.0   8333  -20.5  -41.5     13   0.28    270      4  337.8  338.9  337.8
  357.0   8436  -21.3  -35.3     27   0.53    275      4  338.0  340.1  338.1
  356.0   8456  -21.5  -32.5     36   0.70    276      4  338.0  340.8  338.2
  355.0   8477  -21.7  -30.7     44   0.84    277      4  338.0  341.3  338.2
  352.0   8539  -22.3  -37.3     24   0.44    279      4  338.0  339.8  338.1
  349.0   8602  -22.7  -45.7     10   0.18    282      4  338.3  339.1  338.4
  337.0   8857  -24.1  -50.1      7   0.12    293      4  339.8  340.3  339.8
  330.0   9009  -25.4  -46.5     12   0.18    300      4  340.1  340.9  340.2
  327.0   9075  -25.9  -44.9     15   0.21    290      5  340.3  341.2  340.3
  325.0   9119  -26.1  -48.1     11   0.15    283      5  340.6  341.2  340.6
  322.0   9186  -26.7  -37.7     35   0.46    273      6  340.7  342.6  340.8
  317.0   9298  -27.7  -36.6     42   0.53    255      7  340.8  342.9  340.9
  310.0   9458  -29.1  -35.1     56   0.63    255      6  341.0  343.5  341.2
  304.0   9596  -30.4  -36.4     56   0.56    255      6  341.1  343.4  341.2
  300.0   9690  -31.3  -37.3     55   0.52    270      6  341.1  343.2  341.2
  295.0   9809  -31.9  -35.1     73   0.66    284      7  341.9  344.6  342.1
  291.0   9904  -32.6  -35.9     73   0.62    295      8  342.2  344.7  342.4
  279.0  10197  -34.9  -38.3     71   0.51    345     11  343.2  345.2  343.3
  256.0  10795  -39.4  -43.1     68   0.33    350     14  344.9  346.3  345.0
  250.0  10960  -40.7  -44.5     67   0.29      0     13  345.4  346.6  345.5
  237.0  11319  -43.9  -47.6     67   0.22    352     10  345.9  346.8  345.9
  234.0  11403  -44.6  -48.6     64   0.20    350      9  346.1  347.0  346.2
  224.0  11688  -47.0  -52.1     56   0.14    320     13  346.8  347.4  346.9
  200.0  12430  -53.1  -61.1     37   0.05    300     18  348.5  348.8  348.5
  186.0  12890  -56.6  -66.2     29   0.03    280     16  350.1  350.2  350.1
  174.0  13312  -59.9  -70.9     22   0.02    287     17  351.5  351.5  351.5
  161.0  13787  -64.0  -74.5     23   0.01    295     18  352.5  352.5  352.5
  150.0  14220  -67.7  -77.7     23   0.01    290     18  353.3  353.3  353.3
  138.0  14713  -71.3  -80.9     23   0.00    270     15  355.4  355.4  355.4
  125.0  15298  -75.6  -84.7     23   0.00    220     15  357.9  357.9  357.9
  123.0  15393  -76.3  -85.3     23   0.00    220     15  358.2  358.2  358.2
  115.0  15780  -78.7  -88.7     19   0.00    220     13  360.7  360.7  360.7
  113.0  15881  -78.7  -88.8     18   0.00    220     13  362.6  362.6  362.6
  101.0  16523  -78.3  -89.3     16   0.00    115      6  375.1  375.1  375.1
  100.0  16580  -78.3  -89.3     16   0.00    130      7  376.2  376.2  376.2
   96.0  16812  -78.4  -89.4     16   0.00    140      9  380.4  380.4  380.4
   93.5  16962  -78.5  -89.5     16   0.00     91      9  383.1  383.1  383.1
   91.0  17118  -75.9  -88.5     12   0.00     40      8  391.3  391.3  391.3
   89.0  17246  -73.7  -87.7     10   0.00    109      7  398.1  398.1  398.1
   87.0  17378  -74.4  -88.0     11   0.00    180      6  399.3  399.3  399.3
   83.3  17630  -75.7  -88.7     12   0.00    213      4  401.6  401.7  401.6
   82.0  17721  -74.7  -88.8     10   0.00    225      3  405.6  405.6  405.6
   78.9  17946  -72.1  -89.1      6   0.00    279     12  415.4  415.4  415.4
   78.0  18013  -72.4  -89.4      6   0.00    295     15  416.1  416.1  416.1
   75.0  18242  -73.5  -90.5      6   0.00    284     16  418.5  418.5  418.5
   74.0  18321  -73.1  -91.0      5   0.00    280     16  420.9  420.9  420.9
   73.9  18329  -73.1  -91.1      5   0.00    281     16  421.1  421.1  421.1
   73.3  18377  -70.1  -91.1      3   0.00    286     15  428.4  428.4  428.4
   71.0  18566  -70.0  -90.3      4   0.00    305     12  432.6  432.6  432.6
   70.0  18650  -69.9  -89.9      4   0.00    305     13  434.5  434.5  434.5
   69.8  18667  -69.9  -89.9      4   0.00    304     13  434.9  434.9  434.9
   67.3  18888  -65.5  -89.5      2   0.00    298     15  448.9  448.9  448.9
   61.0  19487  -65.8  -90.9      2   0.00    280     21  460.9  461.0  460.9
   53.0  20345  -66.3  -92.9      1   0.00    270     25  478.7  478.7  478.7
   50.8  20603  -66.5  -93.5      1   0.00    266     24  484.2  484.2  484.2
   50.0  20700  -66.3  -94.3      1   0.00    265     24  486.8  486.8  486.8
   43.0  21621  -63.5  -91.5      1   0.00    270     21  515.2  515.3  515.2
   41.0  21912  -62.6  -90.6      1   0.00    245      9  524.5  524.6  524.5
   40.0  22063  -62.1  -90.1      1   0.00    213     10  529.4  529.4  529.4
   39.0  22220  -61.8  -90.0      1   0.00    180     11  534.1  534.1  534.1
   37.0  22546  -61.1  -89.9      1   0.00    120     15  544.0  544.0  544.0
   36.5  22630  -60.9  -89.9      1   0.00    120     16  546.5  546.6  546.5
   34.3  23014  -63.1  -91.1      1   0.00    120     22  550.6  550.6  550.6
   34.0  23067  -63.4  -92.1      1   0.00    120     23  551.1  551.1  551.1
   33.4  23176  -64.1  -94.1      1   0.00    118     27  552.1  552.1  552.1
   33.0  23250  -64.3  -96.3      1   0.00    117     29  553.5  553.5  553.5
   32.5  23344  -61.5  -94.5      1   0.00    115     33  563.4  563.4  563.4
   31.0  23637  -61.1  -93.4      1   0.00    110     43  572.1  572.1  572.1
   30.3  23778  -60.9  -92.9      1   0.00    107     44  576.4  576.4  576.4
   30.0  23840  -60.9  -91.9      1   0.00    105     44  578.0  578.1  578.0
   28.1  24250  -57.1  -91.1      1   0.00     99     48  599.5  599.5  599.5
   27.0  24501  -57.2  -90.7      1   0.00     95     51  606.0  606.0  606.0
   22.2  25735  -57.9  -88.9      1   0.01     82     56  638.9  638.9  638.9
   20.0  26400  -52.3  -88.3      1   0.01     75     58  675.3  675.4  675.3
   17.0  27462  -50.7  -86.7      1   0.01     80     56  712.4  712.6  712.5
   13.2  29116  -48.3  -84.3      1   0.02     85     53  774.2  774.5  774.2
   13.0  29216  -48.4  -84.3      1   0.03     85     53  777.3  777.6  777.3
   12.0  29743  -48.9  -84.4      1   0.03     90     36  793.5  793.8  793.5
   11.0  30315  -49.4  -84.5      1   0.03     90     25  811.5  811.9  811.5
   10.9  30375  -49.5  -84.5      1   0.03     87     24  813.4  813.8  813.4
   10.0  30940  -49.7  -85.7      1   0.03     60     13  832.9  833.3  832.9
    9.5  31277  -47.3  -84.3      1   0.03                854.3  854.8  854.3
</PRE><H3>Station information and sounding indices</H3><PRE>
                         Station identifier: WIII
                             Station number: 96749
                           Observation time: 210815/0000
                           Station latitude: -6.11
                          Station longitude: 106.65
                          Station elevation: 8.0
                            Showalter index: 0.01
                               Lifted index: -1.20
    LIFT computed using virtual temperature: -1.90
                                SWEAT index: 259.38
                                    K index: 29.90
                         Cross totals index: 21.10
                      Vertical totals index: 21.70
                        Totals totals index: 42.80
      Convective Available Potential Energy: 504.92
             CAPE using virtual temperature: 652.94
                      Convective Inhibition: -32.82
             CINS using virtual temperature: -28.60
                           Equilibrum Level: 218.04
 Equilibrum Level using virtual temperature: 217.50
                   Level of Free Convection: 874.41
             LFCT using virtual temperature: 877.84
                     Bulk Richardson Number: 35.61
          Bulk Richardson Number using CAPV: 46.05
  Temp [K] of the Lifted Condensation Level: 293.42
Pres [hPa] of the Lifted Condensation Level: 926.28
   Equivalent potential temp [K] of the LCL: 348.19
     Mean mixed layer potential temperature: 299.92
              Mean mixed layer mixing ratio: 16.46
              1000 hPa to 500 hPa thickness: 5778.00
Precipitable water [mm] for entire sounding: 52.18
</PRE>
<P>Description of the 
<A HREF="/upperair/columns.html">data columns</A>
or <A HREF="/upperair/indices.html">sounding indices</A>.

<P>
<FORM>
<INPUT CLASS="button" TYPE="button" VALUE=" Close this window " 
 onClick="window.close();">
<INPUT CLASS="button" TYPE="button" VALUE=" Select another map " 
 onClick="window.blur();">
</FORM>
<HR SIZE="1">
<I>Interested in graduate studies in atmospheric science?
Check out our program at the
<a href="http://www.uwyo.edu/atsc/howtoapply/"
target=_top>University of Wyoming
</a></I>
<HR SIZE="1"><FONT SIZE="-1">
Questions about the weather data provided by this site can be
addressed to <A HREF="mailto:ldoolman@uwyo.edu">
Larry Oolman (ldoolman@uwyo.edu)</A></FONT>
<HR SIZE="1">
<SCRIPT TYPE="text/javascript">
<!--
window.focus();
// -->
</SCRIPT>
</BODY>
</HTML>
