2018-10-24 12
<HTML>
<TITLE>University of Wyoming - Radiosonde Data</TITLE>
<BODY BGCOLOR="white">
<H2>96749 WIII Jakarta Observations at 00Z 24 Oct 2018</H2>
<PRE>
-----------------------------------------------------------------------------
   PRES   HGHT   TEMP   DWPT   RELH   MIXR   DRCT   SKNT   THTA   THTE   THTV
    hPa     m      C      C      %    g/kg    deg   knot     K      K      K 
-----------------------------------------------------------------------------
 1011.0      8   25.0   22.4     86  17.20    160      3  297.2  347.2  300.3
 1000.0    103   25.0   20.8     78  15.73    170      8  298.1  344.0  301.0
  990.0    192   26.0   21.0     74  16.09    165      8  300.0  347.3  302.9
  978.0    299   25.4   20.4     74  15.73    160      7  300.4  346.7  303.2
  945.0    600   23.5   18.9     75  14.74    115      5  301.5  345.2  304.2
  925.0    788   22.4   17.9     76  14.15    105      6  302.2  344.2  304.8
  913.0    901   21.4   17.5     79  14.00     90      3  302.3  343.9  304.9
  887.0   1152   19.2   16.7     85  13.67    119      4  302.5  343.2  305.0
  882.0   1201   19.0   16.6     86  13.62    125      4  302.8  343.4  305.3
  859.0   1428   18.0   15.9     88  13.41     83      7  304.1  344.2  306.5
  852.0   1499   18.0   14.6     80  12.40     70      8  304.8  342.1  307.1
  850.0   1519   18.0   14.2     78  12.12     70      9  305.0  341.5  307.2
  823.0   1794   17.4    8.2     55   8.35     50     14  307.1  332.8  308.7
  809.0   1941   17.0    5.0     45   6.80     52     16  308.3  329.4  309.5
  786.0   2185   15.6    0.6     36   5.11     54     18  309.3  325.5  310.3
  781.0   2239   15.0    5.0     51   7.05     55     19  309.2  331.2  310.6
  748.0   2602   13.4   -2.6     33   4.24     59     23  311.3  325.0  312.1
  739.0   2703   12.5   -1.1     39   4.82     60     24  311.4  326.8  312.4
  726.0   2852   11.2    1.2     50   5.78     57     22  311.6  329.9  312.7
  700.0   3154    9.2   -1.8     46   4.81     50     17  312.6  328.1  313.6
  688.0   3297    8.0    0.0     57   5.61     45     12  312.8  330.7  313.9
  671.0   3503    6.2    2.7     78   6.98     18      8  313.1  335.1  314.4
  663.0   3601    5.8    2.1     77   6.76      5      6  313.7  335.2  315.0
  639.0   3902    4.7    0.2     73   6.12      0      2  315.7  335.4  316.9
  616.0   4201    3.5   -1.6     69   5.54    140      5  317.7  335.7  318.8
  594.0   4497    2.3   -3.5     65   5.01    145      6  319.7  336.1  320.6
  588.0   4580    2.0   -4.0     64   4.86    140      7  320.2  336.3  321.2
  572.0   4802    0.6   -8.2     52   3.64    125     10  321.1  333.4  321.9
  565.0   4901    0.0  -10.0     47   3.18    127      9  321.6  332.3  322.2
  547.0   5160   -1.9   -6.2     72   4.42    131      8  322.3  337.1  323.1
  533.0   5366   -3.1  -10.1     58   3.35    134      7  323.2  334.6  323.9
  511.0   5699   -5.2  -12.2     58   2.95    140      5  324.6  334.7  325.2
  502.0   5839   -6.1  -13.1     58   2.79    136      5  325.2  334.8  325.7
  500.0   5870   -6.3  -12.3     62   2.99    135      5  325.3  335.6  325.9
  498.0   5901   -6.3  -15.3     49   2.35    129      5  325.7  333.9  326.1
  494.0   5964   -5.9  -26.9     17   0.86    116      5  326.9  330.1  327.1
  492.0   5996   -6.1  -27.7     16   0.80    110      5  327.1  330.1  327.2
  458.0   6551   -9.1  -42.1      5   0.21     88     10  330.1  330.9  330.1
  438.0   6891  -11.4  -44.4      5   0.17     75     13  331.4  332.1  331.4
  408.0   7431  -15.1  -48.1      4   0.12     67     12  333.4  333.9  333.4
  400.0   7580  -16.1  -48.1      5   0.12     65     12  334.0  334.5  334.0
  399.0   7599  -16.3  -48.3      4   0.12     64     12  333.9  334.5  334.0
  397.0   7637  -16.5  -47.5      5   0.13     62     11  334.2  334.7  334.2
  395.0   7675  -16.7  -39.7     12   0.31     60     10  334.4  335.6  334.5
  394.0   7694  -16.9  -37.9     14   0.37     60     10  334.4  335.9  334.4
  392.0   7732  -17.1  -29.1     35   0.88     58      9  334.6  338.0  334.8
  391.0   7751  -17.3  -21.6     69   1.75     57      9  334.6  341.0  334.9
  389.0   7790  -17.5  -22.1     67   1.68     55      8  334.8  341.0  335.2
  382.0   7926  -18.1  -24.1     59   1.43     59      7  335.8  341.1  336.1
  373.0   8103  -19.5  -24.9     62   1.37     65      6  336.2  341.3  336.5
  359.0   8387  -21.7  -26.2     67   1.26    105      2  336.9  341.6  337.1
  352.0   8533  -22.9  -26.9     70   1.21    167      2  337.2  341.8  337.5
  348.0   8617  -23.5  -27.6     69   1.15    203      3  337.5  341.9  337.8
  344.0   8702  -23.2  -30.4     52   0.89    240      3  339.1  342.5  339.3
  343.0   8723  -23.1  -31.1     48   0.84    242      3  339.5  342.7  339.6
  330.0   9004  -25.7  -32.5     53   0.76    270      3  339.7  342.7  339.9
  322.0   9183  -27.3  -33.3     57   0.72    337      2  339.9  342.7  340.0
  317.0   9295  -28.1  -34.6     54   0.65     20      2  340.2  342.8  340.3
  300.0   9690  -31.1  -39.1     45   0.43      5     12  341.4  343.2  341.5
  291.0   9904  -32.9  -39.6     51   0.42      0     13  341.9  343.6  342.0
  286.0  10026  -33.9  -39.9     55   0.42      1     13  342.1  343.8  342.2
  257.0  10763  -39.9  -48.9     38   0.17      5     16  343.9  344.6  343.9
  256.0  10789  -40.1                           5     16  343.9         343.9
  250.0  10950  -41.7                           0     18  343.9         343.9
  245.0  11083  -42.8                           0     19  344.2         344.2
  223.0  11703  -48.0                         355     21  345.6         345.6
  214.0  11974  -50.3                          10     18  346.1         346.1
  200.0  12420  -54.1                          20     16  346.9         346.9
  171.0  13410  -62.9                          33     24  348.2         348.2
  168.0  13518  -63.7                          35     25  348.7         348.7
  150.0  14210  -68.7                          25     33  351.6         351.6
  145.0  14408  -70.0                          20     29  352.8         352.8
  138.0  14697  -71.8                           5     16  354.6         354.6
  131.0  15000  -73.7                         325      8  356.5         356.5
  125.0  15274  -75.5                         335      7  358.1         358.1
  118.0  15610  -77.6                          35      7  360.1         360.1
  117.0  15660  -77.9                          40      8  360.4         360.4
  112.0  15908  -78.5                          65     11  363.8         363.8
  106.0  16220  -79.3                         175      4  368.1         368.1
  101.0  16494  -80.0                         195     16  371.9         371.9
  100.0  16550  -80.1                         195     17  372.7         372.7
   95.5  16809  -81.1                         185     18  375.7         375.7
   86.0  17397  -81.5                         175     20  386.2         386.2
   82.6  17623  -81.7                         148     18  390.4         390.4
   77.9  17957  -74.9                         108     15  411.1         411.1
   77.0  18025  -73.8                         100     14  414.8         414.8
   76.3  18078  -72.9                          87     13  417.7         417.7
   74.0  18257  -73.8                          45      8  419.5         419.5
   71.2  18481  -74.9                          80     10  421.8         421.8
   70.0  18580  -74.5                          95     11  424.7         424.7
   63.2  19176  -73.3                         110     15  439.9         439.9
   63.0  19194  -73.1                         110     15  440.6         440.6
   57.9  19693  -68.9                          89     21  461.0         461.0
   57.0  19787  -68.9                          85     22  463.1         463.1
   52.0  20336  -68.8                         100     31  475.7         475.7
   50.0  20570  -68.7                         100     40  481.2         481.2
   42.1  21603  -68.1                          65     47  506.9         506.9
   42.0  21618  -68.0                          65     47  507.4         507.4
   35.6  22622  -64.5                          90     50  541.1         541.1
   31.1  23461  -58.5                         110     52  578.6         578.6
   30.0  23690  -54.5                         115     53  595.5         595.5
   29.0  23910  -50.9                         100     35  611.1         611.1
   27.8  24184  -46.5                          79     24  630.8         630.8
   27.0  24375  -47.2                          65     16  634.0         634.0
   25.0  24878  -49.2                          45     11  642.5         642.5
   24.0  25145  -50.2                         320      6  647.1         647.1
   23.0  25424  -51.3                         295      8  651.8         651.8
   22.5  25566  -49.3                         294     11  661.9         661.9
   20.6  26145  -46.9                         291     23  686.0         686.0
   20.0  26340  -47.3                         290     27  690.6         690.6
   19.0  26679  -47.4                         300     30  700.5         700.5
   17.0  27413  -47.6                         275     21  722.4         722.4
   16.0  27813  -47.7                         290     43  734.7         734.7
   14.0  28694  -48.0                         270     27  762.4         762.4
   13.2  29082  -48.1                                     774.9         774.9
</PRE><H3>Station information and sounding indices</H3><PRE>
                         Station identifier: WIII
                             Station number: 96749
                           Observation time: 181024/0000
                           Station latitude: -6.11
                          Station longitude: 106.65
                          Station elevation: 8.0
                            Showalter index: -0.00
                               Lifted index: -1.81
    LIFT computed using virtual temperature: -2.22
                                SWEAT index: 193.38
                                    K index: 27.50
                         Cross totals index: 20.50
                      Vertical totals index: 24.30
                        Totals totals index: 44.80
      Convective Available Potential Energy: 246.05
             CAPE using virtual temperature: 362.43
                      Convective Inhibition: -125.29
             CINS using virtual temperature: -70.45
                           Equilibrum Level: 235.93
 Equilibrum Level using virtual temperature: 236.05
                   Level of Free Convection: 707.38
             LFCT using virtual temperature: 742.38
                     Bulk Richardson Number: 22.55
          Bulk Richardson Number using CAPV: 33.21
  Temp [K] of the Lifted Condensation Level: 292.66
Pres [hPa] of the Lifted Condensation Level: 919.80
   Equivalent potential temp [K] of the LCL: 346.05
     Mean mixed layer potential temperature: 299.75
              Mean mixed layer mixing ratio: 15.80
              1000 hPa to 500 hPa thickness: 5767.00
Precipitable water [mm] for entire sounding: 45.42
</PRE>
<P>Description of the 
<A HREF="/upperair/columns.html">data columns</A>
or <A HREF="/upperair/indices.html">sounding indices</A>.

<P>
<FORM>
<INPUT CLASS="button" TYPE="button" VALUE=" Close this window " 
 onClick="window.close();">
<INPUT CLASS="button" TYPE="button" VALUE=" Select another map " 
 onClick="window.blur();">
</FORM>
<HR SIZE="1">
<I>Interested in graduate studies in atmospheric science?
Check out our program at the
<a href="http://www.uwyo.edu/atsc/howtoapply/"
target=_top>University of Wyoming
</a></I>
<HR SIZE="1"><FONT SIZE="-1">
Questions about the weather data provided by this site can be
addressed to <A HREF="mailto:ldoolman@uwyo.edu">
Larry Oolman (ldoolman@uwyo.edu)</A></FONT>
<HR SIZE="1">
<SCRIPT TYPE="text/javascript">
<!--
window.focus();
// -->
</SCRIPT>
</BODY>
</HTML>
