2020-03-09 12
<HTML>
<TITLE>University of Wyoming - Radiosonde Data</TITLE>
<BODY BGCOLOR="white">
<H2>96749 WIII Jakarta Observations at 00Z 09 Mar 2020</H2>
<PRE>
-----------------------------------------------------------------------------
   PRES   HGHT   TEMP   DWPT   RELH   MIXR   DRCT   SKNT   THTA   THTE   THTV
    hPa     m      C      C      %    g/kg    deg   knot     K      K      K 
-----------------------------------------------------------------------------
 1008.0      8   25.8   22.8     84  17.69    250      4  298.3  349.9  301.4
 1000.0     79   25.4   22.2     82  17.17    225      6  298.6  348.7  301.6
  975.0    302   24.4   21.2     82  16.51    235     19  299.7  348.1  302.6
  925.0    765   22.2   19.0     82  15.19    260     25  302.0  347.0  304.8
  880.0   1199   20.7   13.8     65  11.43    260     36  304.8  339.2  306.9
  866.0   1338   20.2   12.2     60  10.41    260     36  305.7  337.2  307.6
  850.0   1499   19.2   12.2     64  10.61    260     35  306.2  338.4  308.2
  808.0   1933   17.2   11.2     68  10.44    265     31  308.6  340.6  310.5
  721.0   2893    9.8    7.4     85   9.04    277     22  310.7  338.7  312.4
  700.0   3138    9.0    6.1     82   8.51    280     20  312.4  339.0  314.0
  649.0   3763    6.0    3.9     86   7.86    284     14  315.9  340.9  317.4
  638.0   3903    6.0    3.0     81   7.48    285     13  317.4  341.4  318.8
  627.0   4046    6.0    2.0     76   7.10    276     12  319.0  341.9  320.4
  615.0   4203    5.2    1.1     75   6.78    265     11  319.8  341.9  321.1
  572.0   4791    2.2   -2.3     72   5.69    305     15  323.0  341.9  324.1
  542.0   5229    0.0   -4.8     70   4.97    294     13  325.4  342.1  326.4
  531.0   5392   -1.2   -5.6     72   4.78    290     12  325.8  341.9  326.8
  500.0   5870   -4.9   -7.9     79   4.24    320     13  327.0  341.5  327.8
  492.0   5997   -5.0  -10.0     68   3.65    325     15  328.4  340.9  329.1
  488.0   6061   -5.1  -11.1     63   3.38    322     14  329.0  340.8  329.7
  458.0   6556   -8.7   -9.6     93   4.05    297      6  330.6  344.6  331.4
  456.0   6589   -8.9   -9.8     93   4.01    295      5  330.7  344.5  331.5
  438.0   6898  -11.2  -11.7     95   3.58    250      7  331.7  344.2  332.4
  409.0   7422  -14.9  -15.0     99   2.93    250     11  333.4  343.8  334.0
  405.0   7496  -15.2  -15.3     99   2.90    250     12  334.0  344.3  334.6
  400.0   7590  -15.5  -15.6     99   2.85    250     11  334.8  345.0  335.3
  389.0   7801  -16.5  -17.4     93   2.53    230      7  336.1  345.3  336.7
  378.0   8018  -17.5  -19.2     87   2.23    172      6  337.6  345.7  338.0
  374.0   8097  -18.1  -19.8     86   2.13    150      5  337.9  345.7  338.3
  326.0   9117  -25.3  -28.1     77   1.17    154     13  341.4  345.9  341.6
  318.0   9298  -26.1  -32.1     57   0.82    155     14  342.7  346.0  342.9
  300.0   9720  -29.3  -36.3     51   0.57    160     15  344.0  346.3  344.1
  266.0  10564  -36.1  -45.1     39   0.26    144     18  346.1  347.2  346.1
  257.0  10800  -38.1  -46.0     43   0.24    140     19  346.5  347.6  346.6
  250.0  10990  -39.7  -46.7     47   0.23    135     20  346.9  347.9  346.9
  249.0  11018  -40.1  -46.1     53   0.25    135     20  346.7  347.8  346.8
  206.0  12283  -51.0                         115     20  348.9         348.9
  200.0  12480  -52.7                         120     19  349.1         349.1
  186.0  12944  -57.1                         136     19  349.4         349.4
  179.0  13180  -59.1                         145     19  349.9         349.9
  150.0  14270  -68.3                          95     33  352.2         352.2
  140.0  14678  -72.1                          85     39  352.6         352.6
  137.0  14806  -73.3                          84     41  352.7         352.7
  127.0  15244  -76.7                          79     48  354.2         354.2
  122.0  15474  -78.3                          77     52  355.4         355.4
  119.0  15616  -77.0                          75     54  360.4         360.4
  117.0  15713  -76.1                          76     51  363.8         363.8
  108.0  16171  -78.5                          81     36  367.6         367.6
  102.0  16497  -77.8                          85     26  375.1         375.1
  100.0  16610  -77.5                          95     18  377.7         377.7
   97.5  16757  -75.5                         120      9  384.4         384.4
   97.0  16786  -75.6                         125      7  384.7         384.7
   92.0  17091  -76.7                         300     11  388.4         388.4
   87.0  17412  -77.9                         280     20  392.3         392.3
   79.0  17966  -79.9                         300     23  399.1         399.1
   76.0  18189  -80.7                         295     21  401.9         401.9
   75.0  18264  -80.5                         290     19  403.9         403.9
   73.5  18379  -80.1                         281     19  407.0         407.0
   71.0  18578  -76.7                         265     18  418.3         418.3
   70.0  18660  -75.3                         260     19  423.0         423.0
   69.2  18726  -73.9                         261     18  427.4         427.4
   67.0  18915  -71.8                         265     15  435.8         435.8
   65.6  19038  -70.5                         255     13  441.3         441.3
   59.3  19627  -74.9                         206      5  444.4         444.4
   58.0  19756  -73.6                         195      3  450.2         450.2
   56.0  19960  -71.5                         231      5  459.5         459.5
   55.0  20065  -72.0                         250      6  460.8         460.8
   52.0  20392  -73.4                         250      8  465.0         465.0
   51.7  20426  -73.5                         238      8  465.4         465.4
   50.0  20620  -72.7                         170      5  471.8         471.8
   49.0  20739  -72.4                         160      6  475.2         475.2
   47.5  20922  -71.9                         133     13  480.6         480.6
   46.2  21086  -71.3                         108     20  485.9         485.9
   45.8  21138  -69.5                         101     22  491.5         491.5
   45.0  21244  -66.9                          85     26  500.2         500.2
   42.0  21661  -67.5                          80     33  508.8         508.8
   41.8  21690  -67.5                          82     33  509.4         509.4
   40.7  21852  -65.1                          91     34  519.3         519.3
   38.0  22268  -66.6                         115     36  525.8         525.8
   36.8  22463  -67.3                         109     34  528.8         528.8
   36.0  22596  -67.3                         105     33  532.1         532.1
   35.1  22750  -62.9                         101     31  547.5         547.5
   35.0  22768  -62.8                         100     31  548.1         548.1
   32.0  23327  -60.1                         110     35  569.7         569.7
   30.0  23730  -58.1                         100     31  585.7         585.7
   29.5  23836  -56.9                          98     31  591.8         591.8
   27.0  24396  -56.3                          85     28  608.7         608.7
   21.0  25988  -54.5                          93     41  659.4         659.4
   20.0  26300  -51.9                          95     44  676.6         676.6
   19.7  26398  -51.3                                     681.3         681.3
</PRE><H3>Station information and sounding indices</H3><PRE>
                         Station identifier: WIII
                             Station number: 96749
                           Observation time: 200309/0000
                           Station latitude: -6.11
                          Station longitude: 106.65
                          Station elevation: 8.0
                            Showalter index: 2.64
                               Lifted index: -1.22
    LIFT computed using virtual temperature: -1.48
                                SWEAT index: 229.40
                                    K index: 33.40
                         Cross totals index: 17.10
                      Vertical totals index: 24.10
                        Totals totals index: 41.20
      Convective Available Potential Energy: 184.03
             CAPE using virtual temperature: 234.42
                      Convective Inhibition: -112.93
             CINS using virtual temperature: -79.22
                           Equilibrum Level: 313.12
 Equilibrum Level using virtual temperature: 298.00
                   Level of Free Convection: 756.43
             LFCT using virtual temperature: 770.41
                     Bulk Richardson Number: 11.69
          Bulk Richardson Number using CAPV: 14.89
  Temp [K] of the Lifted Condensation Level: 293.78
Pres [hPa] of the Lifted Condensation Level: 935.46
   Equivalent potential temp [K] of the LCL: 348.25
     Mean mixed layer potential temperature: 299.45
              Mean mixed layer mixing ratio: 16.67
              1000 hPa to 500 hPa thickness: 5791.00
Precipitable water [mm] for entire sounding: 56.80
</PRE>
<P>Description of the 
<A HREF="/upperair/columns.html">data columns</A>
or <A HREF="/upperair/indices.html">sounding indices</A>.

<P>
<FORM>
<INPUT CLASS="button" TYPE="button" VALUE=" Close this window " 
 onClick="window.close();">
<INPUT CLASS="button" TYPE="button" VALUE=" Select another map " 
 onClick="window.blur();">
</FORM>
<HR SIZE="1">
<I>Interested in graduate studies in atmospheric science?
Check out our program at the
<a href="http://www.uwyo.edu/atsc/howtoapply/"
target=_top>University of Wyoming
</a></I>
<HR SIZE="1"><FONT SIZE="-1">
Questions about the weather data provided by this site can be
addressed to <A HREF="mailto:ldoolman@uwyo.edu">
Larry Oolman (ldoolman@uwyo.edu)</A></FONT>
<HR SIZE="1">
<SCRIPT TYPE="text/javascript">
<!--
window.focus();
// -->
</SCRIPT>
</BODY>
</HTML>
