2021-08-26 00
<HTML>
<TITLE>University of Wyoming - Radiosonde Data</TITLE>
<BODY BGCOLOR="white">
<H2>96749 WIII Jakarta Observations at 00Z 26 Aug 2021</H2>
<PRE>
-----------------------------------------------------------------------------
   PRES   HGHT   TEMP   DWPT   RELH   MIXR   DRCT   SKNT   THTA   THTE   THTV
    hPa     m      C      C      %    g/kg    deg   knot     K      K      K 
-----------------------------------------------------------------------------
 1009.0      8   22.6   21.0     91  15.78    180      2  295.0  340.4  297.8
 1008.0     17   24.8   19.8     74  14.64    182      2  297.3  339.8  299.9
 1000.0     92   24.8   18.8     69  13.85    200      4  297.9  338.4  300.4
  988.0    198   25.8   18.8     65  14.02    212      3  300.0  341.2  302.5
  976.0    305   25.1   18.5     67  13.95    225      2  300.3  341.4  302.8
  944.0    596   23.0   17.8     72  13.74      0      1  301.1  341.7  303.6
  925.0    774   21.8   17.3     76  13.62    120      3  301.6  341.9  304.1
  912.0    896   20.6   17.3     81  13.81    110      3  301.6  342.5  304.1
  901.0   1001   19.6   17.3     87  13.99     98      4  301.6  343.0  304.1
  881.0   1194   18.8   14.8     78  12.14     75      5  302.7  338.9  304.9
  858.0   1421   17.8   11.8     68  10.23     86      9  304.0  334.8  305.8
  850.0   1501   17.0   12.0     72  10.47     90     10  303.9  335.4  305.9
  829.0   1715   15.2   12.6     84  11.18     83     11  304.2  337.8  306.3
  808.0   1933   13.6   10.6     82  10.03     75     11  304.8  335.0  306.6
  793.0   2092   13.4    6.8     64   7.85     70     12  306.2  330.3  307.7
  768.0   2362   13.2    0.2     41   5.08     81     12  308.8  324.8  309.7
  738.0   2698   12.8   -9.5     20   2.53     95     13  311.9  320.3  312.4
  736.0   2721   12.8  -10.2     19   2.40     97     13  312.1  320.1  312.6
  712.0   2999   11.1  -13.2     17   1.95    120      9  313.2  319.8  313.6
  700.0   3141   10.2  -14.8     16   1.74    120      8  313.8  319.7  314.1
  687.0   3296    9.2  -15.1     16   1.73    115      6  314.3  320.2  314.6
  666.0   3553    7.4  -15.6     18   1.71     84      6  315.1  321.0  315.4
  641.0   3868    6.6  -14.4     21   1.97     45      6  317.6  324.4  318.0
  638.0   3906    6.3  -13.3     23   2.16     40      6  317.8  325.1  318.2
  622.0   4114    4.8   -7.2     41   3.60     51      9  318.3  330.3  319.0
  616.0   4193    4.0   -6.3     47   3.89     55     10  318.3  331.2  319.1
  611.0   4260    3.4   -5.6     52   4.14     57      9  318.4  332.0  319.1
  593.0   4502    2.0  -16.0     25   1.86     65      7  319.5  325.9  319.8
  578.0   4709    0.8  -11.2     40   2.83     72      6  320.4  330.0  320.9
  575.0   4750    0.4  -12.6     37   2.54     73      6  320.4  329.1  320.9
  571.0   4807    0.6  -19.6     20   1.42     75      6  321.2  326.3  321.5
  570.0   4821    0.6  -21.4     17   1.22     76      6  321.4  325.8  321.7
  564.0   4906    0.0  -25.0     13   0.90     79      7  321.7  325.0  321.9
  530.0   5400   -3.3  -35.2      6   0.36    100     11  323.5  324.9  323.6
  520.0   5551   -4.3  -38.3      5   0.27     88     11  324.1  325.1  324.1
  510.0   5704   -4.8  -36.8      6   0.32     75     10  325.3  326.5  325.4
  500.0   5860   -5.3  -35.3      7   0.38     60     11  326.5  328.0  326.6
  491.0   6003   -5.5  -28.7     14   0.73     60     13  328.0  330.8  328.2
  488.0   6051   -5.5  -26.5     17   0.90     62     14  328.5  331.9  328.7
  455.0   6589   -9.2  -31.6     14   0.60     80     27  330.5  332.8  330.6
  437.0   6900  -11.4  -34.6     13   0.47     80     31  331.6  333.4  331.7
  404.0   7503  -15.6  -40.4     10   0.28     85     16  333.7  334.9  333.8
  400.0   7580  -16.1  -41.1     10   0.26     85     14  334.0  335.1  334.0
  392.0   7732  -17.3  -42.3      9   0.24     90     15  334.3  335.3  334.4
  358.0   8408  -20.1  -57.1      2   0.05    111     21  339.4  339.6  339.4
  344.0   8697  -22.5  -57.7      3   0.05    120     23  340.0  340.2  340.0
  300.0   9690  -30.7  -59.7      4   0.04    100     26  342.0  342.2  342.0
  267.0  10497  -37.6  -64.4      4   0.02     95     19  343.5  343.6  343.5
  255.0  10816  -40.3  -66.3      4   0.02     88     20  344.1  344.2  344.1
  250.0  10950  -41.3  -59.3     13   0.05     85     20  344.5  344.8  344.5
  224.0  11684  -48.1  -56.1     39   0.09     89     14  345.1  345.5  345.1
  214.0  11980  -50.4  -59.6     33   0.06     90     12  346.0  346.2  346.0
  200.0  12420  -53.9  -64.9     25   0.03     60     19  347.2  347.4  347.3
  197.0  12517  -54.5  -66.5     21   0.03     59     20  347.8  347.9  347.8
  186.0  12875  -57.8  -68.7     24   0.02     55     23  348.2  348.3  348.2
  169.0  13472  -63.3  -72.3     29   0.01     55     26  348.7  348.8  348.7
  161.0  13775  -66.1  -74.1     32   0.01     53     28  348.9  348.9  348.9
  153.0  14081  -68.5  -77.3     28   0.01     50     31  349.8  349.9  349.8
  150.0  14200  -69.5  -78.5     26   0.01     50     32  350.2  350.2  350.2
  145.0  14398  -71.0  -80.0     25   0.00     60     31  350.9  350.9  350.9
  138.0  14688  -73.3  -82.3     24   0.00     75     27  351.9  351.9  351.9
  127.0  15174  -77.1  -86.1     23   0.00     75     25  353.5  353.5  353.5
  124.0  15311  -77.0  -87.0     19   0.00     75     25  356.1  356.1  356.1
  118.0  15596  -76.9  -88.9     13   0.00     55     15  361.4  361.4  361.4
  112.0  15898  -74.1  -88.3     10   0.00     95      8  372.1  372.1  372.1
  110.0  16003  -73.1  -88.1      9   0.00    136     11  375.9  375.9  375.9
  106.0  16219  -73.3  -89.5      7   0.00    220     16  379.4  379.4  379.4
  100.0  16560  -73.7  -91.7      5   0.00    235     21  385.1  385.1  385.1
   88.0  17307  -74.9  -93.9      4   0.00    258     16  397.0  397.0  397.0
   87.0  17374  -74.8  -94.1      4   0.00    260     16  398.6  398.6  398.6
   82.0  17721  -74.0  -95.3      3   0.00    230     13  407.0  407.0  407.0
   78.0  18013  -73.3  -96.3      2   0.00    270      6  414.2  414.2  414.2
   74.0  18326  -69.8  -98.1      1   0.00    300     15  427.9  427.9  427.9
   72.8  18424  -68.7  -98.7      1   0.00    299     15  432.2  432.2  432.2
   70.0  18660  -67.5  -99.5      0   0.00    295     16  439.6  439.6  439.6
   67.7  18862  -66.7  -98.7      0   0.00    284     18  445.6  445.6  445.6
   67.0  18925  -66.9  -98.8      0   0.00    280     19  446.4  446.4  446.4
   64.0  19201  -67.9  -99.4      0   0.00    255     21  450.2  450.2  450.2
   61.0  19491  -68.9 -100.0      0   0.00    280     21  454.2  454.2  454.2
   60.3  19560  -69.1 -100.1      0   0.00    278     22  455.2  455.2  455.2
   50.4  20642  -66.7  -98.7      0   0.00    246     33  484.8  484.8  484.8
   50.0  20690  -66.9  -98.9      0   0.00    245     33  485.4  485.4  485.4
   48.0  20938  -64.3  -96.9      0   0.00    235     14  497.2  497.2  497.2
   46.6  21119  -62.5  -95.5      1   0.00    283     13  505.9  505.9  505.9
   45.0  21332  -63.0  -96.0      0   0.00    340     11  509.6  509.6  509.6
   41.0  21902  -64.5  -97.5      0   0.00    355      7  519.7  519.7  519.7
   40.5  21977  -64.7  -97.7      0   0.00     13      8  521.0  521.0  521.0
   39.0  22208  -63.0  -96.0      0   0.00     70     10  531.0  531.0  531.0
   38.4  22303  -62.3  -95.3      1   0.00     73     13  535.1  535.1  535.1
   37.0  22531  -62.9  -95.9      0   0.00     80     19  539.4  539.4  539.4
   35.0  22872  -63.7  -96.7      0   0.00     60     17  545.8  545.8  545.8
   34.0  23051  -62.2  -95.5      0   0.00     90     16  554.4  554.4  554.4
   31.8  23465  -58.7  -92.7      1   0.00     94     32  574.4  574.4  574.4
   31.0  23625  -58.5  -92.5      1   0.00     95     38  579.0  579.1  579.1
   30.0  23830  -58.3  -92.3      1   0.00    100     39  585.1  585.1  585.1
   29.0  24044  -57.4  -92.0      1   0.00    100     43  593.4  593.4  593.4
   28.3  24198  -56.7  -91.7      0   0.00     90     52  599.4  599.4  599.4
   28.0  24265  -56.9  -91.8      1   0.00     85     56  600.6  600.6  600.6
   25.3  24904  -59.1  -93.1      1   0.00     90     59  612.0  612.0  612.0
   20.0  26390  -55.5  -90.5      1   0.01    100     66  665.5  665.6  665.5
   19.4  26584  -55.1  -90.1      1   0.01     97     65  672.6  672.7  672.6
   18.0  27068  -51.5  -87.2      1   0.01     90     64  698.4  698.5  698.4
   17.4  27287  -49.9  -85.9      1   0.01     89     62  710.4  710.5  710.4
   15.0  28266  -48.1  -85.8      1   0.02     85     52  747.0  747.2  747.0
   13.0  29210  -46.5  -85.7      0   0.02     85     45  784.0  784.2  784.0
   12.2  29629  -45.7  -85.7      0   0.02                801.0  801.3  801.0
</PRE><H3>Station information and sounding indices</H3><PRE>
                         Station identifier: WIII
                             Station number: 96749
                           Observation time: 210826/0000
                           Station latitude: -6.11
                          Station longitude: 106.65
                          Station elevation: 8.0
                            Showalter index: 3.55
                               Lifted index: 1.31
    LIFT computed using virtual temperature: 0.62
                                SWEAT index: 175.00
                                    K index: 9.30
                         Cross totals index: 17.30
                      Vertical totals index: 22.30
                        Totals totals index: 39.60
      Convective Available Potential Energy: 0.00
             CAPE using virtual temperature: 1.65
                      Convective Inhibition: 0.00
             CINS using virtual temperature: -68.51
 Equilibrum Level using virtual temperature: 514.21
             LFCT using virtual temperature: 810.11
                     Bulk Richardson Number: 0.00
          Bulk Richardson Number using CAPV: 0.18
  Temp [K] of the Lifted Condensation Level: 290.35
Pres [hPa] of the Lifted Condensation Level: 895.99
   Equivalent potential temp [K] of the LCL: 340.62
     Mean mixed layer potential temperature: 299.62
              Mean mixed layer mixing ratio: 13.99
              1000 hPa to 500 hPa thickness: 5768.00
Precipitable water [mm] for entire sounding: 35.21
</PRE>
<P>Description of the 
<A HREF="/upperair/columns.html">data columns</A>
or <A HREF="/upperair/indices.html">sounding indices</A>.

<P>
<FORM>
<INPUT CLASS="button" TYPE="button" VALUE=" Close this window " 
 onClick="window.close();">
<INPUT CLASS="button" TYPE="button" VALUE=" Select another map " 
 onClick="window.blur();">
</FORM>
<HR SIZE="1">
<I>Interested in graduate studies in atmospheric science?
Check out our program at the
<a href="http://www.uwyo.edu/atsc/howtoapply/"
target=_top>University of Wyoming
</a></I>
<HR SIZE="1"><FONT SIZE="-1">
Questions about the weather data provided by this site can be
addressed to <A HREF="mailto:ldoolman@uwyo.edu">
Larry Oolman (ldoolman@uwyo.edu)</A></FONT>
<HR SIZE="1">
<SCRIPT TYPE="text/javascript">
<!--
window.focus();
// -->
</SCRIPT>
</BODY>
</HTML>
