2021-05-11 00
<HTML>
<TITLE>University of Wyoming - Radiosonde Data</TITLE>
<BODY BGCOLOR="white">
<H2>96749 WIII Jakarta Observations at 00Z 11 May 2021</H2>
<PRE>
-----------------------------------------------------------------------------
   PRES   HGHT   TEMP   DWPT   RELH   MIXR   DRCT   SKNT   THTA   THTE   THTV
    hPa     m      C      C      %    g/kg    deg   knot     K      K      K 
-----------------------------------------------------------------------------
 1008.0      8   26.0   23.2     85  18.13    150      1  298.5  351.4  301.7
 1000.0     77   26.6   23.1     81  18.17    100      5  299.8  353.1  303.0
  975.0    301   25.9   20.9     74  16.26     95     13  301.2  349.3  304.1
  958.0    456   25.4   19.4     69  15.03     95     15  302.2  346.9  304.9
  925.0    764   23.6   17.6     69  13.88     95     18  303.4  344.9  306.0
  886.0   1140   21.0   16.0     73  13.07     85     14  304.5  343.7  306.9
  870.0   1298   19.8   14.8     73  12.31     81     13  304.8  341.9  307.1
  868.0   1318   19.8   13.8     68  11.55     80     13  305.0  339.9  307.2
  850.0   1499   20.0    3.0     32   5.62     75     11  307.1  324.6  308.1
  843.0   1570   20.2   -6.8     16   2.74     75     10  308.0  316.9  308.5
  828.0   1724   17.6   10.6     64   9.78     75      8  306.9  336.7  308.7
  821.0   1796   16.9   10.9     68  10.07     75      7  306.9  337.6  308.7
  800.0   2016   14.8   11.8     82  10.98     71      8  306.9  340.3  308.9
  794.0   2080   14.4   12.5     88  11.60     70      9  307.1  342.4  309.3
  792.0   2101   14.3   12.4     88  11.53     70      9  307.2  342.3  309.4
  791.0   2112   14.2   12.3     88  11.49     69      9  307.3  342.2  309.4
  788.0   2144   14.2   11.1     82  10.64     66      9  307.6  340.1  309.6
  782.0   2209   15.8   -0.2     34   4.85     59     10  310.0  325.4  310.9
  779.0   2241   16.6   -7.4     19   2.83     56     10  311.2  320.5  311.7
  776.0   2274   17.2  -15.8      9   1.45     52     11  312.2  317.1  312.4
  774.0   2296   17.2  -13.8     11   1.71     50     11  312.4  318.2  312.7
  765.0   2395   16.3   -4.1     24   3.72     40     12  312.5  324.6  313.2
  758.0   2473   15.6    3.6     45   6.58     43     11  312.5  333.4  313.8
  747.0   2597   15.0    5.0     51   7.37     47      9  313.2  336.5  314.6
  738.0   2699   14.5    4.0     49   6.93     50      8  313.7  335.7  315.0
  730.0   2791   14.0    3.0     47   6.55     60      8  314.2  335.0  315.4
  727.0   2826   13.8    1.8     44   6.03     64      8  314.3  333.6  315.5
  723.0   2872   14.4   -9.6     18   2.57     69      8  315.5  324.1  316.0
  713.0   2989   14.4  -17.6      9   1.35     83      7  316.7  321.5  317.0
  703.0   3108   13.4   -1.6     35   4.86     96      7  316.9  332.8  317.8
  700.0   3144   13.0   -1.0     38   5.11    100      7  316.9  333.5  317.8
  689.0   3277   11.8    2.8     54   6.84    117      6  316.9  338.9  318.3
  687.0   3301   11.7    2.4     53   6.65    120      6  317.1  338.5  318.4
  615.0   4217    7.0  -14.0     21   2.12    116      8  321.9  329.2  322.3
  594.0   4499    5.2  -15.1     22   2.00    115      9  322.9  329.9  323.3
  560.0   4977    2.0  -17.0     23   1.81     94     10  324.7  331.1  325.1
  545.0   5195    0.8  -11.2     40   3.00     84     11  325.8  336.2  326.4
  533.0   5374    0.0  -16.0     29   2.07     76     11  326.9  334.3  327.4
  532.0   5389   -0.1  -15.8     30   2.11     75     11  326.9  334.4  327.4
  514.0   5662   -2.9  -11.9     50   3.01     79     10  326.9  337.3  327.4
  512.0   5693   -3.0  -12.2     49   2.95     80     10  327.0  337.3  327.6
  500.0   5880   -3.9  -13.9     46   2.63     75      9  328.2  337.4  328.7
  495.0   5959   -4.1  -15.1     42   2.40     71      8  328.9  337.4  329.4
  493.0   5991   -4.4  -15.2     43   2.40     70      8  328.9  337.4  329.4
  467.0   6415   -8.3  -16.3     53   2.31     61      8  329.2  337.4  329.7
  436.0   6945  -11.9  -22.9     40   1.40     50      8  331.2  336.3  331.5
  422.0   7193  -13.3  -25.6     35   1.14     45      8  332.4  336.7  332.7
  413.0   7358  -14.3  -27.3     32   0.99     51      8  333.3  337.0  333.5
  400.0   7600  -14.7  -32.7     20   0.61     60      9  335.8  338.2  335.9
  397.0   7657  -14.3  -35.3     15   0.48     61      9  337.0  338.9  337.1
  375.0   8086  -16.8  -41.1     10   0.28     65      6  339.3  340.4  339.3
  364.0   8310  -18.1  -44.1      8   0.21    101      8  340.4  341.3  340.5
  360.0   8390  -18.8  -44.3      9   0.21    115      9  340.6  341.5  340.6
  332.0   8981  -23.7  -45.4     12   0.20    110      9  341.8  342.6  341.8
  300.0   9720  -29.9  -46.9     18   0.19    160      8  343.1  343.9  343.2
  281.0  10176  -33.6  -49.9     18   0.14    215      9  344.2  344.9  344.3
  269.0  10480  -36.1  -51.9     18   0.12    235     11  344.9  345.4  344.9
  257.0  10798  -38.7  -54.0     18   0.10    230      6  345.6  346.1  345.6
  250.0  10990  -40.3  -55.3     19   0.08      0      0  346.0  346.4  346.0
  246.0  11099  -41.3  -55.6     20   0.08     50      2  346.1  346.5  346.1
  216.0  11975  -49.3  -58.3     34   0.07     31     18  346.8  347.1  346.8
  215.0  12006  -49.5  -58.7     33   0.06     30     19  347.0  347.3  347.0
  205.0  12318  -51.5  -63.2     23   0.04     30     27  348.6  348.8  348.6
  200.0  12480  -52.5  -65.5     19   0.03     35     33  349.5  349.6  349.5
  196.0  12609  -53.3  -67.3     17   0.02     35     35  350.2  350.3  350.2
  187.0  12910  -55.2  -71.5     12   0.01     35     32  351.8  351.9  351.8
  184.0  13013  -55.9  -72.9     10   0.01     39     28  352.4  352.4  352.4
  170.0  13504  -59.9  -76.1     10   0.01     60      7  353.9  353.9  353.9
  162.0  13803  -62.3  -78.0     10   0.01    140      6  354.7  354.8  354.7
  155.0  14077  -64.5  -79.8     11   0.00    155     11  355.5  355.5  355.5
  150.0  14280  -66.1  -81.1     11   0.00    155     11  356.0  356.0  356.0
  131.0  15083  -74.1  -83.1     24   0.00    163     13  355.8  355.8  355.8
  126.0  15306  -75.0  -84.2     23   0.00    165     13  358.2  358.2  358.2
  120.0  15586  -76.0  -85.7     21   0.00    145      3  361.2  361.2  361.2
  114.0  15880  -77.2  -87.2     19   0.00     25      4  364.4  364.4  364.4
  108.0  16189  -78.4  -88.8     17   0.00    305     12  367.8  367.9  367.9
  102.0  16517  -79.7  -90.5     16   0.00    265     16  371.5  371.5  371.5
  100.0  16630  -80.1  -91.1     15   0.00    260     17  372.7  372.7  372.7
   92.0  17093  -83.4  -94.9     12   0.00    245     15  375.2  375.2  375.2
   87.0  17404  -85.6  -97.5     11   0.00    225      3  376.9  376.9  376.9
   85.8  17481  -86.1  -98.1     10   0.00    115      2  377.3  377.3  377.3
   83.0  17664  -82.7  -95.6     10   0.00    135     14  387.9  387.9  387.9
   82.7  17684  -82.3  -95.3     10   0.00    134     14  389.0  389.0  389.0
   78.0  18015  -79.9  -93.8      9   0.00    115     20  400.6  400.6  400.6
   74.0  18313  -77.7  -92.5      8   0.00     25      4  411.3  411.3  411.3
   73.3  18367  -77.3  -92.3      8   0.00     54      5  413.2  413.2  413.2
   70.0  18630  -78.1  -94.1      6   0.00    195     11  417.0  417.0  417.0
   67.8  18813  -79.1  -96.1      5   0.00    173     10  418.6  418.6  418.6
   67.0  18881  -78.8  -97.2      4   0.00    165     10  420.7  420.7  420.7
   66.1  18958  -78.5  -98.5      3   0.00    186      9  423.0  423.0  423.0
   64.7  19082  -72.9  -94.9      2   0.00    218      6  437.8  437.8  437.8
   64.0  19147  -72.5  -95.0      2   0.00    235      5  440.2  440.2  440.2
   60.0  19533  -69.9  -95.7      1   0.00    285     18  454.2  454.2  454.2
   56.3  19913  -67.3  -96.3      1   0.00    259     22  468.3  468.3  468.3
   55.0  20054  -67.5  -97.1      1   0.00    250     24  471.0  471.0  471.0
   52.0  20393  -68.0  -99.0      1   0.00    260     17  477.5  477.5  477.5
   50.1  20618  -68.3 -100.3      0   0.00    255     11  481.9  481.9  481.9
   50.0  20630  -68.5 -100.5      0   0.00    255     11  481.6  481.7  481.6
   47.0  21003  -67.5  -99.5      0   0.00    245      9  492.7  492.7  492.7
   43.0  21540  -66.0  -98.0      0   0.00    250      7  509.0  509.0  509.0
   41.7  21725  -65.5  -97.5      1   0.00    267      9  514.7  514.7  514.7
   39.4  22072  -62.3  -95.3      1   0.00    299     11  531.2  531.2  531.2
   39.0  22135  -62.4  -95.4      1   0.00    305     12  532.5  532.5  532.5
   35.0  22800  -63.6  -96.6      0   0.00    290     12  546.0  546.0  546.0
   33.6  23051  -64.1  -97.1      0   0.00    314      8  551.2  551.2  551.2
   33.0  23161  -63.7  -96.7      0   0.00    325      6  555.1  555.1  555.1
   32.0  23350  -63.0  -96.0      0   0.00     15      1  561.9  561.9  561.9
   31.3  23486  -62.5  -95.5      1   0.00     73      2  566.8  566.8  566.8
   30.0  23750  -58.3  -92.3      1   0.00    185      3  585.1  585.1  585.1
   29.0  23963  -58.7  -91.7      1   0.00    170      6  589.7  589.7  589.7
   28.0  24183  -59.1  -91.0      1   0.00    125      7  594.4  594.4  594.4
   26.0  24648  -60.1  -89.7      1   0.00    140     14  604.5  604.6  604.5
   25.5  24770  -60.3  -89.3      1   0.01    130     18  607.2  607.3  607.2
   24.0  25148  -60.6  -89.7      1   0.01     95     26  616.8  616.9  616.8
   23.8  25200  -60.7  -89.7      1   0.01     96     28  618.1  618.2  618.1
   22.4  25584  -53.9  -88.9      1   0.01    103     41  649.1  649.1  649.1
   22.0  25701  -53.2  -87.9      1   0.01    105     45  654.6  654.7  654.6
   21.0  26002  -51.3  -85.4      1   0.01     90     47  669.0  669.2  669.0
   20.8  26064  -50.9  -84.9      1   0.01     89     48  672.0  672.2  672.0
   20.0  26320  -50.9  -83.9      1   0.02     85     51  679.6  679.8  679.6
   19.1  26619  -52.3  -82.3      2   0.02     89     50  684.3  684.5  684.3
   18.0  27007  -50.0  -80.4      2   0.03     95     49  703.2  703.5  703.2
   17.0  27381  -47.8  -78.7      2   0.05     90     46  721.8  722.3  721.8
   16.6  27537  -46.9  -77.9      2   0.06     86     47  729.7  730.3  729.7
   16.0  27779  -47.5  -77.6      2   0.06     80     49  735.5  736.2  735.6
   13.3  28993  -50.3  -76.3      3   0.09     93     51  765.7  766.7  765.7
   12.0  29668  -48.5  -77.5      2   0.08    100     52  794.9  795.9  795.0
   11.6  29890  -47.9  -77.9      2   0.08                804.8  805.7  804.8
</PRE><H3>Station information and sounding indices</H3><PRE>
                         Station identifier: WIII
                             Station number: 96749
                           Observation time: 210511/0000
                           Station latitude: -6.11
                          Station longitude: 106.65
                          Station elevation: 8.0
                            Showalter index: 10.11
                               Lifted index: -0.76
    LIFT computed using virtual temperature: -1.33
                                SWEAT index: 66.98
                                    K index: 12.90
                         Cross totals index: 6.90
                      Vertical totals index: 23.90
                        Totals totals index: 30.80
      Convective Available Potential Energy: 319.66
             CAPE using virtual temperature: 411.94
                      Convective Inhibition: -88.36
             CINS using virtual temperature: -53.24
                           Equilibrum Level: 202.46
 Equilibrum Level using virtual temperature: 202.27
                   Level of Free Convection: 810.11
             LFCT using virtual temperature: 824.53
                     Bulk Richardson Number: 893.85
          Bulk Richardson Number using CAPV: 1151.87
  Temp [K] of the Lifted Condensation Level: 293.37
Pres [hPa] of the Lifted Condensation Level: 915.82
   Equivalent potential temp [K] of the LCL: 349.74
     Mean mixed layer potential temperature: 300.85
              Mean mixed layer mixing ratio: 16.64
              1000 hPa to 500 hPa thickness: 5803.00
Precipitable water [mm] for entire sounding: 41.47
</PRE>
<P>Description of the 
<A HREF="/upperair/columns.html">data columns</A>
or <A HREF="/upperair/indices.html">sounding indices</A>.

<P>
<FORM>
<INPUT CLASS="button" TYPE="button" VALUE=" Close this window " 
 onClick="window.close();">
<INPUT CLASS="button" TYPE="button" VALUE=" Select another map " 
 onClick="window.blur();">
</FORM>
<HR SIZE="1">
<I>Interested in graduate studies in atmospheric science?
Check out our program at the
<a href="http://www.uwyo.edu/atsc/howtoapply/"
target=_top>University of Wyoming
</a></I>
<HR SIZE="1"><FONT SIZE="-1">
Questions about the weather data provided by this site can be
addressed to <A HREF="mailto:ldoolman@uwyo.edu">
Larry Oolman (ldoolman@uwyo.edu)</A></FONT>
<HR SIZE="1">
<SCRIPT TYPE="text/javascript">
<!--
window.focus();
// -->
</SCRIPT>
</BODY>
</HTML>
