2020-08-20 12
<HTML>
<TITLE>University of Wyoming - Radiosonde Data</TITLE>
<BODY BGCOLOR="white">
<H2>96749 WIII Jakarta Observations at 00Z 20 Aug 2020</H2>
<PRE>
-----------------------------------------------------------------------------
   PRES   HGHT   TEMP   DWPT   RELH   MIXR   DRCT   SKNT   THTA   THTE   THTV
    hPa     m      C      C      %    g/kg    deg   knot     K      K      K 
-----------------------------------------------------------------------------
 1009.0      8   25.8   23.9     89  18.92    200      2  298.2  353.4  301.6
 1000.0     89   26.2   23.6     86  18.74    210      6  299.4  354.3  302.7
  977.0    293   25.2   22.4     84  17.81    148      7  300.3  352.8  303.5
  976.0    302   25.1   22.4     85  17.77    145      7  300.4  352.7  303.5
  943.0    601   22.7   20.6     88  16.48    110     11  300.9  349.5  303.9
  925.0    769   21.4   19.6     89  15.78    105     12  301.2  347.8  304.0
  915.0    864   20.8   19.1     90  15.46    105     11  301.5  347.2  304.3
  850.0   1505   17.0   15.4     90  13.11    105      4  303.9  343.2  306.3
  821.0   1801   15.6   13.1     85  11.65     55      4  305.5  340.6  307.6
  790.0   2129   14.0   10.5     79  10.19     50      4  307.2  338.2  309.0
  765.0   2400   12.7    8.6     76   9.24     45      4  308.6  337.0  310.3
  755.0   2511   12.2    7.8     74   8.87     29      3  309.2  336.6  310.9
  738.0   2702   11.8    4.3     60   7.09      0      1  310.8  333.0  312.1
  730.0   2794   11.6    2.6     54   6.36    311      1  311.5  331.6  312.7
  717.0   2944   12.0   -4.0     32   3.99    231      1  313.6  326.5  314.3
  712.0   3003   11.7   -6.2     28   3.38    200      1  313.9  325.0  314.6
  702.0   3121   11.2  -10.8     20   2.40    163      2  314.6  322.7  315.1
  700.0   3145   11.2  -11.8     19   2.22    155      2  314.9  322.4  315.3
  692.0   3241   10.0   -3.0     40   4.45    130      4  314.6  329.0  315.4
  691.0   3253   10.0   -1.0     46   5.17    127      4  314.7  331.4  315.7
  688.0   3289    9.8   -1.2     46   5.12    118      5  314.9  331.4  315.8
  687.0   3301    9.8   -0.2     50   5.52    115      5  315.0  332.8  316.0
  686.0   3313    9.6   -0.4     50   5.45    114      5  314.9  332.4  315.9
  685.0   3325   10.0   -5.0     34   3.87    113      5  315.5  328.2  316.2
  684.0   3338   10.4  -18.6     11   1.30    111      5  316.1  320.6  316.3
  683.0   3350   10.2   -8.8     25   2.89    110      5  316.0  325.6  316.5
  663.0   3596    8.5  -20.0     11   1.18     85      5  316.7  320.9  316.9
  662.0   3609    8.4  -20.6     11   1.13     85      5  316.8  320.8  317.0
  654.0   3709    8.0  -22.0     10   1.01     85      6  317.4  321.0  317.6
  644.0   3836    6.6   -5.4     42   3.99     86      8  317.2  330.4  318.0
  635.0   3951    6.2   -8.8     33   3.11     86      9  318.1  328.5  318.6
  628.0   4042    5.4   -8.6     36   3.20     86     10  318.1  328.8  318.8
  626.0   4068    5.4   -4.6     49   4.36     87     10  318.4  332.8  319.3
  618.0   4173    4.8   -4.2     52   4.56     87     11  318.9  333.9  319.8
  610.0   4280    4.2   -6.8     45   3.79     87     13  319.4  332.0  320.1
  607.0   4320    3.8   -7.2     44   3.69     87     13  319.4  331.7  320.1
  605.0   4347    3.6   -9.4     38   3.12     87     13  319.5  330.0  320.1
  604.0   4360    4.0  -22.0     13   1.09     88     14  320.1  324.0  320.3
  600.0   4414    4.4  -30.6      6   0.50     88     14  321.2  323.1  321.3
  556.0   5029    0.0  -20.0     21   1.41     90     21  323.0  328.1  323.3
  551.0   5101   -0.6  -18.7     24   1.60     90     22  323.1  328.8  323.4
  533.0   5366   -2.9  -13.9     42   2.46    103     21  323.5  332.0  324.0
  531.0   5396   -3.1  -14.0     43   2.45    105     21  323.6  332.1  324.1
  500.0   5870   -6.1  -16.1     45   2.19     95     22  325.5  333.2  326.0
  486.0   6091   -6.7  -18.7     38   1.81     95     19  327.4  333.9  327.8
  473.0   6301   -8.1  -17.8     46   2.01     95     16  328.3  335.4  328.7
  453.0   6635  -10.3  -16.3     61   2.38     84     17  329.6  338.0  330.1
  446.0   6754  -10.9  -15.9     67   2.50     80     17  330.3  339.1  330.8
  443.0   6806  -10.9  -18.9     52   1.95     78     17  330.9  338.0  331.3
  433.0   6980  -12.1  -17.0     67   2.34     72     18  331.6  339.9  332.1
  421.0   7193  -13.4  -21.9     49   1.59     65     18  332.6  338.4  332.9
  400.0   7580  -15.7  -30.7     26   0.75     60     24  334.5  337.4  334.6
  379.0   7984  -17.9  -31.9     28   0.70     58     25  336.8  339.5  336.9
  358.0   8406  -21.7  -27.7     58   1.10     56     26  337.2  341.4  337.4
  330.0   8999  -26.5  -31.2     64   0.86     53     27  338.6  341.9  338.8
  316.0   9311  -28.3  -36.3     46   0.55     52     28  340.3  342.5  340.4
  300.0   9680  -31.7  -37.7     55   0.50     50     29  340.6  342.6  340.7
  298.0   9728  -32.1  -38.1     55   0.48     51     30  340.7  342.6  340.8
  291.0   9893  -33.4  -39.8     52   0.41     55     33  341.2  342.9  341.3
  256.0  10788  -40.1  -49.1     38   0.17     47     40  344.0  344.7  344.0
  250.0  10950  -41.3                          45     41  344.5         344.5
  204.0  12290  -52.0                          30     45  348.2         348.2
  200.0  12420  -53.1                          35     43  348.5         348.5
  177.0  13196  -57.7                          45     37  353.4         353.4
  174.0  13305  -58.3                          51     35  354.1         354.1
  153.0  14098  -64.9                          95     21  356.1         356.1
  150.0  14220  -65.9                         100     21  356.4         356.4
  132.0  14984  -73.3                         110     16  356.4         356.4
  107.0  16199  -77.8                          70     16  369.9         369.9
  100.0  16590  -79.3                          65     20  374.3         374.3
   96.0  16825  -77.9                          70     22  381.4         381.4
   88.6  17287  -75.1                         109     14  395.8         395.8
   83.0  17667  -75.5                         140      7  402.6         402.6
   78.0  18028  -75.8                         125      9  409.1         409.1
   76.5  18140  -75.9                         111      9  411.1         411.1
   71.8  18511  -73.1                          63     10  424.6         424.6
   71.0  18577  -73.1                          55     10  425.9         425.9
   70.0  18660  -73.1                          70      8  427.7         427.7
   67.0  18916  -73.4                         135     16  432.4         432.4
   64.2  19165  -73.7                         124     18  437.1         437.1
   59.4  19623  -68.3                         105     20  459.0         459.0
   55.2  20064  -66.3                          86     23  473.3         473.3
   55.0  20086  -66.4                          85     23  473.5         473.5
   52.0  20424  -68.1                          85     22  477.2         477.2
   50.1  20648  -65.5                         118      9  488.4         488.4
   50.0  20660  -65.3                         120      8  489.2         489.2
   45.0  21300  -65.5                         165     14  503.8         503.8
   43.6  21492  -65.5                         158     10  508.2         508.2
   43.0  21577  -64.4                         155      8  512.9         512.9
   41.4  21810  -61.5                          79     10  525.7         525.7
   41.0  21870  -61.4                          60     10  527.4         527.4
   39.0  22180  -61.0                           5     15  536.1         536.1
   37.7  22391  -60.7                         342     13  542.0         542.0
   37.0  22508  -59.1                         330     12  549.0         549.0
   35.6  22751  -55.9                         303     19  563.4         563.4
   34.0  23041  -56.8                         270     27  568.5         568.5
   31.0  23623  -58.6                         250     14  578.7         578.7
   30.0  23830  -59.3                         255     14  582.4         582.4
   29.8  23872  -59.5                         255     13  583.0         583.0
   27.0  24495  -56.2                         275     19  608.8         608.8
   26.9  24518  -56.1                         275     19  609.8         609.8
   20.0  26410  -54.9                         285     16  667.4         667.4
   18.0  27085  -54.5                         315     13  689.2         689.2
   17.0  27451  -54.2                         295     23  701.3         701.3
   15.1  28210  -53.7                         310     18  727.2         727.2
   14.3  28560  -53.3                         317     16  739.9         739.9
   14.0  28699  -51.9                         320     15  749.3         749.3
   13.1  29132  -47.3                                     779.4         779.4
   12.0  29712  -46.9                                     800.6         800.6
</PRE><H3>Station information and sounding indices</H3><PRE>
                         Station identifier: WIII
                             Station number: 96749
                           Observation time: 200820/0000
                           Station latitude: -6.11
                          Station longitude: 106.65
                          Station elevation: 8.0
                            Showalter index: -0.49
                               Lifted index: -3.98
    LIFT computed using virtual temperature: -4.71
                                SWEAT index: 214.81
                                    K index: 15.50
                         Cross totals index: 21.50
                      Vertical totals index: 23.10
                        Totals totals index: 44.60
      Convective Available Potential Energy: 1285.05
             CAPE using virtual temperature: 1520.29
                      Convective Inhibition: -5.45
             CINS using virtual temperature: -3.10
                           Equilibrum Level: 182.36
 Equilibrum Level using virtual temperature: 182.28
                   Level of Free Convection: 917.50
             LFCT using virtual temperature: 928.65
                     Bulk Richardson Number: 201.02
          Bulk Richardson Number using CAPV: 237.81
  Temp [K] of the Lifted Condensation Level: 295.12
Pres [hPa] of the Lifted Condensation Level: 944.80
   Equivalent potential temp [K] of the LCL: 352.68
     Mean mixed layer potential temperature: 299.97
              Mean mixed layer mixing ratio: 17.97
              1000 hPa to 500 hPa thickness: 5781.00
Precipitable water [mm] for entire sounding: 47.23
</PRE>
<P>Description of the 
<A HREF="/upperair/columns.html">data columns</A>
or <A HREF="/upperair/indices.html">sounding indices</A>.

<P>
<FORM>
<INPUT CLASS="button" TYPE="button" VALUE=" Close this window " 
 onClick="window.close();">
<INPUT CLASS="button" TYPE="button" VALUE=" Select another map " 
 onClick="window.blur();">
</FORM>
<HR SIZE="1">
<I>Interested in graduate studies in atmospheric science?
Check out our program at the
<a href="http://www.uwyo.edu/atsc/howtoapply/"
target=_top>University of Wyoming
</a></I>
<HR SIZE="1"><FONT SIZE="-1">
Questions about the weather data provided by this site can be
addressed to <A HREF="mailto:ldoolman@uwyo.edu">
Larry Oolman (ldoolman@uwyo.edu)</A></FONT>
<HR SIZE="1">
<SCRIPT TYPE="text/javascript">
<!--
window.focus();
// -->
</SCRIPT>
</BODY>
</HTML>
