2018-12-07 12
<HTML>
<TITLE>University of Wyoming - Radiosonde Data</TITLE>
<BODY BGCOLOR="white">
<H2>96749 WIII Jakarta Observations at 00Z 07 Dec 2018</H2>
<PRE>
-----------------------------------------------------------------------------
   PRES   HGHT   TEMP   DWPT   RELH   MIXR   DRCT   SKNT   THTA   THTE   THTV
    hPa     m      C      C      %    g/kg    deg   knot     K      K      K 
-----------------------------------------------------------------------------
 1008.0      8   24.8   22.4     87  17.25    190      2  297.3  347.4  300.3
 1000.0     77   25.4   20.4     74  15.33    195      5  298.6  343.4  301.3
  986.0    202   26.2   20.2     70  15.36    194      4  300.6  345.8  303.3
  942.0    604   23.6   18.8     75  14.76    190      2  301.9  345.6  304.6
  925.0    764   22.6   18.3     77  14.52    140      1  302.4  345.6  305.0
  910.0    904   21.9   17.4     76  13.96     85      2  303.1  344.7  305.6
  850.0   1490   18.8   13.8     73  11.80     65      7  305.8  341.5  308.0
  849.0   1500   18.8   13.8     73  11.78     65      7  305.9  341.5  308.0
  792.0   2091   15.6   10.7     73  10.33     85      6  308.7  340.3  310.6
  754.0   2510   13.4    8.6     73   9.38     75      8  310.6  339.7  312.4
  737.0   2701   12.4    7.2     71   8.75     70      9  311.6  338.9  313.2
  700.0   3132   10.2    4.2     66   7.44     75     14  313.8  337.3  315.2
  653.0   3709    7.2   -0.8     57   5.56     71     13  316.6  334.6  317.7
  638.0   3898    6.1   -1.2     60   5.53     70     13  317.5  335.5  318.6
  615.0   4197    4.4   -1.8     64   5.47     90     11  318.9  336.7  319.9
  571.0   4801    0.8   -3.1     75   5.36     90      7  321.6  339.3  322.6
  561.0   4945    0.0   -3.4     78   5.34     81      7  322.2  339.9  323.2
  530.0   5397   -2.8   -5.9     79   4.68     50      6  324.1  339.8  325.0
  510.0   5703   -4.7   -7.5     81   4.28     85     10  325.4  339.9  326.2
  500.0   5860   -5.7   -8.4     81   4.08     75     10  326.0  339.9  326.8
  495.0   5939   -6.3   -8.4     85   4.12     69     10  326.2  340.2  327.0
  491.0   6002   -6.6   -9.1     82   3.95     65     10  326.7  340.1  327.4
  483.0   6130   -7.1  -10.4     77   3.61     65     10  327.5  340.0  328.3
  474.0   6277   -7.3  -18.3     41   1.92     66     11  329.1  335.9  329.4
  470.0   6343   -7.5  -22.5     29   1.34     66     11  329.6  334.5  329.9
  466.0   6409   -8.1  -16.1     53   2.35     66     11  329.7  338.0  330.1
  400.0   7580  -14.5  -17.9     75   2.35     70     15  336.1  344.6  336.5
  387.0   7829  -16.5  -19.2     80   2.18     71     15  336.6  344.6  337.1
  381.0   7946  -16.7  -21.5     66   1.81     71     15  337.9  344.6  338.2
  340.0   8788  -22.5  -29.5     53   0.98     74     15  341.1  344.9  341.3
  330.0   9005  -24.3  -28.7     67   1.09     75     15  341.6  345.8  341.8
  318.0   9273  -26.1  -38.1     31   0.45     73     12  342.7  344.6  342.8
  300.0   9690  -29.7  -42.7     27   0.30     70      7  343.4  344.6  343.5
  274.0  10333  -34.7  -47.7     25   0.19     54     11  345.2  346.0  345.2
  268.0  10487  -35.9  -48.2     27   0.18     50     12  345.6  346.4  345.6
  250.0  10970  -39.7  -49.7     34   0.16     35     13  346.9  347.6  346.9
  249.0  10997  -39.9  -48.9     38   0.18     35     13  347.0  347.8  347.0
  214.0  12001  -49.0                          35     18  348.2         348.2
  200.0  12450  -53.1                          45     19  348.5         348.5
  186.0  12902  -57.0                          65     18  349.5         349.5
  161.0  13800  -64.9                          90     15  351.0         351.0
  150.0  14240  -68.7                          90     16  351.6         351.6
  147.0  14360  -70.1                          88     16  351.2         351.2
  132.0  14972  -74.6                          80     17  354.1         354.1
  101.0  16493  -85.9                          65     27  360.5         360.5
  100.0  16550  -86.3                          70     27  360.8         360.8
   91.0  17066  -88.5                          95     25  366.3         366.3
   90.8  17078  -88.5                          95     24  366.5         366.5
   84.5  17469  -89.1                          82     29  372.9         372.9
   81.3  17679  -87.1                          75     31  381.1         381.1
   77.0  17985  -78.3                          65     35  405.3         405.3
   76.6  18014  -77.5                          63     33  407.6         407.6
   73.0  18294  -74.5                          45     14  419.6         419.6
   72.5  18334  -74.1                          55     12  421.3         421.3
   70.0  18540  -74.3                         105      4  425.1         425.1
   69.0  18623  -74.7                         125      5  426.1         426.1
   66.0  18879  -75.8                          70     10  429.1         429.1
   64.1  19047  -76.5                          82     14  431.1         431.1
   59.0  19527  -72.8                         115     25  449.8         449.8
   58.4  19587  -72.3                         111     27  452.2         452.2
   55.1  19926  -73.3                          88     36  457.5         457.5
   54.0  20045  -72.0                          80     39  463.0         463.0
   50.7  20417  -68.1                          88     40  480.7         480.7
   50.0  20500  -67.7                          90     40  483.5         483.5
   46.0  21001  -68.0                          95     33  494.5         494.5
   42.1  21533  -68.3                          95     26  506.4         506.4
   40.0  21846  -66.0                          95     22  519.6         519.6
   38.0  22160  -63.7                          75     17  533.1         533.1
   34.9  22681  -59.9                         109     13  556.2         556.2
   34.0  22844  -60.0                         120     12  560.2         560.2
   33.0  23031  -60.0                         215     10  564.8         564.8
   32.0  23223  -60.1                         173     10  569.6         569.6
   31.0  23422  -57.2                         130      9  582.6         582.6
   30.9  23443  -56.9                         128      9  584.0         584.0
   30.0  23630  -56.3                         110     14  590.6         590.6
   28.0  24068  -54.9                         345      6  606.2         606.2
   27.0  24299  -54.2                         305     22  614.6         614.6
   26.4  24442  -53.7                         295     25  619.9         619.9
   25.0  24789  -54.1                         270     31  628.5         628.5
   24.0  25049  -54.4                         240     19  635.1         635.1
   21.6  25720  -55.1                         240     12  652.3         652.3
   21.0  25899  -54.5                         240     10  659.3         659.3
   20.0  26210  -53.5                         300      8  671.7         671.7
   19.0  26544  -52.5                         300     16  684.6         684.6
   18.0  26895  -51.5                         300     18  698.5         698.5
   16.0  27661  -49.2                         275     26  729.8         729.8
   15.4  27910  -48.5                         281     30  740.2         740.2
   15.0                                       285     32                     
</PRE><H3>Station information and sounding indices</H3><PRE>
                         Station identifier: WIII
                             Station number: 96749
                           Observation time: 181207/0000
                           Station latitude: -6.11
                          Station longitude: 106.65
                          Station elevation: 8.0
                            Showalter index: 0.58
                               Lifted index: -0.93
    LIFT computed using virtual temperature: -1.14
                                SWEAT index: 189.59
                                    K index: 32.30
                         Cross totals index: 19.50
                      Vertical totals index: 24.50
                        Totals totals index: 44.00
      Convective Available Potential Energy: 32.27
             CAPE using virtual temperature: 58.03
                      Convective Inhibition: -197.91
             CINS using virtual temperature: -142.88
                           Equilibrum Level: 456.19
 Equilibrum Level using virtual temperature: 441.05
                   Level of Free Convection: 582.56
             LFCT using virtual temperature: 635.26
                     Bulk Richardson Number: 3.06
          Bulk Richardson Number using CAPV: 5.50
  Temp [K] of the Lifted Condensation Level: 291.99
Pres [hPa] of the Lifted Condensation Level: 907.36
   Equivalent potential temp [K] of the LCL: 345.30
     Mean mixed layer potential temperature: 300.23
              Mean mixed layer mixing ratio: 15.35
              1000 hPa to 500 hPa thickness: 5783.00
Precipitable water [mm] for entire sounding: 53.06
</PRE>
<P>Description of the 
<A HREF="/upperair/columns.html">data columns</A>
or <A HREF="/upperair/indices.html">sounding indices</A>.

<P>
<FORM>
<INPUT CLASS="button" TYPE="button" VALUE=" Close this window " 
 onClick="window.close();">
<INPUT CLASS="button" TYPE="button" VALUE=" Select another map " 
 onClick="window.blur();">
</FORM>
<HR SIZE="1">
<I>Interested in graduate studies in atmospheric science?
Check out our program at the
<a href="http://www.uwyo.edu/atsc/howtoapply/"
target=_top>University of Wyoming
</a></I>
<HR SIZE="1"><FONT SIZE="-1">
Questions about the weather data provided by this site can be
addressed to <A HREF="mailto:ldoolman@uwyo.edu">
Larry Oolman (ldoolman@uwyo.edu)</A></FONT>
<HR SIZE="1">
<SCRIPT TYPE="text/javascript">
<!--
window.focus();
// -->
</SCRIPT>
</BODY>
</HTML>
