2018-10-30 12
<HTML>
<TITLE>University of Wyoming - Radiosonde Data</TITLE>
<BODY BGCOLOR="white">
<H2>96749 WIII Jakarta Observations at 00Z 30 Oct 2018</H2>
<PRE>
-----------------------------------------------------------------------------
   PRES   HGHT   TEMP   DWPT   RELH   MIXR   DRCT   SKNT   THTA   THTE   THTV
    hPa     m      C      C      %    g/kg    deg   knot     K      K      K 
-----------------------------------------------------------------------------
 1009.0      8   25.8   22.8     84  17.67    235      2  298.2  349.7  301.3
 1000.0     87   25.6   22.2     82  17.17    150     11  298.8  349.0  301.8
  986.0    211   26.2   21.3     74  16.47    144     13  300.6  349.1  303.5
  976.0    300   25.6   21.0     76  16.37    140     14  300.8  349.1  303.7
  925.0    770   22.2   19.7     86  15.88    130      9  302.0  349.1  304.9
  880.0   1203   19.5   17.3     87  14.31    120      5  303.5  346.2  306.1
  850.0   1504   17.6   15.6     88  13.29     60      6  304.6  344.4  307.0
  848.0   1524   17.4   15.5     89  13.23     52      6  304.6  344.3  307.0
  821.0   1800   16.4   13.3     82  11.80    295      2  306.4  342.1  308.5
  792.0   2107   15.3   10.8     74  10.36    325      2  308.4  340.1  310.3
  783.0   2204   15.0   10.0     72   9.94    328      2  309.0  339.6  310.9
  738.0   2701   12.0    7.5     74   8.90    345      2  311.1  338.7  312.7
  712.0   3002   10.2    6.0     75   8.31     70      1  312.3  338.3  313.9
  700.0   3145    9.4    5.3     76   8.04     60      2  312.9  338.1  314.4
  695.0   3204    9.2    5.3     77   8.10     54      2  313.3  338.8  314.8
  665.0   3569    7.0    2.0     70   6.69     14      4  314.8  336.1  316.1
  662.0   3606    6.8    1.6     69   6.52     10      4  314.9  335.8  316.2
  651.0   3743    6.0    0.0     65   5.91     16      4  315.6  334.6  316.7
  639.0   3895    5.8   -8.2     36   3.24     23      4  317.0  327.8  317.6
  616.0   4194    4.4   -9.6     35   3.01     36      3  318.8  328.9  319.3
  609.0   4286    4.0  -11.0     33   2.73     40      3  319.3  328.6  319.9
  598.0   4434    2.8   -5.2     56   4.37     47      3  319.6  334.1  320.5
  597.0   4447    3.2  -10.8     35   2.83     48      3  320.2  329.8  320.8
  593.0   4502    3.0  -14.4     27   2.12     50      3  320.6  327.9  321.0
  590.0   4543    2.8  -17.2     21   1.69     32      3  320.9  326.8  321.2
  579.0   4694    2.4  -22.6     14   1.08    324      2  322.1  326.0  322.3
  572.0   4792    1.5  -18.9     20   1.51    280      2  322.1  327.5  322.4
  561.0   4948    0.0  -13.0     37   2.52    320      2  322.2  330.9  322.7
  553.0   5063   -0.7   -9.7     51   3.33    349      1  322.7  334.0  323.4
  550.0   5106   -0.9  -11.0     46   3.02      0      1  322.9  333.2  323.5
  542.0   5222   -1.5  -14.5     36   2.31    334      2  323.6  331.6  324.1
  540.0   5252   -1.3  -20.3     22   1.42    328      2  324.2  329.3  324.5
  533.0   5355   -2.1  -11.1     50   3.09    305      3  324.4  335.0  325.0
  530.0   5400   -2.4  -11.4     50   3.04    295      3  324.6  335.1  325.2
  524.0   5490   -2.9  -11.9     50   2.95    288      3  325.1  335.2  325.6
  518.0   5581   -3.3  -19.3     28   1.61    280      3  325.6  331.4  326.0
  510.0   5704   -3.3  -30.0     11   0.63    270      3  327.1  329.5  327.2
  509.0   5720   -3.3  -31.3      9   0.55    270      3  327.3  329.4  327.4
  504.0   5797   -3.9  -21.9     23   1.32    267      4  327.5  332.3  327.7
  500.0   5860   -4.3  -21.3     25   1.40    265      4  327.7  332.8  328.0
  496.0   5924   -4.9  -24.9     19   1.03    269      4  327.8  331.6  328.0
  484.0   6117   -6.3  -17.3     41   2.04    280      5  328.3  335.6  328.7
  473.0   6297   -7.1  -21.5     31   1.46    290      6  329.5  334.8  329.8
  458.0   6549   -8.3  -27.3     20   0.89    253      8  331.1  334.4  331.2
  455.0   6600   -8.7  -27.7     20   0.87    245      9  331.2  334.5  331.4
  443.0   6808  -10.3  -29.3     19   0.77    248     11  331.7  334.6  331.9
  432.0   7002  -11.1  -20.1     47   1.80    252     12  333.1  339.6  333.4
  424.0   7146  -12.3  -27.3     27   0.97    254     14  333.3  337.0  333.5
  421.0   7200  -12.9  -31.6     19   0.65    255     14  333.2  335.7  333.4
  420.0   7218  -13.1  -33.1     17   0.56    256     14  333.2  335.4  333.3
  416.0   7292  -13.7  -35.7     14   0.44    262     14  333.3  335.1  333.4
  414.0   7328  -14.1  -36.1     14   0.43    265     14  333.3  335.0  333.4
  409.0   7421  -14.7  -21.7     55   1.66    272     15  333.7  339.8  334.0
  405.0   7496  -15.5  -20.5     66   1.86    278     15  333.6  340.3  333.9
  400.0   7590  -15.5  -18.9     75   2.16    285     15  334.8  342.6  335.2
  399.0   7609  -15.5  -18.8     76   2.18    285     15  335.0  342.9  335.4
  389.0   7800  -16.6  -20.3     73   1.97    285     19  336.0  343.2  336.4
  384.0   7897  -17.1  -21.1     71   1.86    288     19  336.6  343.4  337.0
  381.0   7956  -17.5  -22.0     68   1.73    290     19  336.8  343.2  337.2
  380.0   7975  -17.5  -25.5     50   1.27    291     19  337.1  341.9  337.3
  372.0   8134  -18.7  -21.8     77   1.81    296     19  337.5  344.2  337.9
  365.0   8275  -19.9  -21.7     86   1.86    301     19  337.8  344.6  338.1
  359.0   8397  -20.7  -24.4     72   1.48    305     19  338.3  343.8  338.6
  352.0   8543  -21.7  -27.7     58   1.12    301     20  338.9  343.1  339.1
  351.0   8564  -21.7  -30.7     44   0.85    300     20  339.1  342.4  339.3
  347.0   8648  -22.1  -34.1     33   0.62    297     20  339.7  342.1  339.8
  346.0   8669  -22.3  -35.3     30   0.55    297     20  339.7  341.9  339.8
  340.0   8797  -23.7  -28.7     63   1.06    293     21  339.5  343.6  339.7
  339.0   8818  -23.7  -25.8     83   1.39    292     21  339.8  345.0  340.1
  324.0   9147  -25.3  -35.3     39   0.59    282     23  342.0  344.4  342.1
  313.0   9397  -27.3  -41.3     25   0.33    274     24  342.6  344.0  342.7
  300.0   9700  -29.5  -42.5     27   0.30    265     26  343.7  344.9  343.8
  279.0  10206  -33.7  -44.3     34   0.27    260     24  344.8  345.9  344.9
  251.0  10943  -39.9  -46.9     47   0.22    294     26  346.2  347.2  346.3
  250.0  10970  -40.1                         295     26  346.3         346.3
  245.0  11104  -41.2                         300     28  346.7         346.7
  200.0  12450  -52.1                         280     22  350.1         350.1
  195.0  12608  -53.5                         275     21  350.4         350.4
  161.0  13807  -64.0                         305     26  352.4         352.4
  150.0  14250  -67.9                         300     29  352.9         352.9
  143.0  14533  -70.5                         303     26  353.2         353.2
  139.0  14696  -71.4                         305     25  354.5         354.5
  125.0  15305  -74.9                         325     25  359.1         359.1
  113.0  15883  -78.2                         335     22  363.5         363.5
  107.0  16196  -80.0                          10     20  365.8         365.8
  104.0  16359  -80.9                          40     24  367.0         367.0
  100.0  16580  -77.7                          65     25  377.4         377.4
   91.0  17117  -80.7                         130     12  381.8         381.8
   88.0  17308  -81.7                         140     15  383.4         383.4
   87.0  17373  -81.6                         135     15  384.8         384.8
   82.0  17707  -81.1                          90     14  392.4         392.4
   81.7  17728  -81.1                          90     14  392.8         392.8
   78.0  17992  -77.8                          85      9  404.8         404.8
   77.4  18037  -77.3                          92     10  406.8         406.8
   74.0  18297  -76.1                         135     16  414.5         414.5
   70.0  18620  -74.7                         145     20  424.2         424.2
   67.0  18875  -73.2                         105     15  432.9         432.9
   66.1  18954  -72.7                         106     15  435.6         435.6
   63.0  19234  -74.4                         110     15  437.8         437.8
   62.9  19243  -74.5                         109     15  437.9         437.9
   60.9  19430  -74.3                          96     18  442.4         442.4
   60.0  19518  -72.6                          90     19  448.1         448.1
   58.5  19666  -69.7                          90     23  457.8         457.8
   55.4  19990  -69.5                          90     33  465.5         465.5
   54.0  20144  -67.8                          90     37  472.9         472.9
   50.4  20561  -63.1                          72     40  493.2         493.2
   50.0  20610  -62.7                          70     40  495.3         495.3
   49.0  20736  -62.3                          75     40  499.2         499.2
   42.1  21678  -59.1                          84     49  529.1         529.1
   41.0  21843  -59.5                          85     50  532.3         532.3
   35.0  22827  -61.6                          75     21  551.2         551.2
   33.3  23137  -62.3                          86     21  557.4         557.4
   32.0  23384  -60.9                          95     21  567.6         567.6
   31.0  23581  -59.7                                     575.9         575.9
</PRE><H3>Station information and sounding indices</H3><PRE>
                         Station identifier: WIII
                             Station number: 96749
                           Observation time: 181030/0000
                           Station latitude: -6.11
                          Station longitude: 106.65
                          Station elevation: 8.0
                            Showalter index: 0.83
                               Lifted index: -0.90
    LIFT computed using virtual temperature: -1.65
                                SWEAT index: 203.21
                                    K index: 33.40
                         Cross totals index: 19.90
                      Vertical totals index: 21.90
                        Totals totals index: 41.80
      Convective Available Potential Energy: 335.91
             CAPE using virtual temperature: 485.78
                      Convective Inhibition: -48.84
             CINS using virtual temperature: -30.74
                           Equilibrum Level: 232.87
 Equilibrum Level using virtual temperature: 233.21
                   Level of Free Convection: 747.41
             LFCT using virtual temperature: 853.18
                     Bulk Richardson Number: 25.09
          Bulk Richardson Number using CAPV: 36.29
  Temp [K] of the Lifted Condensation Level: 293.54
Pres [hPa] of the Lifted Condensation Level: 924.36
   Equivalent potential temp [K] of the LCL: 349.03
     Mean mixed layer potential temperature: 300.22
              Mean mixed layer mixing ratio: 16.62
              1000 hPa to 500 hPa thickness: 5773.00
Precipitable water [mm] for entire sounding: 50.87
</PRE>
<P>Description of the 
<A HREF="/upperair/columns.html">data columns</A>
or <A HREF="/upperair/indices.html">sounding indices</A>.

<P>
<FORM>
<INPUT CLASS="button" TYPE="button" VALUE=" Close this window " 
 onClick="window.close();">
<INPUT CLASS="button" TYPE="button" VALUE=" Select another map " 
 onClick="window.blur();">
</FORM>
<HR SIZE="1">
<I>Interested in graduate studies in atmospheric science?
Check out our program at the
<a href="http://www.uwyo.edu/atsc/howtoapply/"
target=_top>University of Wyoming
</a></I>
<HR SIZE="1"><FONT SIZE="-1">
Questions about the weather data provided by this site can be
addressed to <A HREF="mailto:ldoolman@uwyo.edu">
Larry Oolman (ldoolman@uwyo.edu)</A></FONT>
<HR SIZE="1">
<SCRIPT TYPE="text/javascript">
<!--
window.focus();
// -->
</SCRIPT>
</BODY>
</HTML>
