2016-08-06 12
<HTML>
<TITLE>University of Wyoming - Radiosonde Data</TITLE>
<BODY BGCOLOR="white">
<H2>96749 WIII Jakarta Observations at 00Z 06 Aug 2016</H2>
<PRE>
-----------------------------------------------------------------------------
   PRES   HGHT   TEMP   DWPT   RELH   MIXR   DRCT   SKNT   THTA   THTE   THTV
    hPa     m      C      C      %    g/kg    deg   knot     K      K      K 
-----------------------------------------------------------------------------
 1011.0      8   23.4   21.8     91  16.56    230      4  295.6  343.4  298.6
 1010.0     17   24.2   21.1     83  15.86    229      4  296.5  342.4  299.3
 1000.0    103   24.8   20.2     76  15.14    220      5  297.9  342.1  300.6
  999.0    112   25.0   20.3     75  15.25    220      5  298.2  342.7  301.0
  988.0    209   25.4   19.4     69  14.57    222      6  299.6  342.4  302.2
  925.0    787   22.6   14.6     61  11.42    235     10  302.4  336.5  304.5
  913.0    900   21.8   14.1     62  11.22    240      9  302.7  336.2  304.7
  882.0   1199   19.6   12.9     65  10.71    265      8  303.4  335.6  305.4
  860.0   1418   18.0   12.0     68  10.34    258      7  304.0  335.1  305.9
  850.0   1518   17.2   10.2     63   9.27    255      7  304.1  332.1  305.9
  843.0   1588   17.2    7.2     52   7.61    255      8  304.9  328.1  306.3
  822.0   1802   15.7    8.0     60   8.24    255     11  305.5  330.7  307.1
  806.0   1969   14.6    8.6     67   8.77    257     12  306.0  332.8  307.7
  772.0   2331   13.8    5.8     58   7.54    262     13  309.0  332.4  310.4
  766.0   2397   14.4   -5.6     25   3.30    262     13  310.3  321.0  310.9
  727.0   2833   10.8    0.8     50   5.61    268     14  311.0  328.8  312.1
  713.0   2995   10.2   -2.9     40   4.35    270     15  312.1  326.1  312.9
  700.0   3147    9.6   -6.4     32   3.40    265     12  313.1  324.2  313.7
  679.0   3399    8.4  -16.6     15   1.55    262     11  314.5  319.8  314.8
  663.0   3596    7.8  -19.7     12   1.22    260     11  315.9  320.2  316.1
  622.0   4121    6.0  -28.0      7   0.62    329      8  319.7  322.0  319.8
  616.0   4200    5.3  -22.0     12   1.07    340      8  319.8  323.6  320.0
  600.0   4415    3.4   -5.6     52   4.22      2      8  320.0  334.0  320.8
  594.0   4496    2.8   -5.8     53   4.18     10      8  320.2  334.1  321.0
  572.0   4801    0.5   -6.8     58   4.04      5      6  321.0  334.5  321.8
  567.0   4872    0.0   -7.0     59   4.01     20      6  321.2  334.6  322.0
  551.0   5100   -1.4   -9.2     55   3.46     70      4  322.2  333.9  322.9
  531.0   5394   -3.1  -12.2     50   2.85     90      6  323.5  333.3  324.1
  514.0   5653   -4.7  -14.7     46   2.39     90      8  324.7  333.0  325.1
  502.0   5839   -6.3  -13.3     58   2.75     90     10  324.9  334.4  325.5
  500.0   5870   -6.5  -12.5     62   2.94     90     10  325.1  335.2  325.6
  494.0   5964   -6.7  -17.7     41   1.94     92     10  325.9  332.8  326.3
  473.0   6301   -9.2  -18.2     48   1.94    100     11  326.9  333.8  327.3
  462.0   6484  -10.5  -18.5     52   1.94     94     12  327.5  334.4  327.9
  455.0   6601  -11.1  -17.9     57   2.07     90     13  328.1  335.5  328.5
  436.0   6928  -12.9  -16.2     76   2.49     54     10  329.9  338.7  330.4
  421.0   7193  -14.6  -17.7     78   2.28     25      8  331.0  339.2  331.5
  400.0   7580  -17.1  -19.8     80   2.00     50     12  332.7  339.9  333.1
  388.0   7806  -18.7  -21.8     76   1.73     65     12  333.5  339.8  333.9
  369.0   8179  -21.3  -25.2     71   1.35     71     15  334.9  339.9  335.1
  341.0   8755  -26.5  -28.2     86   1.11     81     20  335.4  339.6  335.6
  330.0   8990  -28.0  -32.5     65   0.76     85     22  336.5  339.4  336.6
  328.0   9034  -28.3  -33.3     62   0.71     85     23  336.7  339.4  336.8
  326.0   9078  -28.1  -38.1     38   0.44     86     23  337.6  339.3  337.6
  317.0   9278  -28.5  -45.5     18   0.21     87     26  339.7  340.6  339.8
  300.0   9670  -31.3  -51.3     12   0.11     90     32  341.1  341.6  341.2
  266.0  10509  -37.5  -56.1     13   0.07     90     38  344.0  344.3  344.0
  253.0  10858  -40.1  -58.1     13   0.06     82     41  345.1  345.4  345.1
  250.0  10940  -40.7                          80     42  345.4         345.4
  200.0  12410  -53.5                          65     53  347.9         347.9
  177.0  13177  -60.2                          60     50  349.3         349.3
  169.0  13468  -62.7                          65     53  349.8         349.8
  152.0  14110  -68.0                          75     59  351.4         351.4
  150.0  14190  -68.7                          75     60  351.6         351.6
  131.0  14983  -72.6                          70     66  358.4         358.4
  118.0  15594  -75.7                          95     35  363.7         363.7
  110.0  16005  -77.7                         100     36  367.2         367.2
  100.0  16550  -77.9                         100     19  377.0         377.0
   96.0  16787  -76.5                         105     17  384.1         384.1
   91.0  17097  -74.7                          80     16  393.7         393.7
   86.0  17424  -72.7                          77      9  404.1         404.1
   82.0  17703  -73.0                          75      4  409.0         409.0
   78.0  17996  -73.3                         135      6  414.3         414.3
   74.0  18304  -73.6                          90     10  419.9         419.9
   72.8  18400  -73.7                          89      9  421.6         421.6
   70.0  18630  -71.9                          85      6  430.2         430.2
   69.5  18672  -71.3                          84      7  432.4         432.4
   67.0  18888  -72.7                          80     10  433.9         433.9
   66.3  18949  -73.1                          88     12  434.4         434.4
   64.0  19160  -71.9                         115     20  441.5         441.5
   58.0  19748  -68.4                          80     25  461.9         461.9
   52.5  20343  -64.9                          90     31  483.3         483.3
   50.0  20640  -64.5                          95     34  491.1         491.1
   46.5  21080  -65.3                          88     26  499.4         499.4
   45.0  21283  -63.8                          85     23  507.8         507.8
   43.0  21563  -61.7                          20     10  519.5         519.5
   41.0  21857  -59.5                         355      8  532.0         532.0
   39.2  22134  -57.5                         315     13  544.1         544.1
   39.0  22166  -57.5                         310     14  544.8         544.8
   35.0  22844  -58.0                         295     23  560.6         560.6
   34.0  23026  -58.2                         305     17  564.9         564.9
   30.6  23686  -58.7                         271     24  580.7         580.7
   30.0  23810  -58.3                         265     25  585.1         585.1
   29.0  24025  -57.5                         255     21  593.1         593.1
   25.1  24943  -53.9                         268     25  628.3         628.3
   21.0  26087  -53.9                         285     31  661.2         661.2
   20.0  26400  -53.9                         280     32  670.4         670.4
   19.0  26731  -51.9                                     686.5         686.5
</PRE><H3>Station information and sounding indices</H3><PRE>
                         Station identifier: WIII
                             Station number: 96749
                           Observation time: 160806/0000
                           Station latitude: -6.11
                          Station longitude: 106.65
                          Station elevation: 8.0
                            Showalter index: 3.82
                               Lifted index: -0.14
    LIFT computed using virtual temperature: -0.44
                                SWEAT index: 146.39
                                    K index: 17.90
                         Cross totals index: 16.70
                      Vertical totals index: 23.70
                        Totals totals index: 40.40
      Convective Available Potential Energy: 13.83
             CAPE using virtual temperature: 29.03
                      Convective Inhibition: -322.99
             CINS using virtual temperature: -186.92
                           Equilibrum Level: 327.47
 Equilibrum Level using virtual temperature: 327.19
                   Level of Free Convection: 504.34
             LFCT using virtual temperature: 517.58
                     Bulk Richardson Number: 6.57
          Bulk Richardson Number using CAPV: 13.79
  Temp [K] of the Lifted Condensation Level: 290.84
Pres [hPa] of the Lifted Condensation Level: 903.96
   Equivalent potential temp [K] of the LCL: 341.25
     Mean mixed layer potential temperature: 299.37
              Mean mixed layer mixing ratio: 14.34
              1000 hPa to 500 hPa thickness: 5767.00
Precipitable water [mm] for entire sounding: 38.36
</PRE>
<P>Description of the 
<A HREF="/upperair/columns.html">data columns</A>
or <A HREF="/upperair/indices.html">sounding indices</A>.

<P>
<FORM>
<INPUT CLASS="button" TYPE="button" VALUE=" Close this window " 
 onClick="window.close();">
<INPUT CLASS="button" TYPE="button" VALUE=" Select another map " 
 onClick="window.blur();">
</FORM>
<HR SIZE="1">
<I>Interested in graduate studies in atmospheric science?
Check out our program at the
<a href="http://www.uwyo.edu/atsc/howtoapply/"
target=_top>University of Wyoming
</a></I>
<HR SIZE="1"><FONT SIZE="-1">
Questions about the weather data provided by this site can be
addressed to <A HREF="mailto:ldoolman@uwyo.edu">
Larry Oolman (ldoolman@uwyo.edu)</A></FONT>
<HR SIZE="1">
<SCRIPT TYPE="text/javascript">
<!--
window.focus();
// -->
</SCRIPT>
</BODY>
</HTML>
