2018-01-08 00
<HTML>
<TITLE>University of Wyoming - Radiosonde Data</TITLE>
<BODY BGCOLOR="white">
<H2>96749 WIII Jakarta Observations at 00Z 08 Jan 2018</H2>
<PRE>
-----------------------------------------------------------------------------
   PRES   HGHT   TEMP   DWPT   RELH   MIXR   DRCT   SKNT   THTA   THTE   THTV
    hPa     m      C      C      %    g/kg    deg   knot     K      K      K 
-----------------------------------------------------------------------------
 1009.0      8   25.2   22.8     87  17.67    230      4  297.6  349.0  300.7
 1000.0     83   25.4   22.5     84  17.50    260      4  298.6  349.7  301.7
  990.0    172   25.4   23.1     87  18.36    268      6  299.4  353.2  302.7
  976.0    297   24.6   22.0     85  17.40    280      9  299.9  351.0  303.0
  925.0    768   21.8   17.9     79  14.15    270     14  301.6  343.5  304.1
  911.0    900   21.1   17.4     79  13.88    275     17  302.2  343.4  304.7
  850.0   1501   17.8   14.9     83  12.69    310     12  304.8  342.9  307.1
  821.0   1797   15.7   13.5     87  11.98    315     15  305.6  341.8  307.8
  817.0   1839   15.4   13.3     87  11.89    315     15  305.7  341.6  307.9
  793.0   2092   15.0    9.0     67   9.16    315     14  307.9  336.0  309.6
  765.0   2394   13.4    7.9     69   8.83    315     13  309.4  336.7  311.0
  738.0   2695   11.9    6.9     71   8.51    355     10  310.9  337.4  312.5
  712.0   2996   10.3    5.8     73   8.19     30     14  312.4  338.0  313.9
  700.0   3139    9.6    5.3     75   8.04     35     13  313.1  338.4  314.6
  662.0   3602    7.8    3.6     75   7.56     10      7  316.0  340.1  317.5
  659.0   3639    7.6    3.5     75   7.52      8      7  316.3  340.3  317.7
  638.0   3903    5.9    2.4     78   7.20    350      5  317.3  340.4  318.7
  615.0   4202    4.0    1.2     82   6.84    350      5  318.4  340.5  319.7
  593.0   4498    2.1    0.0     86   6.50    305      4  319.5  340.7  320.8
  571.0   4806    0.1   -1.2     91   6.16    300      5  320.7  340.8  321.9
  570.0   4820    0.0   -1.3     91   6.14    303      5  320.7  340.8  321.9
  550.0   5104   -1.6   -2.8     91   5.68     10      6  322.1  340.9  323.2
  530.0   5398   -3.3   -4.4     92   5.24    355      3  323.6  341.0  324.6
  510.0   5703   -5.0   -6.0     92   4.80    285      2  325.0  341.2  326.0
  500.0   5860   -5.9   -6.9     93   4.59    120      3  325.8  341.3  326.7
  493.0   5970   -6.7   -7.5     94   4.44    108      6  326.1  341.2  327.0
  491.0   6002   -6.8   -7.8     93   4.37    105      7  326.4  341.2  327.2
  483.0   6130   -7.3   -8.8     89   4.09    105      7  327.3  341.3  328.1
  456.0   6574  -10.9  -11.7     94   3.44    103      8  328.2  340.1  328.9
  433.0   6970  -13.7  -13.8     99   3.06    102      8  329.5  340.2  330.2
  421.0   7183  -13.5  -15.9     82   2.64    101      9  332.5  341.9  333.0
  404.0   7495  -15.1  -18.2     77   2.26    100      9  334.3  342.5  334.8
  400.0   7570  -15.5  -18.8     76   2.18    100      8  334.8  342.7  335.2
  358.0   8400  -20.4  -25.8     62   1.32      5      4  338.9  343.9  339.2
  345.0   8676  -22.1  -28.1     58   1.10    356      7  340.3  344.5  340.5
  344.0   8697  -22.3  -28.3     58   1.09    355      7  340.3  344.5  340.5
  330.0   8999  -24.8  -30.8     57   0.90     15      4  340.9  344.4  341.1
  317.0   9290  -27.2  -33.2     57   0.74     60      5  341.5  344.4  341.7
  300.0   9690  -30.5  -36.5     56   0.56     85     11  342.3  344.5  342.4
  279.0  10192  -34.5  -41.8     48   0.35    100     15  343.7  345.1  343.8
  253.0  10869  -39.9  -48.9     38   0.18     96     18  345.4  346.2  345.5
  250.0  10950  -40.5                          95     18  345.7         345.7
  245.0  11083  -41.7                         100     18  346.0         346.0
  200.0  12420  -53.5                         115     25  347.9         347.9
  177.0  13181  -60.0                         110     31  349.6         349.6
  152.0  14130  -68.1                          96     40  351.2         351.2
  150.0  14210  -68.7                          95     41  351.6         351.6
  126.0  15228  -77.1                          86     51  354.3         354.3
  112.0  15891  -79.8                          80     57  361.3         361.3
  101.0  16474  -82.3                          80     60  367.5         367.5
  100.0  16530  -82.5                          80     59  368.1         368.1
   95.5  16790  -78.9                          78     41  380.0         380.0
   91.0  17067  -77.8                          75     23  387.5         387.5
   90.7  17086  -77.7                          78     23  388.0         388.0
   81.0  17726  -82.1                         165     15  391.7         391.7
   79.0  17868  -83.1                         157     14  392.5         392.5
   70.0  18560  -73.9                         120     12  426.0         426.0
   68.8  18661  -72.5                         120     10  431.1         431.1
   66.0  18905  -72.5                         120      4  436.1         436.1
   63.0  19178  -72.6                         295     17  441.9         441.9
   57.0  19765  -72.7                         250      9  454.5         454.5
   55.2  19954  -72.7                         330      8  458.6         458.6
   54.0  20084  -71.7                          25      8  463.7         463.7
   51.0  20422  -69.2                          65     18  477.2         477.2
   50.6  20469  -68.9                          67     19  479.1         479.1
   50.0  20540  -69.1                          70     20  480.2         480.2
   47.7  20820  -71.1                          74     20  482.0         482.0
   44.0  21300  -69.6                          80     19  496.9         496.9
   42.0  21577  -68.7                          75     28  505.8         505.8
   40.0  21874  -66.7                         100     31  517.9         517.9
   35.3  22636  -61.5                         100     55  550.2         550.2
   34.0  22868  -61.4                         100     62  556.5         556.5
   33.4  22978  -61.3                          99     61  559.5         559.5
   32.0  23246  -58.5                          98     58  573.9         573.9
   30.4  23567  -59.7                          96     54  579.1         579.1
   30.0  23650  -59.5                          95     53  581.9         581.9
   28.7  23928  -57.3                          95     55  595.3         595.3
   26.5  24430  -58.1                          95     57  606.8         606.8
   26.0  24551  -57.7                          95     58  611.2         611.2
   22.7  25411  -54.9                          95     62  643.7         643.7
   21.6  25730  -51.5                          95     64  663.0         663.0
   20.0  26230  -50.3                          95     66  681.5         681.5
   17.7  27024  -51.9                          92     70  700.6         700.6
   15.3  27975  -48.5                          87     74  741.6         741.6
   14.0  28561  -47.5                          85     77  764.1         764.1
   13.5  28801  -47.0                          85     77  773.6         773.6
   13.1  29000  -46.7                                     781.4         781.4
</PRE><H3>Station information and sounding indices</H3><PRE>
                         Station identifier: WIII
                             Station number: 96749
                           Observation time: 180108/0000
                           Station latitude: -6.11
                          Station longitude: 106.65
                          Station elevation: 8.0
                            Showalter index: -0.18
                               Lifted index: -2.93
    LIFT computed using virtual temperature: -3.20
                                SWEAT index: 205.80
                                    K index: 34.30
                         Cross totals index: 20.80
                      Vertical totals index: 23.70
                        Totals totals index: 44.50
      Convective Available Potential Energy: 793.33
             CAPE using virtual temperature: 902.83
                      Convective Inhibition: -26.04
             CINS using virtual temperature: -12.97
                           Equilibrum Level: 171.35
 Equilibrum Level using virtual temperature: 170.60
                   Level of Free Convection: 845.92
             LFCT using virtual temperature: 875.13
                     Bulk Richardson Number: 195.83
          Bulk Richardson Number using CAPV: 222.86
  Temp [K] of the Lifted Condensation Level: 294.51
Pres [hPa] of the Lifted Condensation Level: 942.75
   Equivalent potential temp [K] of the LCL: 350.24
     Mean mixed layer potential temperature: 299.52
              Mean mixed layer mixing ratio: 17.33
              1000 hPa to 500 hPa thickness: 5777.00
Precipitable water [mm] for entire sounding: 57.49
</PRE>
<P>Description of the 
<A HREF="/upperair/columns.html">data columns</A>
or <A HREF="/upperair/indices.html">sounding indices</A>.

<P>
<FORM>
<INPUT CLASS="button" TYPE="button" VALUE=" Close this window " 
 onClick="window.close();">
<INPUT CLASS="button" TYPE="button" VALUE=" Select another map " 
 onClick="window.blur();">
</FORM>
<HR SIZE="1">
<I>Interested in graduate studies in atmospheric science?
Check out our program at the
<a href="http://www.uwyo.edu/atsc/howtoapply/"
target=_top>University of Wyoming
</a></I>
<HR SIZE="1"><FONT SIZE="-1">
Questions about the weather data provided by this site can be
addressed to <A HREF="mailto:ldoolman@uwyo.edu">
Larry Oolman (ldoolman@uwyo.edu)</A></FONT>
<HR SIZE="1">
<SCRIPT TYPE="text/javascript">
<!--
window.focus();
// -->
</SCRIPT>
</BODY>
</HTML>
