2017-09-29 00
<HTML>
<TITLE>University of Wyoming - Radiosonde Data</TITLE>
<BODY BGCOLOR="white">
<H2>96749 WIII Jakarta Observations at 00Z 29 Sep 2017</H2>
<PRE>
-----------------------------------------------------------------------------
   PRES   HGHT   TEMP   DWPT   RELH   MIXR   DRCT   SKNT   THTA   THTE   THTV
    hPa     m      C      C      %    g/kg    deg   knot     K      K      K 
-----------------------------------------------------------------------------
 1010.0      8   25.2   24.1     94  19.14    220      7  297.5  353.2  300.9
 1000.0     97   26.0   23.3     85  18.39    135      5  299.1  353.1  302.4
  978.0    294   24.9   21.6     82  16.88    105      8  300.0  349.6  303.0
  925.0    789   22.2   17.2     73  13.53     95     11  302.0  342.2  304.4
  899.0   1035   20.4   18.4     88  15.05     95      9  302.6  347.3  305.3
  882.0   1198   19.6   17.2     86  14.24     95      7  303.4  345.9  306.0
  852.0   1495   18.1   15.1     83  12.86     60      5  304.9  343.6  307.2
  850.0   1515   18.0   15.0     83  12.77     55      5  305.0  343.4  307.3
  822.0   1800   16.7   12.6     77  11.29     40      3  306.5  340.8  308.6
  794.0   2095   15.3   10.2     71   9.91    330      3  308.1  338.5  310.0
  766.0   2400   13.9    7.6     66   8.63    290      8  309.8  336.5  311.4
  726.0   2856   11.8    3.8     58   6.97    284      5  312.2  334.2  313.6
  700.0   3162   10.2    3.2     62   6.93    280      3  313.8  335.7  315.1
  664.0   3599    7.4    2.2     69   6.78    275      3  315.3  337.0  316.6
  652.0   3750    6.4    1.8     72   6.73    196      2  315.9  337.4  317.2
  640.0   3900    5.5    0.6     70   6.26    115      1  316.5  336.7  317.7
  617.0   4197    3.7   -1.9     67   5.42     50      3  317.8  335.4  318.9
  594.0   4506    1.9   -4.5     63   4.65     90      7  319.1  334.4  320.0
  573.0   4798    0.1   -6.9     59   4.00    100      9  320.4  333.7  321.1
  572.0   4812    0.0   -7.0     59   3.98     99      9  320.4  333.7  321.2
  562.0   4953   -0.9   -7.9     59   3.77     94     10  321.0  333.6  321.7
  557.0   5025   -0.5  -14.5     34   2.24     91     10  322.3  330.0  322.7
  531.0   5404   -2.6  -14.6     39   2.33     75     13  324.2  332.3  324.6
  506.0   5786   -4.7  -14.7     46   2.43    115     15  326.1  334.6  326.6
  500.0   5880   -5.3  -12.3     58   2.99    125     16  326.5  336.9  327.1
  497.0   5927   -5.7  -10.7     68   3.42    129     16  326.6  338.4  327.3
  494.0   5975   -5.7  -13.7     53   2.70    132     16  327.1  336.6  327.7
  492.0   6007   -5.9  -13.6     54   2.74    135     16  327.3  336.9  327.9
  487.0   6087   -6.3  -13.3     58   2.83    130     15  327.8  337.6  328.3
  482.0   6167   -6.5  -15.5     49   2.39    126     15  328.5  336.9  328.9
  478.0   6233   -6.5  -23.5     25   1.21    122     14  329.3  333.7  329.5
  467.0   6414   -7.7  -21.7     32   1.45    111     13  330.0  335.3  330.2
  463.0   6481   -8.3  -17.3     48   2.14    107     13  330.0  337.7  330.4
  456.0   6599   -8.8  -18.5     45   1.95    100     12  330.9  337.9  331.3
  454.0   6633   -8.9  -18.9     44   1.90    100     12  331.1  338.0  331.5
  453.0   6650   -9.1  -18.1     48   2.04    100     12  331.1  338.4  331.5
  452.0   6667   -9.1  -23.1     31   1.33    100     12  331.3  336.2  331.6
  441.0   6858  -10.9  -16.9     61   2.32    101     14  331.4  339.7  331.8
  421.0   7213  -13.7  -16.4     80   2.54    103     16  332.2  341.2  332.7
  413.0   7358  -14.9  -17.7     79   2.32    104     17  332.5  340.8  332.9
  405.0   7506  -15.6  -22.9     54   1.50    105     18  333.4  338.9  333.7
  402.0   7562  -15.9  -24.9     46   1.27    105     19  333.8  338.5  334.0
  400.0   7600  -16.1  -26.1     42   1.14    105     19  334.0  338.3  334.2
  381.0   7965  -17.9  -35.9     19   0.47    102     21  336.3  338.1  336.4
  352.0   8552  -21.1  -44.1     11   0.22     97     24  339.7  340.6  339.7
  343.0   8742  -22.5  -37.5     24   0.45     95     25  340.3  342.1  340.4
  340.0   8807  -23.1  -36.1     29   0.52     94     25  340.3  342.4  340.4
  338.0   8850  -23.3  -39.3     22   0.38     94     26  340.6  342.2  340.7
  318.0   9290  -26.6  -43.6     18   0.25     90     28  342.1  343.1  342.1
  300.0   9710  -29.7  -47.7     16   0.17     95     28  343.4  344.1  343.4
  280.0  10194  -33.3  -52.1     13   0.11     80     22  345.0  345.5  345.0
  250.0  10990  -39.3  -59.3     10   0.05     75     19  347.5  347.7  347.5
  248.0  11045  -39.7  -59.7     10   0.05     73     20  347.7  347.9  347.7
  246.0  11098  -40.2                          70     20  347.8         347.8
  215.0  11991  -48.6                         100     23  348.4         348.4
  200.0  12470  -53.1                          90     22  348.5         348.5
  166.0  13644  -63.7                          77     31  349.9         349.9
  162.0  13792  -64.9                          75     32  350.4         350.4
  150.0  14260  -68.5                          65     39  351.9         351.9
  132.0  14994  -73.6                          70     40  355.9         355.9
  113.0  15887  -79.8                          85     29  360.6         360.6
  107.0  16200  -81.9                          80     32  362.1         362.1
  106.0  16254  -82.3                          75     30  362.4         362.4
  102.0  16469  -79.9                          50     16  371.0         371.0
  100.0  16580  -78.7                          20      9  375.4         375.4
   96.0  16812  -79.4                         290     10  378.4         378.4
   91.0  17117  -80.4                         255     15  382.3         382.3
   89.4  17218  -80.7                         253     15  383.6         383.6
   87.0  17375  -79.5                         250     15  389.1         389.1
   78.0  18006  -74.4                         295     15  411.9         411.9
   75.1  18225  -72.7                         302     17  420.0         420.0
   70.0  18640  -72.9                         315     22  428.1         428.1
   64.2  19147  -72.5                         291     25  439.7         439.7
   64.0  19165  -72.5                         290     25  440.1         440.1
   61.3  19418  -72.1                         267     29  446.4         446.4
   60.0  19545  -69.5                         255     31  455.0         455.0
   59.7  19575  -68.9                         254     31  457.0         457.0
   55.0  20063  -69.7                         240     25  465.9         465.9
   52.9  20294  -70.1                         250     25  470.2         470.2
   50.0  20630  -68.7                         265     24  481.2         481.2
   49.0  20751  -68.8                         265     27  483.8         483.8
   45.0  21260  -69.0                         225     22  495.1         495.1
   43.8  21422  -69.1                         200     21  498.8         498.8
   39.8  22000  -64.3                         113     15  524.6         524.6
   39.0  22125  -63.6                          95     14  529.4         529.4
   36.0  22619  -60.9                                     548.7         548.7
   33.0  23158  -62.1                                     559.3         559.3
</PRE><H3>Station information and sounding indices</H3><PRE>
                         Station identifier: WIII
                             Station number: 96749
                           Observation time: 170929/0000
                           Station latitude: -6.11
                          Station longitude: 106.65
                          Station elevation: 8.0
                            Showalter index: 0.23
                               Lifted index: -2.25
    LIFT computed using virtual temperature: -2.77
                                SWEAT index: 205.99
                                    K index: 31.30
                         Cross totals index: 20.30
                      Vertical totals index: 23.30
                        Totals totals index: 43.60
      Convective Available Potential Energy: 541.99
             CAPE using virtual temperature: 701.69
                      Convective Inhibition: -39.68
             CINS using virtual temperature: -20.54
                           Equilibrum Level: 168.91
 Equilibrum Level using virtual temperature: 168.10
                   Level of Free Convection: 744.17
             LFCT using virtual temperature: 853.33
                     Bulk Richardson Number: 369.81
          Bulk Richardson Number using CAPV: 478.78
  Temp [K] of the Lifted Condensation Level: 294.30
Pres [hPa] of the Lifted Condensation Level: 938.60
   Equivalent potential temp [K] of the LCL: 350.01
     Mean mixed layer potential temperature: 299.69
              Mean mixed layer mixing ratio: 17.20
              1000 hPa to 500 hPa thickness: 5783.00
Precipitable water [mm] for entire sounding: 51.17
</PRE>
<P>Description of the 
<A HREF="/upperair/columns.html">data columns</A>
or <A HREF="/upperair/indices.html">sounding indices</A>.

<P>
<FORM>
<INPUT CLASS="button" TYPE="button" VALUE=" Close this window " 
 onClick="window.close();">
<INPUT CLASS="button" TYPE="button" VALUE=" Select another map " 
 onClick="window.blur();">
</FORM>
<HR SIZE="1">
<I>Interested in graduate studies in atmospheric science?
Check out our program at the
<a href="http://www.uwyo.edu/atsc/howtoapply/"
target=_top>University of Wyoming
</a></I>
<HR SIZE="1"><FONT SIZE="-1">
Questions about the weather data provided by this site can be
addressed to <A HREF="mailto:ldoolman@uwyo.edu">
Larry Oolman (ldoolman@uwyo.edu)</A></FONT>
<HR SIZE="1">
<SCRIPT TYPE="text/javascript">
<!--
window.focus();
// -->
</SCRIPT>
</BODY>
</HTML>
