2019-11-03 12
<HTML>
<TITLE>University of Wyoming - Radiosonde Data</TITLE>
<BODY BGCOLOR="white">
<H2>96749 WIII Jakarta Observations at 00Z 03 Nov 2019</H2>
<PRE>
-----------------------------------------------------------------------------
   PRES   HGHT   TEMP   DWPT   RELH   MIXR   DRCT   SKNT   THTA   THTE   THTV
    hPa     m      C      C      %    g/kg    deg   knot     K      K      K 
-----------------------------------------------------------------------------
 1011.0      8   24.6   21.1     81  15.85    200      3  296.8  342.8  299.6
 1001.0     99   24.0   19.0     74  14.01    200      6  297.1  337.8  299.6
 1000.0    108   24.2   19.2     74  14.21    200      6  297.4  338.7  299.9
  978.0    303   24.9   18.5     68  13.93    185      8  299.9  340.9  302.4
  967.0    402   25.2   18.2     65  13.79    152      6  301.2  342.0  303.7
  945.0    603   23.3   18.9     76  14.74     85      3  301.3  344.9  303.9
  928.0    761   21.8   19.4     86  15.53     72      5  301.3  347.2  304.1
  925.0    789   21.6   19.3     87  15.48     70      5  301.4  347.2  304.2
  882.0   1200   19.7   16.2     80  13.31     95      6  303.5  343.3  306.0
  852.0   1499   18.3   13.9     76  11.89    140      5  305.1  340.9  307.3
  850.0   1519   18.2   13.8     75  11.80    150      5  305.2  340.8  307.4
  823.0   1795   16.7   10.8     68   9.99    245      3  306.4  336.9  308.3
  821.0   1816   16.6   10.6     68   9.87    244      3  306.6  336.6  308.4
  813.0   1900   17.0    4.0     42   6.31    240      3  307.8  327.4  309.0
  797.0   2069   16.6   -6.4     20   2.99    232      4  309.2  318.9  309.7
  794.0   2101   16.4   -6.5     20   2.99    230      4  309.2  318.9  309.8
  751.0   2571   12.8   -7.2     24   2.98    253      3  310.3  320.0  310.9
  739.0   2706   11.8   -7.2     26   3.03    260      3  310.7  320.5  311.2
  727.0   2842   10.6    3.6     62   6.86    285      4  310.8  332.3  312.1
  713.0   3004    9.6    3.8     67   7.10    315      5  311.4  333.7  312.8
  700.0   3157    8.6    4.0     73   7.33    340      6  312.0  335.0  313.4
  688.0   3299    8.0    3.4     73   7.15      5      7  312.9  335.4  314.2
  682.0   3371    8.4   -3.6     43   4.32      3      7  314.1  328.1  314.9
  673.0   3481    8.0    0.0     57   5.72    359      7  314.8  333.2  315.9
  663.0   3602    7.3   -0.8     56   5.49    355      7  315.4  333.1  316.5
  639.0   3902    5.7   -2.6     55   4.95     70      4  317.0  333.1  317.9
  616.0   4200    4.2   -4.5     53   4.46    130      2  318.5  333.2  319.3
  589.0   4564    2.2   -6.8     51   3.92    118      4  320.3  333.4  321.1
  583.0   4646    1.4   -4.6     64   4.69    115      5  320.3  335.8  321.2
  564.0   4911    0.0   -6.0     64   4.36    107      7  321.7  336.2  322.6
  525.0   5478   -4.9   -6.6     88   4.47     88     10  322.5  337.4  323.4
  519.0   5568   -3.9   -9.9     63   3.49     85     11  324.7  336.7  325.4
  500.0   5860   -5.5  -13.5     53   2.71     75     13  326.3  335.7  326.8
  498.0   5892   -5.7  -13.7     53   2.68     75     13  326.4  335.7  326.9
  492.0   5987   -5.9  -14.9     49   2.46     75     13  327.3  335.9  327.8
  491.0   6003   -6.0  -14.9     49   2.47     75     13  327.4  336.0  327.8
  484.0   6116   -6.7  -14.7     53   2.54     76     13  327.8  336.8  328.3
  483.0   6132   -6.9  -11.9     68   3.20     77     13  327.8  338.9  328.4
  478.0   6214   -7.3  -12.3     67   3.13     78     13  328.3  339.1  328.9
  468.0   6379   -8.1  -18.1     44   1.98     80     13  329.3  336.3  329.7
  467.0   6396   -7.9  -22.9     29   1.31     80     13  329.7  334.5  330.0
  459.0   6531   -8.5  -14.5     62   2.72     82     13  330.6  340.2  331.1
  456.0   6582   -8.3  -23.3     29   1.29     83     13  331.5  336.2  331.7
  450.0   6685   -9.3  -18.3     48   2.02     84     13  331.5  338.8  331.9
  420.0   7218  -13.1  -21.1     51   1.70     91     12  333.2  339.4  333.5
  405.0   7495  -14.6  -29.1     28   0.85     95     12  334.7  338.0  334.9
  404.0   7514  -14.7  -29.7     27   0.81     93     12  334.8  337.9  335.0
  400.0   7590  -14.9  -34.9     16   0.50     85     14  335.5  337.5  335.6
  389.0   7798  -16.2  -36.2     16   0.45     75     19  336.5  338.3  336.6
  366.0   8253  -19.1  -39.1     15   0.35     76     19  338.6  340.0  338.6
  328.0   9054  -25.5  -52.5      6   0.09     78     18  340.5  340.9  340.6
  303.0   9620  -30.7  -50.7     12   0.12     80     17  341.0  341.6  341.1
  300.0   9690  -31.3  -47.3     19   0.18     80     17  341.1  341.9  341.2
  296.0   9785  -32.3  -50.3     15   0.13     81     17  341.0  341.6  341.1
  290.0   9928  -33.3  -44.3     32   0.26     83     16  341.6  342.7  341.7
  287.0  10001  -33.9  -39.9     55   0.42     84     15  341.8  343.5  341.9
  270.0  10425  -37.5  -43.5     53   0.30     89     13  342.6  343.8  342.6
  267.0  10502  -38.1  -45.1     48   0.26     90     13  342.7  343.8  342.8
  258.0  10736  -40.1  -50.1     33   0.15     77     13  343.2  343.9  343.2
  250.0  10950  -41.9                          65     13  343.6         343.6
  245.0  11083  -43.0                          60     14  343.9         343.9
  224.0  11673  -48.0                          75     22  345.2         345.2
  200.0  12420  -54.3                          65     32  346.6         346.6
  164.0  13661  -64.7                          54     49  349.4         349.4
  153.0  14080  -68.0                          50     55  350.8         350.8
  150.0  14200  -68.9                          50     55  351.2         351.2
  131.0  14987  -74.1                          95     18  355.8         355.8
  125.0  15260  -75.9                         120     18  357.3         357.3
  112.0  15898  -80.1                         125     26  360.9         360.9
  106.0  16210  -79.5                         125     19  367.7         367.7
  100.0  16540  -78.9                         125      8  375.0         375.0
   96.0  16775  -78.3                         110      5  380.6         380.6
   91.0  17084  -77.5                         320      2  388.1         388.1
   86.0  17410  -76.7                         325      8  396.1         396.1
   82.0  17685  -76.0                         295     12  402.9         402.9
   79.5  17863  -75.5                         264     14  407.4         407.4
   78.0  17974  -75.9                         245     15  408.9         408.9
   74.0  18279  -76.9                         235     17  412.9         412.9
   73.3  18334  -77.1                         237     17  413.6         413.6
   70.0  18600  -76.9                         245     16  419.6         419.6
   69.9  18608  -76.9                         245     16  419.7         419.7
   68.5  18725  -74.1                         252     16  428.2         428.2
   66.0  18939  -75.2                         265     15  430.3         430.3
   64.1  19108  -76.1                         263     16  432.0         432.0
   53.6  20155  -68.7                         250     20  471.7         471.7
   50.0  20570  -68.1                         245     22  482.6         482.6
   49.0  20691  -68.4                         250     21  484.8         484.8
   47.1  20928  -68.9                         248     21  489.0         489.0
   44.1  21323  -67.1                         245     20  502.7         502.7
   44.0  21337  -66.9                         245     20  503.5         503.5
   42.3  21577  -63.3                         266     23  518.1         518.1
   42.0  21620  -63.4                         270     23  519.0         519.0
   36.0  22565  -64.5                         290     22  539.5         539.5
   35.8  22599  -64.5                         287     22  540.2         540.2
   31.0  23486  -61.0                         205     17  572.4         572.4
   30.9  23505  -60.9                         200     17  573.2         573.2
   30.0  23690  -58.7                         155     16  584.0         584.0
   29.3  23840  -55.3                         106     22  597.3         597.3
   29.0  23906  -54.4                          85     24  601.4         601.4
   28.2  24086  -52.1                          71     22  612.7         612.7
   25.0  24858  -54.9                          10     15  626.1         626.1
   24.0  25120  -55.9                          15     17  630.7         630.7
   23.0  25393  -56.9                          50     11  635.4         635.4
   22.4  25562  -57.5                          65     10  638.4         638.4
   22.0  25676  -57.5                         120     10  641.6         641.6
   20.7  26062  -57.7                         110     21  652.4         652.4
   20.0  26280  -56.7                         105     27  661.9         661.9
   18.0  26952  -54.5                          80     53  689.1         689.1
   17.5  27132  -53.9                                     696.5         696.5
   15.5  27921  -47.9                                     740.8         740.8
   14.0  28592  -47.9                                     762.7         762.7
</PRE><H3>Station information and sounding indices</H3><PRE>
                         Station identifier: WIII
                             Station number: 96749
                           Observation time: 191103/0000
                           Station latitude: -6.11
                          Station longitude: 106.65
                          Station elevation: 8.0
                            Showalter index: 1.08
                               Lifted index: 1.08
    LIFT computed using virtual temperature: 0.77
                                SWEAT index: 188.58
                                    K index: 32.90
                         Cross totals index: 19.30
                      Vertical totals index: 23.70
                        Totals totals index: 43.00
      Convective Available Potential Energy: 1.18
             CAPE using virtual temperature: 2.74
                      Convective Inhibition: -328.46
             CINS using virtual temperature: -243.96
                           Equilibrum Level: 522.95
 Equilibrum Level using virtual temperature: 522.15
                   Level of Free Convection: 536.69
             LFCT using virtual temperature: 541.09
                     Bulk Richardson Number: 0.27
          Bulk Richardson Number using CAPV: 0.62
  Temp [K] of the Lifted Condensation Level: 290.69
Pres [hPa] of the Lifted Condensation Level: 903.75
   Equivalent potential temp [K] of the LCL: 340.69
     Mean mixed layer potential temperature: 299.23
              Mean mixed layer mixing ratio: 14.18
              1000 hPa to 500 hPa thickness: 5752.00
Precipitable water [mm] for entire sounding: 43.97
</PRE>
<P>Description of the 
<A HREF="/upperair/columns.html">data columns</A>
or <A HREF="/upperair/indices.html">sounding indices</A>.

<P>
<FORM>
<INPUT CLASS="button" TYPE="button" VALUE=" Close this window " 
 onClick="window.close();">
<INPUT CLASS="button" TYPE="button" VALUE=" Select another map " 
 onClick="window.blur();">
</FORM>
<HR SIZE="1">
<I>Interested in graduate studies in atmospheric science?
Check out our program at the
<a href="http://www.uwyo.edu/atsc/howtoapply/"
target=_top>University of Wyoming
</a></I>
<HR SIZE="1"><FONT SIZE="-1">
Questions about the weather data provided by this site can be
addressed to <A HREF="mailto:ldoolman@uwyo.edu">
Larry Oolman (ldoolman@uwyo.edu)</A></FONT>
<HR SIZE="1">
<SCRIPT TYPE="text/javascript">
<!--
window.focus();
// -->
</SCRIPT>
</BODY>
</HTML>
