2019-02-21 00
<HTML>
<TITLE>University of Wyoming - Radiosonde Data</TITLE>
<BODY BGCOLOR="white">
<H2>96749 WIII Jakarta Observations at 00Z 21 Feb 2019</H2>
<PRE>
-----------------------------------------------------------------------------
   PRES   HGHT   TEMP   DWPT   RELH   MIXR   DRCT   SKNT   THTA   THTE   THTV
    hPa     m      C      C      %    g/kg    deg   knot     K      K      K 
-----------------------------------------------------------------------------
 1012.0      8   25.0   23.3     90  18.17    110      2  297.1  349.9  300.4
 1011.0     16   26.4   21.9     76  16.67    109      2  298.6  347.3  301.6
 1000.0    109   26.0   21.4     76  16.33    100      4  299.1  347.0  302.1
  979.0    297   24.9   20.8     78  16.10      5      5  299.8  347.1  302.7
  946.0    600   23.0   19.9     83  15.73     15      5  300.9  347.3  303.7
  925.0    799   21.8   19.3     86  15.48     10      6  301.6  347.4  304.4
  914.0    902   21.2   18.7     86  15.12      0      6  302.1  346.9  304.8
  883.0   1200   19.6   17.1     85  14.09     10      7  303.4  345.4  305.9
  853.0   1499   18.0   15.5     85  13.12    350      7  304.6  344.0  307.0
  850.0   1529   17.8   15.3     85  13.03    355      7  304.8  343.9  307.2
  840.0   1630   17.2   15.4     89  13.27     10      6  305.2  345.1  307.6
  823.0   1804   16.5   14.2     87  12.56     35      5  306.2  344.2  308.5
  767.0   2401   14.1   10.3     78  10.35     55      3  309.9  341.7  311.8
  740.0   2705   12.8    8.3     74   9.35      0      1  311.7  340.8  313.4
  726.0   2867   12.2    7.2     71   8.85    277      3  312.7  340.4  314.4
  714.0   3006   11.4    5.9     69   8.23    205      4  313.3  339.2  314.8
  700.0   3172   10.4    4.4     66   7.55    205      4  314.0  337.8  315.4
  689.0   3302    9.5    3.8     68   7.37    190      3  314.4  337.7  315.8
  665.0   3594    7.4    2.6     71   6.98    210      6  315.3  337.5  316.6
  618.0   4197    3.2    0.0     80   6.23    200      5  317.1  337.2  318.3
  596.0   4489    2.0   -1.6     77   5.74    155      2  319.0  337.7  320.1
  574.0   4792    0.8   -3.3     74   5.25    130      6  321.0  338.4  322.1
  560.0   4991    0.0   -4.4     72   4.96    157      7  322.4  338.8  323.3
  553.0   5091   -0.6   -5.1     72   4.77    170      8  322.8  338.7  323.7
  532.0   5398   -2.5   -7.2     70   4.22    175      9  324.1  338.4  325.0
  512.0   5702   -4.3   -9.2     69   3.73    155      5  325.5  338.2  326.2
  500.0   5890   -5.5  -10.5     68   3.46    155      6  326.3  338.1  326.9
  475.0   6291   -8.0  -13.0     67   2.97    180      9  327.9  338.3  328.5
  463.0   6491   -9.3  -14.3     67   2.74    177      9  328.8  338.4  329.3
  455.0   6626   -9.9  -17.9     52   2.07    175     10  329.7  337.1  330.1
  422.0   7202  -13.6  -18.2     68   2.17    165     11  332.1  339.9  332.5
  411.0   7405  -14.9  -18.3     75   2.21    179      8  332.9  340.9  333.4
  406.0   7497  -15.6  -19.2     74   2.08    185      6  333.2  340.7  333.6
  400.0   7610  -16.5  -20.2     73   1.93    205      5  333.5  340.5  333.9
  390.0   7798  -17.7  -21.8     71   1.73    180      5  334.2  340.6  334.6
  375.0   8089  -19.7  -24.2     67   1.44    145     10  335.5  340.9  335.8
  345.0   8708  -23.8  -29.4     59   0.97    115     10  338.0  341.8  338.2
  337.0   8882  -24.9  -30.9     57   0.87    127      9  338.7  342.1  338.9
  318.0   9300  -28.2  -32.7     65   0.77    155      7  339.8  342.9  340.0
  300.0   9720  -31.5  -34.5     75   0.69    145      9  340.9  343.6  341.0
  297.0   9791  -32.1  -35.1     75   0.65    144      9  341.0  343.6  341.1
  258.0  10766  -40.1  -45.1     59   0.27    128     11  343.2  344.3  343.3
  250.0  10980  -41.9                         125     12  343.6         343.6
  204.0  12310  -52.8                          85     18  347.0         347.0
  200.0  12440  -53.9                          80     19  347.2         347.2
  186.0  12899  -57.8                          50     15  348.3         348.3
  180.0  13106  -59.5                          52     16  348.7         348.7
  150.0  14220  -68.1                          65     19  352.6         352.6
  135.0  14846  -72.9                          74     29  354.9         354.9
  125.0  15294  -74.8                          80     37  359.2         359.2
  118.0  15630  -76.3                          80     34  362.5         362.5
  113.0  15881  -74.6                          80     32  370.1         370.1
  112.0  15933  -74.3                          81     29  371.7         371.7
  107.0  16198  -75.2                          85     12  374.9         374.9
  102.0  16475  -76.1                         150      6  378.3         378.3
  100.0  16590  -76.5                         160      5  379.7         379.7
   99.8  16602  -76.3                         157      5  380.3         380.3
   96.0  16822  -77.7                          95      2  381.8         381.8
   87.0  17382  -81.3                          80      8  385.5         385.5
   86.0  17448  -81.7                          65      7  385.9         385.9
   82.0  17717  -80.4                         335     18  393.9         393.9
   78.8  17942  -79.3                         327     14  400.6         400.6
   72.1  18444  -81.5                         311      7  406.3         406.3
   70.0  18610  -80.3                         305      4  412.3         412.3
   67.0  18857  -80.2                         155      9  417.6         417.6
   63.0  19203  -80.1                         125     22  425.3         425.3
   62.9  19212  -80.1                         125     22  425.5         425.5
   59.5  19529  -76.1                         117     26  441.3         441.3
   53.6  20129  -76.5                         102     32  453.7         453.7
   51.2  20392  -75.7                          96     35  461.6         461.6
   51.0  20415  -75.3                          95     35  463.0         463.0
   50.0  20530  -73.3                         100     35  470.4         470.4
   49.2  20625  -70.1                         104     34  480.1         480.1
   47.6  20822  -69.7                         112     32  485.6         485.6
   46.3  20990  -62.1                         118     30  507.8         507.8
   46.0  21030  -61.1                         120     30  511.2         511.2
   45.5  21098  -59.3                         138     25  517.0         517.0
   44.0  21307  -59.7                         195     10  520.9         520.9
   42.0  21596  -60.4                         220     12  526.4         526.4
   38.0  22219  -61.7                         215      8  538.3         538.3
   37.4  22318  -61.9                                     540.2         540.2
</PRE><H3>Station information and sounding indices</H3><PRE>
                         Station identifier: WIII
                             Station number: 96749
                           Observation time: 190221/0000
                           Station latitude: -6.11
                          Station longitude: 106.65
                          Station elevation: 8.0
                            Showalter index: -0.17
                               Lifted index: -1.39
    LIFT computed using virtual temperature: -1.75
                                SWEAT index: 203.59
                                    K index: 32.60
                         Cross totals index: 20.80
                      Vertical totals index: 23.30
                        Totals totals index: 44.10
      Convective Available Potential Energy: 421.69
             CAPE using virtual temperature: 493.10
                      Convective Inhibition: -102.27
             CINS using virtual temperature: -73.39
                           Equilibrum Level: 213.31
 Equilibrum Level using virtual temperature: 213.28
                   Level of Free Convection: 673.50
             LFCT using virtual temperature: 693.60
                     Bulk Richardson Number: 410.44
          Bulk Richardson Number using CAPV: 479.95
  Temp [K] of the Lifted Condensation Level: 293.17
Pres [hPa] of the Lifted Condensation Level: 926.72
   Equivalent potential temp [K] of the LCL: 347.07
     Mean mixed layer potential temperature: 299.63
              Mean mixed layer mixing ratio: 16.19
              1000 hPa to 500 hPa thickness: 5781.00
Precipitable water [mm] for entire sounding: 56.95
</PRE>
<P>Description of the 
<A HREF="/upperair/columns.html">data columns</A>
or <A HREF="/upperair/indices.html">sounding indices</A>.

<P>
<FORM>
<INPUT CLASS="button" TYPE="button" VALUE=" Close this window " 
 onClick="window.close();">
<INPUT CLASS="button" TYPE="button" VALUE=" Select another map " 
 onClick="window.blur();">
</FORM>
<HR SIZE="1">
<I>Interested in graduate studies in atmospheric science?
Check out our program at the
<a href="http://www.uwyo.edu/atsc/howtoapply/"
target=_top>University of Wyoming
</a></I>
<HR SIZE="1"><FONT SIZE="-1">
Questions about the weather data provided by this site can be
addressed to <A HREF="mailto:ldoolman@uwyo.edu">
Larry Oolman (ldoolman@uwyo.edu)</A></FONT>
<HR SIZE="1">
<SCRIPT TYPE="text/javascript">
<!--
window.focus();
// -->
</SCRIPT>
</BODY>
</HTML>
