2021-07-29 00
<HTML>
<TITLE>University of Wyoming - Radiosonde Data</TITLE>
<BODY BGCOLOR="white">
<H2>96749 WIII Jakarta Observations at 00Z 29 Jul 2021</H2>
<PRE>
-----------------------------------------------------------------------------
   PRES   HGHT   TEMP   DWPT   RELH   MIXR   DRCT   SKNT   THTA   THTE   THTV
    hPa     m      C      C      %    g/kg    deg   knot     K      K      K 
-----------------------------------------------------------------------------
 1011.0      8   23.2   20.3     84  15.07    190      2  295.4  338.9  298.1
 1008.0     35   24.0   20.8     82  15.60    182      4  296.5  341.6  299.2
 1000.0    108   24.4   20.6     79  15.53    160      9  297.6  342.7  300.3
  982.0    267   25.2   20.2     74  15.42    140      7  299.9  345.2  302.7
  979.0    294   25.4   19.4     69  14.71    136      7  300.4  343.7  303.0
  978.0    303   25.3   19.4     70  14.69    135      7  300.4  343.7  303.0
  945.0    603   23.0   18.2     74  14.13    115      5  301.0  342.8  303.6
  925.0    790   21.6   17.5     77  13.79    160      4  301.4  342.2  303.9
  913.0    903   20.8   17.1     79  13.62    185      4  301.7  342.1  304.2
  882.0   1203   18.7   16.0     85  13.17    175      5  302.5  341.7  304.9
  878.0   1242   18.4   15.9     85  13.11    165      5  302.6  341.6  305.0
  852.0   1501   17.1   14.6     85  12.41    100      4  303.8  341.0  306.1
  850.0   1521   17.0   14.5     85  12.36     95      4  303.9  341.0  306.2
  817.0   1857   15.0   11.6     80  10.61     86      5  305.3  337.3  307.2
  814.0   1888   14.8   11.1     79  10.30     86      5  305.4  336.5  307.3
  805.0   1982   15.4    5.4     51   7.03     83      6  307.0  328.7  308.3
  793.0   2109   15.8    1.0     37   5.22     80      6  308.7  325.2  309.7
  780.0   2248   16.2   -3.8     25   3.72    116      6  310.6  322.6  311.3
  777.0   2281   16.2   -5.8     22   3.21    124      5  311.0  321.4  311.6
  766.0   2400   15.5   -7.4     20   2.87    155      5  311.5  320.9  312.1
  739.0   2702   13.8  -11.5     16   2.15     95      5  312.9  320.1  313.3
  732.0   2782   13.4  -12.6     15   1.99     86      6  313.3  320.0  313.6
  713.0   3001   11.7   -2.0     39   4.67     60      9  313.8  328.8  314.6
  712.0   3013   11.6   -1.4     40   4.87     60      9  313.8  329.5  314.7
  700.0   3154   10.6   -2.4     40   4.60     60     12  314.2  329.1  315.1
  692.0   3250   10.6  -10.4     22   2.52     63     12  315.2  323.7  315.7
  664.0   3592    8.2   -5.0     39   3.99     75     14  316.2  329.3  317.0
  660.0   3642    7.8   -4.2     42   4.27     78     14  316.4  330.3  317.2
  640.0   3895    7.4   -4.6     42   4.26     95     11  318.7  332.8  319.5
  632.0   3999    7.2   -4.8     42   4.26     95      9  319.6  333.8  320.4
  617.0   4194    5.8   -5.4     44   4.16     95      5  320.2  334.1  321.0
  594.0   4502    3.6   -6.4     48   4.01    110      6  321.2  334.6  322.0
  558.0   5010    0.0   -8.0     55   3.77     76      4  322.7  335.4  323.4
  552.0   5096   -0.5   -9.2     52   3.48     70      4  323.1  334.9  323.8
  531.0   5405   -2.3  -13.3     43   2.60    120      4  324.5  333.5  325.1
  500.0   5880   -5.7  -13.7     53   2.67    115     10  326.0  335.3  326.6
  492.0   6006   -6.7  -13.6     58   2.74    120      9  326.3  335.8  326.8
  486.0   6102   -7.5  -13.5     62   2.79    122      9  326.5  336.2  327.0
  474.0   6296   -9.2  -15.2     62   2.49    125     10  326.7  335.4  327.2
  454.0   6629  -12.1  -18.1     61   2.04    100     16  327.1  334.3  327.5
  421.0   7203  -15.3  -22.2     56   1.54     55     26  330.2  335.8  330.5
  417.0   7276  -15.7  -22.7     55   1.49     55     27  330.5  336.0  330.8
  405.0   7496  -16.4  -26.2     43   1.12     55     31  332.4  336.6  332.6
  400.0   7590  -16.7  -27.7     38   0.99     55     32  333.2  336.9  333.4
  389.0   7799  -17.6  -31.0     30   0.75     50     27  334.6  337.5  334.8
  386.0   7857  -17.9  -31.9     28   0.69     52     27  335.0  337.7  335.2
  373.0   8108  -19.5  -34.5     25   0.55     60     27  336.2  338.4  336.3
  359.0   8388  -21.4  -37.4     22   0.43     65     32  337.4  339.1  337.5
  317.0   9297  -27.3  -46.8     14   0.18     95     42  341.4  342.2  341.4
  304.0   9603  -29.3  -49.9     12   0.13     95     49  342.7  343.3  342.7
  300.0   9700  -29.9  -50.9     11   0.12     95     52  343.1  343.6  343.1
  250.0  10960  -41.9  -50.9     37   0.14     80     57  343.6  344.3  343.7
  234.0  11402  -45.8  -51.4     53   0.14     70     62  344.4  345.0  344.4
  231.0  11488  -46.5  -51.5     57   0.14     70     64  344.5  345.1  344.5
  224.0  11691  -48.2  -52.6     60   0.13     70     69  344.9  345.5  344.9
  222.0  11750  -48.7  -52.9     61   0.13     69     70  345.1  345.6  345.1
  210.0  12113  -50.1  -61.1     26   0.05     64     76  348.4  348.6  348.4
  200.0  12430  -50.9  -67.9     12   0.02     60     81  352.0  352.1  352.0
  193.0  12661  -52.3  -70.3     10   0.02     62     75  353.4  353.4  353.4
  186.0  12892  -54.2  -71.6     10   0.01     65     69  354.1  354.1  354.1
  178.0  13168  -56.4  -73.1     10   0.01     70     64  354.9  355.0  354.9
  161.0  13797  -61.5  -76.6     12   0.01     75     50  356.6  356.7  356.6
  154.0  14075  -63.8  -78.2     12   0.01     90     44  357.3  357.4  357.3
  150.0  14240  -65.1  -79.1     13   0.01    100     43  357.7  357.8  357.7
  139.0  14697  -68.3  -81.8     13   0.00    100     42  360.0  360.0  360.0
  130.0  15099  -71.1  -84.1     13   0.00     82     38  361.9  361.9  361.9
  113.0  15911  -75.3  -87.7     13   0.00     45     31  368.9  368.9  368.9
  108.0  16174  -76.6  -88.9     13   0.00     45     22  371.2  371.2  371.2
  100.0  16620  -78.9  -90.9     13   0.00    110     16  375.0  375.0  375.0
   97.0  16793  -80.1  -91.8     13   0.00    125     19  375.9  375.9  375.9
   92.4  17068  -82.1  -93.1     14   0.00    125     28  377.3  377.3  377.3
   87.0  17410  -79.5  -90.5     15   0.00    100     31  389.1  389.1  389.1
   85.0  17542  -78.5  -89.5     16   0.00     98     23  393.7  393.7  393.7
   83.0  17679  -75.1  -88.9     10   0.00     95     14  403.3  403.4  403.3
   82.9  17686  -74.9  -88.9     10   0.00     98     14  403.8  403.8  403.8
   79.0  17972  -72.9  -89.3      7   0.00    235      3  413.5  413.5  413.5
   75.0  18280  -70.8  -89.8      5   0.00    245     13  424.2  424.2  424.2
   70.6  18639  -68.3  -90.3      3   0.00    267     19  436.9  436.9  436.9
   70.0  18690  -68.1  -90.1      3   0.00    270     20  438.4  438.4  438.4
   64.0  19223  -68.8  -92.2      2   0.00    265     20  448.2  448.2  448.2
   61.6  19451  -69.1  -93.1      2   0.00    255     17  452.4  452.5  452.4
   59.7  19638  -65.9  -91.9      2   0.00    247     15  463.7  463.7  463.7
   56.3  19991  -66.7  -90.7      2   0.00    231     12  469.7  469.7  469.7
   55.0  20134  -64.6  -90.1      2   0.00    225     10  477.6  477.6  477.6
   53.0  20360  -61.4  -89.1      1   0.00     70      3  490.2  490.3  490.2
   51.9  20488  -59.5  -88.5      1   0.00     18      6  497.5  497.5  497.5
   50.0  20720  -59.9  -86.9      2   0.00    285     11  501.9  501.9  501.9
   46.0  21243  -60.1  -88.4      1   0.00    270     12  513.4  513.4  513.4
   44.0  21522  -60.3  -89.1      1   0.00    275      6  519.6  519.7  519.6
   43.6  21579  -60.3  -89.3      1   0.00    301      7  520.9  521.0  521.0
   42.0  21816  -58.3  -88.9      1   0.00     45     10  531.5  531.5  531.5
   40.6  22030  -56.5  -88.5      1   0.00     51     11  541.2  541.2  541.2
   35.2  22932  -60.3  -87.3      2   0.01     75     17  553.8  553.8  553.8
   34.0  23149  -60.7  -87.7      2   0.01     85     21  558.3  558.3  558.3
   31.0  23726  -61.7  -88.7      2   0.00     95     23  570.4  570.5  570.4
   30.5  23827  -61.9  -88.9      2   0.00    100     25  572.6  572.6  572.6
   30.0  23930  -61.5  -88.5      2   0.01    105     27  576.4  576.5  576.4
   28.0  24366  -60.3  -87.8      2   0.01     90     35  591.3  591.3  591.3
   23.0  25608  -56.8  -85.8      1   0.01     95     46  635.7  635.8  635.7
   22.0  25888  -56.0  -85.3      1   0.01     90     50  646.2  646.3  646.2
   20.0  26490  -54.3  -84.3      1   0.02     80     52  669.2  669.4  669.2
   17.8  27243  -50.1  -82.1      1   0.03     83     51  705.1  705.4  705.2
   15.3  28234  -48.1  -81.1      1   0.04     86     50  742.9  743.3  742.9
   13.0  29303  -49.6  -85.5      1   0.02     90     49  773.0  773.3  773.0
   12.9  29353  -49.7  -85.7      1   0.02     90     48  774.5  774.7  774.5
   12.0  29832  -47.9  -84.5      1   0.03     95     38  796.9  797.2  796.9
   10.0  31040  -43.5  -81.5      1   0.05     75     27  856.0  856.7  856.1
    9.8  31177  -41.1  -82.1      0   0.05                870.0  870.6  870.0
</PRE><H3>Station information and sounding indices</H3><PRE>
                         Station identifier: WIII
                             Station number: 96749
                           Observation time: 210729/0000
                           Station latitude: -6.11
                          Station longitude: 106.65
                          Station elevation: 8.0
                            Showalter index: 0.80
                               Lifted index: -0.11
    LIFT computed using virtual temperature: -0.50
                                SWEAT index: 192.01
                                    K index: 24.20
                         Cross totals index: 20.20
                      Vertical totals index: 22.70
                        Totals totals index: 42.90
      Convective Available Potential Energy: 82.24
             CAPE using virtual temperature: 106.23
                      Convective Inhibition: -326.59
             CINS using virtual temperature: -202.86
                           Equilibrum Level: 392.63
 Equilibrum Level using virtual temperature: 387.00
                   Level of Free Convection: 503.95
             LFCT using virtual temperature: 525.94
                     Bulk Richardson Number: 32.53
          Bulk Richardson Number using CAPV: 42.02
  Temp [K] of the Lifted Condensation Level: 291.84
Pres [hPa] of the Lifted Condensation Level: 916.77
   Equivalent potential temp [K] of the LCL: 343.19
     Mean mixed layer potential temperature: 299.20
              Mean mixed layer mixing ratio: 15.05
              1000 hPa to 500 hPa thickness: 5772.00
Precipitable water [mm] for entire sounding: 41.81
</PRE>
<P>Description of the 
<A HREF="/upperair/columns.html">data columns</A>
or <A HREF="/upperair/indices.html">sounding indices</A>.

<P>
<FORM>
<INPUT CLASS="button" TYPE="button" VALUE=" Close this window " 
 onClick="window.close();">
<INPUT CLASS="button" TYPE="button" VALUE=" Select another map " 
 onClick="window.blur();">
</FORM>
<HR SIZE="1">
<I>Interested in graduate studies in atmospheric science?
Check out our program at the
<a href="http://www.uwyo.edu/atsc/howtoapply/"
target=_top>University of Wyoming
</a></I>
<HR SIZE="1"><FONT SIZE="-1">
Questions about the weather data provided by this site can be
addressed to <A HREF="mailto:ldoolman@uwyo.edu">
Larry Oolman (ldoolman@uwyo.edu)</A></FONT>
<HR SIZE="1">
<SCRIPT TYPE="text/javascript">
<!--
window.focus();
// -->
</SCRIPT>
</BODY>
</HTML>
