2017-11-04 00
<HTML>
<TITLE>University of Wyoming - Radiosonde Data</TITLE>
<BODY BGCOLOR="white">
<H2>96749 WIII Jakarta Observations at 00Z 04 Nov 2017</H2>
<PRE>
-----------------------------------------------------------------------------
   PRES   HGHT   TEMP   DWPT   RELH   MIXR   DRCT   SKNT   THTA   THTE   THTV
    hPa     m      C      C      %    g/kg    deg   knot     K      K      K 
-----------------------------------------------------------------------------
 1007.0      8   20.0   14.0     68  10.07    230      6  292.6  321.4  294.3
 1006.0     17   21.4   18.2     82  13.25    227      6  294.1  332.1  296.4
 1003.0     43   23.4   20.1     82  15.00    219      8  296.3  339.7  299.0
 1001.0     60   25.0   21.7     82  16.63    213      9  298.1  346.5  301.0
 1000.0     69   25.4   22.2     82  17.17    210      9  298.6  348.7  301.6
  975.0    294   26.0   21.2     75  16.55    212      7  301.3  350.3  304.3
  942.0    598   24.3   19.4     74  15.26    215      4  302.6  347.9  305.3
  925.0    759   23.4   18.4     74  14.62    225      5  303.2  346.8  305.9
  913.0    873   23.0   17.0     69  13.53    229      5  303.9  344.5  306.4
  879.0   1200   20.2   15.9     76  13.13    240      4  304.4  343.8  306.8
  850.0   1489   17.8   15.0     84  12.77    210      1  304.8  343.2  307.1
  849.0   1499   17.7   14.9     84  12.73    200      1  304.7  343.0  307.1
  847.0   1519   17.4   14.8     85  12.65    194      1  304.7  342.7  307.0
  820.0   1794   16.1   12.3     78  11.05    115      4  306.1  339.6  308.1
  764.0   2394   13.1    6.7     65   8.14     95      7  309.1  334.4  310.7
  751.0   2540   12.4    5.4     62   7.54    105      5  309.9  333.4  311.3
  742.0   2641   11.6    6.7     72   8.36    111      3  310.1  336.0  311.7
  740.0   2664   11.6    7.4     75   8.80    113      3  310.3  337.6  312.0
  737.0   2698   11.7    5.1     64   7.53    115      2  310.8  334.3  312.2
  734.0   2732   11.8    2.8     54   6.42    121      2  311.3  331.5  312.5
  718.0   2916   10.8   -2.2     40   4.55    155      2  312.1  326.8  313.0
  711.0   2997   10.0    0.2     51   5.50    170      2  312.1  329.6  313.1
  703.0   3092    9.0    3.0     66   6.80    159      2  312.0  333.5  313.3
  700.0   3127    8.8    1.8     61   6.27    155      2  312.2  332.0  313.4
  693.0   3210    8.4   -1.6     49   4.94    141      3  312.6  328.5  313.6
  672.0   3464    5.8    2.4     79   6.82     98      4  312.5  334.0  313.8
  669.0   3501    5.4    2.4     81   6.85     92      4  312.4  334.1  313.7
  668.0   3513    5.4    2.6     82   6.96     90      4  312.6  334.5  313.9
  667.0   3525    5.6    2.7     82   7.02     88      5  312.9  335.1  314.3
  664.0   3562    7.0   -1.0     57   5.39     81      5  314.9  332.3  315.9
  661.0   3600    7.4   -5.1     41   3.98     75      5  315.8  328.8  316.5
  658.0   3637    7.8   -9.2     29   2.91     75      5  316.6  326.4  317.2
  647.0   3776    8.0  -19.0     13   1.32     75      4  318.4  323.1  318.6
  637.0   3904    7.0  -17.1     16   1.58     75      4  318.7  324.2  319.0
  616.0   4179    5.0  -13.0     26   2.29      7      1  319.4  327.3  319.9
  614.0   4205    4.8  -13.5     25   2.21      0      1  319.6  327.1  320.0
  592.0   4500    2.9  -19.2     18   1.42    240      2  320.7  325.7  320.9
  570.0   4806    0.9  -25.2     12   0.87    310      4  321.8  325.0  322.0
  560.0   4949    0.0  -28.0     10   0.69    324      5  322.4  324.9  322.5
  549.0   5108   -1.0  -27.7     11   0.72    340      6  323.1  325.7  323.2
  534.0   5329   -2.3  -27.3     13   0.77    299     10  324.0  326.9  324.2
  529.0   5403   -2.6  -28.5     12   0.70    285     11  324.5  327.1  324.6
  528.0   5418   -2.7  -28.7     12   0.68    285     11  324.6  327.1  324.7
  527.0   5433   -2.7  -29.7     10   0.62    285     11  324.8  327.1  324.9
  525.0   5464   -1.9  -16.9     31   1.95    284     12  326.1  333.0  326.5
  523.0   5494   -1.7  -13.7     39   2.55    284     12  326.7  335.6  327.2
  500.0   5850   -5.1  -13.1     53   2.80    280     16  326.8  336.5  327.3
  490.0   6008   -6.7  -12.7     62   2.96    290     16  326.7  336.9  327.3
  479.0   6185   -8.5  -11.7     78   3.28    290     15  326.6  337.9  327.2
  475.0   6250   -9.1  -11.9     80   3.25    290     15  326.6  337.9  327.3
  461.0   6481  -10.1  -22.1     37   1.42    290     14  328.2  333.3  328.5
  459.0   6515  -10.5  -22.5     37   1.38    290     13  328.1  333.1  328.4
  458.0   6531  -10.5  -22.5     37   1.38    290     13  328.3  333.3  328.6
  457.0   6548   -9.9  -29.9     18   0.70    290     13  329.3  331.9  329.4
  455.0   6582   -8.5  -42.5      5   0.20    290     13  331.4  332.2  331.5
  454.0   6599   -8.3  -42.3      5   0.20    290     13  331.9  332.7  331.9
  452.0   6633   -7.9  -41.9      5   0.21    290     13  332.8  333.7  332.9
  400.0   7570  -14.7  -44.7      6   0.18    285     18  335.8  336.6  335.8
  388.0   7799  -16.8  -41.2     10   0.27    290     17  336.0  337.1  336.1
  385.0   7858  -17.3  -40.3     12   0.30    293     16  336.1  337.3  336.1
  373.0   8094  -18.1  -46.0      7   0.17    305     13  338.0  338.7  338.1
  358.0   8400  -19.2  -53.5      3   0.07    265     10  340.6  340.9  340.6
  354.0   8484  -19.5  -55.5      3   0.06    264     11  341.3  341.5  341.3
  344.0   8693  -21.1  -56.1      3   0.06    260     14  341.9  342.1  341.9
  304.0   9593  -28.1  -58.6      4   0.05    290     14  344.3  344.5  344.3
  300.0   9690  -28.9  -58.9      4   0.05    290     14  344.5  344.7  344.5
  294.0   9834  -30.3  -59.3      4   0.04    289     14  344.5  344.7  344.6
  285.0  10055  -31.7  -60.7      4   0.04    287     13  345.6  345.8  345.6
  279.0  10206  -32.9  -57.9      6   0.06    285     13  346.0  346.2  346.0
  275.0  10308  -33.7  -54.7     10   0.08    285     12  346.3  346.6  346.3
  271.0  10410  -34.9  -43.9     39   0.29    284     12  346.0  347.2  346.0
  262.0  10646  -36.5  -41.0     63   0.41    281     11  347.0  348.7  347.1
  256.0  10806  -37.7  -42.0     64   0.37    280     11  347.5  349.1  347.6
  250.0  10970  -38.9  -43.0     65   0.34    270     12  348.1  349.5  348.2
  245.0  11107  -39.9  -43.5     68   0.33    271     12  348.6  350.0  348.7
  205.0  12287  -50.3                         280     14  350.5         350.5
  200.0  12450  -51.7                         290     15  350.7         350.7
  178.0  13179  -58.0                         295     21  352.3         352.3
  150.0  14250  -67.3                         305     17  354.0         354.0
  126.0  15243  -75.8                         340     11  356.6         356.6
  119.0  15569  -78.6                         355     14  357.4         357.4
  113.0  15864  -81.1                          10     16  358.0         358.0
  101.0  16503  -86.6                          30     15  359.1         359.1
  100.0  16560  -87.1                          40     13  359.2         359.2
   96.0  16785  -86.0                          90     13  365.6         365.6
   87.3  17309  -83.3                          73     24  381.1         381.1
   86.0  17394  -82.2                          70     26  384.9         384.9
   82.0  17664  -78.7                          70      9  397.3         397.3
   80.2  17790  -77.1                         112      8  403.1         403.1
   77.0  18026  -75.9                         190      5  410.4         410.4
   73.0  18336  -74.2                         275     20  420.2         420.2
   72.7  18359  -74.1                         275     21  421.0         421.0
   70.0  18580  -75.1                         275     32  423.4         423.4
   69.4  18630  -75.5                         271     31  423.6         423.6
   66.0  18921  -73.2                         250     24  434.6         434.6
   64.1  19091  -71.9                         251     22  441.2         441.2
   54.0  20105  -69.5                         260     10  468.8         468.8
   51.0  20443  -68.8                         135      3  478.3         478.3
   50.0  20560  -68.5                         115      8  481.6         481.6
   49.0  20682  -68.2                         105      8  485.2         485.2
   47.0  20933  -67.5                          50      5  492.7         492.7
   44.8  21221  -66.7                          50      7  501.4         501.4
   42.0  21615  -63.9                          50     10  517.5         517.5
   41.0  21762  -62.9                          65     14  523.7         523.7
   40.0  21914  -63.2                          80     18  526.8         526.8
   37.3  22343  -63.9                          88     27  535.5         535.5
   35.0  22738  -61.6                          95     36  551.3         551.3
   32.3  23237  -58.7                          98     42  571.8         571.8
   30.4  23617  -59.3                         100     46  580.2         580.2
   30.0  23700  -59.7                         100     47  581.3         581.3
   29.8  23742  -59.7                         100     47  582.4         582.4
   29.1  23891  -56.5                          98     49  595.2         595.2
   24.0  25122  -53.9                          85     61  636.3         636.3
   23.7  25203  -53.8                          85     61  639.1         639.1
   22.9  25422  -53.3                                     646.8         646.8
</PRE><H3>Station information and sounding indices</H3><PRE>
                         Station identifier: WIII
                             Station number: 96749
                           Observation time: 171104/0000
                           Station latitude: -6.11
                          Station longitude: 106.65
                          Station elevation: 8.0
                            Showalter index: 0.52
                               Lifted index: -1.28
    LIFT computed using virtual temperature: -1.77
                                SWEAT index: 197.99
                                    K index: 30.90
                         Cross totals index: 20.10
                      Vertical totals index: 22.90
                        Totals totals index: 43.00
      Convective Available Potential Energy: 161.13
             CAPE using virtual temperature: 319.54
                      Convective Inhibition: -79.83
             CINS using virtual temperature: -63.71
                           Equilibrum Level: 367.40
 Equilibrum Level using virtual temperature: 362.63
                   Level of Free Convection: 776.07
             LFCT using virtual temperature: 839.77
                     Bulk Richardson Number: 36.96
          Bulk Richardson Number using CAPV: 73.30
  Temp [K] of the Lifted Condensation Level: 293.08
Pres [hPa] of the Lifted Condensation Level: 919.67
   Equivalent potential temp [K] of the LCL: 347.85
     Mean mixed layer potential temperature: 300.20
              Mean mixed layer mixing ratio: 16.26
              1000 hPa to 500 hPa thickness: 5781.00
Precipitable water [mm] for entire sounding: 43.45
</PRE>
<P>Description of the 
<A HREF="/upperair/columns.html">data columns</A>
or <A HREF="/upperair/indices.html">sounding indices</A>.

<P>
<FORM>
<INPUT CLASS="button" TYPE="button" VALUE=" Close this window " 
 onClick="window.close();">
<INPUT CLASS="button" TYPE="button" VALUE=" Select another map " 
 onClick="window.blur();">
</FORM>
<HR SIZE="1">
<I>Interested in graduate studies in atmospheric science?
Check out our program at the
<a href="http://www.uwyo.edu/atsc/howtoapply/"
target=_top>University of Wyoming
</a></I>
<HR SIZE="1"><FONT SIZE="-1">
Questions about the weather data provided by this site can be
addressed to <A HREF="mailto:ldoolman@uwyo.edu">
Larry Oolman (ldoolman@uwyo.edu)</A></FONT>
<HR SIZE="1">
<SCRIPT TYPE="text/javascript">
<!--
window.focus();
// -->
</SCRIPT>
</BODY>
</HTML>
