2019-06-21 12
<HTML>
<TITLE>University of Wyoming - Radiosonde Data</TITLE>
<BODY BGCOLOR="white">
<H2>96749 WIII Jakarta Observations at 00Z 21 Jun 2019</H2>
<PRE>
-----------------------------------------------------------------------------
   PRES   HGHT   TEMP   DWPT   RELH   MIXR   DRCT   SKNT   THTA   THTE   THTV
    hPa     m      C      C      %    g/kg    deg   knot     K      K      K 
-----------------------------------------------------------------------------
 1010.0      8   23.4   22.0     92  16.79    200      2  295.7  344.1  298.7
 1009.0     17   24.8   21.9     84  16.70    198      2  297.2  345.7  300.2
 1000.0     96   25.0   21.5     81  16.44    180      4  298.1  346.1  301.1
  952.0    525   22.8   18.7     78  14.47     78      7  300.1  342.7  302.7
  944.0    598   23.0   15.0     61  11.48     60      8  301.1  335.1  303.1
  925.0    774   21.8   11.8     53   9.48     75     12  301.6  329.9  303.3
  918.0    840   21.6    9.6     46   8.24     77     11  302.0  326.8  303.5
  888.0   1130   19.4   12.4     64  10.29     88      8  302.6  333.4  304.5
  881.0   1198   19.0   11.6     62   9.83     90      7  302.9  332.4  304.7
  855.0   1457   17.6    8.6     56   8.26     29      4  304.1  329.1  305.6
  851.0   1498   17.3    8.3     55   8.12     20      4  304.1  328.8  305.6
  850.0   1508   17.2    8.2     55   8.09     25      4  304.1  328.7  305.6
  841.0   1599   16.6   12.5     77  10.94    356      3  304.4  337.4  306.4
  832.0   1691   16.2   12.4     78  10.99    326      3  305.0  338.1  307.0
  831.0   1701   16.2   12.8     80  11.30    323      3  305.1  339.1  307.1
  821.0   1804   17.5    6.3     48   7.32    290      2  307.5  330.1  308.8
  820.0   1815   17.6    5.6     45   7.00    291      2  307.7  329.4  309.0
  811.0   1909   17.6    1.6     34   5.33    295      4  308.7  325.4  309.7
  793.0   2100   16.2    3.7     43   6.32    305      8  309.2  328.9  310.4
  785.0   2186   15.6    4.6     48   6.82    305      8  309.4  330.7  310.7
  783.0   2208   15.6    3.6     45   6.37    304      8  309.6  329.6  310.8
  774.0   2306   15.8   -7.2     20   2.89    304      7  310.9  320.4  311.4
  733.0   2765   13.8  -12.2     15   2.06    301      5  313.6  320.5  314.0
  721.0   2904   12.4   -2.6     35   4.40    301      4  313.5  327.8  314.4
  713.0   2997   11.9   -7.4     25   3.08    300      4  314.0  324.2  314.6
  701.0   3139   11.2  -14.8     15   1.74    282      5  314.7  320.7  315.1
  700.0   3151   11.0  -16.0     13   1.58    280      5  314.6  320.1  314.9
  663.0   3597    8.1  -17.1     15   1.51    250      5  316.3  321.6  316.6
  618.0   4175    4.4  -18.6     17   1.43    274      6  318.5  323.5  318.7
  616.0   4201    4.3  -18.3     18   1.47    275      6  318.6  323.8  318.9
  603.0   4374    3.6  -16.4     22   1.77    307      7  319.8  325.9  320.1
  597.0   4455    3.2  -12.8     30   2.41    322      7  320.2  328.5  320.7
  594.0   4495    2.8   -8.8     42   3.34    330      7  320.2  331.4  320.8
  593.0   4509    2.6   -7.4     48   3.72    330      7  320.1  332.6  320.9
  592.0   4523    2.2   -3.8     65   4.90    330      7  319.8  336.0  320.8
  555.0   5042    0.0   -5.0     69   4.78    324      8  323.2  339.2  324.1
  530.0   5407   -1.9   -8.2     62   3.90    320      8  325.2  338.5  326.0
  500.0   5870   -4.3  -12.3     54   2.99    240      5  327.7  338.1  328.3
  495.0   5949   -4.9  -12.9     53   2.88    243      6  327.9  338.0  328.5
  492.0   5997   -5.2  -13.4     53   2.79    245      6  328.1  337.8  328.6
  473.0   6306   -7.5  -16.4     49   2.26    250      7  329.1  337.1  329.5
  471.0   6339   -7.7  -16.7     48   2.21    246      7  329.2  337.0  329.6
  462.0   6489   -8.5  -21.5     34   1.49    230      7  330.0  335.4  330.3
  452.0   6659   -8.3  -34.3     10   0.47    212      6  332.3  334.1  332.4
  438.0   6901   -9.5  -36.6      9   0.38    185      6  333.7  335.3  333.8
  421.0   7206  -11.1  -39.6      8   0.29    200      9  335.6  336.7  335.6
  404.0   7524  -12.7  -42.7      6   0.22    192      7  337.4  338.4  337.5
  400.0   7600  -13.3  -43.3      6   0.21    190      7  337.6  338.5  337.7
  383.0   7928  -15.3  -46.3      5   0.16    184      7  339.2  339.9  339.2
  359.0   8406  -19.6  -47.6      6   0.15    175      7  339.8  340.4  339.9
  329.0   9049  -25.3  -49.3      9   0.13    170     11  340.5  341.1  340.5
  300.0   9710  -30.3  -55.3      7   0.07    165     15  342.6  342.9  342.6
  287.0  10023  -32.3  -55.3      8   0.07    162     12  344.1  344.4  344.1
  280.0  10194  -33.5  -56.5      8   0.07    160     10  344.8  345.0  344.8
  257.0  10789  -37.7  -60.7      7   0.04    130      9  347.1  347.3  347.1
  250.0  10980  -39.1  -62.1      7   0.04    110     14  347.8  348.0  347.8
  246.0  11091  -39.9  -61.9      8   0.04    107     16  348.2  348.4  348.2
  235.0  11395  -42.5                         100     20  348.8         348.8
  200.0  12470  -51.9                          90     22  350.4         350.4
  178.0  13199  -58.0                          90     21  352.3         352.3
  162.0  13788  -62.9                         100     27  353.7         353.7
  150.0  14270  -66.9                          65     22  354.6         354.6
  140.0  14681  -70.3                          50     28  355.7         355.7
  112.0  15964  -80.7                          20     28  359.7         359.7
  108.0  16168  -80.4                          15     28  364.1         364.1
  102.0  16489  -79.9                          35     16  371.1         371.1
  100.0  16600  -79.7                          55     10  373.5         373.5
   97.4  16750  -78.3                         150     10  379.0         379.0
   97.0  16773  -78.5                         165     10  379.2         379.2
   92.0  17072  -80.6                         180     16  380.6         380.6
   87.5  17356  -82.7                         167     16  382.0         382.0
   87.0  17388  -82.8                         165     16  382.4         382.4
   84.3  17564  -83.5                         181     12  384.5         384.5
   82.0  17720  -79.7                         195      8  395.3         395.3
   80.1  17853  -76.5                         211     15  404.5         404.5
   78.0  18007  -76.1                         230     22  408.4         408.4
   75.0  18234  -75.5                         237     20  414.3         414.3
   74.0  18312  -74.1                         240     19  418.8         418.8
   72.0  18473  -71.3                         270     28  428.1         428.1
   71.0  18556  -71.1                         285     33  430.2         430.2
   70.0  18640  -70.9                         290     36  432.4         432.4
   57.7  19798  -66.5                         284     46  466.9         466.9
   52.0  20424  -68.2                         280     51  477.1         477.1
   50.3  20624  -68.7                         280     48  480.4         480.4
   50.0  20660  -68.9                         280     47  480.7         480.7
   43.1  21556  -65.7                         274     42  509.4         509.4
   37.3  22447  -59.5                         269     36  546.8         546.8
   35.2  22809  -60.7                         266     34  552.8         552.8
   34.0  23026  -60.1                         265     33  559.7         559.7
   30.0  23810  -58.1                         265     29  585.7         585.7
   27.6  24334  -55.7                         265     28  606.5         606.5
   26.0  24712  -55.7                         265     28  616.9         616.9
   25.0  24960  -55.7                         255     24  623.9         623.9
   23.0  25487  -55.7                         315     13  638.9         638.9
   22.9  25515  -55.7                         315     13  639.7         639.7
   22.0  25771  -54.3                         315     18  651.3         651.3
   21.0  26068  -52.7                         280     17  664.9         664.9
   20.2  26316  -51.3                         276     14  676.5         676.5
   20.0  26380  -51.1                         275     13  679.0         679.0
   19.0  26711  -52.0                         250      7  686.3         686.3
   18.0  27059  -52.9                         180     10  694.1         694.1
   16.0  27818  -54.9                         135     20  711.3         711.3
   14.0  28681  -52.4                          85     32  747.4         747.4
   13.0  29160  -51.0                          70     50  768.2         768.2
   12.1  29624  -49.7                                     788.8         788.8
</PRE><H3>Station information and sounding indices</H3><PRE>
                         Station identifier: WIII
                             Station number: 96749
                           Observation time: 190621/0000
                           Station latitude: -6.11
                          Station longitude: 106.65
                          Station elevation: 8.0
                            Showalter index: 7.66
                               Lifted index: 0.77
    LIFT computed using virtual temperature: 0.40
                                SWEAT index: 111.40
                                    K index: 2.70
                         Cross totals index: 12.50
                      Vertical totals index: 21.50
                        Totals totals index: 34.00
      Convective Available Potential Energy: 0.00
             CAPE using virtual temperature: 18.16
                      Convective Inhibition: -247.70
             CINS using virtual temperature: -30.46
                           Equilibrum Level: 591.74
 Equilibrum Level using virtual temperature: 459.84
                   Level of Free Convection: 592.01
             LFCT using virtual temperature: 852.01
                     Bulk Richardson Number: 0.00
          Bulk Richardson Number using CAPV: 4.70
  Temp [K] of the Lifted Condensation Level: 292.71
Pres [hPa] of the Lifted Condensation Level: 930.46
   Equivalent potential temp [K] of the LCL: 344.55
     Mean mixed layer potential temperature: 298.83
              Mean mixed layer mixing ratio: 15.68
              1000 hPa to 500 hPa thickness: 5774.00
Precipitable water [mm] for entire sounding: 34.31
</PRE>
<P>Description of the 
<A HREF="/upperair/columns.html">data columns</A>
or <A HREF="/upperair/indices.html">sounding indices</A>.

<P>
<FORM>
<INPUT CLASS="button" TYPE="button" VALUE=" Close this window " 
 onClick="window.close();">
<INPUT CLASS="button" TYPE="button" VALUE=" Select another map " 
 onClick="window.blur();">
</FORM>
<HR SIZE="1">
<I>Interested in graduate studies in atmospheric science?
Check out our program at the
<a href="http://www.uwyo.edu/atsc/howtoapply/"
target=_top>University of Wyoming
</a></I>
<HR SIZE="1"><FONT SIZE="-1">
Questions about the weather data provided by this site can be
addressed to <A HREF="mailto:ldoolman@uwyo.edu">
Larry Oolman (ldoolman@uwyo.edu)</A></FONT>
<HR SIZE="1">
<SCRIPT TYPE="text/javascript">
<!--
window.focus();
// -->
</SCRIPT>
</BODY>
</HTML>
