2016-06-20 00
<HTML>
<TITLE>University of Wyoming - Radiosonde Data</TITLE>
<BODY BGCOLOR="white">
<H2>96749 WIII Jakarta Observations at 00Z 20 Jun 2016</H2>
<PRE>
-----------------------------------------------------------------------------
   PRES   HGHT   TEMP   DWPT   RELH   MIXR   DRCT   SKNT   THTA   THTE   THTV
    hPa     m      C      C      %    g/kg    deg   knot     K      K      K 
-----------------------------------------------------------------------------
 1008.0      8   25.6   23.2     87  18.13    170      4  298.1  350.9  301.3
 1000.0     78   26.0   23.2     85  18.28    165      8  299.1  352.7  302.4
  988.0    185   26.2   22.3     79  17.50    139      7  300.4  351.9  303.5
  943.0    594   23.4   20.4     83  16.26     40      5  301.6  349.7  304.6
  939.0    631   23.2   20.2     83  16.15     36      5  301.7  349.5  304.6
  925.0    762   22.6   17.6     73  13.88     20      6  302.4  343.7  304.9
  913.0    876   22.0   15.0     64  11.88     18      6  302.9  338.4  305.1
  878.0   1217   19.4   16.3     82  13.46     11      5  303.6  343.8  306.1
  859.0   1407   18.8   11.8     64  10.22      7      4  304.9  335.8  306.8
  851.0   1488   18.0   14.8     82  12.59      5      4  304.9  342.7  307.2
  850.0   1498   17.8   14.8     83  12.61      5      4  304.8  342.7  307.1
  823.0   1774   17.4   11.4     68  10.39    302      4  307.2  338.9  309.1
  820.0   1805   17.2   11.2     68  10.31    295      4  307.3  338.7  309.2
  792.0   2097   15.2    9.6     69   9.58    235      5  308.3  337.7  310.1
  764.0   2400   13.2    8.0     70   8.87    265     11  309.3  336.7  310.9
  721.0   2888   10.0    5.3     73   7.80    269      9  310.9  335.2  312.4
  711.0   3004    9.5    4.7     72   7.58    270      8  311.6  335.4  313.0
  700.0   3133    9.0    4.0     71   7.33    260     10  312.4  335.5  313.8
  675.0   3435    8.0    3.0     71   7.08    242      8  314.6  337.1  315.9
  644.0   3821    4.4    1.6     82   6.72    220      6  314.7  336.1  316.0
  638.0   3897    4.0    1.4     83   6.66    215      5  315.1  336.4  316.4
  615.0   4195    2.4    0.4     87   6.46    220      3  316.6  337.4  317.8
  592.0   4504    0.7   -0.6     91   6.24    105      2  318.1  338.4  319.4
  582.0   4642    0.0   -1.0     93   6.15    107      3  318.8  338.8  320.0
  571.0   4794   -0.8   -2.0     91   5.83    110      5  319.7  338.7  320.8
  549.0   5108   -2.3   -4.0     88   5.21     85     18  321.4  338.6  322.4
  528.0   5419   -3.9   -6.0     85   4.65     87     24  323.1  338.7  324.1
  512.0   5663   -3.7   -9.7     63   3.60     89     29  326.2  338.6  327.0
  500.0   5850   -4.5  -11.5     58   3.19     90     33  327.5  338.5  328.1
  473.0   6284   -6.9  -19.9     35   1.68     98     33  329.8  335.8  330.1
  455.0   6585   -8.9  -18.9     44   1.90    104     34  330.9  337.8  331.3
  446.0   6740  -10.1  -16.1     61   2.45    107     34  331.3  340.1  331.8
  437.0   6895  -11.0  -16.8     62   2.37    110     34  332.1  340.6  332.6
  400.0   7570  -14.7  -19.7     66   2.02     95     17  335.8  343.2  336.2
  383.0   7898  -16.9  -22.9     60   1.59     89     17  337.1  343.0  337.4
  358.0   8394  -20.5  -26.5     59   1.23     80     17  338.8  343.5  339.0
  330.0   8992  -24.9  -30.9     57   0.89    100     18  340.8  344.2  340.9
  303.0   9619  -29.5  -35.5     56   0.62     73     15  342.7  345.2  342.8
  300.0   9690  -30.1  -36.1     56   0.59     70     15  342.8  345.2  343.0
  256.0  10797  -39.4  -43.1     68   0.33     45     16  344.9  346.3  345.0
  254.0  10852  -39.9  -43.4     69   0.32     45     16  345.0  346.4  345.1
  250.0  10960  -40.9                          45     17  345.1         345.1
  200.0  12440  -53.1                          45     35  348.5         348.5
  150.0  14220  -68.7                          40     59  351.6         351.6
  143.0  14503  -71.1                          41     61  352.2         352.2
  118.0  15597  -78.0                          45     67  359.4         359.4
  100.0  16540  -83.9                          75     58  365.4         365.4
   99.2  16585  -84.3                          75     59  365.4         365.4
   96.0  16766  -84.1                          70     53  369.3         369.3
   91.2  17058  -75.3                          84     24  392.2         392.2
   91.0  17070  -75.3                          85     23  392.4         392.4
   86.0  17398  -75.8                         115     23  397.7         397.7
   78.3  17940  -76.7                          91     32  406.7         406.7
   78.0  17963  -76.1                          90     32  408.5         408.5
   76.4  18084  -72.7                          80     26  417.9         417.9
   74.0  18272  -72.3                          65     18  422.7         422.7
   70.0  18600  -71.5                          70     14  431.1         431.1
   69.4  18651  -70.9                          71     16  433.4         433.4
   67.0  18858  -72.1                          75     22  435.2         435.2
   65.9  18956  -72.7                          82     21  436.0         436.0
   63.3  19194  -68.7                          98     20  449.8         449.8
   63.0  19223  -68.7                         100     20  450.4         450.4
   60.0  19514  -69.1                          75     23  455.9         455.9
   57.9  19727  -69.3                          87     26  460.1         460.1
   54.0  20146  -66.8                         110     32  475.0         475.0
   53.5  20201  -66.5                         115     33  477.1         477.1
   52.0  20373  -66.8                         130     36  480.4         480.4
   50.0  20610  -67.1                         120     35  484.9         484.9
   48.2  20831  -67.5                         114     36  489.1         489.1
   44.1  21368  -66.5                          99     39  504.1         504.1
   43.0  21523  -65.2                          95     40  511.0         511.0
   39.0  22123  -60.1                          90      8  538.3         538.3
   37.5  22369  -58.5                          27      7  548.5         548.5
   37.0  22452  -59.0                           5      6  549.3         549.3
   34.1  22961  -62.1                           1     14  554.1         554.1
   33.1  23145  -62.9                           0     17  556.7         556.7
   33.0  23163  -62.5                           0     17  558.2         558.2
   32.0  23355  -58.5                         320     21  573.9         573.9
   30.0  23760  -59.1                         285     31  582.9         582.9
   28.0  24191  -60.5                         280     31  590.7         590.7
   26.0  24655  -58.3                         275     31  609.5         609.5
   25.3  24826  -57.5                                     616.6         616.6
</PRE><H3>Station information and sounding indices</H3><PRE>
                         Station identifier: WIII
                             Station number: 96749
                           Observation time: 160620/0000
                           Station latitude: -6.11
                          Station longitude: 106.65
                          Station elevation: 8.0
                            Showalter index: 1.32
                               Lifted index: -1.92
    LIFT computed using virtual temperature: -2.44
                                SWEAT index: 218.61
                                    K index: 32.10
                         Cross totals index: 19.30
                      Vertical totals index: 22.30
                        Totals totals index: 41.60
      Convective Available Potential Energy: 966.21
             CAPE using virtual temperature: 1107.60
                      Convective Inhibition: -31.60
             CINS using virtual temperature: -15.87
                           Equilibrum Level: 157.61
 Equilibrum Level using virtual temperature: 155.72
                   Level of Free Convection: 850.88
             LFCT using virtual temperature: 884.97
                     Bulk Richardson Number: 468.38
          Bulk Richardson Number using CAPV: 536.91
  Temp [K] of the Lifted Condensation Level: 294.38
Pres [hPa] of the Lifted Condensation Level: 932.73
   Equivalent potential temp [K] of the LCL: 351.33
     Mean mixed layer potential temperature: 300.31
              Mean mixed layer mixing ratio: 17.37
              1000 hPa to 500 hPa thickness: 5772.00
Precipitable water [mm] for entire sounding: 53.71
</PRE>
<P>Description of the 
<A HREF="/upperair/columns.html">data columns</A>
or <A HREF="/upperair/indices.html">sounding indices</A>.

<P>
<FORM>
<INPUT CLASS="button" TYPE="button" VALUE=" Close this window " 
 onClick="window.close();">
<INPUT CLASS="button" TYPE="button" VALUE=" Select another map " 
 onClick="window.blur();">
</FORM>
<HR SIZE="1">
<I>Interested in graduate studies in atmospheric science?
Check out our program at the
<a href="http://www.uwyo.edu/atsc/howtoapply/"
target=_top>University of Wyoming
</a></I>
<HR SIZE="1"><FONT SIZE="-1">
Questions about the weather data provided by this site can be
addressed to <A HREF="mailto:ldoolman@uwyo.edu">
Larry Oolman (ldoolman@uwyo.edu)</A></FONT>
<HR SIZE="1">
<SCRIPT TYPE="text/javascript">
<!--
window.focus();
// -->
</SCRIPT>
</BODY>
</HTML>
