2021-12-17 00
<HTML>
<TITLE>University of Wyoming - Radiosonde Data</TITLE>
<BODY BGCOLOR="white">
<H2>96749 WIII Jakarta Observations at 00Z 17 Dec 2021</H2>
<PRE>
-----------------------------------------------------------------------------
   PRES   HGHT   TEMP   DWPT   RELH   MIXR   DRCT   SKNT   THTA   THTE   THTV
    hPa     m      C      C      %    g/kg    deg   knot     K      K      K 
-----------------------------------------------------------------------------
 1008.0      8   25.4   23.9     91  18.94    190      2  297.9  353.1  301.2
 1000.0     78   25.4   23.0     87  18.05    205      4  298.6  351.3  301.8
  980.0    258   26.2   21.6     76  16.88    221      6  301.1  351.0  304.1
  975.0    303   25.8   21.5     77  16.89    225      6  301.1  351.0  304.2
  943.0    598   23.4   21.0     86  16.91      0      1  301.6  351.6  304.6
  925.0    768   22.0   20.7     92  16.92     35      2  301.8  351.9  304.9
  915.0    862   21.4   19.9     91  16.27     14      2  302.1  350.4  305.1
  911.0    900   21.3   19.7     91  16.09      5      2  302.4  350.1  305.3
  880.0   1199   20.1   17.8     86  14.78    135      6  304.2  348.4  306.9
  850.0   1499   19.0   15.9     82  13.55    245      2  306.0  346.9  308.5
  820.0   1804   17.4   14.3     82  12.63      0      4  307.6  346.0  309.9
  792.0   2099   16.0   12.7     81  11.79      0      1  309.0  345.1  311.2
  765.0   2393   14.5   11.1     80  10.99    265      3  310.5  344.4  312.6
  712.0   3002   11.4    7.9     79   9.47    150      3  313.5  343.2  315.3
  709.0   3038   11.2    7.7     79   9.39    150      4  313.7  343.1  315.5
  700.0   3145   10.8    7.0     77   9.06    150      6  314.4  342.9  316.1
  689.0   3278   11.0    4.0     62   7.45    150      7  316.1  339.9  317.5
  663.0   3598    8.3    4.4     76   7.95    150      8  316.5  341.9  318.1
  660.0   3635    8.0    4.4     78   8.01    154      8  316.6  342.1  318.1
  623.0   4111    6.0   -2.0     56   5.33    205      7  319.6  337.1  320.6
  616.0   4204    5.1    0.6     73   6.54    215      7  319.6  340.9  320.9
  615.0   4217    5.0    1.0     75   6.74    214      7  319.6  341.5  320.9
  561.0   4962    0.0   -2.0     86   5.93    181      4  322.2  341.7  323.4
  551.0   5106   -0.6   -3.1     83   5.56    175      4  323.2  341.6  324.3
  531.0   5401   -1.8   -5.3     77   4.88    195      5  325.2  341.6  326.1
  513.0   5677   -2.9   -7.4     71   4.30    119      4  327.0  341.7  327.9
  511.0   5708   -3.1   -7.3     73   4.35    110      4  327.1  341.9  328.0
  500.0   5880   -4.5   -6.8     84   4.62    120      4  327.5  343.2  328.4
  498.0   5911   -4.7   -6.9     85   4.60    120      4  327.6  343.3  328.5
  495.0   5959   -4.7   -9.5     69   3.78    120      4  328.2  341.2  328.9
  492.0   6006   -5.1   -8.2     78   4.20    120      4  328.3  342.7  329.1
  490.0   6038   -5.3   -7.4     85   4.50    116      4  328.4  343.8  329.3
  456.0   6597   -8.3  -10.7     83   3.73     40      2  331.4  344.4  332.2
  452.0   6666   -8.7  -11.1     83   3.65     51      2  331.8  344.5  332.5
  438.0   6908   -9.8  -15.6     63   2.61     90      4  333.4  342.7  333.9
  437.0   6926   -9.9  -15.9     62   2.55     89      4  333.5  342.6  334.0
  427.0   7103  -11.1  -14.8     74   2.86     80      5  334.2  344.4  334.8
  400.0   7600  -13.9  -20.9     55   1.82     55      7  336.8  343.6  337.2
  396.0   7676  -14.3  -21.3     55   1.77     53      7  337.3  343.9  337.6
  390.0   7791  -15.1  -22.1     55   1.69     50      8  337.8  344.1  338.1
  365.0   8288  -18.3  -25.3     54   1.35     54      7  339.9  345.0  340.2
  358.0   8432  -19.5  -24.0     67   1.55     55      6  340.2  346.0  340.5
  353.0   8537  -20.3  -23.9     73   1.58     56      6  340.5  346.4  340.8
  346.0   8685  -20.9  -28.9     49   1.02     57      6  341.6  345.6  341.8
  331.0   9008  -23.3  -31.3     48   0.85     60      5  342.6  346.0  342.8
  311.0   9462  -26.7  -34.7     47   0.65     79      7  344.1  346.7  344.2
  305.0   9602  -28.0  -34.9     52   0.65     85      7  344.2  346.8  344.3
  300.0   9720  -29.1  -35.1     56   0.65     75      7  344.2  346.9  344.4
  284.0  10110  -32.1  -35.0     75   0.69     57      7  345.4  348.2  345.5
  250.0  11000  -39.1  -43.2     65   0.34     15      7  347.8  349.2  347.9
  247.0  11082  -39.8  -43.8     65   0.32     15      7  347.9  349.3  348.0
  236.0  11389  -42.5  -46.2     67   0.26    355      9  348.4  349.6  348.5
  226.0  11682  -45.0  -48.4     69   0.21    335     12  348.9  349.8  348.9
  219.0  11894  -46.9  -50.0     70   0.18    339     12  349.2  350.0  349.2
  205.0  12329  -50.5  -57.5     43   0.08    347     13  350.2  350.5  350.2
  200.0  12490  -51.9  -58.9     43   0.07    350     13  350.4  350.7  350.4
  197.0  12587  -52.8  -59.5     44   0.06    355     14  350.5  350.8  350.5
  188.0  12887  -55.7  -61.3     49   0.05      5     11  350.6  350.9  350.6
  183.0  13060  -57.3  -62.3     53   0.05      8     10  350.7  350.9  350.7
  179.0  13196  -58.4  -63.6     51   0.04     10     10  351.1  351.2  351.1
  171.0  13479  -60.7  -66.4     47   0.03     35     12  351.9  352.0  351.9
  163.0  13776  -63.1  -69.3     43   0.02     55     11  352.7  352.8  352.7
  150.0  14290  -67.3  -74.3     36   0.01     60     16  354.0  354.0  354.0
  133.0  14995  -73.3  -81.3     29   0.00     55     28  355.6  355.6  355.6
  118.0  15696  -79.3  -88.3     22   0.00     51     47  357.0  357.0  357.0
  114.0  15892  -79.8  -91.0     14   0.00     50     52  359.7  359.7  359.7
  111.0  16043  -80.1  -93.1     10   0.00     52     44  361.8  361.8  361.8
  102.0  16519  -82.0  -92.6     15   0.00     60     17  366.9  366.9  366.9
  100.0  16630  -82.5  -92.5     17   0.00     60     12  368.1  368.1  368.1
   97.0  16797  -83.8  -93.8     17   0.00     90      6  368.8  368.9  368.8
   92.0  17088  -86.0  -96.0     16   0.00    100     12  370.1  370.1  370.1
   87.8  17344  -87.9  -97.9     15   0.00     90     17  371.2  371.2  371.2
   78.3  17971  -83.3  -93.3     17   0.00     56     13  393.1  393.1  393.1
   78.0  17993  -83.4  -93.4     17   0.00     55     13  393.3  393.3  393.3
   75.3  18187  -84.3  -94.3     16   0.00     83     15  395.4  395.4  395.4
   73.7  18307  -81.7  -92.7     14   0.00    100     16  403.3  403.3  403.3
   73.1  18353  -78.1  -91.1     11   0.00    106     16  411.9  411.9  411.9
   70.0  18600  -77.7  -89.7     13   0.00    140     18  417.8  417.9  417.8
   68.0  18765  -78.3  -90.3     13   0.00    113     16  420.0  420.0  420.0
   66.0  18937  -74.3  -89.9      8   0.00     85     13  432.3  432.3  432.3
   65.2  19008  -72.7  -89.7      6   0.00     76     12  437.3  437.3  437.3
   63.0  19210  -71.8  -90.7      4   0.00     50     11  443.6  443.7  443.6
   60.0  19498  -70.5  -92.2      3   0.00      0     14  452.8  452.8  452.8
   57.0  19801  -69.1  -93.7      2   0.00    335     15  462.6  462.6  462.6
   56.6  19843  -68.9  -93.9      2   0.00    334     14  464.0  464.0  464.0
   54.0  20122  -69.3  -96.5      1   0.00    330      6  469.4  469.4  469.4
   52.0  20347  -69.6  -98.7      1   0.00     10      3  473.8  473.8  473.8
   50.0  20580  -69.9 -100.9      0   0.00     75      5  478.4  478.4  478.4
   49.0  20700  -70.2 -101.2      0   0.00     95     10  480.4  480.4  480.4
   47.4  20897  -70.7 -101.7      0   0.00     95     17  483.8  483.8  483.8
   44.4  21290  -65.3  -97.3      1   0.00     95     32  506.1  506.1  506.1
   44.0  21345  -65.3  -97.3      1   0.00     95     34  507.5  507.5  507.5
   42.2  21600  -65.1  -97.1      1   0.00     95     40  514.0  514.0  514.0
   40.3  21883  -61.3  -94.3      1   0.00     95     47  530.3  530.3  530.3
   40.0  21929  -61.2  -94.3      1   0.00     95     48  531.6  531.6  531.6
   37.0  22415  -60.3  -93.9      1   0.00     90     60  545.9  545.9  545.9
   35.0  22761  -59.7  -93.7      0   0.00     80     60  556.3  556.3  556.3
   33.0  23127  -61.5  -94.7      1   0.00     70     61  560.9  560.9  560.9
   32.6  23203  -61.9  -94.9      1   0.00     74     60  561.8  561.8  561.8
   30.0  23720  -59.5  -92.5      1   0.00    100     52  581.9  581.9  581.9
   23.0  25417  -52.6  -80.1      2   0.03     95     67  647.9  648.2  647.9
   22.0  25701  -51.5  -78.0      3   0.04     95     70  659.6  660.0  659.6
   21.5  25848  -50.9  -76.9      3   0.05     93     70  665.7  666.2  665.7
   20.0  26320  -50.3  -76.3      3   0.06     85     70  681.5  682.0  681.5
   19.0  26656  -50.0  -75.5      3   0.07     85     70  692.6  693.3  692.6
   18.9  26690  -49.9  -75.5      3   0.07     85     70  693.7  694.4  693.7
   18.0  27010  -49.6  -74.7      4   0.08     90     67  704.5  705.3  704.5
   17.0  27384  -49.2  -73.9      4   0.10     85     62  717.3  718.3  717.3
   16.0  27781  -48.8  -73.0      4   0.12     80     46  731.1  732.4  731.2
   15.7  27905  -48.7  -72.7      4   0.13                735.5  736.9  735.5
</PRE><H3>Station information and sounding indices</H3><PRE>
                         Station identifier: WIII
                             Station number: 96749
                           Observation time: 211217/0000
                           Station latitude: -6.11
                          Station longitude: 106.65
                          Station elevation: 8.0
                            Showalter index: -0.32
                               Lifted index: -1.88
    LIFT computed using virtual temperature: -2.17
                                SWEAT index: 198.80
                                    K index: 35.60
                         Cross totals index: 20.40
                      Vertical totals index: 23.50
                        Totals totals index: 43.90
      Convective Available Potential Energy: 385.33
             CAPE using virtual temperature: 469.38
                      Convective Inhibition: -59.73
             CINS using virtual temperature: -39.81
                           Equilibrum Level: 181.31
 Equilibrum Level using virtual temperature: 181.13
                   Level of Free Convection: 719.83
             LFCT using virtual temperature: 769.91
                     Bulk Richardson Number: 406.84
          Bulk Richardson Number using CAPV: 495.58
  Temp [K] of the Lifted Condensation Level: 294.34
Pres [hPa] of the Lifted Condensation Level: 932.43
   Equivalent potential temp [K] of the LCL: 351.22
     Mean mixed layer potential temperature: 300.30
              Mean mixed layer mixing ratio: 17.33
              1000 hPa to 500 hPa thickness: 5802.00
Precipitable water [mm] for entire sounding: 61.23
</PRE>
<P>Description of the 
<A HREF="/upperair/columns.html">data columns</A>
or <A HREF="/upperair/indices.html">sounding indices</A>.

<P>
<FORM>
<INPUT CLASS="button" TYPE="button" VALUE=" Close this window " 
 onClick="window.close();">
<INPUT CLASS="button" TYPE="button" VALUE=" Select another map " 
 onClick="window.blur();">
</FORM>
<HR SIZE="1">
<I>Interested in graduate studies in atmospheric science?
Check out our program at the
<a href="http://www.uwyo.edu/atsc/howtoapply/"
target=_top>University of Wyoming
</a></I>
<HR SIZE="1"><FONT SIZE="-1">
Questions about the weather data provided by this site can be
addressed to <A HREF="mailto:ldoolman@uwyo.edu">
Larry Oolman (ldoolman@uwyo.edu)</A></FONT>
<HR SIZE="1">
<SCRIPT TYPE="text/javascript">
<!--
window.focus();
// -->
</SCRIPT>
</BODY>
</HTML>
