2022-12-12 12
<HTML>
<TITLE>University of Wyoming - Radiosonde Data</TITLE>
<BODY BGCOLOR="white">
<H2>96749 WIII Jakarta Observations at 00Z 12 Dec 2022</H2>
<PRE>
-----------------------------------------------------------------------------
   PRES   HGHT   TEMP   DWPT   RELH   MIXR   DRCT   SKNT   THTA   THTE   THTV
    hPa     m      C      C      %    g/kg    deg   knot     K      K      K 
-----------------------------------------------------------------------------
 1009.0      8   25.6   22.2     82  17.02    220      5  298.0  347.6  301.0
 1000.0     84   25.2   22.1     83  17.07    195      9  298.4  348.2  301.4
  976.0    299   23.4   21.4     89  16.74    235     14  298.6  347.5  301.6
  966.0    390   24.8   20.2     76  15.69    232     15  300.9  347.2  303.7
  925.0    772   22.4   17.6     74  13.88    220     21  302.2  343.4  304.7
  885.0   1154   19.6   16.4     82  13.44    210     16  303.1  343.2  305.6
  871.0   1291   19.8   12.8     64  10.77    206     14  304.7  337.2  306.7
  850.0   1501   19.4   14.4     73  12.28    200     11  306.4  343.6  308.7
  821.0   1799   18.0   13.0     73  11.59    120      2  308.0  343.4  310.2
  813.0   1883   17.6   12.6     72  11.40    105      2  308.5  343.3  310.6
  792.0   2103   15.9   11.8     77  11.07     65      2  309.0  342.9  311.0
  765.0   2396   13.6   10.7     82  10.65    350      2  309.6  342.4  311.6
  728.0   2814   10.4    9.1     92  10.06    305      4  310.5  341.6  312.4
  712.0   2999    9.7    7.3     85   9.12    285      5  311.7  340.1  313.4
  700.0   3140    9.2    6.0     80   8.45    255      3  312.6  339.1  314.2
  674.0   3454    7.2    5.4     88   8.41    222      4  313.8  340.3  315.4
  654.0   3702    6.2   -0.8     61   5.55    195      5  315.4  333.3  316.4
  645.0   3815    5.8   -2.2     56   5.07    183      6  316.2  332.6  317.1
  640.0   3879    5.2    0.9     74   6.42    176      6  316.2  336.8  317.4
  639.0   3892    5.1    0.9     74   6.42    175      6  316.3  336.9  317.5
  596.0   4459    1.8   -0.9     82   6.05    180      7  318.8  338.4  319.9
  593.0   4500    1.6   -2.2     76   5.52    180      7  319.0  337.0  320.1
  587.0   4582    1.2   -4.8     64   4.59    176      7  319.4  334.6  320.3
  571.0   4804    0.2   -4.1     73   4.97    167      7  320.8  337.2  321.8
  563.0   4917    0.0   -6.0     64   4.36    162      7  321.9  336.4  322.7
  560.0   4960   -0.5   -4.6     74   4.88    160      8  321.8  338.0  322.7
  552.0   5075   -0.9   -5.8     69   4.52    154      8  322.6  337.7  323.5
  548.0   5133   -1.5   -8.5     59   3.69    152      8  322.6  335.1  323.3
  547.0   5148   -1.5  -11.5     46   2.92    151      8  322.8  332.7  323.3
  545.0   5177   -1.5  -11.5     46   2.93    150      8  323.1  333.1  323.7
  544.0   5192   -1.7   -7.7     64   3.96    149      8  323.0  336.4  323.8
  543.0   5207   -1.9   -9.9     54   3.34    149      8  322.9  334.3  323.6
  542.0   5221   -1.7  -12.7     43   2.67    148      8  323.4  332.6  323.9
  540.0   5251   -1.7  -10.7     50   3.15    147      8  323.7  334.5  324.3
  531.0   5384   -2.5   -8.5     63   3.81    141      8  324.3  337.2  325.1
  530.0   5399   -2.5   -9.5     59   3.52    140      8  324.4  336.4  325.1
  526.0   5460   -2.7  -13.7     43   2.54    137      9  324.9  333.8  325.4
  515.0   5627   -4.1  -11.1     58   3.20    129     12  325.2  336.2  325.9
  510.0   5704   -4.4  -12.8     52   2.81    125     13  325.8  335.5  326.3
  508.0   5735   -4.5  -13.5     49   2.67    125     12  326.0  335.3  326.5
  505.0   5782   -4.7  -16.7     39   2.06    125     12  326.3  333.6  326.7
  502.0   5829   -4.5  -30.5     11   0.61    125     11  327.1  329.4  327.2
  500.0   5860   -4.5  -35.5      7   0.37    125     10  327.5  328.9  327.6
  497.0   5907   -5.1  -20.1     30   1.57    122      9  327.3  333.0  327.6
  491.0   6003   -5.7  -20.3     31   1.57    115      8  327.8  333.4  328.1
  482.0   6148   -6.5  -20.5     32   1.56    120     10  328.5  334.1  328.8
  474.0   6279   -7.3  -15.3     53   2.47    124     13  329.1  337.8  329.6
  473.0   6296   -7.4  -15.3     53   2.48    125     13  329.1  337.9  329.6
  458.0   6547   -8.9  -14.9     62   2.64    115     13  330.3  339.6  330.8
  455.0   6598   -9.3  -16.3     57   2.37    113     13  330.4  338.8  330.9
  449.0   6701   -9.1  -21.1     37   1.59    109     12  331.9  337.8  332.2
  418.0   7253  -11.9  -42.9      6   0.21     88     12  335.2  336.1  335.2
  400.0   7590  -13.7  -48.7      3   0.11     75     11  337.1  337.6  337.1
  389.0   7800  -15.3  -44.7      6   0.18     75     14  337.7  338.5  337.7
  373.0   8117  -17.7  -38.7     14   0.36     72     13  338.6  340.1  338.7
  365.0   8279  -19.1  -31.1     34   0.79     71     12  338.8  341.9  339.0
  359.0   8402  -19.9  -33.8     28   0.62     70     12  339.4  341.8  339.5
  346.0   8675  -21.7  -39.7     18   0.35     47     14  340.5  342.0  340.6
  345.0   8696  -21.9  -39.8     18   0.35     45     14  340.6  342.0  340.7
  300.0   9710  -29.5  -43.5     24   0.27     40     19  343.7  344.8  343.7
  292.0   9898  -31.1  -45.1     24   0.23     45     17  344.0  345.0  344.1
  250.0  10980  -40.5  -54.5     21   0.09     85     11  345.7  346.1  345.7
  243.0  11173  -41.9  -53.9     26   0.10     85     16  346.4  346.9  346.5
  235.0  11398  -43.3  -59.8     15   0.05     85     21  347.6  347.9  347.6
  234.0  11427  -43.5  -60.5     14   0.05     85     21  347.8  348.0  347.8
  222.0  11778  -46.5  -56.5     31   0.08     81     26  348.4  348.8  348.4
  211.0  12113  -49.7  -64.7     16   0.03     77     30  348.5  348.7  348.5
  205.0  12300  -51.3  -65.2     17   0.03     75     32  348.9  349.0  348.9
  200.0  12460  -52.7  -65.7     19   0.03     75     32  349.1  349.3  349.2
  182.0  13062  -58.3  -65.3     40   0.03     72     32  349.6  349.7  349.6
  150.0  14250  -68.9  -75.9     36   0.01     65     31  351.2  351.2  351.2
  149.0  14290  -69.3  -75.3     41   0.01     66     31  351.2  351.2  351.2
  132.0  14979  -74.5  -80.5     39   0.00     75     30  354.2  354.3  354.2
  101.0  16503  -86.1  -92.1     34   0.00     80     43  360.2  360.2  360.2
  100.0  16560  -86.5  -92.5     34   0.00     80     43  360.4  360.4  360.4
   96.0  16781  -87.5  -93.1     36   0.00     80     51  362.7  362.7  362.7
   91.0  17071  -88.7  -93.8     39   0.00     70     52  365.8  365.8  365.8
   90.4  17107  -88.9  -93.9     39   0.00     70     52  366.1  366.1  366.1
   89.0  17192  -85.7  -93.7     23   0.00     70     45  374.2  374.2  374.2
   86.1  17377  -78.7  -90.7     13   0.00     70     31  391.8  391.8  391.8
   86.0  17384  -78.6  -90.7     13   0.00     70     31  392.1  392.1  392.1
   82.0  17658  -75.9  -88.4     13   0.00    110     10  403.1  403.1  403.1
   78.7  17895  -73.5  -86.5     12   0.00     90      7  412.8  412.8  412.8
   77.0  18022  -74.0  -87.0     12   0.00     80      6  414.4  414.4  414.4
   74.0  18253  -74.8  -87.8     12   0.00    295      2  417.3  417.4  417.3
   73.7  18277  -74.9  -87.9     12   0.00    297      2  417.6  417.6  417.6
   70.9  18504  -70.3  -88.3      6   0.00    314      3  432.1  432.1  432.1
   70.0  18580  -69.5  -87.5      6   0.00    320      3  435.4  435.4  435.4
   66.0  18934  -66.9  -88.0      4   0.00    165     11  448.5  448.5  448.5
   64.9  19036  -66.1  -88.1      3   0.00    169     11  452.3  452.3  452.3
   60.0  19511  -67.0  -91.1      2   0.00    190     13  460.6  460.6  460.6
   58.2  19695  -67.3  -92.3      2   0.00    172     17  463.9  463.9  463.9
   57.0  19822  -66.8  -92.8      2   0.00    160     19  467.8  467.8  467.8
   55.0  20039  -66.0  -93.6      1   0.00     90      9  474.5  474.6  474.5
   52.0  20380  -64.6  -95.0      1   0.00    335      9  485.3  485.3  485.3
   51.3  20463  -64.3  -95.3      1   0.00    318     12  487.9  487.9  487.9
   50.0  20620  -64.5  -94.5      1   0.00    285     19  491.1  491.1  491.1
   49.0  20743  -64.6  -94.9      1   0.00    280     20  493.8  493.8  493.8
   45.0  21262  -64.8  -96.4      1   0.00    260     15  505.3  505.3  505.3
   43.8  21427  -64.9  -96.9      1   0.00    266     12  509.0  509.0  509.0
   43.0  21541  -64.2  -96.4      1   0.00    270     10  513.5  513.5  513.5
   41.0  21837  -62.3  -95.0      1   0.00    235      9  525.2  525.2  525.2
   39.0  22147  -60.3  -93.6      1   0.00    170      3  537.7  537.8  537.7
   36.3  22592  -57.5  -91.5      1   0.00    250      4  556.2  556.2  556.2
   35.0  22823  -57.1  -91.3      1   0.00    290      4  563.1  563.1  563.1
   34.0  23007  -56.7  -91.1      1   0.00    260     16  568.6  568.7  568.6
   32.0  23391  -56.0  -90.7      1   0.00    255      8  580.5  580.5  580.5
   30.0  23800  -55.3  -90.3      1   0.00    270     15  593.3  593.3  593.3
   29.0  24015  -55.8  -90.6      1   0.00    280     14  597.7  597.7  597.7
   27.0  24469  -56.9  -91.2      1   0.00    285     16  607.0  607.0  607.0
   25.9  24733  -57.5  -91.5      1   0.00    262     16  612.5  612.5  612.5
   24.0  25218  -56.3  -90.6      1   0.00    220     17  629.4  629.4  629.4
   22.0  25773  -55.0  -89.6      1   0.01    205     12  649.2  649.3  649.2
   21.0  26069  -54.2  -89.1      1   0.01    160      8  660.1  660.2  660.1
   20.0  26380  -53.5  -88.5      1   0.01    160     15  671.7  671.8  671.7
   19.0  26712  -52.9  -88.1      1   0.01    135     13  683.6  683.7  683.6
   18.0  27061  -52.2  -87.7      1   0.01    145      7  696.3  696.4  696.3
   17.0  27431  -51.5  -87.3      1   0.01    110      7  710.1  710.2  710.1
   16.5  27624  -51.1  -87.1      1   0.01    115      7  717.4  717.5  717.4
   16.0  27823  -51.2  -87.2      1   0.01    120      7  723.4  723.5  723.4
   15.0  28242  -51.4  -87.4      1   0.01    260      3  736.2  736.3  736.2
   14.0  28690  -51.6  -87.6      1   0.01    160      4  750.1  750.3  750.1
   13.6  28878  -51.7  -87.7      1   0.01                756.0  756.2  756.1
</PRE><H3>Station information and sounding indices</H3><PRE>
                         Station identifier: WIII
                             Station number: 96749
                           Observation time: 221212/0000
                           Station latitude: -6.11
                          Station longitude: 106.65
                          Station elevation: 8.0
                            Showalter index: 0.94
                               Lifted index: -0.50
    LIFT computed using virtual temperature: -1.37
                                SWEAT index: 204.79
                                    K index: 35.10
                         Cross totals index: 18.90
                      Vertical totals index: 23.90
                        Totals totals index: 42.80
      Convective Available Potential Energy: 153.27
             CAPE using virtual temperature: 235.64
                      Convective Inhibition: -120.76
             CINS using virtual temperature: -94.56
                           Equilibrum Level: 364.22
 Equilibrum Level using virtual temperature: 341.49
                   Level of Free Convection: 750.66
             LFCT using virtual temperature: 759.35
                     Bulk Richardson Number: 27.09
          Bulk Richardson Number using CAPV: 41.64
  Temp [K] of the Lifted Condensation Level: 293.56
Pres [hPa] of the Lifted Condensation Level: 935.02
   Equivalent potential temp [K] of the LCL: 347.38
     Mean mixed layer potential temperature: 299.27
              Mean mixed layer mixing ratio: 16.46
              1000 hPa to 500 hPa thickness: 5776.00
Precipitable water [mm] for entire sounding: 52.55
</PRE>
<P>Description of the 
<A HREF="/upperair/columns.html">data columns</A>
or <A HREF="/upperair/indices.html">sounding indices</A>.

<P>
<FORM>
<INPUT CLASS="button" TYPE="button" VALUE=" Close this window " 
 onClick="window.close();">
<INPUT CLASS="button" TYPE="button" VALUE=" Select another map " 
 onClick="window.blur();">
</FORM>
<HR SIZE="1">
<I>Interested in graduate studies in atmospheric science?
Check out our program at the
<a href="http://www.uwyo.edu/atsc/howtoapply/"
target=_top>University of Wyoming
</a></I>
<HR SIZE="1"><FONT SIZE="-1">
Questions about the weather data provided by this site can be
addressed to <A HREF="mailto:ldoolman@uwyo.edu">
Larry Oolman (ldoolman@uwyo.edu)</A></FONT>
<HR SIZE="1">
<SCRIPT TYPE="text/javascript">
<!--
window.focus();
// -->
</SCRIPT>
</BODY>
</HTML>
