2021-08-28 12
<HTML>
<TITLE>University of Wyoming - Radiosonde Data</TITLE>
<BODY BGCOLOR="white">
<H2>96749 WIII Jakarta Observations at 00Z 28 Aug 2021</H2>
<PRE>
-----------------------------------------------------------------------------
   PRES   HGHT   TEMP   DWPT   RELH   MIXR   DRCT   SKNT   THTA   THTE   THTV
    hPa     m      C      C      %    g/kg    deg   knot     K      K      K 
-----------------------------------------------------------------------------
 1008.0      8   24.2   21.3     84  16.10    190      2  296.7  343.3  299.5
 1007.0     17   25.0   20.3     75  15.13    186      3  297.6  341.6  300.2
 1000.0     79   25.0   20.0     74  14.95    160      6  298.1  341.8  300.8
  990.0    167   25.6   19.6     69  14.72    168      6  299.6  342.9  302.2
  976.0    292   24.8   19.4     72  14.70    180      5  300.0  343.2  302.6
  925.0    762   21.6   18.4     82  14.62     75      6  301.4  344.6  304.0
  920.0    809   21.4   18.4     83  14.70     75      7  301.6  345.2  304.3
  911.0    895   21.1   16.1     73  12.75     75      9  302.2  340.1  304.5
  907.0    934   21.0   15.0     69  11.96     77     10  302.5  338.1  304.6
  880.0   1196   19.0   13.6     71  11.25     90     13  303.1  336.7  305.1
  850.0   1496   16.8   12.0     73  10.47     80     17  303.7  335.2  305.6
  832.0   1678   15.4   12.0     80  10.70     77     17  304.1  336.3  306.1
  818.0   1822   14.4   11.3     82  10.38     75     16  304.5  335.8  306.4
  816.0   1842   14.4   11.5     83  10.55     74     16  304.8  336.6  306.7
  811.0   1894   15.2    5.2     51   6.88     73     16  306.1  327.3  307.4
  808.0   1926   15.2    4.2     48   6.44     73     16  306.5  326.4  307.6
  782.0   2201   13.8    2.8     47   6.02     68     16  307.8  326.6  309.0
  780.0   2223   14.0    1.0     41   5.30     68     16  308.3  324.9  309.3
  774.0   2288   14.0    5.0     55   7.11     67     16  309.0  331.1  310.3
  768.0   2353   14.2    1.2     41   5.46     66     16  309.9  327.1  310.9
  759.0   2453   14.4    2.4     44   6.03     64     15  311.1  330.2  312.2
  749.0   2564   13.4    6.4     63   8.11     62     15  311.2  336.5  312.7
  737.0   2699   12.7    5.2     60   7.58     60     15  311.9  335.7  313.3
  711.0   3000   11.1    2.5     56   6.51     60      9  313.3  334.0  314.6
  700.0   3130   10.4    1.4     54   6.09     65      9  314.0  333.4  315.1
  686.0   3298    9.6   -0.1     51   5.59     70     10  314.9  332.9  316.0
  679.0   3383    9.2   -0.8     50   5.34     71      9  315.4  332.6  316.4
  662.0   3590    7.9   -1.5     51   5.19     75      7  316.2  333.1  317.2
  615.0   4191    4.2   -3.7     57   4.77     85      5  318.6  334.3  319.5
  571.0   4797    0.4   -5.8     63   4.37     70      2  321.0  335.5  321.9
  567.0   4854    0.0   -6.0     64   4.33     64      3  321.2  335.7  322.1
  550.0   5097   -1.7   -6.3     71   4.36     40      8  322.0  336.6  322.9
  534.0   5332   -3.3   -6.6     78   4.39     36     10  322.8  337.5  323.7
  530.0   5392   -3.7   -7.1     78   4.27     35     10  323.0  337.3  323.8
  500.0   5850   -7.1  -10.6     76   3.43     25      7  324.3  336.0  325.0
  496.0   5912   -7.7  -10.8     78   3.40     25      6  324.3  335.9  325.0
  493.0   5960   -8.1  -10.8     81   3.42     25      5  324.4  336.1  325.1
  491.0   5991   -8.2  -13.2     67   2.84     25      4  324.7  334.5  325.3
  485.0   6086   -8.3  -20.3     37   1.58     56      5  325.7  331.3  326.0
  483.0   6118   -7.9  -28.9     17   0.73     67      5  326.6  329.3  326.7
  477.0   6215   -8.1  -25.1     24   1.05     98      6  327.5  331.4  327.7
  472.0   6297   -8.0  -31.3     13   0.59    125      7  328.6  330.9  328.7
  466.0   6396   -7.9  -38.9      6   0.28    117      7  329.9  331.1  330.0
  448.0   6700   -9.9  -40.9      6   0.24     91      8  331.1  332.1  331.2
  437.0   6890  -11.6  -31.7     17   0.62     75      9  331.4  333.8  331.5
  427.0   7067  -13.1  -23.1     43   1.40     55     12  331.6  336.8  331.9
  423.0   7139  -13.7  -19.7     61   1.91     46     13  331.8  338.6  332.1
  420.0   7192  -14.2  -19.6     63   1.93     40     14  331.8  338.8  332.2
  412.0   7338  -15.5  -19.5     71   1.99     32     14  331.9  339.1  332.3
  409.0   7393  -16.1  -19.1     78   2.08     29     15  331.9  339.3  332.3
  406.0   7448  -16.3  -20.0     73   1.94     26     15  332.3  339.3  332.7
  405.0   7467  -16.1  -23.1     55   1.48     25     15  332.8  338.2  333.1
  404.0   7485  -16.1  -24.1     50   1.36     24     15  333.0  338.1  333.3
  400.0   7560  -16.5  -21.1     68   1.79     20     15  333.5  340.0  333.8
  395.0   7655  -17.3  -21.2     72   1.79     22     14  333.6  340.2  334.0
  390.0   7751  -17.9  -23.9     59   1.43     24     13  334.0  339.4  334.3
  388.0   7789  -18.1  -26.1     50   1.18     25     13  334.3  338.7  334.5
  387.0   7809  -18.0  -29.0     38   0.90     25     13  334.6  338.1  334.8
  386.0   7828  -17.9  -31.9     28   0.69     27     13  335.0  337.7  335.2
  383.0   7887  -17.7  -41.7     10   0.26     31     13  336.0  337.1  336.1
  379.0   7966  -17.5  -50.5      4   0.10     37     14  337.3  337.7  337.3
  362.0   8310  -18.3  -47.3      6   0.15     65     15  340.7  341.3  340.7
  344.0   8688  -21.1  -48.3      7   0.14     95     16  341.9  342.5  342.0
  323.0   9155  -24.5  -49.5      8   0.13     95     15  343.4  344.0  343.4
  300.0   9690  -29.3  -48.3     14   0.16     95     13  344.0  344.7  344.0
  256.0  10797  -39.7  -51.3     28   0.13     70     19  344.5  345.1  344.6
  253.0  10879  -40.5  -51.5     30   0.13     68     20  344.5  345.1  344.6
  250.0  10960  -41.3  -52.3     29   0.12     65     20  344.5  345.1  344.6
  200.0  12430  -53.5  -67.5     17   0.02     70     21  347.9  348.0  347.9
  186.0  12888  -57.2  -72.0     13   0.01     75     28  349.2  349.3  349.3
  170.0  13457  -61.7  -77.7     10   0.01     70     32  350.8  350.9  350.8
  169.0  13493  -62.0  -77.9     10   0.01     70     32  350.9  350.9  350.9
  150.0  14220  -68.3  -81.3     14   0.00     90     24  352.2  352.3  352.2
  146.0  14378  -69.8  -81.7     16   0.00    105     23  352.4  352.4  352.4
  128.0  15150  -76.9  -83.9     32   0.00    120     24  353.1  353.1  353.1
  118.0  15612  -79.7  -88.1     24   0.00    130     24  356.2  356.2  356.2
  114.0  15808  -80.9  -89.9     21   0.00    123     23  357.5  357.5  357.5
  112.0  15907  -81.6  -90.6     21   0.00    120     23  358.1  358.1  358.1
  110.0  16008  -82.3  -91.3     21   0.00    100     17  358.6  358.6  358.6
  108.0  16110  -82.5  -90.5     25   0.00     80     12  360.1  360.1  360.1
  106.0  16216  -79.6  -89.6     18   0.00     60      6  367.6  367.6  367.6
  105.0  16269  -78.1  -89.1     16   0.00     34     10  371.4  371.4  371.4
  101.0  16493  -75.1  -86.9     15   0.00    285     26  381.3  381.4  381.3
  100.0  16550  -74.3  -86.3     14   0.00    285     29  383.9  383.9  383.9
   94.1  16904  -75.7  -89.7     10   0.00    278     31  387.9  387.9  387.9
   91.5  17069  -74.8  -90.1      8   0.00    275     32  392.9  392.9  392.9
   86.8  17374  -73.0  -90.9      5   0.00    270     24  402.4  402.4  402.4
   86.6  17389  -72.9  -90.9      5   0.00    270     24  402.9  402.9  402.9
   78.2  17983  -74.2  -95.1      3   0.00    260     31  412.0  412.0  412.0
   75.3  18208  -74.7  -96.7      2   0.00    258     27  415.5  415.5  415.5
   70.6  18593  -69.7  -95.3      1   0.00    255     19  433.9  433.9  433.9
   70.0  18640  -69.1  -95.1      1   0.00    235     26  436.2  436.2  436.2
   63.8  19202  -65.6  -96.4      1   0.00    230     22  455.7  455.7  455.7
   62.2  19350  -64.7  -96.7      1   0.00    240     23  460.9  460.9  460.9
   60.6  19507  -64.6  -96.7      1   0.00    250     24  464.6  464.6  464.6
   54.8  20117  -64.1  -96.7      0   0.00    260     30  479.1  479.1  479.1
   50.0  20680  -63.7  -96.7      0   0.00    255     22  492.9  493.0  492.9
   49.8  20705  -63.5  -96.5      0   0.00    260     24  494.0  494.0  494.0
   49.6  20726  -63.7  -96.6      0   0.00    265     26  494.1  494.1  494.1
   47.7  20968  -65.7  -97.7      0   0.00    261     21  494.9  494.9  494.9
   44.9  21336  -65.4  -97.2      1   0.00    255     13  504.2  504.2  504.2
   42.7  21641  -65.2  -96.8      1   0.00    200      1  512.0  512.0  512.0
   40.6  21946  -64.9  -96.4      1   0.00     90      5  520.0  520.0  520.0
   38.6  22250  -64.7  -96.0      1   0.00     40      8  528.1  528.1  528.1
   36.8  22555  -64.5  -95.6      1   0.00     30     10  536.3  536.3  536.3
   35.6  22751  -64.3  -95.3      1   0.00     53     14  541.6  541.6  541.6
   35.1  22838  -61.7  -94.7      1   0.00     63     16  550.6  550.6  550.6
   35.0  22860  -61.6  -94.6      1   0.00     65     16  551.4  551.4  551.4
   33.3  23165  -60.2  -93.2      1   0.00     60     17  562.8  562.8  562.8
   31.7  23470  -58.9  -91.9      1   0.00    100     21  574.3  574.3  574.3
   30.0  23820  -57.3  -90.3      1   0.00     85     43  587.8  587.9  587.8
   29.7  23884  -56.5  -89.5      1   0.00     85     43  591.7  591.8  591.7
   28.8  24079  -56.3  -89.2      1   0.00     85     42  597.4  597.5  597.4
   26.2  24689  -55.7  -88.2      1   0.01     85     46  615.6  615.7  615.6
   24.9  24994  -55.4  -87.7      1   0.01     90     51  624.9  625.0  624.9
   23.8  25298  -55.1  -87.2      1   0.01     90     48  634.4  634.4  634.4
   23.6  25350  -55.1  -87.1      1   0.01     92     48  636.0  636.1  636.0
   22.7  25603  -53.4  -86.7      1   0.01    100     46  648.1  648.2  648.1
   22.2  25743  -52.5  -86.5      1   0.01    100     48  654.9  655.0  654.9
   21.6  25908  -52.4  -86.1      1   0.01    100     50  660.1  660.2  660.1
   20.6  26213  -52.1  -85.4      1   0.01     95     48  669.9  670.0  669.9
   20.0  26420  -51.9  -84.9      1   0.01     90     45  676.6  676.7  676.6
   17.2  27403  -48.9  -82.9      1   0.02                715.9  716.2  715.9
   14.7  28431  -50.5  -83.5      1   0.03                743.4  743.7  743.5
   12.6  29440  -48.3                                     784.6         784.6
</PRE><H3>Station information and sounding indices</H3><PRE>
                         Station identifier: WIII
                             Station number: 96749
                           Observation time: 210828/0000
                           Station latitude: -6.11
                          Station longitude: 106.65
                          Station elevation: 8.0
                            Showalter index: 1.85
                               Lifted index: -1.38
    LIFT computed using virtual temperature: -1.64
                                SWEAT index: 184.99
                                    K index: 26.90
                         Cross totals index: 19.10
                      Vertical totals index: 23.90
                        Totals totals index: 43.00
      Convective Available Potential Energy: 41.35
             CAPE using virtual temperature: 64.86
                      Convective Inhibition: -67.49
             CINS using virtual temperature: -51.16
                           Equilibrum Level: 388.08
 Equilibrum Level using virtual temperature: 387.16
                   Level of Free Convection: 818.16
             LFCT using virtual temperature: 834.16
                     Bulk Richardson Number: 3.22
          Bulk Richardson Number using CAPV: 5.05
  Temp [K] of the Lifted Condensation Level: 291.42
Pres [hPa] of the Lifted Condensation Level: 908.26
   Equivalent potential temp [K] of the LCL: 342.86
     Mean mixed layer potential temperature: 299.56
              Mean mixed layer mixing ratio: 14.78
              1000 hPa to 500 hPa thickness: 5771.00
Precipitable water [mm] for entire sounding: 44.46
</PRE>
<P>Description of the 
<A HREF="/upperair/columns.html">data columns</A>
or <A HREF="/upperair/indices.html">sounding indices</A>.

<P>
<FORM>
<INPUT CLASS="button" TYPE="button" VALUE=" Close this window " 
 onClick="window.close();">
<INPUT CLASS="button" TYPE="button" VALUE=" Select another map " 
 onClick="window.blur();">
</FORM>
<HR SIZE="1">
<I>Interested in graduate studies in atmospheric science?
Check out our program at the
<a href="http://www.uwyo.edu/atsc/howtoapply/"
target=_top>University of Wyoming
</a></I>
<HR SIZE="1"><FONT SIZE="-1">
Questions about the weather data provided by this site can be
addressed to <A HREF="mailto:ldoolman@uwyo.edu">
Larry Oolman (ldoolman@uwyo.edu)</A></FONT>
<HR SIZE="1">
<SCRIPT TYPE="text/javascript">
<!--
window.focus();
// -->
</SCRIPT>
</BODY>
</HTML>
