2021-06-13 00
<HTML>
<TITLE>University of Wyoming - Radiosonde Data</TITLE>
<BODY BGCOLOR="white">
<H2>96749 WIII Jakarta Observations at 00Z 13 Jun 2021</H2>
<PRE>
-----------------------------------------------------------------------------
   PRES   HGHT   TEMP   DWPT   RELH   MIXR   DRCT   SKNT   THTA   THTE   THTV
    hPa     m      C      C      %    g/kg    deg   knot     K      K      K 
-----------------------------------------------------------------------------
 1010.0      8   24.8   23.5     92  18.44    240      2  297.1  350.6  300.4
 1004.0     60   25.8   23.5     87  18.55    192      3  298.6  352.8  301.9
 1000.0     95   26.2   23.5     85  18.63    160      4  299.4  354.0  302.7
  977.0    299   25.2   22.6     86  18.07    125      8  300.3  353.5  303.6
  944.0    600   23.7   21.4     87  17.28     75      9  301.8  352.9  304.9
  925.0    778   22.8   20.6     87  16.82     85     10  302.6  352.6  305.7
  881.0   1203   20.8   16.7     77  13.73    100     13  304.8  346.0  307.3
  877.0   1243   20.6   16.3     76  13.47     99     13  305.0  345.5  307.4
  850.0   1513   18.8   15.9     83  13.55     95     12  305.8  346.7  308.3
  784.0   2203   14.4   11.0     80  10.62     87     12  308.2  340.8  310.2
  769.0   2366   12.8   12.6     99  12.06     85     12  308.2  345.0  310.5
  737.0   2723   11.6    6.6     71   8.36     80     12  310.7  336.7  312.3
  727.0   2838   10.6    8.7     88   9.80     79     12  310.8  341.2  312.6
  700.0   3153   10.0    2.0     58   6.36     75     12  313.5  333.7  314.7
  697.0   3189    9.8    0.8     53   5.85     75     12  313.7  332.4  314.8
  688.0   3296    9.2   -0.6     51   5.37     75     13  314.2  331.4  315.2
  685.0   3333    9.0   -1.0     50   5.22     75     13  314.4  331.2  315.4
  681.0   3381    8.4    2.4     66   6.73     76     13  314.2  335.6  315.5
  679.0   3405    8.4    3.4     71   7.25     76     13  314.5  337.5  315.9
  674.0   3467    9.0   -4.0     40   4.24     77     13  315.8  329.7  316.6
  654.0   3715    7.2    0.2     61   5.97     80     13  316.5  335.8  317.7
  617.0   4191    3.8   -5.2     52   4.23     85     13  317.9  331.9  318.7
  616.0   4204    3.7   -5.1     53   4.26     85     13  317.9  332.0  318.8
  593.0   4512    1.2   -3.4     71   5.05     80     14  318.5  335.1  319.5
  589.0   4566    0.8   -0.4     92   6.35     79     15  318.7  339.3  319.9
  569.0   4843    0.0   -2.8     81   5.50     74     16  320.9  339.0  322.0
  560.0   4971   -0.7   -2.4     88   5.76     72     16  321.5  340.5  322.7
  551.0   5100   -0.6   -4.6     74   4.95     70     17  323.2  339.7  324.2
  548.0   5144   -0.5   -5.4     69   4.69     73     17  323.8  339.5  324.7
  531.0   5394   -2.2   -6.7     72   4.40     90     15  324.6  339.5  325.5
  511.0   5698   -4.3   -8.2     74   4.06     65     16  325.7  339.5  326.5
  502.0   5839   -5.3   -8.9     76   3.91     61     15  326.1  339.5  326.9
  500.0   5870   -5.5   -8.9     77   3.92     60     15  326.3  339.6  327.0
  485.0   6108   -6.7  -13.7     57   2.75     73     14  327.6  337.3  328.2
  480.0   6189   -6.5  -18.5     38   1.86     78     14  328.9  335.5  329.2
  472.0   6320   -7.5  -24.5     24   1.12     85     13  329.2  333.4  329.4
  467.0   6403   -8.1  -27.1     20   0.89     90     13  329.5  332.8  329.6
  460.0   6520   -9.1  -16.1     57   2.38     96     12  329.6  338.1  330.1
  456.0   6587   -9.3  -16.3     57   2.35    100     12  330.2  338.5  330.6
  440.0   6863  -10.3  -17.3     57   2.25     99     16  332.3  340.4  332.8
  426.0   7111  -11.9  -27.9     25   0.91     97     20  333.4  336.8  333.6
  421.0   7201  -12.3  -30.3     21   0.74     97     22  334.0  336.8  334.1
  416.0   7292  -13.1  -29.1     25   0.83     97     23  334.1  337.3  334.3
  412.0   7366  -13.7  -22.7     47   1.51     96     24  334.3  339.8  334.6
  409.0   7421  -13.9  -18.9     66   2.11     96     25  334.7  342.4  335.1
  400.0   7590  -15.1  -19.4     70   2.07     95     28  335.3  342.8  335.7
  389.0   7799  -16.7  -20.5     73   1.94     95     27  335.8  342.9  336.2
  375.0   8075  -18.9  -21.9     77   1.78     90     28  336.5  343.0  336.9
  359.0   8398  -20.9  -25.0     69   1.41     85     30  338.1  343.4  338.4
  354.0   8502  -21.5  -26.0     67   1.30     85     30  338.6  343.5  338.8
  350.0   8585  -22.3  -26.6     68   1.25     85     29  338.6  343.3  338.9
  347.0   8648  -22.9  -26.9     70   1.23     85     29  338.6  343.3  338.9
  346.0   8670  -22.9  -26.9     70   1.23     85     29  338.9  343.6  339.1
  345.0   8691  -23.1  -29.1     58   1.00     85     29  338.9  342.8  339.1
  343.0   8733  -22.7  -39.7     20   0.36     85     29  340.0  341.5  340.1
  340.0   8798  -23.1  -51.1      6   0.10     84     28  340.3  340.8  340.3
  334.0   8928  -24.1  -53.1      5   0.08     84     28  340.7  341.1  340.7
  326.0   9104  -25.7  -35.7     39   0.56     83     27  340.9  343.1  341.0
  300.0   9700  -30.9  -37.9     50   0.49     80     24  341.7  343.7  341.8
  268.0  10492  -37.7  -42.0     64   0.36     83     17  343.0  344.5  343.1
  250.0  10970  -41.5  -45.2     67   0.27     85     13  344.2  345.4  344.3
  235.0  11378  -45.0  -48.8     65   0.19     75     15  345.1  345.9  345.1
  224.0  11693  -47.7  -51.6     64   0.15     70     17  345.7  346.3  345.7
  204.0  12310  -53.0  -57.1     60   0.08     95     19  346.7  347.1  346.8
  200.0  12440  -54.1  -58.3     60   0.07     80     19  346.9  347.3  346.9
  176.0  13247  -60.7  -65.1     56   0.03     53     27  349.0  349.2  349.0
  169.0  13495  -62.9  -67.2     56   0.03     45     29  349.4  349.5  349.4
  161.0  13791  -65.6  -69.8     56   0.02     45     31  349.7  349.8  349.7
  155.0  14024  -67.7  -71.8     56   0.02     42     34  350.0  350.1  350.0
  150.0  14220  -69.1  -73.5     53   0.01     40     36  350.9  350.9  350.9
  139.0  14672  -72.5  -76.3     56   0.01     40     31  352.6  352.6  352.6
  138.0  14714  -72.5  -76.2     57   0.01     40     31  353.3  353.4  353.3
  125.0  15296  -72.7  -75.6     64   0.01     30     14  363.2  363.2  363.2
  121.0  15488  -72.7  -75.4     67   0.01    334      7  366.5  366.6  366.5
  119.0  15584  -73.3  -75.9     67   0.01    305      3  367.2  367.2  367.2
  107.0  16199  -77.0  -79.3     70   0.01    215     11  371.5  371.6  371.5
  100.0  16590  -79.3  -81.4     71   0.01    190     21  374.3  374.3  374.3
   97.8  16716  -80.3  -82.5     70   0.00    180     25  374.7  374.7  374.7
   92.7  17019  -80.1  -82.4     69   0.00    165     21  380.9  380.9  380.9
   91.1  17118  -77.9  -81.8     53   0.01    160     19  387.1  387.2  387.1
   91.0  17124  -77.8  -81.7     53   0.01    160     19  387.5  387.5  387.5
   88.8  17265  -75.5  -80.2     48   0.01    174     14  394.8  394.8  394.8
   87.0  17384  -75.5  -79.2     56   0.01    185     10  397.1  397.1  397.1
   84.1  17580  -75.5  -77.5     73   0.01    188      9  401.0  401.0  401.0
   82.0  17726  -75.9  -77.9     73   0.01    190      9  403.1  403.2  403.1
   78.0  18015  -76.6  -78.6     73   0.01    265     16  407.4  407.4  407.4
   74.5  18280  -77.3  -79.3     73   0.01    261     16  411.3  411.4  411.3
   71.0  18557  -75.3  -77.4     72   0.01    256     16  421.3  421.3  421.3
   70.3  18615  -73.5  -76.8     61   0.02    255     16  426.3  426.4  426.3
   70.0  18640  -73.1  -76.5     60   0.02    255     16  427.7  427.8  427.7
   67.7  18835  -72.9  -74.8     75   0.02    263     11  432.2  432.3  432.2
   67.0  18897  -72.5  -74.5     74   0.02    265     10  434.4  434.6  434.4
   61.0  19452  -68.6  -72.1     61   0.04    305     23  454.8  455.0  454.8
   60.8  19471  -68.5  -72.0     61   0.04    304     23  455.5  455.7  455.5
   56.9  19869  -67.1  -69.4     72   0.06    281     31  467.4  467.7  467.4
   55.0  20073  -66.8  -69.0     73   0.06    270     35  472.7  473.1  472.7
   53.5  20240  -66.5  -68.7     74   0.07    266     33  477.1  477.5  477.1
   50.9  20542  -65.1  -70.0     51   0.06    258     30  487.2  487.6  487.2
   50.0  20650  -65.1  -69.4     55   0.07    255     29  489.7  490.1  489.7
   43.2  21539  -65.9  -70.3     54   0.07    266     33  508.6  509.1  508.6
   41.0  21859  -65.0  -70.7     45   0.07    270     35  518.4  518.9  518.5
   37.5  22404  -63.5  -71.5     33   0.07    256     30  535.7  536.2  535.7
   35.0  22830  -61.6  -80.7      6   0.02    245     26  551.2  551.3  551.2
   34.8  22865  -61.5  -81.5      5   0.02    232     23  552.5  552.6  552.5
   34.0  23010  -59.8  -86.0      2   0.01    180      9  560.5  560.6  560.5
   33.0  23197  -57.7  -91.7      1   0.00    141     12  571.0  571.0  571.0
   32.0  23392  -57.4  -91.4      1   0.00    100     16  576.7  576.8  576.7
   30.0  23800  -56.9  -90.9      1   0.00     95     29  588.9  589.0  588.9
   29.0  24015  -56.1  -91.1      1   0.00     88     33  596.9  596.9  596.9
   26.7  24536  -59.3  -93.3      1   0.00     71     43  602.1  602.1  602.1
   26.0  24701  -60.0  -94.0      0   0.00     65     46  604.7  604.8  604.7
   25.7  24774  -60.3  -94.3      0   0.00     67     46  605.9  605.9  605.9
   23.9  25229  -56.9  -90.9      1   0.00     82     47  628.5  628.5  628.5
   23.0  25472  -57.6  -91.6      1   0.00     90     48  633.4  633.4  633.4
   22.6  25582  -57.9  -91.9      1   0.00     90     49  635.6  635.7  635.6
   21.4  25927  -57.1  -91.1      1   0.00     90     52  648.0  648.0  648.0
   21.0  26047  -55.4  -90.2      1   0.01     90     53  656.7  656.8  656.7
   20.4  26232  -52.7  -88.7      1   0.01     90     52  670.3  670.4  670.3
   20.0  26360  -51.9  -87.9      1   0.01     90     52  676.6  676.6  676.6
   18.4  26904  -48.3  -85.3      1   0.02     88     53  704.1  704.3  704.1
   12.0  29751  -44.2  -82.0      1   0.04     75     58  809.9  810.4  809.9
   10.4  30704  -42.9  -80.9      1   0.06     95     53  848.7  849.4  848.7
   10.0  30970  -40.7  -79.7      1   0.07    100     51  866.5  867.4  866.5
    9.9  31038  -40.5  -89.5      0   0.01                869.7  869.9  869.7
</PRE><H3>Station information and sounding indices</H3><PRE>
                         Station identifier: WIII
                             Station number: 96749
                           Observation time: 210613/0000
                           Station latitude: -6.11
                          Station longitude: 106.65
                          Station elevation: 8.0
                            Showalter index: -1.23
                               Lifted index: -3.58
    LIFT computed using virtual temperature: -4.04
                                SWEAT index: 229.81
                                    K index: 32.20
                         Cross totals index: 21.40
                      Vertical totals index: 24.30
                        Totals totals index: 45.70
      Convective Available Potential Energy: 1530.58
             CAPE using virtual temperature: 1692.39
                      Convective Inhibition: -41.07
             CINS using virtual temperature: -29.09
                           Equilibrum Level: 138.18
 Equilibrum Level using virtual temperature: 138.20
                   Level of Free Convection: 831.84
             LFCT using virtual temperature: 850.36
                     Bulk Richardson Number: 166.09
          Bulk Richardson Number using CAPV: 183.65
  Temp [K] of the Lifted Condensation Level: 295.34
Pres [hPa] of the Lifted Condensation Level: 947.16
   Equivalent potential temp [K] of the LCL: 353.27
     Mean mixed layer potential temperature: 299.97
              Mean mixed layer mixing ratio: 18.15
              1000 hPa to 500 hPa thickness: 5775.00
Precipitable water [mm] for entire sounding: 56.71
</PRE>
<P>Description of the 
<A HREF="/upperair/columns.html">data columns</A>
or <A HREF="/upperair/indices.html">sounding indices</A>.

<P>
<FORM>
<INPUT CLASS="button" TYPE="button" VALUE=" Close this window " 
 onClick="window.close();">
<INPUT CLASS="button" TYPE="button" VALUE=" Select another map " 
 onClick="window.blur();">
</FORM>
<HR SIZE="1">
<I>Interested in graduate studies in atmospheric science?
Check out our program at the
<a href="http://www.uwyo.edu/atsc/howtoapply/"
target=_top>University of Wyoming
</a></I>
<HR SIZE="1"><FONT SIZE="-1">
Questions about the weather data provided by this site can be
addressed to <A HREF="mailto:ldoolman@uwyo.edu">
Larry Oolman (ldoolman@uwyo.edu)</A></FONT>
<HR SIZE="1">
<SCRIPT TYPE="text/javascript">
<!--
window.focus();
// -->
</SCRIPT>
</BODY>
</HTML>
