2021-10-29 12
<HTML>
<TITLE>University of Wyoming - Radiosonde Data</TITLE>
<BODY BGCOLOR="white">
<H2>96749 WIII Jakarta Observations at 00Z 29 Oct 2021</H2>
<PRE>
-----------------------------------------------------------------------------
   PRES   HGHT   TEMP   DWPT   RELH   MIXR   DRCT   SKNT   THTA   THTE   THTV
    hPa     m      C      C      %    g/kg    deg   knot     K      K      K 
-----------------------------------------------------------------------------
 1011.0      8   24.4   22.8     91  17.63    240      2  296.6  347.7  299.8
 1006.0     52   24.6   21.3     82  16.13    235      5  297.2  344.1  300.1
 1000.0    104   24.6   20.3     77  15.24    230      8  297.8  342.1  300.5
  998.0    122   25.4   20.4     74  15.37    225      8  298.7  343.6  301.5
  972.0    355   25.0   20.4     76  15.79    160      8  300.6  347.1  303.4
  945.0    604   23.8   18.4     72  14.26     90      7  301.7  344.0  304.3
  925.0    792   22.8   16.8     69  13.18    105      8  302.6  341.9  305.0
  914.0    896   22.4   15.8     66  12.46    105     10  303.2  340.4  305.5
  872.0   1304   20.6   11.6     56   9.93     78     10  305.5  335.6  307.3
  852.0   1504   19.5   11.4     59  10.04     65     10  306.4  336.9  308.2
  850.0   1524   19.4   11.4     60  10.05     65     10  306.4  337.1  308.3
  795.0   2092   15.9    9.8     67   9.68     80      6  308.6  338.4  310.4
  740.0   2702   12.2    8.2     77   9.28     60      8  310.9  339.7  312.7
  735.0   2759   11.8    8.0     78   9.24     59      8  311.1  339.9  312.9
  700.0   3167   10.0    5.2     72   7.98     50     10  313.5  338.7  315.0
  689.0   3297    9.2    4.4     72   7.66     50     11  314.1  338.3  315.5
  601.0   4422    2.2   -2.6     71   5.29     57     13  318.5  335.7  319.5
  573.0   4807    0.0   -1.1     92   6.20     59     13  320.3  340.5  321.5
  538.0   5311   -3.3   -3.7     97   5.44     63     14  322.1  340.1  323.2
  532.0   5400   -3.1   -5.2     85   4.91     63     14  323.4  339.8  324.4
  512.0   5703   -5.1   -6.4     90   4.64     65     15  324.6  340.2  325.5
  500.0   5890   -6.3   -7.2     93   4.48     60     13  325.3  340.4  326.2
  466.0   6436   -9.3  -10.5     91   3.71     60     15  328.2  340.9  328.9
  456.0   6602  -10.1  -12.0     86   3.36     60     16  329.2  340.9  329.9
  424.0   7159  -12.7  -17.1     70   2.37     68     17  332.8  341.3  333.3
  409.0   7432  -14.5  -17.8     76   2.32     72     18  333.9  342.3  334.4
  400.0   7600  -15.3  -21.3     60   1.76     75     18  335.0  341.5  335.4
  397.0   7657  -15.7  -21.7     60   1.71     75     18  335.2  341.5  335.6
  385.0   7889  -17.5  -20.5     77   1.96     77     19  335.8  343.0  336.2
  370.0   8187  -19.3  -28.3     45   1.01     79     19  337.2  341.1  337.4
  355.0   8494  -21.3  -27.3     58   1.15     82     20  338.6  343.0  338.8
  336.0   8899  -23.9  -31.9     48   0.79     85     21  340.4  343.5  340.6
  305.0   9600  -29.0  -33.7     64   0.73     90     22  342.7  345.6  342.9
  300.0   9720  -29.9  -34.0     67   0.72     85     21  343.1  346.0  343.3
  297.0   9791  -30.5  -34.1     71   0.72     85     21  343.3  346.1  343.4
  250.0  10990  -39.9  -43.2     71   0.34     90     17  346.6  348.0  346.7
  215.0  12000  -49.1  -52.3     69   0.14     97     17  347.6  348.2  347.6
  200.0  12470  -53.1  -60.1     42   0.06    100     17  348.5  348.8  348.5
  199.0  12502  -53.3  -60.3     42   0.06    101     17  348.7  349.0  348.7
  187.0  12891  -56.9  -64.2     39   0.04    110     19  349.1  349.3  349.1
  162.0  13787  -65.3  -73.3     32   0.01    100     17  349.6  349.7  349.6
  154.0  14092  -67.7  -76.3     28   0.01     85     21  350.7  350.7  350.7
  150.0  14250  -68.9  -77.9     26   0.01     85     20  351.2  351.2  351.2
  135.0  14870  -74.1  -83.1     24   0.00     73     24  352.7  352.7  352.7
  132.0  15000  -74.5  -84.4     20   0.00     70     25  354.3  354.3  354.3
  125.0  15315  -75.4  -87.7     13   0.00     65     32  358.2  358.2  358.2
  120.0  15552  -76.1  -90.1     10   0.00     73     27  361.1  361.1  361.1
  119.0  15599  -76.3  -90.2     10   0.00     75     26  361.7  361.7  361.7
  113.0  15894  -77.4  -90.4     11   0.00    125     17  364.9  364.9  364.9
  102.0  16477  -79.7  -91.0     14   0.00    120     19  371.4  371.5  371.4
  100.0  16590  -80.1  -91.1     15   0.00    110     12  372.7  372.7  372.7
   96.0  16822  -78.3  -90.6     12   0.00     70      2  380.6  380.6  380.6
   93.9  16948  -77.3  -90.3     11   0.00    360      9  385.0  385.0  385.0
   92.0  17065  -77.6  -90.5     11   0.00    295     16  386.6  386.6  386.6
   82.0  17721  -79.5  -91.6     12   0.00    260     17  395.7  395.7  395.7
   80.9  17797  -79.7  -91.7     13   0.00    264     16  396.8  396.8  396.8
   78.0  18007  -75.2  -89.7      9   0.00    275     13  410.2  410.2  410.2
   77.4  18051  -74.3  -89.3      8   0.00    271     14  413.1  413.1  413.1
   74.0  18315  -73.2  -89.6      7   0.00    245     21  420.7  420.7  420.7
   71.0  18557  -72.2  -89.8      6   0.00    285     14  427.8  427.8  427.8
   70.0  18640  -71.9  -89.9      5   0.00    295     15  430.2  430.2  430.2
   67.1  18891  -70.1  -91.1      3   0.00    288     14  439.4  439.4  439.4
   59.3  19626  -70.3  -93.3      2   0.00    267     13  454.7  454.7  454.7
   52.0  20415  -67.2  -93.3      1   0.00    245     11  479.3  479.3  479.3
   50.0  20650  -66.3  -93.3      1   0.00    215      7  486.8  486.8  486.8
   47.5  20961  -66.9  -94.9      1   0.00    124      9  492.6  492.6  492.6
   47.0  21026  -66.3  -94.6      1   0.00    105      9  495.6  495.6  495.6
   45.0  21293  -63.7  -93.3      1   0.00     70     10  508.1  508.1  508.1
   43.1  21557  -61.1  -92.1      1   0.00     72     15  520.7  520.7  520.7
   39.0  22178  -61.6  -91.1      1   0.00     75     26  534.6  534.6  534.6
   37.0  22505  -61.8  -90.6      1   0.00    100     28  542.0  542.0  542.0
   35.0  22850  -62.1  -90.1      1   0.00    105     40  550.0  550.0  550.0
   32.0  23408  -60.6  -89.2      1   0.00    105     44  568.3  568.4  568.3
   30.0  23810  -59.5  -88.5      1   0.01     90     61  581.9  581.9  581.9
   29.7  23873  -59.3  -88.3      1   0.01     89     60  584.1  584.1  584.1
   29.0  24021  -59.6  -88.3      1   0.01     85     59  587.2  587.3  587.2
   27.0  24466  -60.5  -88.5      1   0.01     86     60  596.8  596.9  596.8
   23.4  25362  -56.9  -86.9      1   0.01     89     63  632.3  632.4  632.3
   22.0  25758  -54.1  -84.9      1   0.01     90     64  651.9  652.1  651.9
   21.0  26057  -51.9  -83.3      1   0.02     90     68  667.1  667.3  667.1
   20.9  26087  -51.7  -83.2      1   0.02     90     68  668.6  668.8  668.7
   20.0  26370  -49.7  -81.7      1   0.03     90     68  683.3  683.5  683.3
   19.9  26403  -49.6  -81.6      1   0.03     90     68  684.7  684.9  684.7
   19.7  26469  -49.3  -81.3      1   0.03                687.5  687.8  687.5
</PRE><H3>Station information and sounding indices</H3><PRE>
                         Station identifier: WIII
                             Station number: 96749
                           Observation time: 211029/0000
                           Station latitude: -6.11
                          Station longitude: 106.65
                          Station elevation: 8.0
                            Showalter index: 1.84
                               Lifted index: -1.49
    LIFT computed using virtual temperature: -1.64
                                SWEAT index: 169.80
                                    K index: 32.30
                         Cross totals index: 17.70
                      Vertical totals index: 25.70
                        Totals totals index: 43.40
      Convective Available Potential Energy: 125.41
             CAPE using virtual temperature: 160.89
                      Convective Inhibition: -199.19
             CINS using virtual temperature: -146.89
                           Equilibrum Level: 377.39
 Equilibrum Level using virtual temperature: 367.26
                   Level of Free Convection: 650.29
             LFCT using virtual temperature: 674.28
                     Bulk Richardson Number: 6.59
          Bulk Richardson Number using CAPV: 8.45
  Temp [K] of the Lifted Condensation Level: 292.49
Pres [hPa] of the Lifted Condensation Level: 920.50
   Equivalent potential temp [K] of the LCL: 345.21
     Mean mixed layer potential temperature: 299.51
              Mean mixed layer mixing ratio: 15.61
              1000 hPa to 500 hPa thickness: 5786.00
Precipitable water [mm] for entire sounding: 53.11
</PRE>
<P>Description of the 
<A HREF="/upperair/columns.html">data columns</A>
or <A HREF="/upperair/indices.html">sounding indices</A>.

<P>
<FORM>
<INPUT CLASS="button" TYPE="button" VALUE=" Close this window " 
 onClick="window.close();">
<INPUT CLASS="button" TYPE="button" VALUE=" Select another map " 
 onClick="window.blur();">
</FORM>
<HR SIZE="1">
<I>Interested in graduate studies in atmospheric science?
Check out our program at the
<a href="http://www.uwyo.edu/atsc/howtoapply/"
target=_top>University of Wyoming
</a></I>
<HR SIZE="1"><FONT SIZE="-1">
Questions about the weather data provided by this site can be
addressed to <A HREF="mailto:ldoolman@uwyo.edu">
Larry Oolman (ldoolman@uwyo.edu)</A></FONT>
<HR SIZE="1">
<SCRIPT TYPE="text/javascript">
<!--
window.focus();
// -->
</SCRIPT>
</BODY>
</HTML>
