2016-08-05 12
<HTML>
<TITLE>University of Wyoming - Radiosonde Data</TITLE>
<BODY BGCOLOR="white">
<H2>96749 WIII Jakarta Observations at 00Z 05 Aug 2016</H2>
<PRE>
-----------------------------------------------------------------------------
   PRES   HGHT   TEMP   DWPT   RELH   MIXR   DRCT   SKNT   THTA   THTE   THTV
    hPa     m      C      C      %    g/kg    deg   knot     K      K      K 
-----------------------------------------------------------------------------
 1011.0      8   24.4   22.6     90  17.41      0    194  296.6  347.1  299.7
 1010.0     17   23.8   20.6     82  15.37      0    176  296.1  340.5  298.8
 1000.0    102   24.4   20.1     77  15.05      0      0  297.6  341.3  300.2
  983.0    253   25.2   21.0     78  16.21    119      3  299.8  347.4  302.7
  978.0    297   24.8   20.8     78  16.10    155      4  299.9  347.2  302.8
  945.0    596   22.2   19.6     85  15.42     70      2  300.2  345.5  302.9
  925.0    783   20.6   18.8     89  15.00     65      2  300.4  344.5  303.1
  902.0   1001   18.8   17.6     93  14.24     60      3  300.7  342.7  303.2
  856.0   1452   16.8   14.2     85  12.03     51      6  303.1  339.1  305.3
  851.0   1502   16.6   13.4     81  11.52     50      6  303.4  337.9  305.6
  850.0   1512   16.6   13.3     81  11.42     45      6  303.5  337.7  305.6
  842.0   1593   16.6    9.6     63   8.99     35      5  304.3  331.5  306.0
  822.0   1798   15.6    3.6     45   6.06     10      4  305.4  324.1  306.5
  807.0   1954   14.4    7.4     63   8.06    360      6  305.7  330.3  307.2
  793.0   2102   13.9    3.4     49   6.20    350      7  306.7  325.9  307.8
  771.0   2339   13.0   -3.0     33   3.99    303     14  308.2  320.9  309.0
  765.0   2405   13.3   -8.3     21   2.69    290     16  309.3  318.1  309.8
  754.0   2527   14.0  -18.0      9   1.24    285     17  311.3  315.5  311.5
  721.0   2903   12.2  -23.8      6   0.78    270     21  313.3  316.1  313.4
  704.0   3103   10.4   -5.6     32   3.59    262     24  313.5  325.2  314.1
  700.0   3150    9.8   -3.2     40   4.34    260     24  313.3  327.3  314.1
  688.0   3293    8.7   -4.7     38   3.94    265     25  313.7  326.5  314.4
  673.0   3475    7.4   -6.6     36   3.48    272     22  314.2  325.6  314.8
  657.0   3674    7.4  -24.6      8   0.80    281     18  316.3  319.2  316.5
  639.0   3901    6.5  -28.2      6   0.59    290     14  317.8  320.0  317.9
  616.0   4201    5.3  -32.9      4   0.39    270      8  319.8  321.2  319.8
  611.0   4268    5.0  -34.0      4   0.35    290      8  320.2  321.6  320.3
  594.0   4496    3.2  -25.4     10   0.82      0      6  320.7  323.7  320.9
  565.0   4901    0.0  -10.0     47   3.18     25      7  321.6  332.3  322.2
  553.0   5072   -1.3  -11.3     47   2.93     35      8  322.0  332.0  322.6
  546.0   5174   -1.7   -9.7     54   3.37     42      8  322.7  334.1  323.3
  513.0   5668   -4.7   -9.7     68   3.59     72      9  324.9  337.1  325.6
  500.0   5870   -5.9  -12.9     58   2.85     85     10  325.8  335.6  326.3
  492.0   5996   -6.3  -14.5     53   2.54     90     13  326.7  335.6  327.2
  479.0   6204   -7.1  -17.1     45   2.10    110     13  328.3  335.8  328.7
  473.0   6302   -8.0  -17.5     46   2.06    120     13  328.4  335.7  328.8
  456.0   6584  -10.7  -18.7     52   1.93    125     14  328.5  335.4  328.9
  455.0   6601  -10.8  -18.9     51   1.90    125     14  328.6  335.4  328.9
  438.0   6891  -12.2  -21.8     45   1.53    105     14  330.4  335.9  330.7
  423.0   7157  -13.5  -24.5     39   1.25    105     16  332.0  336.6  332.3
  415.0   7302  -13.7  -31.7     20   0.65    105     18  333.6  336.1  333.7
  400.0   7580  -15.1  -35.1     16   0.49    105     20  335.3  337.2  335.4
  366.0   8246  -19.7  -44.7      9   0.20     96     24  337.8  338.6  337.8
  353.0   8513  -21.9  -36.9     24   0.46     93     25  338.3  340.1  338.4
  344.0   8702  -23.3  -40.2     20   0.34     90     26  338.9  340.3  339.0
  320.0   9229  -27.3  -49.3     10   0.13     90     30  340.4  341.0  340.5
  300.0   9690  -31.1  -49.1     15   0.15     90     33  341.4  342.1  341.5
  260.0  10684  -40.1  -53.1     24   0.11     76     34  342.4  342.9  342.5
  256.0  10789  -40.8                          75     34  342.9         342.9
  250.0  10950  -41.9                          75     37  343.6         343.6
  200.0  12420  -53.9                          55     48  347.2         347.2
  195.0  12580  -55.2                          60     47  347.6         347.6
  169.0  13482  -62.9                          84     47  349.4         349.4
  168.0  13518  -63.1                          85     47  349.6         349.6
  150.0  14210  -67.9                          75     58  352.9         352.9
  131.0  14999  -73.0                          75     49  357.8         357.8
  109.0  16071  -79.9                         120     42  364.0         364.0
  107.0  16176  -79.6                         120     43  366.5         366.5
  101.0  16504  -78.7                         110     35  374.4         374.4
  100.0  16560  -78.5                         110     32  375.8         375.8
   96.6  16759  -75.1                         131     22  386.2         386.2
   96.0  16794  -75.2                         135     20  386.7         386.7
   87.0  17361  -76.8                         145     10  394.5         394.5
   82.2  17687  -77.7                         159      6  399.1         399.1
   82.0  17701  -77.6                         160      6  399.6         399.6
   78.0  17991  -75.5                          40      5  409.7         409.7
   74.0  18296  -73.3                          40     14  420.6         420.6
   72.3  18430  -72.3                          48     13  425.4         425.4
   70.0  18620  -72.7                          60     11  428.5         428.5
   67.0  18875  -73.7                         105     13  431.8         431.8
   64.1  19134  -74.7                         109     19  435.1         435.1
   62.5  19281  -72.1                         111     23  443.9         443.9
   60.1  19511  -73.3                         115     29  446.3         446.3
   60.0  19520  -73.2                         115     29  446.8         446.8
   57.2  19802  -69.7                         100     34  460.8         460.8
   53.6  20190  -69.1                          80     40  470.8         470.8
   52.4  20325  -68.7                          72     42  474.8         474.8
   52.0  20371  -67.3                          70     43  479.2         479.2
   51.3  20453  -64.7                          68     40  487.0         487.0
   50.0  20610  -62.9                          65     33  494.8         494.8
   49.0  20735  -60.6                          65     27  503.1         503.1
   48.7  20773  -59.9                          68     26  505.7         505.7
   45.0  21266  -60.8                         110      9  515.1         515.1
   43.0  21549  -61.3                         100      7  520.6         520.6
   42.9  21563  -61.3                          92      7  520.9         520.9
   41.0  21846  -59.9                         295      5  531.1         531.1
   39.6  22063  -58.9                         295      9  539.0         539.0
   37.0  22487  -60.6                         295     18  545.3         545.3
   36.5  22572  -60.9                         299     17  546.5         546.5
   35.0  22836  -59.5                         310     13  556.7         556.7
   32.0  23400  -56.6                         240     13  578.9         578.9
   31.5  23499  -56.1                         246     15  582.9         582.9
   30.0  23810  -55.3                         265     21  593.3         593.3
   29.0  24026  -55.4                         275     27  598.7         598.7
   28.0  24250  -55.6                         280     33  604.3         604.3
   27.2  24434  -55.7                                     609.0         609.0
</PRE><H3>Station information and sounding indices</H3><PRE>
                         Station identifier: WIII
                             Station number: 96749
                           Observation time: 160805/0000
                           Station latitude: -6.11
                          Station longitude: 106.65
                          Station elevation: 8.0
                            Showalter index: 1.95
                               Lifted index: -0.94
    LIFT computed using virtual temperature: -1.34
                                SWEAT index: 181.61
                                    K index: 22.80
                         Cross totals index: 19.20
                      Vertical totals index: 22.50
                        Totals totals index: 41.70
      Convective Available Potential Energy: 76.39
             CAPE using virtual temperature: 172.59
                      Convective Inhibition: -27.14
             CINS using virtual temperature: -15.66
                           Equilibrum Level: 254.14
 Equilibrum Level using virtual temperature: 254.14
                   Level of Free Convection: 807.70
             LFCT using virtual temperature: 880.54
                     Bulk Richardson Number: 2.94
          Bulk Richardson Number using CAPV: 6.64
  Temp [K] of the Lifted Condensation Level: 292.74
Pres [hPa] of the Lifted Condensation Level: 929.28
   Equivalent potential temp [K] of the LCL: 344.83
     Mean mixed layer potential temperature: 298.95
              Mean mixed layer mixing ratio: 15.71
              1000 hPa to 500 hPa thickness: 5768.00
Precipitable water [mm] for entire sounding: 37.49
</PRE>
<P>Description of the 
<A HREF="/upperair/columns.html">data columns</A>
or <A HREF="/upperair/indices.html">sounding indices</A>.

<P>
<FORM>
<INPUT CLASS="button" TYPE="button" VALUE=" Close this window " 
 onClick="window.close();">
<INPUT CLASS="button" TYPE="button" VALUE=" Select another map " 
 onClick="window.blur();">
</FORM>
<HR SIZE="1">
<I>Interested in graduate studies in atmospheric science?
Check out our program at the
<a href="http://www.uwyo.edu/atsc/howtoapply/"
target=_top>University of Wyoming
</a></I>
<HR SIZE="1"><FONT SIZE="-1">
Questions about the weather data provided by this site can be
addressed to <A HREF="mailto:ldoolman@uwyo.edu">
Larry Oolman (ldoolman@uwyo.edu)</A></FONT>
<HR SIZE="1">
<SCRIPT TYPE="text/javascript">
<!--
window.focus();
// -->
</SCRIPT>
</BODY>
</HTML>
