2020-06-23 00
<HTML>
<TITLE>University of Wyoming - Radiosonde Data</TITLE>
<BODY BGCOLOR="white">
<H2>96749 WIII Jakarta Observations at 00Z 23 Jun 2020</H2>
<PRE>
-----------------------------------------------------------------------------
   PRES   HGHT   TEMP   DWPT   RELH   MIXR   DRCT   SKNT   THTA   THTE   THTV
    hPa     m      C      C      %    g/kg    deg   knot     K      K      K 
-----------------------------------------------------------------------------
 1009.0      8   23.8   22.7     94  17.56    200      2  296.2  346.9  299.3
 1007.0     25   24.4   22.5     89  17.37    193      2  297.0  347.4  300.0
 1000.0     84   24.8   21.9     84  16.85    170      3  297.9  347.1  300.9
  985.0    217   25.2   21.0     78  16.17    120      6  299.6  347.1  302.5
  976.0    297   25.0   20.3     75  15.58     90      8  300.2  346.1  303.0
  956.0    479   24.6   18.6     69  14.32     86     11  301.6  344.0  304.2
  925.0    766   22.4   18.3     78  14.52     80     15  302.2  345.3  304.8
  853.0   1470   17.6   15.0     85  12.73     80     20  304.3  342.4  306.6
  850.0   1500   17.6   15.1     85  12.86     80     20  304.6  343.2  306.9
  792.0   2105   15.0   10.5     74  10.16     80     15  308.0  339.1  309.9
  738.0   2702   11.4    9.4     87  10.11    100     14  310.4  341.6  312.3
  717.0   2945   10.0    8.9     93  10.08     95     13  311.4  342.6  313.3
  700.0   3146    9.2    7.2     87   9.18     90     13  312.6  341.3  314.4
  669.0   3520    8.2    3.8     74   7.57     90     15  315.6  339.7  317.0
  639.0   3892    6.1    2.0     75   6.95     90     17  317.4  339.7  318.7
  593.0   4498    2.7   -1.0     76   6.02    105     21  320.3  339.9  321.4
  559.0   4977    0.0   -3.4     78   5.36     97     21  322.5  340.3  323.6
  551.0   5091   -0.6   -3.9     79   5.24     95     21  323.1  340.6  324.2
  530.0   5399   -2.2   -5.2     80   4.94     65     20  324.8  341.4  325.8
  500.0   5860   -4.7   -7.1     83   4.52     60     14  327.2  342.6  328.1
  466.0   6414   -7.9  -10.9     79   3.59     52     12  329.9  342.4  330.6
  440.0   6860  -11.1  -11.3     98   3.69     45     10  331.3  344.2  332.1
  421.0   7198  -12.9  -13.1     99   3.33     40      8  333.2  344.9  333.8
  400.0   7590  -15.1  -15.2     99   2.95     70      5  335.3  345.8  335.9
  392.0   7743  -15.7  -16.8     91   2.63     84      3  336.4  345.9  337.0
  389.0   7800  -16.1  -17.2     91   2.56     90      2  336.6  345.9  337.2
  374.0   8090  -18.1  -19.4     90   2.22     30      2  337.8  345.9  338.2
  359.0   8392  -20.3  -21.6     89   1.91    135      3  338.9  346.0  339.3
  345.0   8686  -22.3  -23.8     88   1.64    120      4  340.0  346.1  340.3
  317.0   9311  -26.7  -28.4     86   1.17    150      4  342.2  346.7  342.4
  311.0   9452  -27.7  -29.4     85   1.08    131      4  342.7  346.9  342.9
  300.0   9710  -29.7  -33.1     72   0.79     95      4  343.4  346.5  343.6
  298.0   9757  -29.9  -33.8     69   0.74     94      5  343.8  346.7  343.9
  292.0   9898  -31.1  -34.9     69   0.68     90      6  344.1  346.8  344.2
  280.0  10188  -33.6  -37.1     71   0.57    100      4  344.6  346.9  344.7
  256.0  10807  -39.0  -41.8     75   0.38     10      3  345.6  347.2  345.7
  252.0  10916  -39.9  -42.6     75   0.36     13      6  345.8  347.3  345.9
  250.0  10970  -40.5                          15      7  345.7         345.7
  235.0  11380  -44.0                           5     11  346.6         346.6
  224.0  11698  -46.7                         355     12  347.2         347.2
  200.0  12450  -53.1                         335     13  348.5         348.5
  186.0  12903  -57.3                         330     16  349.1         349.1
  154.0  14082  -68.1                         348     17  349.9         349.9
  150.0  14240  -69.7                         350     17  349.8         349.8
  146.0  14397  -70.9                         355     17  350.5         350.5
  139.0  14681  -73.0                          15     23  351.7         351.7
  125.0  15296  -77.7                          40     19  354.1         354.1
  118.0  15623  -78.9                          66     26  357.7         357.7
  112.0  15918  -78.6                          90     32  363.7         363.7
  107.0  16176  -78.3                          86     33  369.0         369.0
  105.0  16282  -78.7                          84     33  370.2         370.2
  104.0  16336  -79.1                          83     33  370.5         370.5
  101.0  16503  -75.8                          80     34  379.9         379.9
  100.0  16560  -74.7                          85     32  383.1         383.1
   96.0  16798  -75.3                         115     24  386.4         386.4
   91.0  17109  -76.2                         130     20  390.7         390.7
   87.0  17371  -76.9                         120     16  394.3         394.3
   85.9  17445  -77.1                         112     15  395.3         395.3
   78.0  18008  -75.5                          55      5  409.7         409.7
   74.0  18315  -74.6                          40      4  417.7         417.7
   70.8  18573  -73.9                         352      4  424.6         424.6
   70.0  18640  -73.7                         340      4  426.4         426.4
   67.0  18894  -74.3                         320     10  430.4         430.4
   64.0  19160  -75.0                           0      6  434.7         434.7
   62.5  19298  -75.3                          33      9  436.9         436.9
   60.0  19535  -74.0                          90     15  444.8         444.8
   57.8  19753  -72.9                          77     21  452.2         452.2
   55.7  19971  -69.1                          64     28  465.6         465.6
   55.0  20047  -68.7                          60     30  468.2         468.2
   50.0  20620  -65.9                          85     38  487.8         487.8
   49.0  20743  -65.0                          90     40  492.8         492.8
   47.7  20907  -63.7                          89     42  499.6         499.6
   44.1  21386  -64.1                          86     50  510.0         510.0
   43.0  21543  -61.4                          85     52  520.4         520.4
   41.8  21718  -58.3                          90     46  532.2         532.2
   37.0  22483  -58.5                         110     19  550.6         550.6
   35.0  22831  -58.6                          95     19  559.2         559.2
   34.0  23013  -58.6                          20      7  563.8         563.8
   32.0  23393  -58.7                         265      3  573.4         573.4
   31.9  23413  -58.7                         270      4  573.9         573.9
   31.0  23593  -56.9                         315     12  583.4         583.4
   30.8  23634  -56.5                         315     13  585.6         585.6
   30.0  23800  -56.9                         315     15  588.9         588.9
   28.0  24233  -60.1                         285     21  591.8         591.8
   25.9  24718  -60.3                         270     18  604.5         604.5
   24.3  25118  -56.7                         257     16  626.1         626.1
   24.0  25197  -56.5                         255     16  628.9         628.9
   21.0  26049  -54.1                         270     18  660.4         660.4
   20.0  26360  -53.3                         285     13  672.3         672.3
   18.3  26935  -50.9                         243     11  697.1         697.1
   18.0  27044  -50.2                         235     11  702.4         702.4
   16.1  27777  -45.9                         229     15  739.3         739.3
   15.0  28249  -45.7                         225     17  755.0         755.0
   14.0  28708  -45.5                         310     13  770.6         770.6
   13.0  29202  -45.4                         270     20  787.8         787.8
   12.7  29357  -45.3                                     793.3         793.3
</PRE><H3>Station information and sounding indices</H3><PRE>
                         Station identifier: WIII
                             Station number: 96749
                           Observation time: 200623/0000
                           Station latitude: -6.11
                          Station longitude: 106.65
                          Station elevation: 8.0
                            Showalter index: 0.92
                               Lifted index: -0.18
    LIFT computed using virtual temperature: -0.34
                                SWEAT index: 235.22
                                    K index: 35.40
                         Cross totals index: 19.80
                      Vertical totals index: 22.30
                        Totals totals index: 42.10
      Convective Available Potential Energy: 34.83
             CAPE using virtual temperature: 61.90
                      Convective Inhibition: -92.12
             CINS using virtual temperature: -69.93
                           Equilibrum Level: 399.33
 Equilibrum Level using virtual temperature: 370.91
                   Level of Free Convection: 733.49
             LFCT using virtual temperature: 751.92
                     Bulk Richardson Number: 2.83
          Bulk Richardson Number using CAPV: 5.02
  Temp [K] of the Lifted Condensation Level: 292.71
Pres [hPa] of the Lifted Condensation Level: 921.38
   Equivalent potential temp [K] of the LCL: 345.98
     Mean mixed layer potential temperature: 299.65
              Mean mixed layer mixing ratio: 15.84
              1000 hPa to 500 hPa thickness: 5776.00
Precipitable water [mm] for entire sounding: 58.44
</PRE>
<P>Description of the 
<A HREF="/upperair/columns.html">data columns</A>
or <A HREF="/upperair/indices.html">sounding indices</A>.

<P>
<FORM>
<INPUT CLASS="button" TYPE="button" VALUE=" Close this window " 
 onClick="window.close();">
<INPUT CLASS="button" TYPE="button" VALUE=" Select another map " 
 onClick="window.blur();">
</FORM>
<HR SIZE="1">
<I>Interested in graduate studies in atmospheric science?
Check out our program at the
<a href="http://www.uwyo.edu/atsc/howtoapply/"
target=_top>University of Wyoming
</a></I>
<HR SIZE="1"><FONT SIZE="-1">
Questions about the weather data provided by this site can be
addressed to <A HREF="mailto:ldoolman@uwyo.edu">
Larry Oolman (ldoolman@uwyo.edu)</A></FONT>
<HR SIZE="1">
<SCRIPT TYPE="text/javascript">
<!--
window.focus();
// -->
</SCRIPT>
</BODY>
</HTML>
