2020-06-13 12
<HTML>
<TITLE>University of Wyoming - Radiosonde Data</TITLE>
<BODY BGCOLOR="white">
<H2>96749 WIII Jakarta Observations at 00Z 13 Jun 2020</H2>
<PRE>
-----------------------------------------------------------------------------
   PRES   HGHT   TEMP   DWPT   RELH   MIXR   DRCT   SKNT   THTA   THTE   THTV
    hPa     m      C      C      %    g/kg    deg   knot     K      K      K 
-----------------------------------------------------------------------------
 1009.0      8   25.4   22.5     84  17.34     80      5  297.8  348.3  300.9
 1000.0     83   26.0   22.5     81  17.50    130      6  299.1  350.4  302.3
  998.0    101   26.2   22.7     81  17.76    128      6  299.5  351.6  302.7
  976.0    298   25.2   21.0     77  16.29    105     10  300.4  348.4  303.4
  943.0    602   23.7   18.3     72  14.24     90     13  301.8  344.0  304.4
  925.0    772   22.8   16.8     69  13.18     95     12  302.6  341.9  305.0
  913.0    885   21.8   15.8     69  12.52     93     11  302.7  340.0  305.0
  865.0   1351   18.8   15.7     82  13.14     87      8  304.3  343.7  306.7
  857.0   1431   19.2   11.2     60   9.84     86      7  305.5  335.4  307.3
  850.0   1501   18.6   11.6     64  10.19     85      7  305.6  336.5  307.5
  828.0   1727   17.4   12.4     72  11.04     84      7  306.6  340.2  308.7
  823.0   1779   17.8    6.8     49   7.58     83      7  307.6  331.0  309.0
  782.0   2215   15.8    0.8     36   5.21     81      8  310.0  326.5  311.0
  779.0   2248   15.2    5.2     51   7.17     81      8  309.7  332.0  311.0
  768.0   2369   14.2    8.2     67   8.96     80      8  309.9  337.6  311.5
  766.0   2391   14.1    8.1     67   8.93     80      8  309.9  337.6  311.6
  713.0   2994   10.5    5.5     71   7.99     45      5  312.4  337.5  313.9
  700.0   3149    9.6    4.8     72   7.76     40      1  313.1  337.5  314.6
  694.0   3220    9.4    5.7     78   8.34    130      1  313.6  339.9  315.2
  688.0   3292    9.1    4.5     73   7.75    220      1  314.1  338.6  315.6
  663.0   3598    8.0   -0.5     55   5.60    140      1  316.1  334.2  317.2
  647.0   3799    7.2   -3.8     45   4.49     67      4  317.5  332.2  318.4
  639.0   3901    6.6   -5.2     43   4.08     30      5  317.9  331.4  318.7
  594.0   4495    3.1  -13.4     28   2.29     35     11  320.6  328.5  321.1
  590.0   4550    2.8  -14.2     27   2.17     39     12  320.9  328.3  321.3
  584.0   4633    2.4   -8.6     44   3.44     46     14  321.3  332.9  322.0
  572.0   4800    1.9  -12.2     34   2.63     60     18  322.6  331.7  323.1
  561.0   4956    1.4  -15.6     27   2.03     57     17  323.9  331.0  324.2
  544.0   5203    0.0  -13.0     37   2.60     53     16  325.1  334.1  325.6
  500.0   5870   -5.5  -14.5     49   2.50     40     13  326.3  335.0  326.8
  492.0   5996   -6.5  -14.7     52   2.49     35     14  326.5  335.2  327.0
  480.0   6190   -8.1  -15.1     57   2.48     41     17  326.9  335.6  327.4
  466.0   6420  -10.1  -12.4     83   3.18     48     22  327.2  338.2  327.8
  459.0   6537  -11.1  -12.7     88   3.16     51     24  327.4  338.3  328.0
  450.0   6689  -11.3  -15.4     72   2.58     56     26  328.9  338.0  329.5
  436.0   6932  -12.7  -17.5     67   2.23     63     31  330.2  338.1  330.6
  423.0   7164  -11.9  -37.9     10   0.35     70     35  334.1  335.4  334.1
  405.0   7495  -14.5  -39.8     10   0.30     80     41  334.8  336.0  334.9
  400.0   7590  -15.3  -40.3     10   0.29     80     41  335.0  336.2  335.1
  386.0   7858  -16.9  -41.9      9   0.25     80     35  336.3  337.4  336.4
  365.0   8275  -20.1  -35.1     25   0.53     80     26  337.5  339.6  337.6
  360.0   8378  -18.1  -47.1      6   0.15     80     23  341.5  342.2  341.5
  359.0   8398  -18.3  -47.2      6   0.15     80     23  341.6  342.2  341.6
  300.0   9710  -29.1  -51.1     10   0.12     90     20  344.2  344.8  344.3
  280.0  10194  -33.3  -53.8     11   0.09    100     20  345.1  345.5  345.1
  250.0  10990  -40.1  -58.1     13   0.06     75     27  346.3  346.6  346.3
  246.0  11097  -41.0                          80     27  346.6         346.6
  200.0  12470  -52.5                          90     19  349.5         349.5
  196.0  12596  -53.6                          90     19  349.8         349.8
  178.0  13199  -58.7                          60     19  351.1         351.1
  162.0  13788  -63.8                          80     18  352.2         352.2
  150.0  14270  -67.9                          70     18  352.9         352.9
  119.0  15603  -79.5                          35     24  355.8         355.8
  112.0  15952  -82.5                          40     27  356.4         356.4
  107.0  16205  -82.6                          50     21  360.9         360.9
  102.0  16470  -82.7                          75     24  365.7         365.7
  100.0  16580  -82.7                          75     27  367.7         367.7
   95.6  16832  -82.5                          70     24  372.9         372.9
   89.2  17226  -76.3                          63     20  392.7         392.7
   87.0  17369  -76.7                          60     18  394.8         394.8
   82.2  17696  -77.5                          65     13  399.5         399.5
   82.0  17710  -77.3                          65     13  400.1         400.1
   75.0  18231  -71.3                         122     18  423.1         423.1
   74.0  18311  -71.2                         130     19  424.9         424.9
   71.0  18556  -71.0                         125     11  430.4         430.4
   70.0  18640  -70.9                         125     10  432.4         432.4
   65.5  19032  -72.7                         144      4  436.7         436.7
   64.2  19150  -72.3                         149      2  440.1         440.1
   64.0  19169  -71.4                         150      2  442.5         442.5
   63.5  19215  -69.1                         144      3  448.5         448.5
   58.0  19759  -68.7                          70     20  461.3         461.3
   52.0  20415  -68.1                          95     20  477.2         477.2
   50.0  20650  -67.9                          95     24  483.1         483.1
   49.7  20686  -68.3                          95     25  482.9         482.9
   45.3  21243  -65.1                          88     36  503.7         503.7
   41.0  21847  -65.6                          80     48  516.9         516.9
   40.5  21921  -65.7                          81     46  518.5         518.5
   37.0  22481  -59.7                          85     35  547.4         547.4
   34.7  22878  -55.5                          51     27  568.6         568.6
   34.0  23007  -55.6                          40     25  571.8         571.8
   32.0  23391  -55.7                         355     19  581.3         581.3
   31.0  23592  -55.8                         305     13  586.4         586.4
   30.0  23800  -55.9                         285     11  591.6         591.6
   29.0  24015  -56.4                         245     15  596.0         596.0
   28.0  24237  -57.0                         210     13  600.4         600.4
   27.0  24467  -57.5                         140      8  605.1         605.1
   26.4  24609  -57.9                         136     10  608.0         608.0
   24.0  25217  -54.6                         120     20  634.4         634.4
   23.0  25489  -53.1                          85     24  646.5         646.5
   22.6  25601  -52.5                          89     22  651.6         651.6
   22.0  25775  -52.5                          95     20  656.5         656.5
   20.1  26358  -52.7                          71     21  673.1         673.1
   20.0  26390  -52.9                          70     21  673.5         673.5
   19.0  26724  -50.7                          65     20  690.3         690.3
   18.0  27077  -48.4                          85     10  708.4         708.4
   17.4  27297  -46.9                         127     10  719.9         719.9
   17.0  27451  -47.1                         155     10  724.0         724.0
   15.5  28059  -48.1                         124     13  740.2         740.2
   14.0  28731  -45.9                          90     16  769.5         769.5
   13.0  29223  -45.8                          50      7  786.4         786.4
   12.5  29483  -45.7                           8     15  795.5         795.5
   12.0  29751  -46.5                         325     23  802.0         802.0
   11.0  30323  -48.2                         295     16  815.9         815.9
   10.0  30950  -50.1                         210      4  831.4         831.4
    9.8  31082  -48.5                                     842.2         842.2
</PRE><H3>Station information and sounding indices</H3><PRE>
                         Station identifier: WIII
                             Station number: 96749
                           Observation time: 200613/0000
                           Station latitude: -6.11
                          Station longitude: 106.65
                          Station elevation: 8.0
                            Showalter index: 2.87
                               Lifted index: -1.91
    LIFT computed using virtual temperature: -2.47
                                SWEAT index: 166.18
                                    K index: 30.90
                         Cross totals index: 17.10
                      Vertical totals index: 24.10
                        Totals totals index: 41.20
      Convective Available Potential Energy: 226.03
             CAPE using virtual temperature: 356.29
                      Convective Inhibition: -100.53
             CINS using virtual temperature: -48.07
                           Equilibrum Level: 241.83
 Equilibrum Level using virtual temperature: 242.07
                   Level of Free Convection: 728.16
             LFCT using virtual temperature: 770.68
                     Bulk Richardson Number: 65.87
          Bulk Richardson Number using CAPV: 103.84
  Temp [K] of the Lifted Condensation Level: 293.42
Pres [hPa] of the Lifted Condensation Level: 924.41
   Equivalent potential temp [K] of the LCL: 348.50
     Mean mixed layer potential temperature: 300.10
              Mean mixed layer mixing ratio: 16.51
              1000 hPa to 500 hPa thickness: 5787.00
Precipitable water [mm] for entire sounding: 45.38
</PRE>
<P>Description of the 
<A HREF="/upperair/columns.html">data columns</A>
or <A HREF="/upperair/indices.html">sounding indices</A>.

<P>
<FORM>
<INPUT CLASS="button" TYPE="button" VALUE=" Close this window " 
 onClick="window.close();">
<INPUT CLASS="button" TYPE="button" VALUE=" Select another map " 
 onClick="window.blur();">
</FORM>
<HR SIZE="1">
<I>Interested in graduate studies in atmospheric science?
Check out our program at the
<a href="http://www.uwyo.edu/atsc/howtoapply/"
target=_top>University of Wyoming
</a></I>
<HR SIZE="1"><FONT SIZE="-1">
Questions about the weather data provided by this site can be
addressed to <A HREF="mailto:ldoolman@uwyo.edu">
Larry Oolman (ldoolman@uwyo.edu)</A></FONT>
<HR SIZE="1">
<SCRIPT TYPE="text/javascript">
<!--
window.focus();
// -->
</SCRIPT>
</BODY>
</HTML>
