2021-12-14 00
<HTML>
<TITLE>University of Wyoming - Radiosonde Data</TITLE>
<BODY BGCOLOR="white">
<H2>96749 WIII Jakarta Observations at 00Z 14 Dec 2021</H2>
<PRE>
-----------------------------------------------------------------------------
   PRES   HGHT   TEMP   DWPT   RELH   MIXR   DRCT   SKNT   THTA   THTE   THTV
    hPa     m      C      C      %    g/kg    deg   knot     K      K      K 
-----------------------------------------------------------------------------
 1008.0      8   26.6   23.4     83  18.36    250      4  299.1  352.8  302.4
 1000.0     79   26.4   23.1     82  18.17    270      7  299.6  352.9  302.8
  975.0    302   25.6   21.1     76  16.46    260     15  300.9  349.4  303.8
  942.0    606   24.4   18.4     69  14.35    260      9  302.7  345.4  305.3
  925.0    766   23.4   18.4     74  14.62    275      3  303.2  346.8  305.9
  911.0    898   22.4   18.0     76  14.45    190      2  303.6  346.7  306.2
  880.0   1198   20.2   17.0     82  14.09    155      6  304.3  346.5  306.9
  850.0   1499   18.0   16.1     89  13.73    190      7  305.0  346.2  307.5
  825.0   1756   16.2   16.0     99  14.06    199      5  305.7  348.0  308.3
  793.0   2092   14.1   13.7     98  12.61    210      3  306.9  345.1  309.2
  760.0   2454   11.8   11.3     97  11.19    154      2  308.2  342.4  310.3
  738.0   2700   10.9    9.1     89   9.94    115      2  309.9  340.5  311.7
  700.0   3144    9.4    5.2     75   7.98    125      9  312.9  338.0  314.4
  690.0   3263    9.4    4.4     71   7.66    133      9  314.1  338.4  315.6
  687.0   3299    9.1    4.4     72   7.69    135      9  314.2  338.5  315.6
  660.0   3630    6.2    4.4     88   8.01    135     10  314.6  339.9  316.1
  644.0   3831    4.8    3.5     91   7.70    135     10  315.2  339.6  316.6
  639.0   3894    4.6    2.9     89   7.43    135     10  315.6  339.3  317.1
  635.0   3945    4.4    2.4     87   7.22    140      9  316.0  339.1  317.4
  633.0   3971    4.2    1.8     84   6.93    143      9  316.1  338.2  317.4
  624.0   4088    5.2   -5.8     45   4.00    154      7  318.5  331.7  319.3
  622.0   4114    5.2   -6.8     42   3.71    157      7  318.8  331.1  319.5
  616.0   4192    4.7   -7.0     42   3.69    165      6  319.1  331.5  319.9
  593.0   4499    3.0   -7.8     45   3.62    200      8  320.6  332.7  321.3
  557.0   5005    0.0   -9.0     51   3.49    183     13  322.9  334.7  323.5
  550.0   5105   -0.6   -9.7     50   3.34    180     14  323.4  334.7  324.0
  519.0   5566   -3.1  -13.1     46   2.70    188     11  325.7  335.1  326.2
  511.0   5689   -4.0  -11.5     56   3.12    190     10  326.1  336.9  326.7
  506.0   5766   -4.5  -10.5     63   3.42    190     10  326.4  338.1  327.1
  500.0   5860   -4.7  -12.7     54   2.90    190      9  327.2  337.3  327.8
  498.0   5892   -4.9  -12.9     53   2.86    191      9  327.4  337.3  327.9
  492.0   5987   -5.5  -11.2     64   3.33    195      8  327.8  339.3  328.4
  488.0   6052   -5.9  -10.0     73   3.69    198      7  328.1  340.8  328.8
  473.0   6294   -7.5  -11.1     75   3.49    210      5  329.1  341.2  329.8
  438.0   6891  -11.3  -13.7     82   3.05    180      7  331.5  342.3  332.1
  414.0   7328  -14.1  -15.6     88   2.76    137      9  333.3  343.1  333.8
  405.0   7495  -14.6  -16.9     83   2.53    120     10  334.7  343.8  335.2
  400.0   7590  -14.9  -17.6     80   2.41    100     10  335.5  344.3  336.0
  389.0   7800  -15.8  -19.2     75   2.16     90     10  337.0  344.9  337.4
  377.0   8036  -16.9  -21.1     70   1.90    110     13  338.6  345.6  339.0
  374.0   8096  -17.1  -23.2     59   1.59    115     14  339.1  345.1  339.4
  371.0   8157  -17.3  -25.3     50   1.33    118     14  339.6  344.7  339.9
  350.0   8590  -20.7  -27.7     53   1.13    144     13  340.8  345.1  341.0
  348.0   8632  -20.9  -25.9     64   1.34    146     13  341.0  346.1  341.3
  345.0   8696  -21.2  -28.7     51   1.04    150     13  341.5  345.5  341.7
  342.0   8761  -21.5  -31.5     40   0.81    151     12  341.9  345.1  342.1
  318.0   9291  -26.1  -31.5     60   0.87    160      3  342.7  346.1  342.9
  314.0   9383  -26.9  -31.5     65   0.88    139      3  342.9  346.3  343.0
  305.0   9592  -28.7  -34.2     59   0.70     90      3  343.2  346.0  343.4
  300.0   9710  -29.7  -35.7     56   0.61    125      3  343.4  345.9  343.5
  296.0   9806  -30.5  -36.5     56   0.57    142      3  343.6  345.9  343.7
  292.0   9903  -31.0  -40.0     41   0.41    160      4  344.2  345.9  344.3
  288.0  10001  -31.5  -43.5     30   0.28    155      3  344.9  346.1  344.9
  280.0  10199  -32.9  -44.2     32   0.27    145      2  345.6  346.8  345.7
  267.0  10534  -35.3  -45.3     35   0.25    103      6  346.9  347.9  346.9
  257.0  10799  -37.5  -43.3     54   0.32     70     10  347.5  348.9  347.6
  255.0  10854  -37.9  -42.9     59   0.34     69     10  347.6  349.0  347.7
  250.0  10990  -39.1  -45.1     53   0.27     65     10  347.8  349.0  347.9
  246.0  11099  -40.0  -47.3     46   0.22     55     10  348.0  348.9  348.1
  235.0  11409  -42.7  -53.7     29   0.11     48     12  348.6  349.0  348.6
  215.0  11999  -48.0  -60.8     22   0.05     35     15  349.2  349.4  349.2
  212.0  12092  -48.9  -61.9     21   0.04     37     16  349.3  349.5  349.3
  200.0  12470  -52.1  -62.1     29   0.04     45     18  350.1  350.3  350.1
  194.0  12666  -53.9  -60.9     42   0.05     47     18  350.3  350.5  350.3
  150.0  14260  -68.1  -78.1     23   0.01     65     19  352.6  352.6  352.6
  148.0  14341  -68.7  -79.7     19   0.00     66     21  352.9  352.9  352.9
  139.0  14709  -71.6  -81.8     20   0.00     70     28  354.2  354.2  354.2
  126.0  15286  -76.1  -85.2     23   0.00     60     40  356.1  356.1  356.1
  125.0  15333  -76.5  -85.5     23   0.00     61     39  356.2  356.2  356.2
  119.0  15617  -76.4  -86.6     19   0.00     70     31  361.5  361.5  361.5
  115.0  15814  -76.3  -87.3     16   0.00     95     25  365.2  365.2  365.2
  108.0  16172  -78.5  -90.8     12   0.00    140     14  367.7  367.7  367.7
  102.0  16497  -80.4  -94.0      9   0.00    200     14  370.0  370.0  370.0
  100.0  16610  -81.1  -95.1      8   0.00    215     16  370.8  370.8  370.8
   97.0  16781  -82.4  -96.0      9   0.00    220     18  371.5  371.5  371.5
   92.8  17028  -84.3  -97.3      9   0.00    200     14  372.5  372.5  372.5
   87.0  17387  -84.1  -96.6     10   0.00    125     15  379.8  379.8  379.8
   82.2  17703  -83.9  -95.9     11   0.00     63     11  386.4  386.4  386.4
   82.0  17716  -83.6  -95.8     11   0.00     60     11  387.3  387.3  387.3
   79.5  17890  -80.1  -94.1      8   0.00    336     10  398.0  398.0  398.0
   78.0  17998  -80.3  -94.0      9   0.00    285     10  399.6  399.6  399.6
   74.0  18296  -81.0  -93.7     11   0.00    200      4  404.2  404.2  404.2
   71.5  18490  -81.5  -93.5     12   0.00    185      7  407.2  407.2  407.2
   70.0  18610  -80.5  -92.5     12   0.00    175      9  411.9  411.9  411.9
   67.0  18858  -78.6  -92.4      9   0.00     40     10  421.2  421.2  421.2
   65.1  19021  -77.3  -92.3      8   0.00     19     13  427.5  427.5  427.5
   63.0  19209  -77.3  -92.7      7   0.00    355     17  431.5  431.5  431.5
   60.1  19478  -77.3  -93.3      6   0.00    348     13  437.3  437.4  437.3
   57.0  19786  -75.1  -93.8      4   0.00    340      9  449.0  449.0  449.0
   54.0  20101  -72.8  -94.3      3   0.00    155      8  461.2  461.2  461.2
   50.3  20514  -69.9  -94.9      2   0.00     77     16  477.5  477.6  477.5
   50.0  20550  -69.5  -94.5      2   0.00     70     17  479.3  479.3  479.3
   49.0  20672  -67.8  -94.6      1   0.00     70     18  486.2  486.2  486.2
   47.3  20886  -64.7  -94.7      1   0.00     81     24  498.4  498.4  498.4
   46.0  21055  -65.2  -95.6      1   0.00     90     28  501.1  501.1  501.1
   44.0  21326  -66.1  -97.0      1   0.00     95     36  505.4  505.4  505.4
   43.6  21382  -66.3  -97.3      1   0.00     94     37  506.3  506.3  506.3
   40.2  21877  -64.5  -97.5      0   0.00     86     46  522.6  522.7  522.6
   40.0  21908  -63.8  -96.8      0   0.00     85     47  525.2  525.2  525.2
   39.3  22016  -61.3  -94.3      1   0.00     87     49  534.1  534.1  534.1
   36.0  22562  -61.0  -92.8      1   0.00     95     61  548.3  548.3  548.3
   32.0  23296  -60.7  -90.7      1   0.00     92     58  568.0  568.0  568.0
   30.0  23700  -58.5  -90.5      1   0.00     90     56  584.6  584.6  584.6
   29.1  23892  -56.9  -88.9      1   0.01     89     57  594.1  594.1  594.1
   23.7  25195  -55.1  -81.1      3   0.02     86     61  635.2  635.4  635.2
   23.0  25388  -54.2  -80.5      3   0.03     85     62  643.4  643.6  643.4
   22.0  25675  -52.8  -79.7      2   0.03     85     69  655.6  656.0  655.7
   20.0  26290  -49.9  -77.9      2   0.05     80     72  682.7  683.1  682.7
   19.4  26490  -48.9  -77.9      2   0.05     81     71  691.7  692.2  691.7
   18.0  26980  -49.8  -77.0      3   0.06     85     70  703.9  704.6  704.0
   17.8  27053  -49.9  -76.9      3   0.06     85     69  705.8  706.4  705.8
   17.0  27356  -47.8  -76.4      2   0.07     85     66  721.7  722.5  721.8
   16.8  27433  -47.3  -76.3      2   0.07     84     63  725.9  726.6  725.9
   16.0  27757  -47.0  -76.3      2   0.07     80     50  737.1  737.9  737.1
   15.0  28184  -46.6  -76.3      2   0.08    105     34  752.1  753.0  752.2
   14.3  28501  -46.3  -76.3      2   0.08                763.5  764.4  763.5
</PRE><H3>Station information and sounding indices</H3><PRE>
                         Station identifier: WIII
                             Station number: 96749
                           Observation time: 211214/0000
                           Station latitude: -6.11
                          Station longitude: 106.65
                          Station elevation: 8.0
                            Showalter index: -0.26
                               Lifted index: -1.63
    LIFT computed using virtual temperature: -2.16
                                SWEAT index: 216.18
                                    K index: 34.60
                         Cross totals index: 20.80
                      Vertical totals index: 22.70
                        Totals totals index: 43.50
      Convective Available Potential Energy: 419.25
             CAPE using virtual temperature: 532.12
                      Convective Inhibition: -57.27
             CINS using virtual temperature: -45.69
                           Equilibrum Level: 248.71
 Equilibrum Level using virtual temperature: 243.84
                   Level of Free Convection: 836.46
             LFCT using virtual temperature: 843.47
                     Bulk Richardson Number: 26.61
          Bulk Richardson Number using CAPV: 33.78
  Temp [K] of the Lifted Condensation Level: 293.64
Pres [hPa] of the Lifted Condensation Level: 921.46
   Equivalent potential temp [K] of the LCL: 349.94
     Mean mixed layer potential temperature: 300.59
              Mean mixed layer mixing ratio: 16.81
              1000 hPa to 500 hPa thickness: 5781.00
Precipitable water [mm] for entire sounding: 56.98
</PRE>
<P>Description of the 
<A HREF="/upperair/columns.html">data columns</A>
or <A HREF="/upperair/indices.html">sounding indices</A>.

<P>
<FORM>
<INPUT CLASS="button" TYPE="button" VALUE=" Close this window " 
 onClick="window.close();">
<INPUT CLASS="button" TYPE="button" VALUE=" Select another map " 
 onClick="window.blur();">
</FORM>
<HR SIZE="1">
<I>Interested in graduate studies in atmospheric science?
Check out our program at the
<a href="http://www.uwyo.edu/atsc/howtoapply/"
target=_top>University of Wyoming
</a></I>
<HR SIZE="1"><FONT SIZE="-1">
Questions about the weather data provided by this site can be
addressed to <A HREF="mailto:ldoolman@uwyo.edu">
Larry Oolman (ldoolman@uwyo.edu)</A></FONT>
<HR SIZE="1">
<SCRIPT TYPE="text/javascript">
<!--
window.focus();
// -->
</SCRIPT>
</BODY>
</HTML>
