2017-03-01 12
<HTML>
<TITLE>University of Wyoming - Radiosonde Data</TITLE>
<BODY BGCOLOR="white">
<H2>96749 WIII Jakarta Observations at 00Z 01 Mar 2017</H2>
<PRE>
-----------------------------------------------------------------------------
   PRES   HGHT   TEMP   DWPT   RELH   MIXR   DRCT   SKNT   THTA   THTE   THTV
    hPa     m      C      C      %    g/kg    deg   knot     K      K      K 
-----------------------------------------------------------------------------
 1009.0      8   25.6   22.8     85  17.67    240      4  298.0  349.5  301.1
 1000.0     84   24.4   21.8     85  16.75    245     10  297.6  346.3  300.5
  985.0    216   23.4   21.3     88  16.48    251     12  297.8  345.8  300.8
  976.0    296   23.5   20.9     86  16.27    255     14  298.7  346.2  301.6
  960.0    441   23.6   20.3     82  15.89    252     14  300.2  347.0  303.1
  925.0    764   21.8   18.3     81  14.52    245     14  301.6  344.6  304.2
  911.0    896   20.9   17.8     83  14.31    240     11  301.9  344.4  304.5
  870.0   1294   18.0   16.4     90  13.67    247      9  303.0  343.7  305.4
  850.0   1494   17.2   15.8     91  13.46    250      8  304.1  344.4  306.6
  792.0   2091   14.5   12.2     86  11.37    260      2  307.5  342.1  309.6
  764.0   2395   13.1   10.3     83  10.40    240      2  309.2  341.1  311.1
  737.0   2699   11.8    8.4     80   9.51     90      2  310.9  340.3  312.6
  712.0   2990   10.4    6.7     77   8.70     40      2  312.5  339.7  314.1
  700.0   3134    9.8    5.8     76   8.33     20      3  313.3  339.5  314.9
  686.0   3302    9.0    5.0     76   8.05     35      4  314.3  339.7  315.8
  682.0   3351    8.8    4.8     76   7.97     38      4  314.5  339.7  316.0
  662.0   3594    7.5    3.5     76   7.47     55      6  315.7  339.5  317.1
  638.0   3895    5.8    1.8     75   6.88     10      5  317.2  339.3  318.5
  593.0   4493    2.5   -1.5     75   5.82     90      9  320.0  339.1  321.2
  561.0   4946    0.0   -4.0     74   5.10     90      9  322.2  339.1  323.2
  500.0   5860   -5.7   -8.9     78   3.92     90      9  326.0  339.4  326.8
  487.0   6065   -6.9   -9.7     80   3.78     88     10  327.0  340.0  327.8
  455.0   6590   -9.7  -14.7     67   2.70     83     12  329.9  339.4  330.5
  441.0   6829  -10.9  -16.9     61   2.32     81     13  331.4  339.7  331.8
  437.0   6899  -11.1  -17.5     59   2.22     80     13  332.0  340.0  332.4
  432.0   6987  -11.3  -18.3     56   2.11     79     13  332.8  340.4  333.2
  425.0   7111  -12.5  -16.6     71   2.47     77     13  332.8  341.7  333.3
  424.0   7129  -12.7  -15.5     80   2.71     77     13  332.8  342.5  333.4
  423.0   7147  -12.7  -15.7     78   2.68     76     13  333.0  342.6  333.6
  421.0   7183  -12.5  -20.5     51   1.79     76     13  333.7  340.3  334.1
  400.0   7570  -14.7  -24.7     42   1.30     70     14  335.8  340.7  336.1
  394.0   7684  -15.5  -25.5     42   1.23     71     14  336.2  340.8  336.4
  377.0   8015  -17.7  -23.7     59   1.51     74     14  337.6  343.2  337.9
  373.0   8093  -18.2  -24.1     60   1.47     75     14  337.9  343.4  338.2
  344.0   8688  -22.4  -27.2     65   1.20    130      9  340.2  344.8  340.4
  326.0   9084  -25.1  -29.3     68   1.04    124     11  341.7  345.7  341.9
  300.0   9680  -30.1  -36.1     56   0.59    115     14  342.8  345.2  343.0
  288.0   9969  -32.1  -39.1     50   0.45    117     14  344.0  345.9  344.1
  267.0  10494  -36.5  -42.0     57   0.36    120     13  345.1  346.6  345.2
  256.0  10786  -39.0  -43.5     62   0.32    105     11  345.7  347.0  345.7
  251.0  10923  -40.1  -44.3     64   0.30    109     11  345.9  347.2  346.0
  250.0  10950  -40.3                         110     11  346.0         346.0
  224.0  11678  -46.6                         115     11  347.4         347.4
  204.0  12299  -52.0                         100     12  348.3         348.3
  200.0  12430  -53.1                         105     14  348.5         348.5
  153.0  14097  -67.4                         110     19  351.7         351.7
  150.0  14220  -68.5                         100     19  351.9         351.9
  142.0  14545  -71.9                          89     23  351.5         351.5
  125.0  15277  -77.8                          65     33  353.8         353.8
  116.0  15706  -81.3                          74     38  355.0         355.0
  101.0  16475  -84.5                          90     48  363.2         363.2
  100.0  16530  -84.7                          90     48  363.8         363.8
   98.5  16613  -85.3                          90     47  364.2         364.2
   95.0  16815  -81.4                          85     34  375.7         375.7
   94.2  16862  -80.5                          80     30  378.4         378.4
   90.0  17119  -80.8                          55      7  382.7         382.7
   86.0  17375  -81.1                         260     13  387.1         387.1
   81.0  17712  -81.5                         225     14  392.9         392.9
   79.3  17832  -81.7                         261     11  395.0         395.0
   77.0  17999  -80.7                         310      7  400.4         400.4
   73.0  18302  -78.8                         260      6  410.6         410.6
   70.0  18540  -77.3                           0      0  418.7         418.7
   69.0  18622  -77.3                          20      2  420.4         420.4
   68.7  18647  -77.3                          19      2  420.9         420.9
   66.0  18882  -74.5                          10      6  432.0         432.0
   63.0  19154  -71.2                         115      5  445.0         445.0
   60.5  19391  -68.3                         217      6  456.6         456.6
   59.0  19542  -67.7                         280      6  461.1         461.1
   53.9  20087  -65.7                         299     12  477.9         477.9
   51.0  20421  -67.1                         310     15  482.1         482.1
   50.3  20504  -67.5                         303     18  483.2         483.2
   50.0  20540  -67.7                         300     19  483.5         483.5
   46.0  21045  -64.7                         264     20  502.4         502.4
   44.0  21316  -65.1                         245     20  507.9         507.9
   39.8  21927  -65.9                         248     20  520.6         520.6
   38.0  22211  -64.5                         250     20  531.0         531.0
   35.0  22716  -62.1                         240     15  549.9         549.9
   33.8  22930  -61.1                         234     16  558.1         558.1
   33.0  23079  -61.2                         230     16  561.7         561.7
   30.0  23670  -61.7                         245     18  575.9         575.9
   29.9  23691  -61.9                         245     19  575.9         575.9
   28.0  24098  -61.0                         240     29  589.2         589.2
   26.0  24558  -60.0                         210     17  604.7         604.7
   24.7  24876  -59.3                         152     16  615.7         615.7
   24.0  25057  -57.8                         120     15  625.0         625.0
   23.2  25270  -56.1                         126     15  636.2         636.2
   21.0  25901  -56.5                         145     15  653.4         653.4
   20.8  25961  -56.5                         140     17  655.1         655.1
   20.0  26210  -55.1                         120     23  666.8         666.8
   18.0  26890  -53.5                          60     19  692.2         692.2
   16.0  27650  -51.7                          30     10  721.8         721.8
   15.0  28066  -50.7                          95      7  738.5         738.5
   14.6  28241  -50.3                          98      9  745.6         745.6
   13.1  28947  -51.1                         109     16  766.2         766.2
   13.0  28997  -50.8                         110     16  768.9         768.9
   12.0  29521  -47.9                                     797.0         797.0
</PRE><H3>Station information and sounding indices</H3><PRE>
                         Station identifier: WIII
                             Station number: 96749
                           Observation time: 170301/0000
                           Station latitude: -6.11
                          Station longitude: 106.65
                          Station elevation: 8.0
                            Showalter index: -0.58
                               Lifted index: -1.37
    LIFT computed using virtual temperature: -1.64
                                SWEAT index: 214.60
                                    K index: 34.70
                         Cross totals index: 21.50
                      Vertical totals index: 22.90
                        Totals totals index: 44.40
      Convective Available Potential Energy: 97.90
             CAPE using virtual temperature: 147.80
                      Convective Inhibition: -64.43
             CINS using virtual temperature: -38.04
                           Equilibrum Level: 407.81
 Equilibrum Level using virtual temperature: 372.53
                   Level of Free Convection: 647.02
             LFCT using virtual temperature: 771.81
                     Bulk Richardson Number: 6.56
          Bulk Richardson Number using CAPV: 9.91
  Temp [K] of the Lifted Condensation Level: 293.65
Pres [hPa] of the Lifted Condensation Level: 942.84
   Equivalent potential temp [K] of the LCL: 346.50
     Mean mixed layer potential temperature: 298.65
              Mean mixed layer mixing ratio: 16.40
              1000 hPa to 500 hPa thickness: 5776.00
Precipitable water [mm] for entire sounding: 57.35
</PRE>
<P>Description of the 
<A HREF="/upperair/columns.html">data columns</A>
or <A HREF="/upperair/indices.html">sounding indices</A>.

<P>
<FORM>
<INPUT CLASS="button" TYPE="button" VALUE=" Close this window " 
 onClick="window.close();">
<INPUT CLASS="button" TYPE="button" VALUE=" Select another map " 
 onClick="window.blur();">
</FORM>
<HR SIZE="1">
<I>Interested in graduate studies in atmospheric science?
Check out our program at the
<a href="http://www.uwyo.edu/atsc/howtoapply/"
target=_top>University of Wyoming
</a></I>
<HR SIZE="1"><FONT SIZE="-1">
Questions about the weather data provided by this site can be
addressed to <A HREF="mailto:ldoolman@uwyo.edu">
Larry Oolman (ldoolman@uwyo.edu)</A></FONT>
<HR SIZE="1">
<SCRIPT TYPE="text/javascript">
<!--
window.focus();
// -->
</SCRIPT>
</BODY>
</HTML>
