2022-05-03 12
<HTML>
<TITLE>University of Wyoming - Radiosonde Data</TITLE>
<BODY BGCOLOR="white">
<H2>96749 WIII Jakarta Observations at 00Z 03 May 2022</H2>
<PRE>
-----------------------------------------------------------------------------
   PRES   HGHT   TEMP   DWPT   RELH   MIXR   DRCT   SKNT   THTA   THTE   THTV
    hPa     m      C      C      %    g/kg    deg   knot     K      K      K 
-----------------------------------------------------------------------------
 1008.0      8   23.8   23.0     95  17.91    210      2  296.3  348.1  299.4
 1006.0     26   24.0   23.1     95  18.06    203      3  296.6  348.9  299.8
 1000.0     79   24.8   22.5     87  17.50    180      7  297.9  348.9  301.1
  992.0    150   26.0   21.0     74  16.06    161      9  299.8  347.0  302.7
  975.0    301   25.6   20.6     74  15.99    120     12  301.0  348.2  303.9
  944.0    585   25.0   20.0     74  15.86    111     15  303.1  350.3  306.0
  925.0    763   23.4   19.6     79  15.78    105     17  303.2  350.3  306.1
  870.0   1296   19.8   17.8     88  14.97     98     21  304.8  349.8  307.6
  850.0   1497   18.8   16.5     86  14.09     95     23  305.8  348.3  308.4
  759.0   2464   14.2   10.3     77  10.47     95     20  310.9  343.3  312.9
  738.0   2701   13.2    6.1     62   8.05     95     19  312.3  337.5  313.8
  726.0   2839   12.6    3.6     54   6.87     95     19  313.1  334.9  314.4
  712.0   3002   11.3    6.0     70   8.30     95     18  313.4  339.5  315.0
  705.0   3085   10.6    7.2     79   9.12     92     17  313.6  342.2  315.3
  700.0   3144   10.0    7.0     82   9.06     90     17  313.5  341.9  315.2
  616.0   4188    4.5    2.3     86   7.40     80     21  318.9  342.7  320.3
  555.0   5040    0.0   -1.5     90   6.22     85     19  323.2  343.7  324.4
  548.0   5142   -0.5   -4.5     74   5.03     86     18  323.8  340.6  324.8
  519.0   5575   -2.9   -4.7     87   5.23     88     17  325.9  343.5  327.0
  500.0   5870   -3.9   -6.6     81   4.69     90     16  328.2  344.2  329.1
  482.0   6159   -5.5  -10.2     69   3.67     90     15  329.7  342.4  330.4
  473.0   6306   -6.6  -10.6     73   3.63     90     14  330.2  342.8  330.9
  438.0   6904  -10.9  -12.1     91   3.47    125      5  332.0  344.2  332.7
  415.0   7319  -12.1  -16.3     71   2.59    108      7  335.6  345.0  336.1
  405.0   7505  -13.3  -17.6     70   2.38    100      8  336.4  345.1  336.9
  400.0   7600  -13.9  -18.3     69   2.27     85      7  336.8  345.1  337.3
  390.0   7788  -15.2  -19.9     67   2.04     65      5  337.6  345.1  338.0
  374.0   8100  -17.3  -22.4     64   1.70     80      3  338.9  345.2  339.2
  360.0   8384  -19.2  -24.7     62   1.44     45      5  340.0  345.5  340.3
  314.0   9401  -26.1  -33.1     52   0.75     41      5  344.0  347.0  344.1
  300.0   9730  -28.5  -36.5     46   0.56     40      5  345.1  347.4  345.2
  293.0   9894  -29.9  -37.8     46   0.51     25      6  345.4  347.5  345.6
  281.0  10186  -32.4  -40.0     47   0.42      0      6  346.0  347.8  346.1
  257.0  10808  -37.7  -44.8     47   0.28    355      6  347.2  348.4  347.2
  250.0  11000  -39.3  -46.3     47   0.24     10      8  347.5  348.5  347.6
  246.0  11108  -40.2  -47.3     47   0.22     15      8  347.8  348.7  347.8
  236.0  11385  -42.5  -49.8     45   0.17     15      7  348.4  349.1  348.4
  225.0  11704  -45.2  -52.7     43   0.13    355      7  349.0  349.6  349.0
  206.0  12293  -50.2  -58.1     39   0.07    355     11  350.1  350.4  350.1
  200.0  12490  -51.9  -59.9     38   0.06    355     10  350.4  350.7  350.4
  197.0  12585  -52.7  -60.8     37   0.05    355      9  350.6  350.9  350.7
  171.0  13476  -60.3  -68.8     32   0.02    350     10  352.6  352.7  352.6
  163.0  13777  -62.9  -71.6     30   0.01    345      6  353.1  353.2  353.1
  155.0  14094  -65.5  -74.4     28   0.01      5      3  353.6  353.7  353.6
  150.0  14300  -67.3  -76.3     27   0.01     40      2  354.0  354.0  354.0
  147.0  14420  -68.3  -77.2     27   0.01     45      2  354.2  354.2  354.2
  140.0  14709  -70.8  -79.2     28   0.01     15      1  354.8  354.8  354.8
  134.0  14969  -73.1  -81.1     29   0.00    117      2  355.2  355.3  355.2
  133.0  15012  -73.4  -81.5     28   0.00    135      2  355.4  355.5  355.4
  120.0  15602  -77.8  -87.1     21   0.00    150     10  358.1  358.1  358.1
  114.0  15897  -79.9  -89.8     18   0.00    150     14  359.4  359.4  359.4
  113.0  15947  -80.3  -90.3     18   0.00    145     14  359.6  359.6  359.6
  106.0  16305  -83.1  -93.1     17   0.00    111     13  360.9  360.9  360.9
  102.0  16520  -82.2  -92.8     15   0.00     90     13  366.6  366.6  366.6
  100.0  16630  -81.7  -92.7     14   0.00     80      9  369.6  369.6  369.6
   97.0  16799  -82.5  -93.5     14   0.00     45      9  371.3  371.3  371.3
   87.0  17404  -85.4  -96.4     13   0.00     20     22  377.2  377.2  377.2
   85.4  17507  -85.9  -96.9     13   0.00     32     21  378.2  378.2  378.2
   78.0  18005  -85.5  -95.6     16   0.00     90     15  388.9  388.9  388.9
   77.5  18041  -85.5  -95.5     16   0.00     94     14  389.7  389.7  389.7
   74.5  18260  -81.9  -93.9     12   0.00    121     10  401.6  401.6  401.6
   74.0  18298  -81.9  -93.8     12   0.00    125      9  402.4  402.4  402.4
   70.0  18610  -81.9  -92.9     14   0.00    180     12  408.9  408.9  408.9
   68.9  18699  -82.1  -94.1     12   0.00    167     12  410.3  410.3  410.3
   67.3  18830  -81.7  -93.7     12   0.00    147     12  413.9  413.9  413.9
   65.2  19011  -75.3  -91.3      7   0.00    120     12  431.6  431.6  431.6
   60.0  19501  -71.2  -92.6      3   0.00     50     13  451.3  451.3  451.3
   56.9  19814  -68.5  -93.5      2   0.00     59     18  464.2  464.2  464.2
   52.0  20354  -67.9  -97.8      1   0.00     75     27  477.6  477.6  477.6
   50.0  20590  -67.7  -99.7      0   0.00     95     31  483.5  483.5  483.5
   49.5  20650  -67.5 -105.5      0   0.00                485.4  485.4  485.4
</PRE><H3>Station information and sounding indices</H3><PRE>
                         Station identifier: WIII
                             Station number: 96749
                           Observation time: 220503/0000
                           Station latitude: -6.11
                          Station longitude: 106.65
                          Station elevation: 8.0
                            Showalter index: -0.22
                               Lifted index: -0.23
    LIFT computed using virtual temperature: -0.42
                                SWEAT index: 260.00
                                    K index: 36.20
                         Cross totals index: 20.40
                      Vertical totals index: 22.70
                        Totals totals index: 43.10
      Convective Available Potential Energy: 81.67
             CAPE using virtual temperature: 117.82
                      Convective Inhibition: -144.50
             CINS using virtual temperature: -120.45
                           Equilibrum Level: 417.28
 Equilibrum Level using virtual temperature: 368.76
                   Level of Free Convection: 699.94
             LFCT using virtual temperature: 706.98
                     Bulk Richardson Number: 4.34
          Bulk Richardson Number using CAPV: 6.25
  Temp [K] of the Lifted Condensation Level: 293.21
Pres [hPa] of the Lifted Condensation Level: 920.46
   Equivalent potential temp [K] of the LCL: 348.27
     Mean mixed layer potential temperature: 300.26
              Mean mixed layer mixing ratio: 16.36
              1000 hPa to 500 hPa thickness: 5791.00
Precipitable water [mm] for entire sounding: 61.01
</PRE>
<P>Description of the 
<A HREF="/upperair/columns.html">data columns</A>
or <A HREF="/upperair/indices.html">sounding indices</A>.

<P>
<FORM>
<INPUT CLASS="button" TYPE="button" VALUE=" Close this window " 
 onClick="window.close();">
<INPUT CLASS="button" TYPE="button" VALUE=" Select another map " 
 onClick="window.blur();">
</FORM>
<HR SIZE="1">
<I>Interested in graduate studies in atmospheric science?
Check out our program at the
<a href="http://www.uwyo.edu/atsc/howtoapply/"
target=_top>University of Wyoming
</a></I>
<HR SIZE="1"><FONT SIZE="-1">
Questions about the weather data provided by this site can be
addressed to <A HREF="mailto:ldoolman@uwyo.edu">
Larry Oolman (ldoolman@uwyo.edu)</A></FONT>
<HR SIZE="1">
<SCRIPT TYPE="text/javascript">
<!--
window.focus();
// -->
</SCRIPT>
</BODY>
</HTML>
