2017-08-12 00
<HTML>
<TITLE>University of Wyoming - Radiosonde Data</TITLE>
<BODY BGCOLOR="white">
<H2>96749 WIII Jakarta Observations at 00Z 12 Aug 2017</H2>
<PRE>
-----------------------------------------------------------------------------
   PRES   HGHT   TEMP   DWPT   RELH   MIXR   DRCT   SKNT   THTA   THTE   THTV
    hPa     m      C      C      %    g/kg    deg   knot     K      K      K 
-----------------------------------------------------------------------------
 1010.0      8   26.0   24.5     91  19.61    290      4  298.3  355.6  301.8
 1000.0    101   25.6   22.5     83  17.50    150      4  298.8  349.9  301.9
  977.0    304   24.4   21.3     83  16.60    115      6  299.5  348.1  302.4
  925.0    781   21.4   18.4     83  14.62    100      7  301.2  344.4  303.8
  882.0   1194   19.1   16.1     83  13.26     90      6  303.0  342.5  305.4
  850.0   1515   17.4   14.4     83  12.28     90      5  304.4  341.2  306.6
  822.0   1800   15.6   13.0     84  11.55     90      6  305.4  340.2  307.5
  793.0   2105   13.6   11.4     86  10.80    115      8  306.4  339.2  308.4
  778.0   2268   12.6   10.6     88  10.42    107      8  307.0  338.7  308.9
  757.0   2498   13.0    8.4     74   9.22     95      7  309.8  338.3  311.6
  708.0   3059   10.2    3.2     62   6.85     65      5  312.7  334.4  314.0
  700.0   3154    9.6    2.6     62   6.64     60      5  313.1  334.1  314.3
  688.0   3296    8.6    2.1     64   6.51     65      7  313.5  334.2  314.7
  614.0   4228    1.8   -1.3     80   5.70     71     14  316.1  334.4  317.1
  584.0   4631    0.0   -7.0     59   3.89     74     17  318.5  331.4  319.3
  572.0   4797   -1.0   -9.2     54   3.36     75     18  319.2  330.4  319.9
  553.0   5066   -2.7  -12.7     46   2.62     65     18  320.3  329.2  320.8
  510.0   5705   -5.7  -12.7     58   2.84     40     17  324.2  334.0  324.7
  500.0   5860   -6.3  -15.3     49   2.34     40     17  325.3  333.5  325.8
  484.0   6115   -7.5  -22.5     29   1.31     46     18  326.9  331.6  327.1
  481.0   6163   -7.7  -25.7     22   0.99     47     18  327.2  330.8  327.4
  473.0   6294   -7.3  -31.3     13   0.59     50     18  329.2  331.5  329.3
  460.0   6512   -6.7  -40.7      5   0.24     57     18  332.6  333.6  332.7
  458.0   6546   -6.3  -40.3      5   0.25     58     18  333.6  334.6  333.6
  421.0   7197  -11.6  -42.0      6   0.23     80     18  334.9  335.9  335.0
  407.0   7458  -13.7  -42.7      7   0.22     80     18  335.4  336.3  335.5
  400.0   7590  -14.9  -43.9      6   0.20     80     18  335.5  336.4  335.6
  387.0   7838  -17.1  -41.1     11   0.27     73     18  335.8  336.9  335.9
  382.0   7935  -17.7  -31.7     28   0.71     70     19  336.3  339.1  336.4
  380.0   7974  -18.1  -29.1     38   0.91     69     19  336.3  339.8  336.5
  378.0   8013  -18.1  -35.1     21   0.51     68     19  336.8  338.8  336.9
  373.0   8112  -18.7  -32.0     30   0.71     65     19  337.2  340.0  337.4
  370.0   8172  -19.1  -30.1     37   0.85     67     19  337.5  340.8  337.7
  344.0   8708  -23.1  -35.1     33   0.57     80     19  339.1  341.4  339.2
  343.0   8730  -23.3  -35.3     32   0.56     80     19  339.2  341.4  339.3
  304.0   9595  -31.1  -34.7     70   0.67     70     23  340.2  342.8  340.4
  300.0   9690  -31.9  -34.6     77   0.68     70     22  340.3  343.0  340.4
  292.0   9880  -33.7  -35.2     86   0.66     62     21  340.4  343.0  340.5
  267.0  10499  -38.0  -42.7     62   0.33     35     16  342.9  344.2  342.9
  257.0  10762  -39.9  -45.9     53   0.24     35     17  343.9  344.9  343.9
  250.0  10950  -41.7                          35     17  343.9         343.9
  204.0  12290  -52.8                          45     33  347.0         347.0
  200.0  12420  -53.9                          45     35  347.2         347.2
  153.0  14087  -67.5                          95     27  351.6         351.6
  150.0  14210  -68.5                          95     26  351.9         351.9
  141.0  14578  -71.5                          88     24  352.9         352.9
  131.0  15007  -74.1                          80     22  355.8         355.8
  125.0  15280  -75.8                          65     31  357.6         357.6
  121.0  15469  -76.9                          66     32  358.8         358.8
  112.0  15912  -77.6                          70     35  365.5         365.5
  101.0  16503  -78.6                          50     18  374.5         374.5
  100.0  16560  -78.7                          50     18  375.4         375.4
   97.2  16722  -77.9                          53     21  380.0         380.0
   96.1  16788  -73.9                          55     22  389.1         389.1
   96.0  16794  -73.9                          55     22  389.2         389.2
   91.0  17107  -73.1                          80      4  396.9         396.9
   87.0  17370  -72.4                         265      6  403.4         403.4
   86.6  17397  -72.3                         265      6  404.1         404.1
   79.8  17875  -74.7                         269     15  408.7         408.7
   71.0  18557  -72.6                         275     27  427.1         427.1
   70.0  18640  -72.3                         275     28  429.4         429.4
   64.0  19169  -71.7                         255     34  441.8         441.8
   60.0  19550  -71.3                         281     28  450.9         450.9
   58.0  19753  -66.7                         295     25  465.7         465.7
   52.5  20361  -63.7                         292     23  486.1         486.1
   50.0  20660  -64.1                         290     22  492.0         492.0
   47.0  21038  -64.4                         295     18  500.0         500.0
   44.6  21358  -64.7                         277     22  506.9         506.9
   43.0  21582  -64.1                         265     24  513.6         513.6
   39.0  22182  -62.6                         135      9  531.9         531.9
   37.2  22472  -61.9                         113     17  541.0         541.0
   37.0  22505  -62.0                         110     18  541.5         541.5
   32.8  23244  -65.1                         101     37  552.3         552.3
   31.5  23490  -65.5                          98     43  557.7         557.7
   30.0  23790  -60.9                          95     51  578.0         578.0
   29.9  23811  -60.3                          95     51  580.2         580.2
   27.1  24426  -57.3                          87     59  605.2         605.2
   26.3  24614  -57.8                          85     61  608.9         608.9
   26.0  24686  -58.0                          85     61  610.4         610.4
   24.7  25008  -58.9                          87     61  616.8         616.8
   20.0  26340  -55.1                          95     61  666.8         666.8
   19.5  26502  -52.9                                     678.4         678.4
</PRE><H3>Station information and sounding indices</H3><PRE>
                         Station identifier: WIII
                             Station number: 96749
                           Observation time: 170812/0000
                           Station latitude: -6.11
                          Station longitude: 106.65
                          Station elevation: 8.0
                            Showalter index: 0.10
                               Lifted index: -2.84
    LIFT computed using virtual temperature: -3.43
                                SWEAT index: 199.78
                                    K index: 31.10
                         Cross totals index: 20.70
                      Vertical totals index: 23.70
                        Totals totals index: 44.40
      Convective Available Potential Energy: 725.32
             CAPE using virtual temperature: 880.54
                      Convective Inhibition: -23.46
             CINS using virtual temperature: -12.99
                           Equilibrum Level: 187.12
 Equilibrum Level using virtual temperature: 185.71
                   Level of Free Convection: 847.64
             LFCT using virtual temperature: 878.07
                     Bulk Richardson Number: 137.05
          Bulk Richardson Number using CAPV: 166.38
  Temp [K] of the Lifted Condensation Level: 294.13
Pres [hPa] of the Lifted Condensation Level: 940.87
   Equivalent potential temp [K] of the LCL: 348.87
     Mean mixed layer potential temperature: 299.31
              Mean mixed layer mixing ratio: 16.96
              1000 hPa to 500 hPa thickness: 5759.00
Precipitable water [mm] for entire sounding: 50.21
</PRE>
<P>Description of the 
<A HREF="/upperair/columns.html">data columns</A>
or <A HREF="/upperair/indices.html">sounding indices</A>.

<P>
<FORM>
<INPUT CLASS="button" TYPE="button" VALUE=" Close this window " 
 onClick="window.close();">
<INPUT CLASS="button" TYPE="button" VALUE=" Select another map " 
 onClick="window.blur();">
</FORM>
<HR SIZE="1">
<I>Interested in graduate studies in atmospheric science?
Check out our program at the
<a href="http://www.uwyo.edu/atsc/howtoapply/"
target=_top>University of Wyoming
</a></I>
<HR SIZE="1"><FONT SIZE="-1">
Questions about the weather data provided by this site can be
addressed to <A HREF="mailto:ldoolman@uwyo.edu">
Larry Oolman (ldoolman@uwyo.edu)</A></FONT>
<HR SIZE="1">
<SCRIPT TYPE="text/javascript">
<!--
window.focus();
// -->
</SCRIPT>
</BODY>
</HTML>
