2018-10-02 00
<HTML>
<TITLE>University of Wyoming - Radiosonde Data</TITLE>
<BODY BGCOLOR="white">
<H2>96749 WIII Jakarta Observations at 00Z 02 Oct 2018</H2>
<PRE>
-----------------------------------------------------------------------------
   PRES   HGHT   TEMP   DWPT   RELH   MIXR   DRCT   SKNT   THTA   THTE   THTV
    hPa     m      C      C      %    g/kg    deg   knot     K      K      K 
-----------------------------------------------------------------------------
 1010.0      8   25.4   21.3     78  16.07    160      1  297.7  344.5  300.6
 1000.0     94   25.6   21.1     76  16.03    150      5  298.8  345.6  301.6
  994.0    148   25.8   20.8     74  15.82    140      5  299.5  345.9  302.3
  977.0    301   24.8   20.0     75  15.29    110      5  299.9  344.8  302.6
  944.0    606   22.6   18.4     77  14.28     85      9  300.7  342.8  303.3
  931.0    729   21.8   17.7     78  13.88     92     10  301.0  342.1  303.5
  925.0    786   21.4   17.7     79  13.97     95     11  301.2  342.5  303.7
  922.0    814   21.4   17.6     79  13.93     96     11  301.5  342.7  304.0
  902.0   1006   22.4   13.4     57  10.82    100     10  304.4  337.0  306.4
  882.0   1201   20.9   14.6     67  12.01    105      9  304.8  340.9  307.0
  873.0   1291   20.2   15.2     73  12.60    115      8  305.0  342.9  307.3
  852.0   1502   19.3   13.4     69  11.45    140      6  306.1  340.8  308.2
  850.0   1522   19.2   13.2     68  11.34    135      6  306.2  340.6  308.3
  794.0   2102   16.4    5.9     50   7.37     55      6  309.3  332.3  310.7
  789.0   2155   16.2    5.2     48   7.08     52      6  309.6  331.7  310.9
  749.0   2593   13.4   -0.6     38   4.91     30      9  311.2  326.9  312.1
  740.0   2693   12.6   -1.1     39   4.81     25     10  311.4  326.8  312.3
  725.0   2864   11.2   -1.8     40   4.65     38     10  311.7  326.6  312.6
  722.0   2898   10.8    1.8     54   6.07     41     10  311.6  330.9  312.8
  713.0   3002   10.2    2.2     58   6.33     48     10  312.1  332.1  313.3
  711.0   3025   10.2    2.2     58   6.35     50     10  312.4  332.4  313.6
  700.0   3154   10.6   -4.4     35   3.96     60     10  314.2  327.1  314.9
  699.0   3166   10.6   -3.4     37   4.28     60     10  314.3  328.2  315.1
  688.0   3297    9.7   -4.6     36   3.96     65     11  314.7  327.7  315.5
  640.0   3893    5.6  -10.3     31   2.74     75     10  316.6  325.8  317.1
  636.0   3945    5.2  -10.8     30   2.65     70     10  316.8  325.7  317.3
  617.0   4192    4.3  -12.2     29   2.45     45     10  318.5  326.8  319.0
  595.0   4487    3.2  -13.8     28   2.22     47      9  320.5  328.2  321.0
  589.0   4569    2.4   -7.6     48   3.68     48      8  320.5  332.9  321.2
  572.0   4805    0.7  -10.0     45   3.14     50      7  321.2  331.9  321.9
  565.0   4904    0.0  -11.0     43   2.94     58      7  321.6  331.6  322.1
  551.0   5103   -1.6  -12.1     45   2.77     75      8  322.0  331.4  322.5
  515.0   5639   -5.9  -14.9     49   2.35     39     12  323.0  331.2  323.5
  511.0   5700   -6.5  -14.9     51   2.37     35     12  323.1  331.3  323.5
  508.0   5746   -6.9  -14.9     53   2.38     38     13  323.1  331.3  323.6
  506.0   5777   -6.9  -16.9     45   2.02     40     13  323.5  330.5  323.9
  500.0   5870   -7.3  -20.3     35   1.53     45     14  324.1  329.5  324.4
  488.0   6059   -7.1  -27.1     19   0.86     43     17  326.6  329.8  326.8
  473.0   6300   -8.8  -30.7     15   0.63     40     21  327.4  329.8  327.6
  465.0   6432   -9.7  -32.7     13   0.53     51     22  327.9  329.9  328.0
  459.0   6532   -9.1  -43.1      4   0.19     59     23  329.9  330.6  329.9
  455.0   6598   -9.5  -43.5      4   0.18     65     24  330.2  330.9  330.2
  421.0   7190  -12.7  -46.7      4   0.14     50     22  333.4  334.0  333.4
  400.0   7580  -14.9  -48.9      4   0.11     75     24  335.5  336.0  335.6
  365.0   8267  -18.7  -51.7      4   0.09     83     23  339.4  339.8  339.4
  359.0   8390  -18.7  -51.7      4   0.09     85     23  341.0  341.4  341.0
  356.0   8452  -18.7  -51.7      4   0.09     87     22  341.8  342.2  341.8
  331.0   8983  -23.1  -53.6      4   0.08    100     16  342.9  343.3  342.9
  304.0   9603  -28.3  -55.8      5   0.07     95     11  344.1  344.4  344.1
  300.0   9700  -29.1  -56.1      6   0.06    100      9  344.2  344.5  344.3
  292.0   9890  -30.6  -57.4      5   0.06    110      6  344.8  345.1  344.8
  280.0  10184  -32.9  -59.5      5   0.04    165      8  345.7  345.9  345.7
  268.0  10492  -35.3  -61.7      5   0.04    175     15  346.5  346.7  346.5
  250.0  10980  -39.1  -65.1      5   0.02    150      8  347.8  347.9  347.8
  246.0  11090  -40.1  -65.1      5   0.02    146      8  347.9  348.0  347.9
  215.0  11981  -48.3                         115      5  348.8         348.8
  200.0  12460  -52.7                         135      3  349.1         349.1
  196.0  12586  -53.7                         150      4  349.5         349.5
  187.0  12878  -56.2                         125      4  350.3         350.3
  170.0  13471  -61.1                          30      7  351.9         351.9
  154.0  14086  -66.2                          15     11  353.3         353.3
  150.0  14250  -67.5                          30     12  353.6         353.6
  133.0  14959  -73.7                          56     17  354.9         354.9
  125.0  15310  -76.0                          70     19  357.0         357.0
  113.0  15880  -79.9                          60     21  360.4         360.4
  100.0  16570  -84.5                          75     25  364.2         364.2
   92.7  16987  -86.5                          70     26  368.2         368.2
   91.0  17090  -83.1                          80     22  376.9         376.9
   90.0  17151  -81.1                          84     22  382.1         382.1
   86.0  17407  -80.8                         100     20  387.7         387.7
   84.4  17513  -80.7                          90     18  390.0         390.0
   82.5  17643  -77.3                          78     15  399.5         399.5
   82.0  17678  -77.2                          75     14  400.3         400.3
   78.0  17966  -76.8                          20     17  407.0         407.0
   74.0  18269  -76.3                          25     17  414.1         414.1
   71.9  18435  -76.1                          43     13  418.1         418.1
   70.0  18590  -74.5                          60     10  424.7         424.7
   67.8  18776  -74.9                          69     15  427.7         427.7
   65.5  18979  -69.7                          79     21  443.3         443.3
   60.0  19505  -67.4                         105     36  459.7         459.7
   58.0  19709  -66.5                         101     39  466.2         466.2
   53.6  20184  -68.9                          93     45  471.3         471.3
   50.0  20600  -68.3                          85     51  482.1         482.1
   49.1  20709  -68.7                          85     52  483.7         483.7
   47.0  20974  -66.0                          85     53  496.2         496.2
   45.0  21238  -63.3                          89     54  509.0         509.0
   42.5  21589  -63.7                          94     54  516.4         516.4
   40.0  21968  -59.2                         100     55  536.8         536.8
   38.3  22239  -55.9                          97     52  551.8         551.8
   35.0  22813  -55.6                          90     47  567.0         567.0
   34.3  22941  -55.5                          84     37  570.5         570.5
   33.3  23131  -53.1                          76     23  581.7         581.7
   32.0  23386  -53.9                          65      4  586.1         586.1
   31.0  23590  -54.6                         265      9  589.6         589.6
   30.0  23800  -55.3                         260     12  593.3         593.3
   28.0  24236  -57.3                         225     20  599.6         599.6
   27.2  24419  -58.1                         215     17  602.3         602.3
   26.0  24704  -55.4                         165     10  617.8         617.8
   25.7  24778  -54.7                         169      8  621.8         621.8
   25.0  24953  -55.5                         180      3  624.5         624.5
   24.0  25212  -56.7                         240      6  628.4         628.4
   23.8  25265  -56.9                         235      6  629.2         629.2
   23.0  25481  -56.5                         215      8  636.6         636.6
   22.0  25762  -55.9                         105      5  646.5         646.5
   21.3  25967  -55.5                          70      9  653.7         653.7
   21.0  26058  -54.8                          55     11  658.5         658.5
   20.0  26370  -52.3                         270      9  675.3         675.3
   19.7  26468  -51.9                         269     10  679.5         679.5
   18.6  26844  -47.1                         267     16  705.7         705.7
   18.0  27062  -46.1                         265     19  715.4         715.4
   17.6  27211  -45.5                         253     19  722.0         722.0
   17.0  27440  -45.9                         235     19  728.0         728.0
   16.0  27841  -46.6                         265     17  738.4         738.4
   15.0  28268  -47.3                         235     15  749.8         749.8
   13.0  29214  -48.9                         270     28  775.5         775.5
   12.8  29316  -49.1                                     778.3         778.3
</PRE><H3>Station information and sounding indices</H3><PRE>
                         Station identifier: WIII
                             Station number: 96749
                           Observation time: 181002/0000
                           Station latitude: -6.11
                          Station longitude: 106.65
                          Station elevation: 8.0
                            Showalter index: -0.66
                               Lifted index: -2.32
    LIFT computed using virtual temperature: -2.93
                                SWEAT index: 184.41
                                    K index: 24.70
                         Cross totals index: 20.50
                      Vertical totals index: 26.50
                        Totals totals index: 47.00
      Convective Available Potential Energy: 87.08
             CAPE using virtual temperature: 165.55
                      Convective Inhibition: -221.99
             CINS using virtual temperature: -136.97
                           Equilibrum Level: 444.22
 Equilibrum Level using virtual temperature: 413.56
                   Level of Free Convection: 636.02
             LFCT using virtual temperature: 731.54
                     Bulk Richardson Number: 21.62
          Bulk Richardson Number using CAPV: 41.11
  Temp [K] of the Lifted Condensation Level: 292.26
Pres [hPa] of the Lifted Condensation Level: 917.47
   Equivalent potential temp [K] of the LCL: 344.75
     Mean mixed layer potential temperature: 299.55
              Mean mixed layer mixing ratio: 15.44
              1000 hPa to 500 hPa thickness: 5776.00
Precipitable water [mm] for entire sounding: 39.44
</PRE>
<P>Description of the 
<A HREF="/upperair/columns.html">data columns</A>
or <A HREF="/upperair/indices.html">sounding indices</A>.

<P>
<FORM>
<INPUT CLASS="button" TYPE="button" VALUE=" Close this window " 
 onClick="window.close();">
<INPUT CLASS="button" TYPE="button" VALUE=" Select another map " 
 onClick="window.blur();">
</FORM>
<HR SIZE="1">
<I>Interested in graduate studies in atmospheric science?
Check out our program at the
<a href="http://www.uwyo.edu/atsc/howtoapply/"
target=_top>University of Wyoming
</a></I>
<HR SIZE="1"><FONT SIZE="-1">
Questions about the weather data provided by this site can be
addressed to <A HREF="mailto:ldoolman@uwyo.edu">
Larry Oolman (ldoolman@uwyo.edu)</A></FONT>
<HR SIZE="1">
<SCRIPT TYPE="text/javascript">
<!--
window.focus();
// -->
</SCRIPT>
</BODY>
</HTML>
