2022-07-04 12
<HTML>
<TITLE>University of Wyoming - Radiosonde Data</TITLE>
<BODY BGCOLOR="white">
<H2>96749 WIII Jakarta Observations at 00Z 04 Jul 2022</H2>
<PRE>
-----------------------------------------------------------------------------
   PRES   HGHT   TEMP   DWPT   RELH   MIXR   DRCT   SKNT   THTA   THTE   THTV
    hPa     m      C      C      %    g/kg    deg   knot     K      K      K 
-----------------------------------------------------------------------------
 1008.0      8   26.4   23.4     84  18.36    110      4  298.9  352.6  302.1
 1000.0     77   26.8   22.8     79  17.83    125      6  299.9  352.4  303.1
  975.0    299   25.6   21.5     78  16.87     95     15  300.9  350.7  303.9
  925.0    762   23.0   18.8     77  15.00     80     22  302.8  347.4  305.5
  911.0    896   22.4   18.0     76  14.46     85     21  303.5  346.7  306.2
  906.0    944   22.2   17.7     76  14.27     86     21  303.8  346.5  306.4
  850.0   1498   18.2   16.3     89  13.91    100     17  305.2  347.0  307.7
  817.0   1838   16.0   13.4     85  11.96     76     15  306.3  342.6  308.5
  770.0   2344   15.4    3.4     45   6.38     39     13  310.9  331.0  312.1
  765.0   2399   15.1    3.4     46   6.43     35     13  311.1  331.4  312.4
  700.0   3148   10.6    3.6     62   7.13     40     13  314.2  336.8  315.5
  691.0   3256    9.8    3.8     66   7.33     33     12  314.5  337.7  315.9
  687.0   3304    9.6    3.6     66   7.28     30     12  314.8  338.0  316.2
  663.0   3597    8.6    2.6     66   7.03     10     13  316.9  339.4  318.2
  639.0   3902    7.6    1.6     66   6.77      0     10  319.1  341.0  320.4
  594.0   4495    3.5   -1.2     72   5.94    355      8  321.0  340.5  322.1
  572.0   4801    1.3   -2.6     75   5.55     35      5  321.9  340.3  323.0
  559.0   4988    0.0   -3.5     77   5.32     26      6  322.5  340.2  323.6
  551.0   5102   -0.8   -4.2     78   5.11     20      7  322.9  339.9  323.9
  531.0   5394   -2.8   -6.1     78   4.60     30     11  323.9  339.4  324.8
  511.0   5698   -4.9   -8.0     79   4.12     20     15  325.0  338.9  325.8
  500.0   5870   -6.1   -9.1     79   3.86     30     15  325.5  338.7  326.3
  473.0   6301   -8.8  -12.3     76   3.17     70     13  327.4  338.4  328.0
  440.0   6863  -12.3  -16.4     71   2.43     56     11  329.8  338.4  330.3
  438.0   6898  -12.5  -16.3     73   2.46     55     11  330.0  338.7  330.5
  424.0   7147  -13.9  -15.4     88   2.74     63      9  331.3  341.0  331.8
  421.0   7201  -14.0  -16.6     81   2.50     65      8  331.8  340.7  332.3
  411.0   7384  -14.5  -20.5     60   1.83     65     10  333.5  340.1  333.8
  405.0   7496  -15.4  -19.4     71   2.04     65     11  333.7  341.1  334.1
  403.0   7533  -15.7  -19.1     75   2.11     67     11  333.8  341.4  334.2
  401.0   7571  -15.9  -18.4     81   2.25     69     12  334.0  342.1  334.4
  400.0   7590  -16.1  -18.9     79   2.16     70     12  334.0  341.8  334.4
  399.0   7609  -16.1  -19.9     73   1.99     70     12  334.2  341.4  334.6
  398.0   7628  -16.1  -22.1     60   1.64     70     12  334.4  340.5  334.8
  390.0   7780  -17.3  -20.1     79   2.00     70     13  334.8  342.1  335.2
  363.0   8312  -20.9  -25.7     65   1.31     70     16  337.0  341.9  337.2
  348.0   8622  -22.7  -33.7     36   0.64     70     18  338.6  341.1  338.7
  329.0   9029  -26.1  -32.1     57   0.79     70     20  339.4  342.5  339.6
  312.0   9410  -28.1  -45.1     18   0.22     70     22  341.8  342.7  341.9
  301.0   9666  -29.5  -51.5     10   0.11     70     24  343.4  343.9  343.4
  300.0   9690  -29.7  -51.7     10   0.11     70     24  343.4  343.9  343.4
  279.0  10199  -34.4  -49.3     21   0.15     70     27  343.8  344.4  343.8
  263.0  10613  -38.3  -47.3     38   0.20     77     26  344.0  344.8  344.0
  256.0  10798  -40.0  -47.4     45   0.21     80     26  344.1  345.0  344.2
  250.0  10960  -41.5  -47.5     52   0.21     80     29  344.2  345.1  344.3
  248.0  11014  -41.9  -46.5     61   0.24     78     30  344.4  345.4  344.5
  245.0  11096  -42.5  -47.3     59   0.22     75     32  344.8  345.7  344.8
  218.0  11876  -48.1  -55.1     44   0.10     72     33  347.8  348.2  347.8
  209.0  12153  -49.5  -62.5     20   0.04     71     33  349.8  350.0  349.8
  200.0  12440  -51.5  -63.5     22   0.04     70     33  351.1  351.2  351.1
  195.0  12601  -52.9  -64.2     24   0.03     70     30  351.3  351.5  351.3
  178.0  13181  -58.1  -66.7     33   0.03    100     26  352.1  352.2  352.1
  169.0  13511  -61.1  -68.1     39   0.02     97     26  352.4  352.5  352.4
  150.0  14240  -68.1  -74.1     42   0.01     90     25  352.6  352.6  352.6
  139.0  14689  -72.0  -78.7     36   0.01     85     28  353.5  353.5  353.5
  135.0  14862  -73.5  -80.5     34   0.00     85     29  353.8  353.8  353.8
  132.0  14990  -74.0  -81.2     32   0.00     85     30  355.2  355.2  355.2
  113.0  15880  -77.4  -86.2     24   0.00     85     38  364.9  364.9  364.9
  107.0  16193  -78.6  -87.9     21   0.00     65     28  368.4  368.4  368.4
  101.0  16523  -79.9  -89.8     18   0.00     50     19  372.1  372.1  372.1
  100.0  16580  -80.1  -90.1     18   0.00     55     19  372.7  372.7  372.7
   96.7  16769  -81.3  -91.3     18   0.00     70     21  374.0  374.0  374.0
   91.0  17111  -80.1  -90.1     18   0.00     90     28  382.8  382.8  382.8
   88.9  17243  -79.7  -89.7     18   0.00     77     23  386.3  386.3  386.3
   87.0  17367  -75.7  -89.0     11   0.00     65     19  396.6  396.6  396.6
   86.6  17393  -74.9  -88.9     10   0.00     62     18  398.8  398.8  398.8
   82.0  17712  -73.3  -89.5      7   0.00     25      9  408.3  408.3  408.3
   78.0  18005  -71.9  -90.1      5   0.00     75      3  417.2  417.2  417.2
   76.5  18119  -71.3  -90.3      5   0.00     99      6  420.7  420.7  420.7
   74.0  18314  -72.1  -91.6      4   0.00    140     12  422.9  423.0  422.9
   70.7  18582  -73.3  -93.3      3   0.00    111     17  426.0  426.0  426.0
   70.0  18640  -73.3  -94.3      3   0.00    105     18  427.2  427.2  427.2
   67.0  18899  -70.2  -92.2      3   0.00     70     22  439.3  439.3  439.3
   66.9  18908  -70.1  -92.1      3   0.00     70     22  439.7  439.8  439.7
   64.0  19171  -70.2  -92.8      2   0.00     75     17  445.1  445.1  445.1
   58.0  19757  -70.5  -94.3      2   0.00    115     27  457.2  457.2  457.2
   57.3  19829  -70.5  -94.5      2   0.00    115     27  458.7  458.7  458.7
   50.0  20650  -65.3  -92.3      1   0.00    110     29  489.2  489.2  489.2
   46.9  21041  -61.5  -92.5      1   0.00    102     29  507.3  507.3  507.3
   42.1  21713  -57.9  -89.9      1   0.00     89     30  532.1  532.1  532.1
   39.0  22192  -58.1  -90.1      1   0.00     80     30  543.5  543.5  543.5
   37.0  22522  -58.2  -90.2      1   0.00     75     24  551.4  551.5  551.4
   36.0  22694  -58.2  -90.2      1   0.00     80     20  555.6  555.7  555.6
   34.6  22943  -58.3  -90.3      1   0.00     42     14  561.8  561.8  561.8
   34.0  23052  -58.7  -90.7      1   0.00     25     11  563.6  563.6  563.6
   32.0  23429  -60.0  -92.0      1   0.00    340      7  570.0  570.0  570.0
   31.0  23626  -60.6  -92.6      1   0.00      5      8  573.4  573.4  573.4
   30.3  23769  -61.1  -93.1      1   0.00    348     11  575.9  575.9  575.9
   30.0  23830  -61.1                         340     12  577.5         577.5
</PRE><H3>Station information and sounding indices</H3><PRE>
                         Station identifier: WIII
                             Station number: 96749
                           Observation time: 220704/0000
                           Station latitude: -6.11
                          Station longitude: 106.65
                          Station elevation: 8.0
                            Showalter index: -1.95
                               Lifted index: -3.36
    LIFT computed using virtual temperature: -3.77
                                SWEAT index: 244.59
                                    K index: 33.60
                         Cross totals index: 22.40
                      Vertical totals index: 24.30
                        Totals totals index: 46.70
      Convective Available Potential Energy: 811.18
             CAPE using virtual temperature: 927.11
                      Convective Inhibition: -50.00
             CINS using virtual temperature: -38.50
                           Equilibrum Level: 207.24
 Equilibrum Level using virtual temperature: 207.00
                   Level of Free Convection: 834.35
             LFCT using virtual temperature: 846.37
                     Bulk Richardson Number: 102.84
          Bulk Richardson Number using CAPV: 117.53
  Temp [K] of the Lifted Condensation Level: 293.97
Pres [hPa] of the Lifted Condensation Level: 924.59
   Equivalent potential temp [K] of the LCL: 350.88
     Mean mixed layer potential temperature: 300.64
              Mean mixed layer mixing ratio: 17.08
              1000 hPa to 500 hPa thickness: 5793.00
Precipitable water [mm] for entire sounding: 54.62
</PRE>
<P>Description of the 
<A HREF="/upperair/columns.html">data columns</A>
or <A HREF="/upperair/indices.html">sounding indices</A>.

<P>
<FORM>
<INPUT CLASS="button" TYPE="button" VALUE=" Close this window " 
 onClick="window.close();">
<INPUT CLASS="button" TYPE="button" VALUE=" Select another map " 
 onClick="window.blur();">
</FORM>
<HR SIZE="1">
<I>Interested in graduate studies in atmospheric science?
Check out our program at the
<a href="http://www.uwyo.edu/atsc/howtoapply/"
target=_top>University of Wyoming
</a></I>
<HR SIZE="1"><FONT SIZE="-1">
Questions about the weather data provided by this site can be
addressed to <A HREF="mailto:ldoolman@uwyo.edu">
Larry Oolman (ldoolman@uwyo.edu)</A></FONT>
<HR SIZE="1">
<SCRIPT TYPE="text/javascript">
<!--
window.focus();
// -->
</SCRIPT>
</BODY>
</HTML>
