2022-06-04 00
<HTML>
<TITLE>University of Wyoming - Radiosonde Data</TITLE>
<BODY BGCOLOR="white">
<H2>96749 WIII Jakarta Observations at 00Z 04 Jun 2022</H2>
<PRE>
-----------------------------------------------------------------------------
   PRES   HGHT   TEMP   DWPT   RELH   MIXR   DRCT   SKNT   THTA   THTE   THTV
    hPa     m      C      C      %    g/kg    deg   knot     K      K      K 
-----------------------------------------------------------------------------
 1010.0      8   24.4   22.9     91  17.76    220      2  296.7  348.2  299.9
 1008.0     25   25.4   22.3     83  17.14    218      3  297.9  347.8  300.9
 1000.0     92   26.0   21.4     76  16.33    210      5  299.1  347.0  302.1
  993.0    154   26.0   21.3     75  16.35    202      4  299.8  347.8  302.7
  977.0    298   25.1   20.9     77  16.19    185      3  300.3  347.9  303.2
  925.0    781   22.2   19.5     85  15.68    155      4  302.0  348.5  304.8
  912.0    904   21.5   18.7     84  15.10    170      4  302.5  347.4  305.2
  882.0   1194   19.8   16.7     82  13.78    115      2  303.7  344.9  306.2
  850.0   1514   18.0   14.6     81  12.44     85      2  305.0  342.4  307.3
  829.0   1729   17.0   14.2     84  12.43     92      4  306.1  343.7  308.4
  822.0   1801   16.6   13.7     83  12.15     95      4  306.5  343.3  308.7
  794.0   2095   15.2   11.8     80  11.07     75      6  308.0  341.7  310.0
  740.0   2692   12.2    7.9     75   9.11     95      9  310.9  339.2  312.6
  714.0   2995   10.6    5.9     72   8.22    105     10  312.5  338.2  314.0
  700.0   3163    9.8    4.8     71   7.76     95     10  313.3  337.8  314.8
  640.0   3894    5.9   -0.7     63   5.71     85     13  317.0  335.5  318.1
  573.0   4796    1.1   -7.5     53   3.82    115     17  321.5  334.4  322.3
  559.0   4998    0.0   -9.0     51   3.48    110     16  322.5  334.3  323.2
  529.0   5437   -3.3   -9.3     63   3.59    100     15  323.7  335.9  324.4
  500.0   5880   -5.9  -13.9     53   2.63     90     14  325.8  334.9  326.3
  474.0   6296   -8.3  -16.3     53   2.27     70     18  327.8  335.9  328.3
  453.0   6649  -10.3  -18.3     52   2.01     73     17  329.6  336.8  330.0
  446.0   6769  -10.3  -23.3     34   1.32     74     17  331.1  335.9  331.3
  400.0   7600  -16.1  -25.1     46   1.25     80     14  334.0  338.6  334.2
  395.0   7695  -16.7  -22.7     60   1.57     82     14  334.4  340.2  334.7
  389.0   7809  -17.5  -24.1     56   1.41     85     15  334.8  340.0  335.1
  365.0   8283  -20.9  -29.9     44   0.88     77     14  336.4  339.8  336.6
  359.0   8405  -22.1  -28.0     59   1.07     75     14  336.4  340.5  336.6
  354.0   8508  -23.1  -26.4     74   1.26     82     13  336.4  341.1  336.7
  331.0   8993  -26.6  -29.2     78   1.03    115     11  338.2  342.1  338.4
  308.0   9513  -30.3  -32.3     83   0.83     97     13  340.0  343.2  340.2
  300.0   9700  -31.3  -35.2     68   0.64     90     14  341.1  343.7  341.3
  252.0  10916  -40.9  -46.9     52   0.22     42     10  344.3  345.3  344.4
  250.0  10970  -41.3  -47.3     52   0.22     40     10  344.5  345.4  344.6
  245.0  11103  -42.4  -48.4     52   0.20     30     11  344.8  345.6  344.9
  200.0  12440  -53.9  -58.9     54   0.07     25     20  347.2  347.6  347.3
  197.0  12537  -54.9  -59.9     54   0.06     26     20  347.2  347.4  347.2
  150.0  14220  -68.7  -75.7     36   0.01     40     23  351.6  351.6  351.6
  149.0  14260  -69.1  -76.1     36   0.01     40     23  351.5  351.6  351.5
  146.0  14378  -69.7  -76.9     34   0.01     40     24  352.6  352.6  352.6
  132.0  14965  -72.4  -80.7     28   0.00     50     16  358.0  358.0  358.0
  125.0  15282  -73.9  -82.7     25   0.00    120     14  360.9  360.9  360.9
  119.0  15568  -75.3  -84.6     23   0.00    135     17  363.5  363.5  363.5
  107.0  16186  -78.2  -88.6     18   0.00    125      7  369.1  369.1  369.1
  101.0  16522  -79.8  -90.7     15   0.00     35      4  372.2  372.2  372.2
  100.0  16580  -80.1  -91.1     15   0.00    355      5  372.7  372.7  372.7
   96.0  16813  -76.9  -89.7     12   0.00    285     18  383.3  383.3  383.3
   95.5  16842  -76.5  -89.5     11   0.00    282     19  384.7  384.7  384.7
   91.0  17118  -77.5  -90.8     10   0.00    255     30  388.1  388.1  388.1
   87.0  17375  -78.3  -92.1      9   0.00    240     31  391.4  391.4  391.4
   84.6  17535  -78.9  -92.9      9   0.00    244     25  393.4  393.4  393.4
   78.0  18000  -77.6  -92.5      8   0.00    255      9  405.3  405.3  405.3
   74.0  18302  -76.8  -92.2      7   0.00    230      5  413.2  413.2  413.2
   70.0  18620  -75.9  -91.9      7   0.00    135      6  421.7  421.7  421.7
   69.1  18695  -76.1  -92.1      7   0.00    116      6  422.8  422.8  422.8
   67.0  18875  -74.7  -91.9      6   0.00     70      6  429.6  429.6  429.6
   63.0  19234  -71.9  -91.5      4   0.00     50     16  443.5  443.5  443.5
   62.5  19281  -71.5  -91.5      4   0.00     55     17  445.3  445.3  445.3
   60.0  19521  -71.6  -92.4      3   0.00     80     21  450.4  450.4  450.4
   54.1  20132  -71.7  -94.7      2   0.00     85     25  463.6  463.6  463.6
   54.0  20143  -71.6  -94.7      2   0.00     85     25  463.9  464.0  463.9
   50.0  20600  -69.1  -94.1      2   0.00     90     40  480.2  480.2  480.2
   47.0  20972  -67.4  -93.2      2   0.00    100     53  492.9  492.9  492.9
   46.2  21075  -66.9  -92.9      1   0.00    100     53  496.5  496.5  496.5
   45.2  21207  -66.3  -93.3      1   0.00     99     53  501.1  501.1  501.1
   44.3  21331  -62.1  -91.1      1   0.00     99     53  514.2  514.2  514.2
   43.3  21473  -59.5  -89.5      1   0.00     99     53  523.9  524.0  523.9
   35.0  22814  -56.5  -87.5      1   0.01     95     54  564.5  564.5  564.5
   34.9  22832  -56.5  -87.5      1   0.01     95     53  565.1  565.1  565.1
   33.5  23094  -51.7  -87.7      1   0.01     88     37  584.4  584.4  584.4
   31.0  23597  -51.8  -84.3      1   0.01     75      6  597.1  597.2  597.1
   30.0  23810  -51.9  -82.9      1   0.01     60      7  602.5  602.7  602.5
   28.0  24257  -51.7  -83.6      1   0.01     75     17  615.0  615.1  615.0
   27.6  24351  -51.7  -83.7      1   0.01     67     15  617.6  617.8  617.6
   27.0  24492  -52.8  -84.8      1   0.01     55     11  618.6  618.7  618.6
   25.7  24810  -55.1  -87.1      1   0.01     93      6  620.7  620.8  620.7
   25.0  24987  -54.5  -87.6      1   0.01    115      3  627.4  627.4  627.4
   24.0  25249  -53.6  -88.4      1   0.01    165     18  637.4  637.5  637.4
   23.3  25440  -52.9  -88.9      1   0.01    144     19  644.7  644.8  644.7
   23.0  25524  -51.6  -87.6      1   0.01    135     20  650.9  651.0  650.9
   22.6  25638  -49.9  -85.9      1   0.01    186     14  659.2  659.4  659.2
   22.0  25814  -49.5  -84.7      1   0.01    265      6  665.4  665.5  665.4
   20.0  26440  -48.3  -80.3      1   0.03    285     38  687.6  687.9  687.6
   19.0  26776  -49.6  -80.8      1   0.03    285     41  693.6  693.9  693.6
   18.8  26846  -49.9  -80.9      1   0.03                694.9  695.2  694.9
</PRE><H3>Station information and sounding indices</H3><PRE>
                         Station identifier: WIII
                             Station number: 96749
                           Observation time: 220604/0000
                           Station latitude: -6.11
                          Station longitude: 106.65
                          Station elevation: 8.0
                            Showalter index: 0.02
                               Lifted index: -2.03
    LIFT computed using virtual temperature: -2.55
                                SWEAT index: 193.21
                                    K index: 33.50
                         Cross totals index: 20.50
                      Vertical totals index: 23.90
                        Totals totals index: 44.40
      Convective Available Potential Energy: 479.04
             CAPE using virtual temperature: 588.27
                      Convective Inhibition: -75.80
             CINS using virtual temperature: -53.86
                           Equilibrum Level: 196.22
 Equilibrum Level using virtual temperature: 195.92
                   Level of Free Convection: 707.73
             LFCT using virtual temperature: 771.84
                     Bulk Richardson Number: 49.05
          Bulk Richardson Number using CAPV: 60.24
  Temp [K] of the Lifted Condensation Level: 293.25
Pres [hPa] of the Lifted Condensation Level: 924.81
   Equivalent potential temp [K] of the LCL: 347.73
     Mean mixed layer potential temperature: 299.89
              Mean mixed layer mixing ratio: 16.31
              1000 hPa to 500 hPa thickness: 5788.00
Precipitable water [mm] for entire sounding: 53.74
</PRE>
<P>Description of the 
<A HREF="/upperair/columns.html">data columns</A>
or <A HREF="/upperair/indices.html">sounding indices</A>.

<P>
<FORM>
<INPUT CLASS="button" TYPE="button" VALUE=" Close this window " 
 onClick="window.close();">
<INPUT CLASS="button" TYPE="button" VALUE=" Select another map " 
 onClick="window.blur();">
</FORM>
<HR SIZE="1">
<I>Interested in graduate studies in atmospheric science?
Check out our program at the
<a href="http://www.uwyo.edu/atsc/howtoapply/"
target=_top>University of Wyoming
</a></I>
<HR SIZE="1"><FONT SIZE="-1">
Questions about the weather data provided by this site can be
addressed to <A HREF="mailto:ldoolman@uwyo.edu">
Larry Oolman (ldoolman@uwyo.edu)</A></FONT>
<HR SIZE="1">
<SCRIPT TYPE="text/javascript">
<!--
window.focus();
// -->
</SCRIPT>
</BODY>
</HTML>
