2019-08-26 00
<HTML>
<TITLE>University of Wyoming - Radiosonde Data</TITLE>
<BODY BGCOLOR="white">
<H2>96749 WIII Jakarta Observations at 00Z 26 Aug 2019</H2>
<PRE>
-----------------------------------------------------------------------------
   PRES   HGHT   TEMP   DWPT   RELH   MIXR   DRCT   SKNT   THTA   THTE   THTV
    hPa     m      C      C      %    g/kg    deg   knot     K      K      K 
-----------------------------------------------------------------------------
 1011.0      8   24.2   20.1     78  14.88    210      3  296.4  339.5  299.1
 1000.0    105   24.2   19.2     74  14.21    150      6  297.4  338.7  299.9
  987.0    221   24.8   19.8     74  14.96    135      6  299.1  342.9  301.8
  951.0    548   22.0   19.7     87  15.44     92      5  299.4  344.7  302.2
  945.0    603   21.9   18.6     82  14.50     85      5  299.8  342.4  302.4
  934.0    705   21.6   16.6     73  12.88     90      6  300.6  338.6  302.9
  925.0    790   20.8   17.4     81  13.70     95      7  300.6  341.0  303.0
  913.0    902   20.2   16.7     80  13.28     90      7  301.1  340.4  303.5
  850.0   1518   17.2   12.9     76  11.12     55     12  304.1  337.6  306.2
  822.0   1803   15.3   12.2     82  10.96     40     14  305.1  338.2  307.1
  800.0   2034   13.8   11.6     87  10.84     30     14  305.8  338.6  307.8
  775.0   2302   14.0    5.0     55   7.10     19     15  308.8  330.9  310.2
  766.0   2401   13.6    5.6     59   7.51     15     15  309.4  332.8  310.8
  749.0   2590   12.8    6.8     67   8.34     18     15  310.6  336.5  312.1
  741.0   2680   13.2    1.2     44   5.66     20     15  312.0  329.9  313.0
  739.0   2703   13.1    1.2     44   5.69     20     15  312.1  330.1  313.1
  713.0   3003   11.4    1.5     50   6.01      0      8  313.5  332.6  314.6
  700.0   3157   10.6    1.6     54   6.18     10      7  314.2  333.9  315.4
  688.0   3300    9.7    0.2     52   5.68     35      9  314.8  333.0  315.8
  664.0   3594    7.9   -2.6     47   4.78     50     12  315.9  331.5  316.8
  640.0   3898    6.0   -5.5     43   3.97    100     10  317.1  330.2  317.9
  630.0   4028    5.2   -6.8     42   3.66    106     10  317.6  329.8  318.3
  617.0   4197    3.9   -6.6     46   3.80    115     11  318.1  330.7  318.8
  594.0   4505    1.6   -6.2     56   4.05     70      8  318.9  332.3  319.7
  578.0   4727    0.0   -6.0     64   4.25     51     11  319.5  333.5  320.3
  573.0   4796   -0.6   -6.2     66   4.24     45     12  319.5  333.6  320.3
  536.0   5326   -5.5   -7.3     87   4.15     36     15  319.9  333.6  320.6
  531.0   5400   -6.1   -7.5     90   4.14     35     15  320.0  333.8  320.8
  519.0   5579   -7.5   -7.8     98   4.12     23     13  320.4  334.1  321.2
  511.0   5700   -7.6   -7.9     98   4.14     15     12  321.7  335.5  322.5
  507.0   5762   -7.7   -8.0     98   4.15     20     11  322.3  336.2  323.1
  500.0   5870   -9.1  -12.4     77   2.97     30      9  321.9  332.0  322.5
  499.0   5885   -9.1  -13.1     73   2.81     36      9  322.1  331.7  322.6
  496.0   5932   -7.9  -17.9     45   1.90     52      9  324.1  330.8  324.5
  492.0   5995   -6.8  -22.9     26   1.24     75      9  326.2  330.7  326.5
  487.0   6075   -5.3  -29.3     13   0.70     81     10  329.0  331.6  329.1
  438.0   6897  -11.3  -34.3     13   0.48    145     15  331.5  333.4  331.6
  421.0   7200  -11.7  -42.1      6   0.23    115     16  334.7  335.6  334.8
  415.0   7310  -11.9  -44.9      5   0.17    112     18  335.9  336.6  335.9
  400.0   7590  -13.9  -44.9      5   0.18    105     23  336.8  337.6  336.9
  389.0   7801  -14.8  -47.4      4   0.14    110     22  338.3  338.9  338.3
  386.0   7859  -15.1  -48.1      4   0.13    110     22  338.7  339.2  338.7
  359.0   8389  -19.7  -46.7      7   0.16    115     24  339.6  340.3  339.7
  300.0   9700  -31.1  -43.1     30   0.28     75     23  341.4  342.6  341.5
  292.0   9891  -32.8  -43.2     35   0.29     65     22  341.7  342.9  341.7
  285.0  10063  -34.3  -43.3     40   0.29     71     22  341.9  343.1  341.9
  256.0  10808  -40.1  -50.1     33   0.15     95     21  344.0  344.6  344.0
  250.0  10970  -41.3                         105     25  344.5         344.5
  245.0  11103  -42.4                         115     28  344.8         344.8
  200.0  12440  -53.7                          90     45  347.6         347.6
  161.0  13782  -65.0                          70     51  350.7         350.7
  150.0  14220  -68.7                          80     49  351.6         351.6
  138.0  14707  -72.0                          80     45  354.2         354.2
  119.0  15572  -77.8                          45     41  358.8         358.8
  117.0  15671  -78.5                          50     44  359.3         359.3
  112.0  15921  -77.4                          65     39  365.9         365.9
  108.0  16130  -76.5                          93     39  371.4         371.4
  107.0  16183  -76.8                         100     39  371.9         371.9
  100.0  16570  -78.7                         110     49  375.4         375.4
   96.0  16802  -78.5                         105     42  380.2         380.2
   92.7  17001  -78.3                          94     35  384.4         384.4
   89.2  17221  -77.3                          83     26  390.7         390.7
   87.0  17366  -72.3                          75     21  403.5         403.5
   86.9  17373  -72.1                          73     21  404.1         404.1
   82.0  17715  -71.6                         335      9  411.9         411.9
   74.0  18322  -70.6                         300     11  426.2         426.2
   70.0  18650  -70.1                         260     12  434.1         434.1
   67.0  18913  -69.8                         245     21  440.3         440.3
   58.3  19748  -68.7                         259     22  460.5         460.5
   56.2  19970  -66.3                         263     23  470.8         470.8
   52.9  20338  -67.5                         269     23  476.3         476.3
   50.0  20680  -66.9                         275     24  485.4         485.4
   45.0  21318  -65.6                         280     32  503.4         503.4
   43.1  21579  -65.1                         281     31  510.9         510.9
   40.8  21917  -60.7                         281     29  529.9         529.9
   34.8  22902  -61.7                         284     25  552.0         552.0
   32.0  23426  -58.5                         285     23  573.9         573.9
   31.5  23524  -57.9                         279     24  578.1         578.1
   30.0  23830  -59.3                         260     26  582.4         582.4
   28.6  24129  -58.9                         243     23  591.5         591.5
   28.0  24263  -58.0                         235     21  597.5         597.5
   27.0  24493  -56.5                         270      5  607.9         607.9
   25.3  24905  -53.9                         295     10  626.9         626.9
   25.0  24981  -53.8                         300     11  629.4         629.4
   22.9  25545  -52.7                         255     12  648.5         648.5
   22.0  25801  -53.6                         235     13  653.2         653.2
   20.0  26410  -55.9                         210     20  664.3         664.3
   19.0  26735  -56.9                         190     16  671.0         671.0
   18.8  26802  -57.1                         180     14  672.4         672.4
   18.0  27079  -56.1                         150     14  683.9         683.9
   16.7  27556  -54.5                         115     28  704.0         704.0
   16.0  27831  -54.2                          95     36  713.5         713.5
   15.0  28246  -53.9                          70     29  728.0         728.0
   13.0  29165  -53.0                          95     24  761.4         761.4
   12.8  29264  -52.9                                     765.1         765.1
</PRE><H3>Station information and sounding indices</H3><PRE>
                         Station identifier: WIII
                             Station number: 96749
                           Observation time: 190826/0000
                           Station latitude: -6.11
                          Station longitude: 106.65
                          Station elevation: 8.0
                            Showalter index: -1.18
                               Lifted index: -3.03
    LIFT computed using virtual temperature: -3.35
                                SWEAT index: 187.80
                                    K index: 30.20
                         Cross totals index: 22.00
                      Vertical totals index: 26.30
                        Totals totals index: 48.30
      Convective Available Potential Energy: 93.36
             CAPE using virtual temperature: 112.11
                      Convective Inhibition: -225.58
             CINS using virtual temperature: -156.18
                           Equilibrum Level: 492.20
 Equilibrum Level using virtual temperature: 490.69
                   Level of Free Convection: 588.43
             LFCT using virtual temperature: 608.29
                     Bulk Richardson Number: 7.99
          Bulk Richardson Number using CAPV: 9.60
  Temp [K] of the Lifted Condensation Level: 291.82
Pres [hPa] of the Lifted Condensation Level: 923.79
   Equivalent potential temp [K] of the LCL: 341.99
     Mean mixed layer potential temperature: 298.52
              Mean mixed layer mixing ratio: 14.91
              1000 hPa to 500 hPa thickness: 5765.00
Precipitable water [mm] for entire sounding: 45.02
</PRE>
<P>Description of the 
<A HREF="/upperair/columns.html">data columns</A>
or <A HREF="/upperair/indices.html">sounding indices</A>.

<P>
<FORM>
<INPUT CLASS="button" TYPE="button" VALUE=" Close this window " 
 onClick="window.close();">
<INPUT CLASS="button" TYPE="button" VALUE=" Select another map " 
 onClick="window.blur();">
</FORM>
<HR SIZE="1">
<I>Interested in graduate studies in atmospheric science?
Check out our program at the
<a href="http://www.uwyo.edu/atsc/howtoapply/"
target=_top>University of Wyoming
</a></I>
<HR SIZE="1"><FONT SIZE="-1">
Questions about the weather data provided by this site can be
addressed to <A HREF="mailto:ldoolman@uwyo.edu">
Larry Oolman (ldoolman@uwyo.edu)</A></FONT>
<HR SIZE="1">
<SCRIPT TYPE="text/javascript">
<!--
window.focus();
// -->
</SCRIPT>
</BODY>
</HTML>
