2016-03-30 00
<HTML>
<TITLE>University of Wyoming - Radiosonde Data</TITLE>
<BODY BGCOLOR="white">
<H2>96749 WIII Jakarta Observations at 00Z 30 Mar 2016</H2>
<PRE>
-----------------------------------------------------------------------------
   PRES   HGHT   TEMP   DWPT   RELH   MIXR   DRCT   SKNT   THTA   THTE   THTV
    hPa     m      C      C      %    g/kg    deg   knot     K      K      K 
-----------------------------------------------------------------------------
 1011.0      8   25.2   23.5     90  18.42    200      4  297.4  351.0  300.7
 1000.0    111   25.0   23.0     89  18.05    190      5  298.1  350.8  301.4
  996.0    146   25.8   22.7     83  17.79    198      5  299.3  351.4  302.5
  946.0    597   23.4   21.8     91  17.72    295     10  301.3  353.7  304.5
  925.0    794   22.4   21.4     94  17.69    300      6  302.2  354.7  305.4
  850.0   1523   18.2   17.3     94  14.84    310      7  305.2  349.8  307.9
  823.0   1799   16.2   15.7     96  13.79    315      4  305.9  347.5  308.5
  809.0   1946   15.2   14.8     97  13.26    310      4  306.4  346.4  308.8
  795.0   2094   14.5   14.0     97  12.79    305      4  307.1  345.9  309.5
  767.0   2398   13.0   12.3     96  11.87    345      1  308.7  344.9  310.9
  760.0   2476   12.6   11.9     96  11.65    357      2  309.1  344.7  311.2
  740.0   2700   12.4    9.2     81   9.95     30      4  311.2  342.1  313.1
  738.0   2723   12.4    8.9     79   9.79     36      4  311.4  341.8  313.3
  714.0   3000   10.8    7.5     80   9.21    115      6  312.6  341.4  314.3
  700.0   3166    9.8    6.7     81   8.87    110      7  313.3  341.1  315.0
  689.0   3295    9.1    6.1     81   8.63    115      7  314.0  341.1  315.6
  641.0   3885    6.0    3.3     83   7.62    175      4  317.0  341.3  318.4
  618.0   4184    4.4    1.9     83   7.14    170      4  318.5  341.5  319.9
  595.0   4493    2.8    0.4     84   6.66    135      7  320.1  341.7  321.3
  574.0   4787    1.2   -1.0     85   6.24    155      7  321.5  342.0  322.7
  558.0   5018    0.0   -2.1     86   5.91    131      7  322.7  342.2  323.9
  532.0   5398   -1.8   -5.9     74   4.66     90      8  324.9  340.6  325.9
  520.0   5580   -2.7   -7.7     68   4.14     97      7  326.0  340.1  326.8
  500.0   5890   -4.7   -8.0     78   4.21    110      5  327.2  341.6  328.1
  493.0   6000   -5.5   -8.3     81   4.17    105      4  327.6  341.9  328.4
  470.0   6374   -8.1   -9.3     91   4.05     74      6  328.9  342.8  329.7
  452.0   6676   -9.7  -12.4     81   3.28     49      8  330.5  342.0  331.2
  440.0   6884  -11.3  -11.4     99   3.66     31     10  331.1  343.8  331.8
  439.0   6901  -11.4  -11.5     99   3.63     30     10  331.2  343.8  331.9
  422.0   7202  -12.9  -13.6     95   3.20     50     13  333.0  344.4  333.7
  400.0   7610  -14.9  -16.3     89   2.69     40     12  335.5  345.2  336.1
  397.0   7667  -15.3  -16.3     92   2.71     39     12  335.7  345.5  336.3
  379.0   8017  -16.9  -21.9     65   1.76     36     12  338.1  344.6  338.5
  348.0   8653  -21.1  -28.1     53   1.09     30     13  340.8  345.0  341.0
  346.0   8695  -21.5  -28.2     54   1.09     30     13  340.9  345.1  341.1
  322.0   9221  -25.9  -29.6     71   1.03     33     14  341.8  345.8  342.0
  316.0   9357  -26.9  -34.9     47   0.63     33     14  342.2  344.7  342.4
  311.0   9472  -27.9  -34.9     51   0.64     34     14  342.4  344.9  342.5
  307.0   9565  -28.5  -32.3     70   0.83     34     14  342.8  346.1  343.0
  306.0   9588  -28.7  -30.9     81   0.96     34     14  342.9  346.6  343.1
  300.0   9730  -29.7  -32.7     75   0.82     35     14  343.4  346.6  343.6
  290.0   9970  -31.1  -38.1     50   0.50     38     16  344.8  346.8  344.9
  258.0  10781  -37.9  -41.4     69   0.40     50     21  346.5  348.1  346.6
  250.0  11000  -39.7  -42.3     76   0.37     40     21  346.9  348.4  347.0
  248.0  11055  -40.1  -42.8     75   0.35     39     21  347.1  348.6  347.2
  200.0  12480  -52.3                          20     21  349.8         349.8
  187.0  12911  -56.1                          10     20  350.5         350.5
  181.0  13120  -57.9                          21     19  350.8         350.8
  179.0  13189  -58.3                          25     18  351.2         351.2
  171.0  13474  -60.0                          20     19  353.1         353.1
  162.0  13811  -61.9                         355     19  355.3         355.3
  155.0  14086  -63.5                         315     20  357.1         357.1
  150.0  14290  -64.7                         305     25  358.4         358.4
  140.0  14695  -67.4                         320     31  360.9         360.9
  114.0  15901  -75.4                         275     26  367.8         367.8
  100.0  16670  -80.5                         275     23  371.9         371.9
   98.0  16783  -81.4                         270     19  372.3         372.3
   93.0  17076  -83.9                         255     13  373.1         373.1
   90.2  17247  -85.3                         265      7  373.5         373.5
   88.0  17384  -83.4                          25      4  379.9         379.9
   87.4  17422  -82.9                          26      5  381.7         381.7
   83.0  17709  -85.4                          30     10  382.2         382.2
   82.9  17716  -85.5                          29     10  382.2         382.2
   79.0  17985  -84.2                         350     14  390.2         390.2
   75.0  18274  -82.8                         305      6  398.9         398.9
   71.4  18548  -81.5                         354      1  407.4         407.4
   71.0  18580  -81.6                           0      0  407.9         407.9
   70.0  18660  -81.7                         135      4  409.3         409.3
   67.0  18904  -82.9                         105     11  411.9         411.9
   66.4  18954  -83.1                          90     12  412.5         412.5
   64.0  19162  -80.2                          30     16  423.3         423.3
   61.9  19350  -77.5                           9     11  433.2         433.2
   61.3  19406  -74.3                           3      9  441.5         441.5
   60.0  19531  -74.0                         350      6  444.8         444.8
   57.0  19831  -73.5                         215     12  452.7         452.7
   53.4  20211  -72.7                         173     13  463.0         463.0
   52.1  20356  -70.7                         157     13  470.9         470.9
   50.0  20600  -70.5                         130     13  476.9         476.9
   49.0  20720  -70.4                         110     14  480.0         480.0
   47.0  20969  -70.2                          90     27  486.3         486.3
   41.7  21682  -69.5                          94     40  504.8         504.8
   40.0  21936  -67.5                          95     44  515.9         515.9
   36.0  22580  -62.4                          75     52  545.0         545.0
   35.0  22752  -61.0                          75     32  552.9         552.9
   34.8  22787  -60.7                          72     31  554.6         554.6
   33.0  23117  -61.1                          45     19  562.1         562.1
   32.0  23309  -61.3                          55     10  566.5         566.5
   30.0  23710  -61.7                         105     10  575.9         575.9
   27.3  24295  -61.1                          97     15  593.3         593.3
   24.8  24900  -55.3                          88     19  626.5         626.5
   24.0  25109  -55.4                          85     21  632.1         632.1
   23.0  25381  -55.5                          65     16  639.5         639.5
   22.9  25409  -55.5                          57     16  640.3         640.3
   22.0  25666  -53.3                         345     13  654.1         654.1
   21.9  25695  -53.1                         345     13  655.7         655.7
   20.0  26280  -53.1                         340      6  672.9         672.9
   18.0  26960  -52.5                         190      5  695.2         695.2
   17.2  27253  -52.3                                     705.1         705.1
</PRE><H3>Station information and sounding indices</H3><PRE>
                         Station identifier: WIII
                             Station number: 96749
                           Observation time: 160330/0000
                           Station latitude: -6.11
                          Station longitude: 106.65
                          Station elevation: 8.0
                            Showalter index: -1.56
                               Lifted index: -2.31
    LIFT computed using virtual temperature: -2.69
                                SWEAT index: 226.58
                                    K index: 37.10
                         Cross totals index: 22.00
                      Vertical totals index: 22.90
                        Totals totals index: 44.90
      Convective Available Potential Energy: 786.02
             CAPE using virtual temperature: 882.36
                      Convective Inhibition: -31.58
             CINS using virtual temperature: -30.70
                           Equilibrum Level: 177.70
 Equilibrum Level using virtual temperature: 177.67
                   Level of Free Convection: 845.75
             LFCT using virtual temperature: 850.46
                     Bulk Richardson Number: 349.65
          Bulk Richardson Number using CAPV: 392.50
  Temp [K] of the Lifted Condensation Level: 295.13
Pres [hPa] of the Lifted Condensation Level: 949.60
   Equivalent potential temp [K] of the LCL: 351.90
     Mean mixed layer potential temperature: 299.54
              Mean mixed layer mixing ratio: 17.87
              1000 hPa to 500 hPa thickness: 5779.00
Precipitable water [mm] for entire sounding: 64.95
</PRE>
<P>Description of the 
<A HREF="/upperair/columns.html">data columns</A>
or <A HREF="/upperair/indices.html">sounding indices</A>.

<P>
<FORM>
<INPUT CLASS="button" TYPE="button" VALUE=" Close this window " 
 onClick="window.close();">
<INPUT CLASS="button" TYPE="button" VALUE=" Select another map " 
 onClick="window.blur();">
</FORM>
<HR SIZE="1">
<I>Interested in graduate studies in atmospheric science?
Check out our program at the
<a href="http://www.uwyo.edu/atsc/howtoapply/"
target=_top>University of Wyoming
</a></I>
<HR SIZE="1"><FONT SIZE="-1">
Questions about the weather data provided by this site can be
addressed to <A HREF="mailto:ldoolman@uwyo.edu">
Larry Oolman (ldoolman@uwyo.edu)</A></FONT>
<HR SIZE="1">
<SCRIPT TYPE="text/javascript">
<!--
window.focus();
// -->
</SCRIPT>
</BODY>
</HTML>
