2019-04-03 12
<HTML>
<TITLE>University of Wyoming - Radiosonde Data</TITLE>
<BODY BGCOLOR="white">
<H2>96749 WIII Jakarta Observations at 00Z 03 Apr 2019</H2>
<PRE>
-----------------------------------------------------------------------------
   PRES   HGHT   TEMP   DWPT   RELH   MIXR   DRCT   SKNT   THTA   THTE   THTV
    hPa     m      C      C      %    g/kg    deg   knot     K      K      K 
-----------------------------------------------------------------------------
 1011.0      8   23.8   22.9     95  17.74    180      2  296.0  347.3  299.2
 1008.0     33   25.0   22.9     88  17.80    165      3  297.5  349.2  300.6
 1001.0     91   25.2   22.2     83  17.16    130      5  298.3  348.3  301.3
 1000.0     99   25.4   22.2     82  17.17    125      5  298.6  348.7  301.6
  978.0    295   25.8   19.8     69  15.10    105      9  300.9  345.4  303.6
  925.0    784   22.6   15.6     65  12.19    155      8  302.4  338.7  304.6
  913.0    897   21.9   15.0     65  11.91    145      6  302.8  338.4  305.0
  852.0   1498   18.1   12.1     68  10.51    145      7  304.9  336.7  306.9
  850.0   1518   18.0   12.0     68  10.47    150      6  305.0  336.6  306.9
  807.0   1961   15.2   10.8     75  10.18    192      7  306.6  337.5  308.4
  766.0   2402   12.9    9.0     77   9.47    235      7  308.6  337.8  310.4
  758.0   2491   12.4    8.6     78   9.33    232      7  309.1  337.8  310.8
  739.0   2704   11.6    7.5     76   8.85    225      6  310.5  338.0  312.1
  738.0   2716   11.6    7.4     75   8.83    226      6  310.6  338.0  312.2
  731.0   2796   11.4    5.4     67   7.75    233      6  311.2  335.4  312.6
  713.0   3004   10.1    4.9     70   7.69    250      7  312.0  336.1  313.4
  701.0   3145    9.2    4.6     73   7.64    255      7  312.5  336.5  313.9
  700.0   3157    9.2    5.1     76   7.93    255      7  312.6  337.5  314.1
  687.0   3313    8.4    0.4     57   5.77    243      7  313.4  331.8  314.5
  663.0   3605    6.9   -0.0     61   5.79    220      7  314.9  333.5  316.0
  623.0   4117    4.2   -0.8     70   5.83    228      5  317.5  336.4  318.6
  596.0   4478    2.6   -4.4     60   4.66    235      4  319.7  335.1  320.6
  594.0   4505    2.5   -4.5     60   4.62    235      4  319.8  335.1  320.7
  559.0   4995    0.0   -7.0     59   4.07    216      5  322.5  336.2  323.3
  533.0   5375   -3.1   -7.7     71   4.04    201      6  323.2  336.9  324.0
  531.0   5405   -3.3   -7.7     72   4.05    200      6  323.4  337.0  324.1
  519.0   5586   -4.5   -7.8     78   4.12    204      6  324.0  337.9  324.8
  503.0   5833   -5.7   -9.0     78   3.87    209      6  325.5  338.6  326.2
  500.0   5880   -5.9   -9.6     75   3.71    210      6  325.8  338.5  326.5
  494.0   5974   -6.1  -14.1     53   2.61    214      6  326.7  335.8  327.2
  492.0   6006   -6.2  -14.2     53   2.60    215      6  326.9  335.9  327.4
  491.0   6022   -6.3  -14.3     53   2.59    214      6  327.0  336.0  327.5
  487.0   6085   -6.5  -17.5     41   2.00    210      6  327.5  334.6  327.9
  471.0   6344   -7.9  -16.9     48   2.17    195      7  328.9  336.6  329.3
  455.0   6611   -9.1  -19.0     45   1.88    180      7  330.6  337.4  331.0
  453.0   6645   -9.3  -19.3     44   1.84    180      7  330.8  337.5  331.2
  450.0   6696   -9.3  -20.3     40   1.70    180      7  331.5  337.7  331.8
  449.0   6713   -9.3  -25.3     26   1.10    180      7  331.7  335.8  331.9
  446.0   6765   -9.7  -20.7     40   1.66    180      8  331.8  337.9  332.1
  438.0   6903  -10.8  -23.1     36   1.37    180      8  332.2  337.2  332.4
  421.0   7204  -13.1  -28.4     27   0.88    150      9  332.9  336.3  333.1
  417.0   7277  -13.7  -29.7     25   0.79    147      9  333.1  336.1  333.3
  409.0   7423  -14.9  -34.9     16   0.48    142     10  333.4  335.3  333.5
  401.0   7571  -16.1  -25.1     46   1.25    136     11  333.7  338.4  334.0
  400.0   7590  -16.3  -25.3     46   1.23    135     11  333.7  338.3  334.0
  395.0   7685  -16.9  -24.9     50   1.29    130     11  334.1  338.9  334.4
  389.0   7799  -17.5  -23.5     60   1.49    125     12  334.8  340.3  335.1
  388.0   7819  -17.7  -21.3     73   1.81    125     12  334.8  341.4  335.2
  387.0   7838  -17.9  -20.8     78   1.90    125     12  334.8  341.7  335.2
  385.0   7877  -18.1  -20.5     81   1.96    126     12  335.0  342.2  335.4
  382.0   7935  -18.3  -23.3     65   1.54    126     12  335.5  341.2  335.8
  379.0   7994  -18.3  -30.3     34   0.82    127     12  336.3  339.4  336.4
  354.0   8501  -20.9  -37.9     20   0.41    132     12  339.4  341.1  339.5
  333.0   8950  -24.7  -31.7     52   0.81    136     12  340.2  343.3  340.3
  317.0   9304  -27.5  -34.5     51   0.65    140     12  341.1  343.6  341.2
  300.0   9700  -30.7  -37.7     50   0.50    125     11  342.0  344.0  342.1
  292.0   9892  -32.5  -37.8     59   0.51    125     11  342.1  344.2  342.3
  290.0   9940  -32.9  -37.8     61   0.51    125     11  342.2  344.2  342.3
  268.0  10489  -37.2  -44.0     49   0.29    130     10  343.7  344.9  343.8
  255.0  10835  -39.9  -47.9     42   0.20    105      8  344.6  345.5  344.7
  250.0  10970  -41.1                          95      7  344.8         344.8
  245.0  11103  -42.2                          85      8  345.1         345.1
  200.0  12440  -53.7                          45     13  347.6         347.6
  195.0  12598  -55.0                          40     14  348.0         348.0
  169.0  13488  -62.2                          75     17  350.5         350.5
  150.0  14230  -68.3                          75     14  352.2         352.2
  149.0  14270  -68.7                          74     15  352.2         352.2
  139.0  14678  -70.7                          65     25  355.8         355.8
  125.0  15302  -73.8                          20     16  361.2         361.2
  119.0  15591  -75.2                           0     13  363.7         363.7
  112.0  15947  -76.9                         325     11  366.8         366.8
  102.0  16486  -76.2                         270      8  378.0         378.0
  100.0  16600  -76.1                         265      8  380.4         380.4
   92.0  17073  -78.6                         295     12  384.7         384.7
   87.0  17389  -80.3                         280      5  387.5         387.5
   82.0  17725  -82.1                         225     13  390.5         390.5
   79.2  17921  -83.1                         215     15  392.2         392.2
   74.0  18304  -78.9                         200     14  408.7         408.7
   73.5  18342  -78.5                         193     13  410.4         410.4
   70.0  18620  -78.7                         140      4  415.7         415.7
   67.0  18871  -77.2                         110      5  424.2         424.2
   64.2  19116  -75.7                           3      2  432.7         432.7
   63.0  19227  -74.8                         315      1  437.0         437.0
   60.0  19512  -72.5                         320      7  448.4         448.4
   58.1  19700  -70.9                         295      7  456.0         456.0
   57.0  19814  -70.9                         280      7  458.6         458.6
   54.0  20134  -70.8                         325     12  465.9         465.9
   52.0  20358  -70.8                         325      7  471.0         471.0
   50.0  20590  -70.7                          70      2  476.5         476.5
   49.0  20710  -70.7                          70      5  479.2         479.2
   48.0  20832  -70.7                          40      8  482.1         482.1
   47.0  20958  -69.3                          10     12  488.3         488.3
   45.6  21138  -67.3                         352     14  497.4         497.4
   44.0  21354  -67.2                         330     17  502.8         502.8
   42.0  21634  -67.0                         295     13  510.0         510.0
   41.1  21765  -66.9                         298     13  513.4         513.4
   40.1  21914  -66.7                         302     13  517.5         517.5
   38.5  22162  -62.5                         308     13  534.2         534.2
   38.0  22244  -59.6                         310     13  543.6         543.6
   37.3  22361  -55.5                         302     18  557.0         557.0
   35.0  22762  -57.5                         275     37  562.0         562.0
   32.0  23327  -60.3                         275     38  569.1         569.1
   30.0  23730  -58.9                         255     43  583.5         583.5
   25.9  24650  -59.7                         199     26  606.2         606.2
   25.0  24871  -59.7                         185     22  612.4         612.4
   24.5  24997  -59.7                         168     19  615.9         615.9
   24.0  25128  -57.9                         150     15  624.7         624.7
   23.0  25397  -54.3                         140      8  643.0         643.0
   21.7  25772  -51.9                         188      4  661.0         661.0
   21.0  25984  -51.9                         215      2  667.2         667.2
   20.0  26300  -51.9                         275      7  676.6         676.6
   18.4  26839  -53.1                         243     13  689.1         689.1
   18.0  26981  -52.8                         235     15  694.3         694.3
   16.0  27746  -51.4                         210      7  722.7         722.7
   15.0  28165  -50.6                         310     15  738.8         738.8
   14.0  28612  -49.8                         295     12  756.3         756.3
   13.9  28659  -49.7                         296     12  758.1         758.1
   13.0  29101  -48.0                         305      7  778.7         778.7
   12.0  29629  -45.9                         265      7  804.0         804.0
   11.8  29740  -45.5                                     809.4         809.4
</PRE><H3>Station information and sounding indices</H3><PRE>
                         Station identifier: WIII
                             Station number: 96749
                           Observation time: 190403/0000
                           Station latitude: -6.11
                          Station longitude: 106.65
                          Station elevation: 8.0
                            Showalter index: 2.43
                               Lifted index: -1.32
    LIFT computed using virtual temperature: -1.61
                                SWEAT index: 162.01
                                    K index: 31.80
                         Cross totals index: 17.90
                      Vertical totals index: 23.90
                        Totals totals index: 41.80
      Convective Available Potential Energy: 110.49
             CAPE using virtual temperature: 204.04
                      Convective Inhibition: -94.62
             CINS using virtual temperature: -57.11
                           Equilibrum Level: 276.98
 Equilibrum Level using virtual temperature: 275.20
                   Level of Free Convection: 708.96
             LFCT using virtual temperature: 807.76
                     Bulk Richardson Number: 16.67
          Bulk Richardson Number using CAPV: 30.78
  Temp [K] of the Lifted Condensation Level: 292.44
Pres [hPa] of the Lifted Condensation Level: 915.66
   Equivalent potential temp [K] of the LCL: 345.81
     Mean mixed layer potential temperature: 299.92
              Mean mixed layer mixing ratio: 15.70
              1000 hPa to 500 hPa thickness: 5781.00
Precipitable water [mm] for entire sounding: 48.78
</PRE>
<P>Description of the 
<A HREF="/upperair/columns.html">data columns</A>
or <A HREF="/upperair/indices.html">sounding indices</A>.

<P>
<FORM>
<INPUT CLASS="button" TYPE="button" VALUE=" Close this window " 
 onClick="window.close();">
<INPUT CLASS="button" TYPE="button" VALUE=" Select another map " 
 onClick="window.blur();">
</FORM>
<HR SIZE="1">
<I>Interested in graduate studies in atmospheric science?
Check out our program at the
<a href="http://www.uwyo.edu/atsc/howtoapply/"
target=_top>University of Wyoming
</a></I>
<HR SIZE="1"><FONT SIZE="-1">
Questions about the weather data provided by this site can be
addressed to <A HREF="mailto:ldoolman@uwyo.edu">
Larry Oolman (ldoolman@uwyo.edu)</A></FONT>
<HR SIZE="1">
<SCRIPT TYPE="text/javascript">
<!--
window.focus();
// -->
</SCRIPT>
</BODY>
</HTML>
