2021-08-18 12
<HTML>
<TITLE>University of Wyoming - Radiosonde Data</TITLE>
<BODY BGCOLOR="white">
<H2>96749 WIII Jakarta Observations at 00Z 18 Aug 2021</H2>
<PRE>
-----------------------------------------------------------------------------
   PRES   HGHT   TEMP   DWPT   RELH   MIXR   DRCT   SKNT   THTA   THTE   THTV
    hPa     m      C      C      %    g/kg    deg   knot     K      K      K 
-----------------------------------------------------------------------------
 1010.0      8   24.4   22.9     91  17.76    230      1  296.7  348.2  299.9
 1009.0     17   25.8   22.3     81  17.12    228      1  298.2  348.1  301.2
 1001.0     85   26.2   21.3     74  16.21    208      6  299.3  346.8  302.2
 1000.0     94   26.4   21.4     74  16.33    205      6  299.6  347.5  302.5
  977.0    299   25.0   20.4     76  15.75    235      3  300.1  346.4  302.9
  944.0    601   22.9   19.0     79  14.91    160      3  300.9  344.9  303.6
  925.0    780   21.6   18.2     81  14.43    165      4  301.4  344.1  304.0
  912.0    903   20.8   17.8     83  14.27    155      3  301.7  344.0  304.3
  886.0   1153   19.0   17.0     88  13.95     92      4  302.4  343.9  305.0
  881.0   1202   18.8   16.6     87  13.68     80      4  302.7  343.4  305.2
  850.0   1510   17.6   14.1     80  12.04     80      5  304.6  340.7  306.8
  793.0   2101   13.9   10.4     79  10.11     85      1  306.8  337.5  308.6
  776.0   2286   12.8    9.3     79   9.56    126      3  307.4  336.7  309.2
  767.0   2384   12.8    5.8     62   7.59    148      5  308.5  332.0  309.9
  766.0   2395   12.7    5.9     63   7.68    150      5  308.5  332.3  309.9
  746.0   2617   11.4    8.8     84   9.62    139      6  309.4  339.0  311.2
  739.0   2696   10.7    8.5     86   9.54    135      6  309.5  338.9  311.2
  738.0   2708   10.6    8.5     87   9.52    133      6  309.5  338.8  311.3
  736.0   2731   10.6    8.4     86   9.48    129      6  309.7  339.0  311.5
  732.0   2776   10.8    7.9     82   9.21    120      7  310.4  339.0  312.1
  725.0   2857   11.4   -0.6     43   5.08    106      8  311.9  328.1  312.9
  713.0   2996   11.4   -9.2     23   2.69     80      9  313.4  322.4  313.9
  711.0   3020   11.4  -10.6     20   2.41     81      9  313.7  321.7  314.1
  700.0   3150   10.4   -4.6     35   3.90     85      8  314.0  326.7  314.7
  688.0   3294    9.8    0.8     53   5.93     90      8  314.9  333.9  316.0
  671.0   3501    8.8   -7.2     32   3.34     97      9  316.0  327.0  316.6
  663.0   3599    8.0   -7.1     34   3.40    100      9  316.2  327.4  316.8
  639.0   3900    5.5   -6.8     41   3.60    110     10  316.6  328.6  317.3
  620.0   4147    3.4   -6.6     48   3.78     89     10  317.0  329.5  317.8
  616.0   4200    2.9   -4.8     57   4.38     85     10  317.1  331.4  317.9
  608.0   4305    2.0   -1.1     80   5.84     80      9  317.2  336.1  318.3
  594.0   4493    1.1   -2.1     79   5.54     70      8  318.3  336.3  319.4
  576.0   4740    0.0   -3.5     77   5.16     82      6  319.8  336.7  320.8
  572.0   4795   -0.3   -3.9     77   5.04     85      6  320.1  336.7  321.0
  521.0   5537   -4.3   -9.3     68   3.65     54      7  323.9  336.3  324.6
  507.0   5751   -5.7   -9.1     77   3.81     45      7  324.7  337.7  325.5
  500.0   5860   -6.3  -10.0     75   3.60     40      7  325.3  337.6  326.0
  497.0   5907   -6.5  -11.5     68   3.21     38      7  325.6  336.6  326.2
  493.0   5970   -6.9  -13.9     57   2.66     34      6  325.9  335.1  326.4
  482.0   6146   -8.1   -9.4     90   3.91     25      5  326.5  339.9  327.3
  470.0   6342   -8.9  -13.2     71   2.96     14      4  327.9  338.2  328.5
  467.0   6392   -9.3  -12.3     79   3.20     12      3  328.0  339.1  328.6
  459.0   6526   -9.7  -20.7     40   1.61      5      3  329.1  334.9  329.4
  454.0   6610  -10.3  -22.5     36   1.39      0      2  329.4  334.5  329.7
  447.0   6730  -11.1  -25.1     31   1.12     43      5  329.8  334.0  330.1
  445.0   6765  -11.3  -26.3     28   1.01     55      6  330.0  333.8  330.2
  439.0   6869  -10.3  -43.3      5   0.19     92      8  332.6  333.3  332.6
  437.0   6904  -10.5  -43.8      5   0.18    105      9  332.7  333.5  332.8
  404.0   7504  -14.2  -51.7      3   0.08    115     10  335.4  335.8  335.5
  400.0   7580  -14.7  -52.7      2   0.07    110     10  335.8  336.1  335.8
  388.0   7809  -16.4  -53.4      3   0.07    100      6  336.5  336.8  336.5
  378.0   8005  -17.9  -53.9      3   0.07    117      5  337.0  337.3  337.1
  373.0   8105  -18.7  -42.2     11   0.25    125      4  337.2  338.3  337.3
  372.0   8125  -18.9  -39.9     14   0.32    118      4  337.3  338.6  337.3
  365.0   8266  -20.3  -28.3     49   1.02     72      6  337.2  341.1  337.4
  358.0   8409  -21.3  -25.2     71   1.39     25      7  337.8  343.0  338.0
  344.0   8701  -23.3  -27.2     70   1.21     10     13  339.0  343.6  339.2
  330.0   9004  -25.3  -29.2     70   1.04      0     16  340.2  344.2  340.4
  326.0   9094  -25.9  -29.8     70   1.00    356     15  340.6  344.4  340.8
  304.0   9596  -29.7  -40.7     34   0.36    334     12  342.1  343.6  342.2
  300.0   9690  -30.5  -42.5     30   0.30    330     11  342.3  343.5  342.3
  291.0   9906  -32.3  -48.1     19   0.17    330     11  342.7  343.4  342.8
  286.0  10028  -33.3  -51.3     15   0.12    320     11  343.0  343.5  343.0
  283.0  10103  -33.9  -46.9     26   0.20    313     12  343.1  344.0  343.2
  279.0  10202  -34.7  -46.4     30   0.21    305     12  343.4  344.3  343.4
  267.0  10508  -37.3  -44.6     46   0.27    340     13  344.0  345.1  344.0
  266.0  10534  -37.5  -44.5     48   0.28    339     13  344.0  345.2  344.1
  250.0  10960  -41.3  -49.3     42   0.17    330     15  344.5  345.3  344.6
  238.0  11291  -44.3  -52.3     41   0.13    328     16  344.9  345.4  344.9
  224.0  11693  -47.6  -53.0     54   0.13    325     18  345.8  346.3  345.8
  219.0  11842  -48.9  -53.2     61   0.12    328     17  346.1  346.6  346.1
  200.0  12430  -54.3  -59.3     54   0.06    340     13  346.6  346.9  346.6
  188.0  12822  -57.3  -63.3     46   0.04    332     11  348.0  348.2  348.0
  181.0  13060  -58.7  -70.7     20   0.02    328     11  349.5  349.6  349.5
  177.0  13198  -59.8  -72.1     19   0.01    325     10  349.9  350.0  349.9
  169.0  13482  -62.0  -75.0     16   0.01     30      7  350.9  350.9  350.9
  161.0  13781  -64.4  -78.1     14   0.01     80     11  351.8  351.8  351.8
  158.0  13897  -65.3  -79.3     13   0.00     77     12  352.1  352.2  352.1
  150.0  14210  -67.5  -80.5     14   0.00     70     13  353.6  353.6  353.6
  138.0  14703  -72.1  -81.6     23   0.00     95     14  354.1  354.1  354.1
  133.0  14921  -74.1  -82.1     28   0.00     94     16  354.2  354.2  354.2
  112.0  15902  -80.5  -90.2     19   0.00     90     26  360.1  360.1  360.1
  109.0  16057  -81.5  -91.5     17   0.00     86     30  361.0  361.0  361.0
  100.0  16540  -81.1  -90.1     21   0.00     75     44  370.8  370.8  370.8
   96.0  16772  -79.8  -89.4     19   0.00     80     50  377.7  377.7  377.7
   94.0  16892  -79.1  -89.1     18   0.00     78     41  381.3  381.3  381.3
   91.6  17042  -71.7  -87.7      8   0.00     76     31  398.8  398.8  398.8
   86.0  17419  -69.3  -88.7      5   0.00     70      5  410.9  410.9  410.9
   85.1  17481  -68.9  -88.9      4   0.00    102      6  412.9  413.0  412.9
   82.0  17704  -69.3  -90.3      3   0.00    215     11  416.5  416.5  416.5
   73.0  18399  -70.7  -94.7      2   0.00    226     16  427.6  427.6  427.6
   70.0  18650  -69.7  -98.7      1   0.00    230     18  434.9  434.9  434.9
   62.4  19335  -68.7  -98.7      1   0.00    259     24  451.7  451.7  451.7
   61.0  19472  -67.2  -96.9      1   0.00    265     25  457.9  457.9  457.9
   58.2  19756  -64.1  -93.1      1   0.00    270     29  471.1  471.1  471.1
   58.0  19777  -64.1  -93.2      1   0.00    270     29  471.5  471.5  471.5
   52.1  20430  -65.5  -97.5      1   0.00    280     22  483.0  483.0  483.0
   52.0  20442  -65.5  -97.5      1   0.00    280     22  483.3  483.3  483.3
   50.0  20680  -64.9  -96.9      1   0.00    305     13  490.1  490.1  490.1
   45.3  21285  -61.5  -94.5      1   0.00    285     12  512.4  512.4  512.4
   43.0  21607  -61.4  -94.4      1   0.00    275     12  520.2  520.2  520.2
   39.0  22210  -61.3  -94.3      1   0.00    275      8  535.3  535.3  535.3
   37.0  22535  -61.2  -94.2      1   0.00    220      5  543.6  543.6  543.6
   36.0  22704  -61.2  -94.2      1   0.00    180     11  548.0  548.0  548.0
   33.9  23076  -61.1  -94.1      1   0.00    144     17  557.7  557.7  557.7
   32.0  23432  -61.6  -98.8      0   0.00    110     22  565.7  565.7  565.7
   31.0  23628  -61.8 -101.4      0   0.00    105     26  570.1  570.1  570.1
   30.0  23830  -62.1 -104.1      0   0.00     95     30  574.8  574.8  574.8
</PRE><H3>Station information and sounding indices</H3><PRE>
                         Station identifier: WIII
                             Station number: 96749
                           Observation time: 210818/0000
                           Station latitude: -6.11
                          Station longitude: 106.65
                          Station elevation: 8.0
                            Showalter index: 0.29
                               Lifted index: -1.98
    LIFT computed using virtual temperature: -2.31
                                SWEAT index: 186.18
                                    K index: 23.00
                         Cross totals index: 20.40
                      Vertical totals index: 23.90
                        Totals totals index: 44.30
      Convective Available Potential Energy: 237.36
             CAPE using virtual temperature: 350.40
                      Convective Inhibition: -41.42
             CINS using virtual temperature: -28.49
                           Equilibrum Level: 229.82
 Equilibrum Level using virtual temperature: 229.16
                   Level of Free Convection: 807.05
             LFCT using virtual temperature: 829.43
                     Bulk Richardson Number: 39.72
          Bulk Richardson Number using CAPV: 58.64
  Temp [K] of the Lifted Condensation Level: 292.78
Pres [hPa] of the Lifted Condensation Level: 920.06
   Equivalent potential temp [K] of the LCL: 346.52
     Mean mixed layer potential temperature: 299.85
              Mean mixed layer mixing ratio: 15.92
              1000 hPa to 500 hPa thickness: 5766.00
Precipitable water [mm] for entire sounding: 48.77
</PRE>
<P>Description of the 
<A HREF="/upperair/columns.html">data columns</A>
or <A HREF="/upperair/indices.html">sounding indices</A>.

<P>
<FORM>
<INPUT CLASS="button" TYPE="button" VALUE=" Close this window " 
 onClick="window.close();">
<INPUT CLASS="button" TYPE="button" VALUE=" Select another map " 
 onClick="window.blur();">
</FORM>
<HR SIZE="1">
<I>Interested in graduate studies in atmospheric science?
Check out our program at the
<a href="http://www.uwyo.edu/atsc/howtoapply/"
target=_top>University of Wyoming
</a></I>
<HR SIZE="1"><FONT SIZE="-1">
Questions about the weather data provided by this site can be
addressed to <A HREF="mailto:ldoolman@uwyo.edu">
Larry Oolman (ldoolman@uwyo.edu)</A></FONT>
<HR SIZE="1">
<SCRIPT TYPE="text/javascript">
<!--
window.focus();
// -->
</SCRIPT>
</BODY>
</HTML>
