2021-10-07 00
<HTML>
<TITLE>University of Wyoming - Radiosonde Data</TITLE>
<BODY BGCOLOR="white">
<H2>96749 WIII Jakarta Observations at 00Z 07 Oct 2021</H2>
<PRE>
-----------------------------------------------------------------------------
   PRES   HGHT   TEMP   DWPT   RELH   MIXR   DRCT   SKNT   THTA   THTE   THTV
    hPa     m      C      C      %    g/kg    deg   knot     K      K      K 
-----------------------------------------------------------------------------
 1008.0      8   24.8   21.5     82  16.30    200      4  297.3  344.6  300.2
 1002.0     60   24.4   20.1     77  15.01    196      5  297.4  341.0  300.1
 1000.0     78   24.8   19.8     74  14.76    195      5  297.9  341.0  300.6
  975.0    302   25.1   18.0     65  13.51    185      7  300.4  340.2  302.8
  964.0    403   25.2   17.2     61  12.97    163      6  301.5  339.9  303.8
  943.0    597   23.7   16.8     65  12.90    120      3  301.9  340.2  304.2
  925.0    767   22.4   16.4     69  12.84     90      5  302.2  340.4  304.5
  911.0    899   21.2   16.7     75  13.33    100      4  302.3  341.9  304.8
  887.0   1130   19.2   17.3     89  14.21     23      2  302.5  344.8  305.1
  880.0   1198   18.8   16.9     89  13.92      0      1  302.8  344.2  305.3
  850.0   1495   16.8   14.9     89  12.69    340      2  303.7  341.7  306.0
  849.0   1505   16.8   14.8     88  12.62    340      2  303.8  341.6  306.1
  809.0   1916   15.2   10.5     74   9.95    323      5  306.4  336.6  308.2
  792.0   2095   13.7   10.1     79   9.89    315      7  306.6  336.7  308.4
  772.0   2310   11.8    9.6     86   9.81    290      8  306.8  336.7  308.6
  764.0   2398   11.0    8.6     85   9.29    280      9  306.9  335.2  308.6
  762.0   2420   10.8    8.4     85   9.16    280      9  306.9  334.8  308.6
  760.0   2441   10.8    7.8     82   8.81    279      8  307.1  334.1  308.7
  757.0   2474   10.8    6.4     74   8.03    279      8  307.5  332.1  308.9
  755.0   2497   10.8    5.8     71   7.72    278      8  307.7  331.5  309.1
  752.0   2530   11.8   -2.2     38   4.35    278      7  309.1  323.0  309.9
  751.0   2541   12.6   -8.4     22   2.71    278      7  310.1  319.0  310.6
  749.0   2563   13.2  -22.8      7   0.82    277      7  311.0  313.9  311.1
  743.0   2631   13.2  -29.8      3   0.44    276      6  311.7  313.3  311.8
  737.0   2698   12.8  -25.8      5   0.64    275      5  312.0  314.3  312.1
  716.0   2940   11.4  -11.6     19   2.21    303      4  313.1  320.4  313.5
  711.0   2998   11.5  -20.0      9   1.11    310      4  313.8  317.7  314.0
  706.0   3057   11.6  -28.4      4   0.52    276      4  314.5  316.4  314.6
  700.0   3128   11.4  -21.6      8   0.98    235      4  315.1  318.5  315.3
  686.0   3296   10.6  -27.3      5   0.60    210      6  316.0  318.2  316.1
  661.0   3603    9.2  -37.6      2   0.23    185      8  317.8  318.6  317.8
  655.0   3679    8.8  -40.2      2   0.18    185      9  318.2  318.9  318.2
  640.0   3870    7.6  -13.4     21   2.14    185     12  318.9  326.3  319.3
  638.0   3895    7.4  -13.4     21   2.14    185     12  319.0  326.3  319.4
  615.0   4194    5.1  -13.7     24   2.17    195      8  319.7  327.1  320.1
  592.0   4505    2.6  -13.9     28   2.21    175      6  320.4  328.0  320.8
  586.0   4588    2.0  -14.0     29   2.22    158      6  320.5  328.2  321.0
  578.0   4699    1.6  -22.4     15   1.10    135      6  321.3  325.3  321.6
  571.0   4797    1.0  -17.1     24   1.76    115      6  321.8  327.9  322.1
  559.0   4967    0.0   -8.0     55   3.76    109      6  322.5  335.2  323.3
  546.0   5155   -1.9   -6.9     69   4.20    103      5  322.4  336.5  323.3
  529.0   5405   -3.2  -14.3     42   2.40     95      5  323.8  332.1  324.3
  513.0   5648   -4.5  -21.5     25   1.34     82     13  325.1  329.9  325.4
  510.0   5694   -4.7  -21.9     25   1.30     80     14  325.4  330.1  325.7
  500.0   5850   -5.3  -23.3     23   1.18     80     14  326.5  330.8  326.8
  473.0   6282   -7.3  -26.3     20   0.95     80     13  329.3  332.8  329.4
  472.0   6299   -7.3  -25.8     21   0.99     80     13  329.4  333.1  329.6
  461.0   6482   -7.5  -20.5     35   1.63     86     11  331.4  337.4  331.8
  437.0   6894   -9.9  -20.1     43   1.79    100      7  333.5  340.1  333.9
  427.0   7072  -10.9  -19.9     47   1.86     97      7  334.4  341.2  334.8
  421.0   7181  -11.3  -24.3     33   1.28     95      7  335.3  340.1  335.5
  404.0   7494  -13.2  -23.8     41   1.39     90      8  336.7  342.0  337.0
  400.0   7570  -13.7  -23.7     43   1.42     95      9  337.1  342.4  337.4
  398.0   7608  -14.3  -22.3     51   1.62     97      9  336.8  342.8  337.1
  391.0   7743  -15.1  -28.1     32   0.97    102     10  337.5  341.2  337.7
  388.0   7802  -15.5  -27.9     34   1.00    105     10  337.6  341.5  337.9
  373.0   8100  -17.7  -26.7     45   1.16    102     13  338.6  343.0  338.8
  360.0   8366  -19.5  -31.5     34   0.77     99     16  339.6  342.6  339.8
  344.0   8703  -22.1  -30.7     46   0.87     95     20  340.5  343.9  340.7
  337.0   8856  -23.3  -30.3     53   0.92     95     20  340.9  344.5  341.1
  317.0   9302  -27.1  -32.5     60   0.79     95     19  341.6  344.8  341.8
  313.0   9395  -27.9  -32.9     62   0.77     90     18  341.8  344.8  341.9
  300.0   9700  -30.3  -35.3     62   0.64     75     16  342.6  345.1  342.7
  291.0   9916  -31.1  -42.1     33   0.33     71     15  344.4  345.8  344.5
  250.0  10970  -40.1  -49.1     38   0.18     50     12  346.3  347.1  346.4
  245.0  11107  -41.2  -47.7     49   0.21     35     12  346.6  347.5  346.7
  242.0  11191  -41.9  -46.9     58   0.23     34     13  346.8  347.8  346.9
  224.0  11703  -46.6  -52.0     54   0.14     25     16  347.4  348.1  347.5
  203.0  12354  -52.5  -58.5     48   0.07     38     22  348.0  348.3  348.0
  200.0  12450  -53.5  -60.5     42   0.06     40     23  347.9  348.1  347.9
  195.0  12612  -54.8  -64.3     30   0.03     40     26  348.3  348.4  348.3
  194.0  12645  -55.1  -65.1     28   0.03     40     26  348.4  348.5  348.4
  178.0  13179  -59.9  -69.5     28   0.02     35     34  349.1  349.2  349.1
  160.0  13841  -65.9  -74.9     27   0.01     42     42  349.9  349.9  349.9
  153.0  14111  -67.2  -78.2     19   0.01     45     46  352.2  352.2  352.2
  150.0  14230  -67.7  -79.7     17   0.00     40     49  353.3  353.3  353.3
  146.0  14391  -68.9  -80.7     17   0.00     45     51  353.9  353.9  353.9
  133.0  14945  -73.1  -84.1     18   0.00     59     47  356.0  356.0  356.0
  132.0  14989  -73.1  -84.5     16   0.00     60     47  356.8  356.8  356.8
  124.0  15356  -72.9  -87.9      9   0.00     78     26  363.6  363.6  363.6
  119.0  15592  -74.6  -89.0      9   0.00     90     12  364.8  364.8  364.8
  113.0  15889  -76.7  -90.4     10   0.00    125     17  366.3  366.3  366.3
  100.0  16590  -81.7  -93.7     12   0.00     90     23  369.6  369.6  369.6
   96.0  16820  -80.8  -92.8     12   0.00     80     19  375.7  375.7  375.7
   93.0  17000  -80.1  -92.1     12   0.00     86     21  380.5  380.5  380.5
   91.7  17080  -77.9  -91.9      9   0.00     89     22  386.4  386.4  386.4
   91.0  17124  -78.1  -91.8     10   0.00     90     23  386.9  386.9  386.9
   87.0  17381  -79.1  -91.1     13   0.00     55     11  389.9  389.9  389.9
   86.9  17387  -79.1  -91.1     13   0.00     52     11  390.0  390.0  390.0
   82.9  17660  -73.5  -89.5      7   0.00    297     10  406.7  406.7  406.7
   82.0  17724  -73.5  -89.8      7   0.00    270     10  407.9  407.9  407.9
   78.0  18016  -73.8  -91.2      6   0.00    245     17  413.2  413.3  413.2
   74.0  18324  -74.0  -92.6      4   0.00    255     23  419.0  419.0  419.0
   72.6  18436  -74.1  -93.1      4   0.00    253     24  421.1  421.1  421.1
   70.0  18650  -73.1  -93.1      3   0.00    250     26  427.7  427.7  427.7
   64.0  19178  -72.0  -94.6      2   0.00    235     18  441.2  441.2  441.2
   58.0  19758  -70.7  -96.2      1   0.00    180     13  456.6  456.6  456.6
   56.9  19871  -70.5  -96.5      1   0.00    158     10  459.6  459.7  459.6
   55.0  20075  -68.2  -95.7      1   0.00    120      6  469.5  469.5  469.5
   53.2  20274  -65.9  -94.9      1   0.00     70      5  479.2  479.2  479.2
   52.0  20412  -66.1  -95.1      1   0.00     35      5  481.8  481.8  481.8
   50.0  20650  -66.5  -95.5      1   0.00    345     10  486.4  486.4  486.4
   47.0  21026  -66.7  -97.7      1   0.00     15     10  494.6  494.6  494.6
   45.0  21292  -64.8  -96.8      1   0.00     45      5  505.2  505.2  505.2
   42.8  21600  -62.7  -95.7      0   0.00     64     12  517.8  517.8  517.8
   41.0  21865  -62.8  -95.6      1   0.00     80     18  524.0  524.0  524.0
   37.0  22499  -63.0  -95.5      1   0.00     95     23  539.0  539.0  539.0
   32.6  23282  -63.3  -95.3      1   0.00    104     47  558.1  558.1  558.1
   32.0  23396  -63.6  -96.5      0   0.00    105     51  560.1  560.1  560.1
   31.9  23416  -63.7  -96.7      0   0.00    105     51  560.5  560.5  560.5
   30.8  23634  -59.3  -93.3      1   0.00     99     55  578.0  578.0  578.0
   30.0  23800  -58.1  -92.1      1   0.00     95     57  585.7  585.7  585.7
   28.1  24215  -54.7  -89.7      1   0.00     95     60  606.1  606.2  606.1
   26.0  24713  -54.1  -88.6      1   0.01     95     63  621.5  621.6  621.5
   25.2  24914  -53.8  -88.1      1   0.01     95     68  627.8  627.9  627.8
   25.0  24965  -53.8  -88.0      1   0.01     95     68  629.4  629.5  629.4
   24.2  25173  -53.5  -87.5      1   0.01                636.1  636.1  636.1
</PRE><H3>Station information and sounding indices</H3><PRE>
                         Station identifier: WIII
                             Station number: 96749
                           Observation time: 211007/0000
                           Station latitude: -6.11
                          Station longitude: 106.65
                          Station elevation: 8.0
                            Showalter index: 0.91
                               Lifted index: 1.37
    LIFT computed using virtual temperature: 0.81
                                SWEAT index: 196.81
                                    K index: 4.00
                         Cross totals index: 20.20
                      Vertical totals index: 22.10
                        Totals totals index: 42.30
      Convective Available Potential Energy: 0.22
             CAPE using virtual temperature: 2.06
                      Convective Inhibition: -112.92
             CINS using virtual temperature: -103.81
                           Equilibrum Level: 757.33
 Equilibrum Level using virtual temperature: 752.95
                   Level of Free Convection: 766.78
             LFCT using virtual temperature: 771.66
                     Bulk Richardson Number: 0.11
          Bulk Richardson Number using CAPV: 1.08
  Temp [K] of the Lifted Condensation Level: 290.17
Pres [hPa] of the Lifted Condensation Level: 892.52
   Equivalent potential temp [K] of the LCL: 340.48
     Mean mixed layer potential temperature: 299.77
              Mean mixed layer mixing ratio: 13.90
              1000 hPa to 500 hPa thickness: 5772.00
Precipitable water [mm] for entire sounding: 39.00
</PRE>
<P>Description of the 
<A HREF="/upperair/columns.html">data columns</A>
or <A HREF="/upperair/indices.html">sounding indices</A>.

<P>
<FORM>
<INPUT CLASS="button" TYPE="button" VALUE=" Close this window " 
 onClick="window.close();">
<INPUT CLASS="button" TYPE="button" VALUE=" Select another map " 
 onClick="window.blur();">
</FORM>
<HR SIZE="1">
<I>Interested in graduate studies in atmospheric science?
Check out our program at the
<a href="http://www.uwyo.edu/atsc/howtoapply/"
target=_top>University of Wyoming
</a></I>
<HR SIZE="1"><FONT SIZE="-1">
Questions about the weather data provided by this site can be
addressed to <A HREF="mailto:ldoolman@uwyo.edu">
Larry Oolman (ldoolman@uwyo.edu)</A></FONT>
<HR SIZE="1">
<SCRIPT TYPE="text/javascript">
<!--
window.focus();
// -->
</SCRIPT>
</BODY>
</HTML>
