2019-12-11 12
<HTML>
<TITLE>University of Wyoming - Radiosonde Data</TITLE>
<BODY BGCOLOR="white">
<H2>96749 WIII Jakarta Observations at 00Z 11 Dec 2019</H2>
<PRE>
-----------------------------------------------------------------------------
   PRES   HGHT   TEMP   DWPT   RELH   MIXR   DRCT   SKNT   THTA   THTE   THTV
    hPa     m      C      C      %    g/kg    deg   knot     K      K      K 
-----------------------------------------------------------------------------
 1010.0      8   24.8   23.1     90  17.98    210      2  297.1  349.3  300.3
 1000.0     90   25.6   21.3     77  16.23    160      6  298.8  346.2  301.6
  994.0    143   26.8   20.8     70  15.82    159      6  300.5  347.1  303.3
  977.0    296   25.9   19.0     66  14.34    155      5  301.1  343.4  303.6
  944.0    600   24.2   15.3     58  11.74    155      2  302.2  337.2  304.4
  941.0    628   24.0   15.0     57  11.52    160      2  302.4  336.7  304.4
  925.0    779   23.0   17.0     69  13.35    185      4  302.8  342.6  305.2
  881.0   1200   20.0   15.8     77  12.97    210      4  304.0  342.8  306.3
  851.0   1499   17.9   14.9     83  12.70    120      4  304.8  342.9  307.1
  850.0   1509   17.8   14.9     83  12.69    120      4  304.8  342.9  307.1
  839.0   1621   16.8   14.8     88  12.78    117      6  304.9  343.3  307.2
  782.0   2219   13.4   10.0     80   9.95     99     15  307.4  337.8  309.2
  758.0   2482   12.8    4.8     58   7.16     92     19  309.5  331.8  310.8
  738.0   2705   11.5    3.5     58   6.72     85     22  310.5  331.6  311.8
  700.0   3147    9.0    1.0     57   5.91     80     25  312.4  331.2  313.5
  681.0   3374    7.8   -3.2     46   4.46     77     20  313.6  327.9  314.4
  667.0   3545    6.6   -0.4     61   5.60     76     16  314.1  332.0  315.1
  663.0   3595    6.5   -1.7     56   5.14     75     15  314.5  331.1  315.5
  647.0   3795    6.2   -6.8     39   3.57     83     14  316.4  328.1  317.0
  615.0   4208    3.6  -11.4     32   2.61     99     11  318.0  326.8  318.5
  606.0   4328    3.0   -6.0     52   4.05    103     10  318.6  332.1  319.4
  593.0   4502    2.1   -6.9     51   3.87    110      9  319.6  332.5  320.3
  563.0   4920    0.0   -9.0     51   3.46     89      7  321.9  333.6  322.6
  530.0   5400   -3.2   -7.8     71   4.05     65      5  323.6  337.3  324.4
  521.0   5536   -4.1   -7.4     78   4.23     47      4  324.1  338.4  325.0
  510.0   5704   -5.0   -7.9     80   4.15     25      3  325.0  339.1  325.8
  500.0   5860   -5.9   -8.4     82   4.08     20      2  325.8  339.6  326.6
  491.0   6002   -7.2   -9.2     86   3.89     45      2  325.8  339.1  326.6
  484.0   6114   -8.3   -9.9     88   3.75     60      2  325.9  338.6  326.6
  473.0   6293   -8.8  -13.1     71   2.98     85      3  327.4  337.8  328.0
  466.0   6409   -9.1  -15.1     62   2.55     81      3  328.4  337.4  328.9
  464.0   6442   -8.9  -20.9     37   1.57     80      3  329.1  334.8  329.4
  462.0   6476   -9.1  -21.1     37   1.55     79      3  329.2  334.8  329.5
  461.0   6493   -9.1  -23.1     31   1.30     78      3  329.4  334.2  329.7
  460.0   6509   -9.3  -26.3     24   0.98     78      3  329.4  333.0  329.6
  459.0   6526   -9.3  -21.3     37   1.53     77      3  329.6  335.2  329.9
  458.0   6543   -9.5  -21.5     37   1.51     77      3  329.6  335.0  329.9
  457.0   6560   -9.5  -13.9     70   2.87     76      3  329.8  339.9  330.3
  455.0   6594   -9.7  -14.7     67   2.70     75      3  329.9  339.5  330.5
  445.0   6766  -10.7  -18.7     52   1.98     36      3  330.8  337.9  331.2
  437.0   6905  -11.8  -16.7     66   2.37      5      3  331.1  339.6  331.6
  430.0   7029  -12.7  -15.0     83   2.79      3      3  331.5  341.3  332.0
  420.0   7208  -13.4  -16.4     78   2.54      0      3  332.8  341.9  333.3
  404.0   7504  -14.6  -18.8     70   2.16     30      5  335.0  342.8  335.4
  400.0   7580  -14.9  -19.4     69   2.07     30      5  335.5  343.1  336.0
  388.0   7809  -16.5  -20.8     69   1.88     30      7  336.3  343.3  336.7
  381.0   7946  -17.5  -21.7     70   1.78     39      9  336.8  343.4  337.2
  373.0   8103  -18.4  -24.4     59   1.42     50     11  337.6  343.0  337.9
  356.0   8450  -20.5  -30.5     40   0.85     51     10  339.4  342.7  339.6
  330.0   9005  -24.9  -30.9     57   0.89     53      9  340.8  344.2  340.9
  313.0   9387  -27.9  -33.9     56   0.70     54      8  341.8  344.5  341.9
  304.0   9595  -28.8  -37.5     43   0.50     55      8  343.4  345.4  343.5
  303.0   9619  -28.9  -37.9     42   0.48     57      8  343.6  345.5  343.6
  300.0   9690  -29.3  -41.3     30   0.34     65      7  344.0  345.4  344.0
  291.0   9902  -31.1  -43.6     28   0.28     80      6  344.4  345.6  344.5
  256.0  10795  -38.5  -53.1     20   0.11     50      8  346.3  346.8  346.3
  250.0  10960  -39.9  -54.9     19   0.09     25      6  346.6  347.0  346.6
  245.0  11094  -41.1                         355      6  346.8         346.8
  234.0  11399  -43.9                         325      7  347.1         347.1
  224.0  11688  -46.6                         345      4  347.4         347.4
  214.0  11991  -49.4                          20      6  347.6         347.6
  200.0  12440  -53.5                          30      7  347.9         347.9
  195.0  12598  -54.9                          35      6  348.2         348.2
  169.0  13491  -62.8                           5      5  349.6         349.6
  161.0  13793  -65.5                          30      2  349.9         349.9
  153.0  14111  -68.3                          85      3  350.2         350.2
  150.0  14230  -69.3                         110      3  350.5         350.5
  146.0  14387  -70.6                         100      5  351.0         351.0
  139.0  14673  -73.0                          65      9  351.8         351.8
  124.0  15338  -78.5                          55     20  353.4         353.4
  118.0  15617  -79.3                          50     25  357.0         357.0
  107.0  16169  -80.8                          75     17  364.2         364.2
  100.0  16550  -81.9                          50      8  369.2         369.2
   99.4  16584  -82.3                          45      8  369.1         369.1
   96.0  16779  -82.0                          45     12  373.3         373.3
   92.0  17017  -81.7                          57      9  378.5         378.5
   86.4  17373  -77.9                          74      5  393.1         393.1
   86.0  17400  -77.9                          75      5  393.6         393.6
   82.0  17673  -77.5                         270      7  399.7         399.7
   78.0  17960  -77.2                         270     17  406.2         406.2
   75.1  18178  -76.9                         252     22  411.2         411.2
   74.0  18262  -77.4                         245     24  411.8         411.8
   70.3  18556  -79.3                         240     21  413.9         413.9
   70.0  18580  -79.5                         240     21  414.0         414.0
   66.0  18918  -77.1                         235     12  426.3         426.3
   63.0  19185  -75.2                         275     16  436.2         436.2
   62.0  19277  -74.5                         274     17  439.7         439.7
   55.1  19965  -73.3                         269     27  457.5         457.5
   51.0  20415  -75.5                         265     33  462.6         462.6
   50.6  20461  -75.7                         263     32  463.1         463.1
   50.0  20530  -75.1                         260     30  466.1         466.1
   47.9  20781  -70.9                         242     19  481.9         481.9
   46.0  21021  -71.1                         225      8  487.0         487.0
   42.1  21544  -71.5                          89      6  498.5         498.5
   42.0  21558  -71.4                          85      6  499.0         499.0
   40.9  21715  -70.5                          61      7  505.1         505.1
   40.0  21850  -67.7                          40      7  515.4         515.4
   38.7  22049  -63.5                                     530.9         530.9
</PRE><H3>Station information and sounding indices</H3><PRE>
                         Station identifier: WIII
                             Station number: 96749
                           Observation time: 191211/0000
                           Station latitude: -6.11
                          Station longitude: 106.65
                          Station elevation: 8.0
                            Showalter index: -0.18
                               Lifted index: -0.59
    LIFT computed using virtual temperature: -0.77
                                SWEAT index: 188.80
                                    K index: 30.60
                         Cross totals index: 20.80
                      Vertical totals index: 23.70
                        Totals totals index: 44.50
      Convective Available Potential Energy: 36.56
             CAPE using virtual temperature: 98.69
                      Convective Inhibition: -121.40
             CINS using virtual temperature: -85.62
                           Equilibrum Level: 423.80
 Equilibrum Level using virtual temperature: 421.38
                   Level of Free Convection: 675.72
             LFCT using virtual temperature: 739.64
                     Bulk Richardson Number: 4.65
          Bulk Richardson Number using CAPV: 12.56
  Temp [K] of the Lifted Condensation Level: 291.22
Pres [hPa] of the Lifted Condensation Level: 896.96
   Equivalent potential temp [K] of the LCL: 343.89
     Mean mixed layer potential temperature: 300.43
              Mean mixed layer mixing ratio: 14.86
              1000 hPa to 500 hPa thickness: 5770.00
Precipitable water [mm] for entire sounding: 48.22
</PRE>
<P>Description of the 
<A HREF="/upperair/columns.html">data columns</A>
or <A HREF="/upperair/indices.html">sounding indices</A>.

<P>
<FORM>
<INPUT CLASS="button" TYPE="button" VALUE=" Close this window " 
 onClick="window.close();">
<INPUT CLASS="button" TYPE="button" VALUE=" Select another map " 
 onClick="window.blur();">
</FORM>
<HR SIZE="1">
<I>Interested in graduate studies in atmospheric science?
Check out our program at the
<a href="http://www.uwyo.edu/atsc/howtoapply/"
target=_top>University of Wyoming
</a></I>
<HR SIZE="1"><FONT SIZE="-1">
Questions about the weather data provided by this site can be
addressed to <A HREF="mailto:ldoolman@uwyo.edu">
Larry Oolman (ldoolman@uwyo.edu)</A></FONT>
<HR SIZE="1">
<SCRIPT TYPE="text/javascript">
<!--
window.focus();
// -->
</SCRIPT>
</BODY>
</HTML>
