2019-07-17 00
<HTML>
<TITLE>University of Wyoming - Radiosonde Data</TITLE>
<BODY BGCOLOR="white">
<H2>96749 WIII Jakarta Observations at 00Z 17 Jul 2019</H2>
<PRE>
-----------------------------------------------------------------------------
   PRES   HGHT   TEMP   DWPT   RELH   MIXR   DRCT   SKNT   THTA   THTE   THTV
    hPa     m      C      C      %    g/kg    deg   knot     K      K      K 
-----------------------------------------------------------------------------
 1010.0      8   22.2   16.2     69  11.60    160      4  294.5  327.9  296.6
 1000.0     97   23.2   17.2     69  12.50    145      6  296.4  332.6  298.6
  987.0    212   23.6   17.6     69  13.00    182      6  297.9  335.8  300.2
  977.0    301   23.0   17.3     70  12.91    210      6  298.1  335.9  300.4
  945.0    592   21.0   16.5     75  12.65    195      2  298.9  336.0  301.2
  944.0    601   21.0   16.1     74  12.37    195      2  299.1  335.4  301.3
  933.0    703   21.2   12.2     56   9.65    146      5  300.2  328.9  302.0
  925.0    778   20.8   12.8     60  10.14    110      7  300.6  330.7  302.4
  912.0    899   19.7   12.5     63  10.08    110     11  300.6  330.6  302.5
  866.0   1342   15.6   11.4     76   9.87     99     10  300.9  330.2  302.6
  850.0   1500   15.2   10.3     73   9.33     95     10  302.1  330.0  303.8
  820.0   1803   12.4    9.4     82   9.11    100      6  302.3  329.6  303.9
  813.0   1875   11.8    9.2     84   9.06    107      7  302.3  329.5  304.0
  807.0   1937   11.4    9.3     87   9.19    114      8  302.5  330.1  304.2
  805.0   1957   11.2    9.3     88   9.21    116      8  302.5  330.2  304.2
  802.0   1989   12.0    9.0     82   9.06    119      8  303.7  331.0  305.4
  801.0   1999   12.2    8.7     79   8.89    120      8  304.0  330.9  305.6
  798.0   2031   13.8    1.8     44   5.49    123      9  306.1  323.1  307.1
  797.0   2041   14.4   -7.6     21   2.72    124      9  306.8  315.6  307.3
  793.0   2083   16.0  -17.0      9   1.28    128      9  309.0  313.3  309.2
  783.0   2191   16.6  -16.4      9   1.36    139     11  310.7  315.4  311.0
  764.0   2397   15.4  -17.1      9   1.31    160     13  311.6  316.1  311.9
  711.0   3000   11.9  -19.3     10   1.17    160      6  314.3  318.4  314.5
  700.0   3131   11.2  -19.8     10   1.14    155      7  314.9  318.9  315.1
  662.0   3592    8.5  -14.5     18   1.89    100     11  316.8  323.3  317.2
  653.0   3706    7.8  -13.2     21   2.13    106     11  317.3  324.6  317.7
  615.0   4191    5.1  -16.2     20   1.76    130     12  319.8  325.9  320.1
  550.0   5097    0.2  -21.8     17   1.22     70     11  324.2  328.6  324.5
  548.0   5126    0.0  -22.0     17   1.20     71     11  324.4  328.7  324.6
  510.0   5694   -4.8  -25.2     19   0.97     95     10  325.3  328.9  325.5
  500.0   5850   -6.1  -26.1     19   0.91     95     10  325.5  328.9  325.7
  491.0   5992   -7.3  -27.3     19   0.83     95     10  325.8  328.9  325.9
  472.0   6294   -9.1  -29.3     18   0.72     95      9  327.3  330.0  327.4
  454.0   6592  -10.8  -31.2     17   0.63     60      7  328.8  331.2  328.9
  408.0   7411  -15.5  -36.5     15   0.41     60     18  332.9  334.5  332.9
  403.0   7504  -15.9  -38.7     12   0.33     60     19  333.6  334.9  333.6
  400.0   7560  -16.1  -40.1     11   0.29     65     18  334.0  335.2  334.0
  388.0   7789  -15.7  -52.7      3   0.07     87     17  337.4  337.8  337.4
  370.0   8146  -17.9  -53.9      3   0.07    121     15  339.1  339.4  339.1
  364.0   8268  -17.1  -51.1      3   0.10    133     15  341.8  342.2  341.8
  358.0   8389  -18.2  -50.7      4   0.10    145     14  341.9  342.3  341.9
  330.0   8984  -23.7  -48.6      8   0.14    125      9  342.4  343.0  342.4
  304.0   9583  -29.2  -46.4     17   0.19    100      8  342.8  343.6  342.8
  300.0   9680  -30.1  -46.1     20   0.20     95      7  342.8  343.7  342.9
  267.0  10495  -37.8  -48.4     32   0.18    110     12  343.2  343.9  343.2
  258.0  10735  -40.1  -49.1     38   0.17     79     14  343.2  343.9  343.2
  250.0  10950  -41.9                          50     16  343.6         343.6
  245.0  11084  -42.9                          35     18  344.1         344.1
  214.0  11981  -49.8                          25     30  346.9         346.9
  200.0  12430  -53.3                          30     43  348.2         348.2
  163.0  13713  -63.5                          41     67  352.0         352.0
  153.0  14099  -64.5                          45     74  356.8         356.8
  151.0  14180  -64.7                          45     70  357.8         357.8
  150.0  14220  -64.9                          45     68  358.1         358.1
  119.0  15583  -76.3                          75     24  361.6         361.6
  113.0  15888  -78.9                          79     23  362.2         362.2
  109.0  16092  -80.5                          83     21  362.9         362.9
  100.0  16580  -78.3                          90     19  376.2         376.2
   96.0  16814  -77.7                          90     19  381.9         381.9
   91.0  17120  -76.8                          75     12  389.4         389.4
   88.1  17305  -76.3                         118     10  394.1         394.1
   87.0  17377  -76.7                         135      9  394.8         394.8
   80.6  17813  -78.9                         152     10  398.9         398.9
   78.1  17992  -77.7                         160     11  405.0         405.0
   78.0  18000  -77.5                         160     11  405.5         405.5
   74.0  18307  -69.5                         215     10  428.5         428.5
   71.2  18538  -66.9                         262     31  438.8         438.8
   71.0  18555  -66.9                         265     32  439.2         439.2
   70.0  18640  -66.7                         265     34  441.4         441.4
   64.0  19175  -69.3                         265     41  447.2         447.2
   60.0  19561  -71.1                         280     25  451.4         451.4
   58.0  19764  -69.0                         290     23  460.5         460.5
   55.0  20082  -65.8                         260     19  475.0         475.0
   54.6  20126  -65.3                         260     19  477.0         477.0
   50.0  20660  -65.7                         265     19  488.2         488.2
   45.0  21305  -64.1                         280     17  507.1         507.1
   43.0  21583  -63.4                         305     26  515.5         515.5
   39.6  22088  -62.1                         284     26  530.9         530.9
   34.3  22983  -57.9                         248     25  564.2         564.2
   32.0  23418  -59.9                         230     25  570.0         570.0
   31.4  23536  -60.5                         237     24  571.6         571.6
   30.0  23820  -60.7                         255     22  578.6         578.6
   28.0  24249  -60.3                         270     12  591.2         591.2
   27.9  24272  -60.3                         276     12  591.8         591.8
   27.0  24480  -57.6                         335     12  605.0         605.0
   25.4  24867  -52.5                         311     14  630.2         630.2
   25.0  24970  -52.2                         305     14  633.8         633.8
   22.0  25800  -50.1                         295     23  663.9         663.9
   21.8  25860  -49.9                         290     22  666.1         666.1
   20.0  26420  -52.1                         240     14  675.9         675.9
   19.0  26749  -53.4                         225     12  682.0         682.0
   18.0  27095  -54.7                         210      7  688.3         688.3
   17.0  27462  -56.1                         135      6  695.1         695.1
   16.9  27499  -56.3                         110     10  695.8         695.8
   14.0  28702  -54.8                          95     23  739.5         739.5
   13.0  29175  -54.1                          95     35  757.4         757.4
   12.3  29528  -53.7                                     771.0         771.0
</PRE><H3>Station information and sounding indices</H3><PRE>
                         Station identifier: WIII
                             Station number: 96749
                           Observation time: 190717/0000
                           Station latitude: -6.11
                          Station longitude: 106.65
                          Station elevation: 8.0
                            Showalter index: 5.24
                               Lifted index: 3.18
    LIFT computed using virtual temperature: 2.72
                                SWEAT index: 153.61
                                    K index: 0.60
                         Cross totals index: 16.40
                      Vertical totals index: 21.30
                        Totals totals index: 37.70
      Convective Available Potential Energy: 0.00
             CAPE using virtual temperature: 0.53
                      Convective Inhibition: -86.41
             CINS using virtual temperature: -70.18
                           Equilibrum Level: 804.47
 Equilibrum Level using virtual temperature: 803.65
                   Level of Free Convection: 810.58
             LFCT using virtual temperature: 818.58
                     Bulk Richardson Number: 0.00
          Bulk Richardson Number using CAPV: 0.08
  Temp [K] of the Lifted Condensation Level: 288.97
Pres [hPa] of the Lifted Condensation Level: 903.42
   Equivalent potential temp [K] of the LCL: 334.39
     Mean mixed layer potential temperature: 297.50
              Mean mixed layer mixing ratio: 12.69
              1000 hPa to 500 hPa thickness: 5753.00
Precipitable water [mm] for entire sounding: 28.19
</PRE>
<P>Description of the 
<A HREF="/upperair/columns.html">data columns</A>
or <A HREF="/upperair/indices.html">sounding indices</A>.

<P>
<FORM>
<INPUT CLASS="button" TYPE="button" VALUE=" Close this window " 
 onClick="window.close();">
<INPUT CLASS="button" TYPE="button" VALUE=" Select another map " 
 onClick="window.blur();">
</FORM>
<HR SIZE="1">
<I>Interested in graduate studies in atmospheric science?
Check out our program at the
<a href="http://www.uwyo.edu/atsc/howtoapply/"
target=_top>University of Wyoming
</a></I>
<HR SIZE="1"><FONT SIZE="-1">
Questions about the weather data provided by this site can be
addressed to <A HREF="mailto:ldoolman@uwyo.edu">
Larry Oolman (ldoolman@uwyo.edu)</A></FONT>
<HR SIZE="1">
<SCRIPT TYPE="text/javascript">
<!--
window.focus();
// -->
</SCRIPT>
</BODY>
</HTML>
