2016-11-11 12
<HTML>
<TITLE>University of Wyoming - Radiosonde Data</TITLE>
<BODY BGCOLOR="white">
<H2>96749 WIII Jakarta Observations at 00Z 11 Nov 2016</H2>
<PRE>
-----------------------------------------------------------------------------
   PRES   HGHT   TEMP   DWPT   RELH   MIXR   DRCT   SKNT   THTA   THTE   THTV
    hPa     m      C      C      %    g/kg    deg   knot     K      K      K 
-----------------------------------------------------------------------------
 1011.0      8   26.6   23.3     82  18.19    150      4  298.8  352.0  302.1
 1010.0     17   25.8   21.4     77  16.17    147      4  298.1  345.2  301.0
 1000.0    102   25.0   21.2     79  16.13    115      3  298.1  345.2  301.0
  978.0    296   23.9   20.8     83  16.13     95      5  298.9  346.1  301.8
  944.0    605   22.0   20.3     90  16.13    110      1  300.1  347.5  303.0
  940.0    642   21.8   20.2     91  16.13    140      1  300.2  347.6  303.1
  925.0    782   21.4   19.4     88  15.58    255      2  301.2  347.2  304.0
  913.0    895   20.9   18.6     87  15.00    240      3  301.8  346.2  304.5
  882.0   1194   19.5   16.5     83  13.55    225      4  303.3  343.8  305.8
  850.0   1513   18.0   14.2     78  12.12    250      6  305.0  341.5  307.2
  822.0   1799   16.6   12.7     78  11.36    275      6  306.4  340.9  308.5
  793.0   2107   15.1   11.1     77  10.60    265      9  308.0  340.4  310.0
  787.0   2172   14.8   10.8     77  10.44    267      9  308.4  340.3  310.3
  713.0   3002    9.9    7.0     82   8.89    290     13  311.8  339.5  313.5
  700.0   3157    9.0    6.3     83   8.63    290     14  312.4  339.4  314.0
  639.0   3900    5.1    2.5     83   7.20    250     16  316.2  339.2  317.6
  572.0   4803    0.4   -2.2     83   5.71    265     12  320.9  339.6  322.0
  567.0   4874    0.0   -2.6     83   5.61    262     12  321.2  339.7  322.3
  531.0   5394   -3.3   -4.8     90   5.09    240     11  323.4  340.3  324.4
  511.0   5698   -5.2   -6.0     94   4.80    245      8  324.6  340.7  325.5
  502.0   5839   -6.1   -6.6     96   4.68    274      9  325.2  340.9  326.1
  500.0   5870   -6.3   -6.8     96   4.62    280      9  325.3  340.9  326.2
  492.0   5996   -6.1   -7.7     88   4.40    280     10  327.1  342.1  328.0
  487.0   6076   -5.9   -8.2     84   4.26    277      9  328.2  342.8  329.1
  473.0   6303   -7.5   -9.5     85   3.95    270      8  329.0  342.6  329.8
  455.0   6605   -9.7  -11.3     88   3.56    285      7  330.0  342.4  330.7
  453.0   6639   -9.9  -11.5     88   3.52    278      7  330.1  342.3  330.8
  443.0   6812  -10.3  -14.8     70   2.75    242      7  331.7  341.4  332.2
  423.0   7166  -12.9  -18.9     61   2.04    168      7  332.8  340.2  333.2
  421.0   7202  -13.2  -18.5     65   2.12    160      7  332.8  340.5  333.2
  417.0   7274  -13.9  -17.7     73   2.30    155      7  332.9  341.1  333.3
  405.0   7496  -14.1  -24.1     43   1.35    141      9  335.4  340.4  335.7
  400.0   7590  -15.1  -25.1     42   1.25    135      9  335.3  340.0  335.5
  394.0   7705  -16.1  -22.1     60   1.66    132      9  335.4  341.6  335.8
  393.0   7724  -16.1  -20.6     68   1.90    132      9  335.7  342.6  336.1
  389.0   7801  -16.6  -23.1     57   1.54    130      9  336.0  341.8  336.3
  388.0   7820  -16.7  -23.7     55   1.46    131      9  336.1  341.6  336.4
  386.0   7859  -16.9  -25.9     46   1.21    133      9  336.3  340.9  336.6
  381.0   7958  -17.7  -24.7     54   1.36    137      8  336.5  341.6  336.8
  372.0   8137  -19.1  -25.1     59   1.35    145      8  337.0  342.1  337.3
  370.0   8177  -19.3  -24.2     65   1.47    147      8  337.2  342.7  337.6
  369.0   8197  -19.5  -23.3     72   1.60    148      8  337.2  343.2  337.6
  368.0   8218  -19.7  -23.0     75   1.64    148      8  337.2  343.4  337.6
  367.0   8238  -19.7  -23.2     74   1.62    149      8  337.5  343.5  337.8
  366.0   8258  -19.9  -23.8     71   1.54    150      7  337.5  343.2  337.8
  365.0   8279  -19.9  -29.9     41   0.88    151      7  337.8  341.2  337.9
  363.0   8319  -19.9  -31.9     34   0.73    153      7  338.3  341.1  338.4
  360.0   8381  -20.3  -27.3     54   1.14    156      7  338.6  342.9  338.8
  352.0   8548  -21.7  -28.7     53   1.02    163      7  338.9  342.8  339.1
  350.0   8590  -21.9  -29.9     48   0.92    165      6  339.1  342.7  339.3
  348.0   8632  -22.1  -33.1     36   0.68    167      6  339.4  342.1  339.6
  345.0   8696  -22.7  -31.8     43   0.78    170      6  339.4  342.5  339.6
  340.0   8804  -23.7  -29.7     58   0.96    186      5  339.5  343.2  339.7
  331.0   8998  -25.1  -31.3     56   0.85    215      4  340.2  343.6  340.4
  304.0   9614  -29.4  -36.3     51   0.57    220     10  342.5  344.8  342.6
  300.0   9710  -30.1  -37.1     50   0.53    215     10  342.8  345.0  342.9
  295.0   9829  -31.1  -38.1     50   0.49    213     10  343.1  345.1  343.2
  286.0  10048  -32.5  -43.5     33   0.29    210     10  344.1  345.3  344.2
  269.0  10476  -35.9  -45.9     35   0.23    204     10  345.2  346.2  345.3
  257.0  10790  -38.7  -44.2     56   0.29    200     10  345.7  346.9  345.7
  252.0  10926  -39.9  -43.5     68   0.32    207     10  345.8  347.2  345.9
  250.0  10980  -40.3                         210     10  346.0         346.0
  225.0  11674  -46.4                         215      5  347.2         347.2
  214.0  12004  -49.4                          20      3  347.7         347.7
  200.0  12450  -53.3                          10      2  348.2         348.2
  196.0  12576  -54.5                           0      1  348.3         348.3
  186.0  12903  -57.6                         230      3  348.6         348.6
  169.0  13502  -63.2                         245      6  348.9         348.9
  161.0  13804  -66.1                         184      7  348.9         348.9
  153.0  14111  -68.3                         120      8  350.3         350.3
  150.0  14230  -69.1                         105     10  350.9         350.9
  132.0  14961  -74.0                          60     22  355.3         355.3
  100.0  16550  -84.5                          60     46  364.2         364.2
   96.6  16742  -84.3                          60     48  368.2         368.2
   96.0  16777  -82.4                          60     48  372.6         372.6
   93.9  16903  -75.7                          60     40  388.1         388.1
   91.0  17081  -76.8                          60     28  389.6         389.6
   82.0  17674  -80.2                          15      4  394.2         394.2
   78.0  17959  -81.9                         135      6  396.4         396.4
   74.8  18197  -83.3                         115     12  398.2         398.2
   74.0  18257  -82.8                         105     15  400.5         400.5
   70.2  18554  -80.3                          96     20  411.9         411.9
   70.0  18570  -80.1                          95     20  412.7         412.7
   68.1  18728  -74.9                          95     18  427.2         427.2
   66.0  18913  -73.8                          95     16  433.4         433.4
   63.0  19187  -72.2                          75      8  442.7         442.7
   60.0  19475  -70.5                          35      3  452.6         452.6
   58.2  19654  -69.5                         309      5  458.9         458.9
   57.0  19779  -69.7                         250      7  461.3         461.3
   54.0  20101  -70.1                         215      8  467.4         467.4
   51.8  20349  -70.5                         248      4  472.1         472.1
   51.0  20442  -69.7                         260      2  476.1         476.1
   50.0  20560  -68.7                         275      5  481.2         481.2
   49.0  20683  -67.9                         260     10  485.9         485.9
   47.0  20938  -66.2                         215      8  495.7         495.7
   44.0  21341  -63.5                         335      4  511.7         511.7
   42.0  21625  -61.7                         325      7  523.2         523.2
   40.6  21833  -60.3                         294     15  531.7         531.7
   40.0  21925  -60.5                         280     18  533.4         533.4
   36.0  22579  -62.0                         240     32  545.7         545.7
   35.4  22683  -62.3                         239     30  547.7         547.7
   33.0  23116  -62.3                         235     23  558.8         558.8
   32.6  23192  -62.3                         240     22  560.8         560.8
   30.0  23710  -58.1                         275     17  585.7         585.7
   29.9  23731  -57.5                         275     17  587.9         587.9
   29.0  23924  -57.2                         280     21  593.9         593.9
   26.5  24494  -56.3                         288     23  611.9         611.9
   26.0  24616  -55.5                         290     23  617.5         617.5
   23.5  25265  -51.3                         269     24  647.8         647.8
   22.0  25692  -51.4                         255     24  659.9         659.9
   20.0  26310  -51.5                         275     33  677.8         677.8
   19.0  26642  -52.0                         270     38  686.2         686.2
   17.1  27323  -53.1                         261     20  703.7         703.7
   17.0                                       260     19                     
</PRE><H3>Station information and sounding indices</H3><PRE>
                         Station identifier: WIII
                             Station number: 96749
                           Observation time: 161111/0000
                           Station latitude: -6.11
                          Station longitude: 106.65
                          Station elevation: 8.0
                            Showalter index: -0.00
                               Lifted index: -1.76
    LIFT computed using virtual temperature: -1.90
                                SWEAT index: 191.40
                                    K index: 35.80
                         Cross totals index: 20.50
                      Vertical totals index: 24.30
                        Totals totals index: 44.80
      Convective Available Potential Energy: 125.69
             CAPE using virtual temperature: 173.46
                      Convective Inhibition: -89.57
             CINS using virtual temperature: -68.19
                           Equilibrum Level: 332.39
 Equilibrum Level using virtual temperature: 326.15
                   Level of Free Convection: 721.49
             LFCT using virtual temperature: 744.61
                     Bulk Richardson Number: 7.68
          Bulk Richardson Number using CAPV: 10.60
  Temp [K] of the Lifted Condensation Level: 293.32
Pres [hPa] of the Lifted Condensation Level: 937.78
   Equivalent potential temp [K] of the LCL: 345.93
     Mean mixed layer potential temperature: 298.77
              Mean mixed layer mixing ratio: 16.15
              1000 hPa to 500 hPa thickness: 5768.00
Precipitable water [mm] for entire sounding: 57.88
</PRE>
<P>Description of the 
<A HREF="/upperair/columns.html">data columns</A>
or <A HREF="/upperair/indices.html">sounding indices</A>.

<P>
<FORM>
<INPUT CLASS="button" TYPE="button" VALUE=" Close this window " 
 onClick="window.close();">
<INPUT CLASS="button" TYPE="button" VALUE=" Select another map " 
 onClick="window.blur();">
</FORM>
<HR SIZE="1">
<I>Interested in graduate studies in atmospheric science?
Check out our program at the
<a href="http://www.uwyo.edu/atsc/howtoapply/"
target=_top>University of Wyoming
</a></I>
<HR SIZE="1"><FONT SIZE="-1">
Questions about the weather data provided by this site can be
addressed to <A HREF="mailto:ldoolman@uwyo.edu">
Larry Oolman (ldoolman@uwyo.edu)</A></FONT>
<HR SIZE="1">
<SCRIPT TYPE="text/javascript">
<!--
window.focus();
// -->
</SCRIPT>
</BODY>
</HTML>
