2017-08-22 12
<HTML>
<TITLE>University of Wyoming - Radiosonde Data</TITLE>
<BODY BGCOLOR="white">
<H2>96749 WIII Jakarta Observations at 00Z 22 Aug 2017</H2>
<PRE>
-----------------------------------------------------------------------------
   PRES   HGHT   TEMP   DWPT   RELH   MIXR   DRCT   SKNT   THTA   THTE   THTV
    hPa     m      C      C      %    g/kg    deg   knot     K      K      K 
-----------------------------------------------------------------------------
 1010.0      8   24.4   21.1     82  15.86    220      4  296.7  342.7  299.5
 1000.0     90   24.6   20.3     77  15.24    175      7  297.8  342.1  300.5
  996.0    125   25.4   19.4     69  14.45    169      7  298.9  341.2  301.5
  944.0    596   22.6   16.6     69  12.78     95      8  300.7  338.5  303.0
  925.0    775   21.6   15.6     69  12.19    100     10  301.4  337.5  303.6
  912.0    897   20.7   15.3     71  12.10    125      7  301.6  337.6  303.8
  881.0   1195   18.4   14.4     78  11.88    185      7  302.3  337.6  304.4
  850.0   1504   16.0   13.6     86  11.65    215      7  302.9  337.7  305.0
  846.0   1544   15.6   13.4     87  11.55    207      7  302.9  337.4  305.0
  821.0   1798   14.4   11.5     83  10.50    155      4  304.2  335.8  306.2
  776.0   2276   12.2    8.0     76   8.75     99      5  306.8  333.5  308.4
  768.0   2363   11.8    7.1     73   8.30     89      5  307.3  332.8  308.8
  766.0   2385   11.6    6.9     73   8.21     86      5  307.3  332.5  308.8
  765.0   2396   11.7    6.5     71   8.02     85      5  307.5  332.1  309.0
  763.0   2418   11.8    5.8     67   7.63     87      5  307.9  331.4  309.3
  758.0   2473   12.6   -2.4     35   4.25     91      6  309.3  322.8  310.1
  753.0   2529   13.8  -10.2     18   2.35     96      6  311.2  319.0  311.6
  747.0   2596   14.0  -16.0     11   1.48    102      7  312.1  317.1  312.4
  738.0   2698   13.4  -14.5     13   1.69    110      8  312.5  318.2  312.8
  713.0   2987   11.6  -10.4     20   2.44     72     12  313.6  321.8  314.1
  712.0   2999   11.5  -10.0     21   2.52     70     12  313.7  322.1  314.1
  700.0   3141   10.4   -5.6     32   3.62     65     15  314.0  325.8  314.7
  689.0   3273    9.4    0.4     53   5.75     69     14  314.3  332.7  315.4
  687.0   3297    9.3   -0.1     52   5.56     70     14  314.4  332.2  315.4
  662.0   3603    7.5   -6.5     36   3.55     90     10  315.8  327.5  316.4
  652.0   3729    6.8   -9.2     31   2.94     88     10  316.3  326.1  316.9
  627.0   4049    4.2   -4.8     52   4.29     84     11  316.9  331.0  317.7
  604.0   4352    2.2   -7.8     48   3.54     80     11  318.0  329.8  318.7
  595.0   4473    1.6  -14.4     29   2.12     78     12  318.7  325.9  319.1
  591.0   4527    1.2   -8.8     47   3.34     78     12  318.8  330.0  319.5
  577.0   4720    0.0  -11.0     43   2.88     75     12  319.6  329.4  320.2
  550.0   5101   -3.4  -12.8     48   2.61     70     13  320.0  328.9  320.5
  543.0   5203   -4.3  -13.3     50   2.54     71     14  320.1  328.8  320.6
  533.0   5349   -5.7  -12.7     58   2.72     73     14  320.1  329.4  320.6
  524.0   5483   -6.3  -17.3     41   1.89     75     15  321.0  327.5  321.3
  523.0   5498   -6.1  -20.1     32   1.49     75     15  321.4  326.6  321.7
  504.0   5788   -5.5  -30.5     12   0.60     79     17  325.5  327.8  325.6
  500.0   5850   -5.7  -30.7     12   0.60     80     17  326.0  328.3  326.1
  491.0   5992   -6.6  -30.7     13   0.61     80     20  326.6  328.9  326.8
  470.0   6333   -8.7  -30.7     15   0.63     77     20  328.1  330.5  328.2
  458.0   6533   -8.7  -38.7      7   0.30     75     20  330.6  331.7  330.6
  404.0   7494  -14.8  -38.3     12   0.35     65     21  334.7  336.1  334.8
  400.0   7570  -15.3  -38.3     12   0.35     70     20  335.0  336.4  335.1
  394.0   7684  -15.3  -43.3      7   0.21     74     20  336.5  337.4  336.5
  373.0   8093  -18.4  -48.3      5   0.13     90     19  337.6  338.2  337.6
  351.0   8546  -21.9  -53.9      4   0.07     87     22  338.9  339.2  338.9
  300.0   9680  -31.3  -44.3     27   0.25     80     28  341.1  342.2  341.2
  279.0  10184  -35.8  -46.2     33   0.22     75     25  341.9  342.8  341.9
  260.0  10674  -40.1  -48.1     42   0.19     62     26  342.4  343.3  342.5
  250.0  10940  -42.1                          55     27  343.3         343.3
  233.0  11404  -45.8                          55     35  344.7         344.7
  200.0  12410  -53.9                          45     57  347.2         347.2
  193.0  12638  -55.9                          47     57  347.6         347.6
  185.0  12906  -56.9                          50     58  350.2         350.2
  174.0  13293  -58.3                          54     46  354.1         354.1
  160.0  13811  -62.8                          60     29  355.1         355.1
  150.0  14210  -66.3                          90     23  355.7         355.7
  138.0  14706  -70.6                         110     27  356.7         356.7
  129.0  15107  -74.1                         112     28  357.3         357.3
  116.0  15718  -79.7                         114     30  358.0         358.0
  112.0  15916  -81.0                         115     31  359.1         359.1
  110.0  16018  -81.7                         101     29  359.7         359.7
  105.0  16281  -77.9                          65     25  371.8         371.8
  101.0  16503  -78.2                          35     22  375.3         375.3
  100.0  16560  -78.3                          35     21  376.2         376.2
   96.8  16745  -79.9                          31     19  376.6         376.6
   96.0  16792  -79.7                          30     19  377.8         377.8
   94.0  16911  -79.3                           4     16  380.9         380.9
   92.9  16978  -78.5                         350     15  383.8         383.8
   91.7  17053  -72.9                         334     13  396.3         396.3
   91.0  17098  -73.0                         325     12  397.1         397.1
   86.0  17428  -73.3                         270     13  402.9         402.9
   70.0  18630  -74.5                         260     46  424.7         424.7
   64.0  19157  -71.2                         255     27  443.0         443.0
   60.5  19488  -69.1                         257     29  454.8         454.8
   55.0  20054  -70.5                         260     32  464.2         464.2
   53.4  20230  -70.9                         257     27  467.1         467.1
   50.9  20514  -69.9                         252     20  475.9         475.9
   50.0  20620  -68.9                         250     17  480.7         480.7
   49.0  20743  -66.8                         255     14  488.5         488.5
   47.3  20957  -63.1                         288     15  502.3         502.3
   45.0  21267  -62.0                         335     16  512.1         512.1
   41.2  21815  -60.1                         335      6  529.9         529.9
   41.0  21845  -60.1                         335      5  530.5         530.5
   39.0  22156  -60.7                          80      8  536.9         536.9
   35.0  22830  -61.8                         110     28  550.8         550.8
   34.0  23010  -62.1                         104     31  554.6         554.6
   30.0  23790  -59.5                          80     44  581.9         581.9
   29.0  24003  -58.8                          75     45  589.5         589.5
   26.0  24688  -56.5                          79     46  614.6         614.6
   20.0  26350  -55.5                          90     49  665.5         665.5
   16.0  27781  -53.3                          95     44  716.4         716.4
   15.0  28195  -52.7                                     731.9         731.9
</PRE><H3>Station information and sounding indices</H3><PRE>
                         Station identifier: WIII
                             Station number: 96749
                           Observation time: 170822/0000
                           Station latitude: -6.11
                          Station longitude: 106.65
                          Station elevation: 8.0
                            Showalter index: 2.17
                               Lifted index: 0.99
    LIFT computed using virtual temperature: 0.33
                                SWEAT index: 194.18
                                    K index: 19.30
                         Cross totals index: 19.30
                      Vertical totals index: 21.70
                        Totals totals index: 41.00
      Convective Available Potential Energy: 32.19
             CAPE using virtual temperature: 54.42
                      Convective Inhibition: -232.92
             CINS using virtual temperature: -57.97
                           Equilibrum Level: 510.89
 Equilibrum Level using virtual temperature: 505.43
                   Level of Free Convection: 570.52
             LFCT using virtual temperature: 768.98
                     Bulk Richardson Number: 6.49
          Bulk Richardson Number using CAPV: 10.98
  Temp [K] of the Lifted Condensation Level: 290.67
Pres [hPa] of the Lifted Condensation Level: 904.87
   Equivalent potential temp [K] of the LCL: 340.44
     Mean mixed layer potential temperature: 299.11
              Mean mixed layer mixing ratio: 14.16
              1000 hPa to 500 hPa thickness: 5760.00
Precipitable water [mm] for entire sounding: 38.55
</PRE>
<P>Description of the 
<A HREF="/upperair/columns.html">data columns</A>
or <A HREF="/upperair/indices.html">sounding indices</A>.

<P>
<FORM>
<INPUT CLASS="button" TYPE="button" VALUE=" Close this window " 
 onClick="window.close();">
<INPUT CLASS="button" TYPE="button" VALUE=" Select another map " 
 onClick="window.blur();">
</FORM>
<HR SIZE="1">
<I>Interested in graduate studies in atmospheric science?
Check out our program at the
<a href="http://www.uwyo.edu/atsc/howtoapply/"
target=_top>University of Wyoming
</a></I>
<HR SIZE="1"><FONT SIZE="-1">
Questions about the weather data provided by this site can be
addressed to <A HREF="mailto:ldoolman@uwyo.edu">
Larry Oolman (ldoolman@uwyo.edu)</A></FONT>
<HR SIZE="1">
<SCRIPT TYPE="text/javascript">
<!--
window.focus();
// -->
</SCRIPT>
</BODY>
</HTML>
