2021-01-18 12
<HTML>
<TITLE>University of Wyoming - Radiosonde Data</TITLE>
<BODY BGCOLOR="white">
<H2>96749 WIII Jakarta Observations at 00Z 18 Jan 2021</H2>
<PRE>
-----------------------------------------------------------------------------
   PRES   HGHT   TEMP   DWPT   RELH   MIXR   DRCT   SKNT   THTA   THTE   THTV
    hPa     m      C      C      %    g/kg    deg   knot     K      K      K 
-----------------------------------------------------------------------------
 1009.0      8   26.0   23.6     87  18.57    300      6  298.4  352.6  301.7
 1000.0     83   25.8   23.4     87  18.51    285     10  298.9  353.1  302.2
  976.0    297   24.2   22.3     89  17.69    305     17  299.5  351.4  302.6
  925.0    769   20.8   19.8     94  15.98    305     18  300.6  347.6  303.4
  881.0   1190   18.2   17.8     98  14.78    293     18  302.1  345.9  304.8
  850.0   1497   16.8   15.8     94  13.46    285     18  303.7  344.0  306.2
  738.0   2690   11.0    8.4     84   9.46    255     10  309.9  339.1  311.7
  737.0   2701   11.0    8.1     83   9.29    255     10  310.0  338.7  311.7
  714.0   2966   10.4    1.4     54   5.97    246      8  312.2  331.1  313.3
  711.0   3001   10.2    1.4     54   5.99    245      8  312.3  331.4  313.5
  700.0   3130    9.4    1.4     57   6.09    245      8  312.9  332.2  314.0
  672.0   3467    7.0    2.2     71   6.72    271      7  313.8  335.2  315.1
  662.0   3590    6.5   -1.4     57   5.26    280      7  314.6  331.6  315.6
  652.0   3715    6.0   -5.0     45   4.06    271      7  315.4  328.7  316.2
  615.0   4190    3.4  -11.7     32   2.55    235      8  317.7  326.4  318.2
  607.0   4296    2.8  -13.2     30   2.29    242      8  318.3  326.1  318.7
  592.0   4497    1.6  -12.2     35   2.54    255      9  319.1  327.7  319.6
  574.0   4745    0.0  -11.0     43   2.89    253     11  320.1  329.9  320.7
  558.0   4971   -1.3   -9.3     55   3.41    251     14  321.2  332.6  321.8
  552.0   5057   -1.9   -7.9     64   3.84    250     15  321.4  334.3  322.2
  550.0   5086   -2.1   -7.1     69   4.10    250     15  321.5  335.3  322.3
  549.0   5100   -2.1   -7.6     66   3.95    250     15  321.7  335.0  322.5
  548.0   5115   -2.1   -8.1     63   3.81    250     15  321.9  334.7  322.6
  545.0   5158   -1.5  -13.5     40   2.49    251     14  323.1  331.7  323.6
  544.0   5173   -1.3  -21.3     20   1.29    251     14  323.5  328.1  323.8
  532.0   5350   -1.7  -33.7      7   0.42    254     10  325.1  326.7  325.2
  529.0   5395   -2.0  -34.1      6   0.40    255      9  325.3  326.9  325.4
  500.0   5840   -4.5  -38.5      5   0.28    235      8  327.5  328.6  327.5
  499.0   5856   -4.5  -38.5      5   0.28    235      8  327.7  328.8  327.7
  480.0   6160   -6.9  -12.9     62   2.97    229      8  328.4  338.7  329.0
  430.0   7010  -12.7  -14.6     86   2.88    213      9  331.5  341.7  332.1
  420.0   7189  -13.7  -15.9     84   2.66    210      9  332.5  341.9  333.0
  404.0   7484  -15.3  -18.0     80   2.32    190     12  334.1  342.4  334.6
  400.0   7560  -15.7  -18.5     79   2.24    180     11  334.5  342.6  334.9
  392.0   7713  -16.1  -18.6     81   2.26    167     12  335.9  344.1  336.4
  388.0   7789  -16.6  -19.1     81   2.18    160     13  336.2  344.2  336.7
  372.0   8101  -18.7  -21.4     79   1.87    160      9  337.5  344.4  337.9
  358.0   8386  -20.7  -23.5     78   1.61    200      2  338.6  344.6  338.9
  344.0   8681  -22.7  -25.7     77   1.38     75      2  339.8  345.0  340.0
  324.0   9125  -25.7  -28.9     74   1.09     79      9  341.4  345.7  341.7
  300.0   9680  -30.1  -33.4     73   0.77     85     19  342.8  345.9  343.0
  291.0   9895  -31.8  -35.3     71   0.66     85     19  343.5  346.1  343.6
  260.0  10689  -37.9  -42.2     64   0.36     85     25  345.7  347.2  345.8
  250.0  10960  -40.3  -44.7     63   0.29     85     27  346.0  347.2  346.1
  245.0  11093  -41.5  -46.1     61   0.25     80     29  346.2  347.3  346.3
  224.0  11683  -46.9  -52.1     55   0.14     85     37  346.9  347.5  347.0
  200.0  12430  -53.7  -59.7     48   0.06     85     44  347.6  347.9  347.6
  173.0  13344  -61.7  -71.7     25   0.01     88     44  349.1  349.1  349.1
  150.0  14210  -69.9  -77.9     30   0.01     90     43  349.5  349.5  349.5
  135.0  14826  -75.9  -84.9     23   0.00     86     41  349.5  349.6  349.5
  131.0  14998  -77.2  -86.6     21   0.00     85     41  350.2  350.2  350.2
  126.0  15221  -78.9  -88.9     18   0.00     83     50  351.1  351.1  351.1
  120.0  15496  -80.9  -89.9     21   0.00     79     61  352.3  352.3  352.3
  116.0  15686  -82.5  -92.5     17   0.00     77     68  352.8  352.8  352.8
  112.0  15880  -83.7  -91.7     24   0.00     75     76  354.1  354.1  354.1
  109.0  16031  -84.1  -92.1     24   0.00     74     71  356.1  356.1  356.1
  107.0  16133  -84.9  -92.9     24   0.00     73     68  356.5  356.5  356.5
  106.0  16184  -85.1  -94.1     19   0.00     73     66  357.1  357.1  357.1
  100.0  16510  -78.3  -91.3     11   0.00     70     55  376.2  376.2  376.2
   90.0  17112  -79.1  -91.3     12   0.00    105     15  386.2  386.2  386.2
   87.2  17292  -79.3  -91.3     13   0.00    119     12  389.2  389.2  389.2
   86.0  17372  -76.8  -90.9      9   0.00    125     10  395.9  395.9  395.9
   85.5  17405  -75.7  -90.7      8   0.00    134     10  398.7  398.7  398.7
   81.0  17718  -76.9  -89.9     11   0.00    215      6  402.4  402.4  402.4
   78.8  17877  -77.5  -89.5     13   0.00    248      7  404.4  404.4  404.4
   77.0  18011  -75.9  -88.6     12   0.00    275      8  410.3  410.3  410.3
   73.4  18290  -72.7  -86.7     11   0.00    278     11  422.8  422.8  422.8
   70.0  18570  -71.7  -85.7     11   0.00    280     13  430.7  430.7  430.7
   66.0  18917  -72.3  -86.3     11   0.00    245      9  436.6  436.6  436.6
   63.0  19192  -72.8  -86.8     11   0.00    300      7  441.3  441.3  441.3
   57.1  19773  -73.9  -87.9     10   0.00    339      6  451.5  451.5  451.5
   57.0  19783  -73.8  -87.9     10   0.00    340      6  451.8  451.9  451.8
   54.0  20104  -72.2  -87.1      9   0.00    280      9  462.6  462.6  462.6
   50.0  20560  -69.9  -85.9      8   0.00    245      7  478.4  478.4  478.4
   49.0  20681  -68.7  -85.6      7   0.01    240      4  484.1  484.1  484.1
   47.0  20932  -66.1  -85.1      5   0.01    161      3  496.0  496.0  496.0
   46.0  21061  -66.4  -85.2      6   0.01    120      3  498.2  498.3  498.2
   44.0  21330  -67.1  -85.5      6   0.01    145      5  502.9  503.0  502.9
   42.4  21553  -67.7  -85.7      6   0.01     93      5  506.9  506.9  506.9
   42.0  21610  -67.7  -86.0      6   0.01     80      5  508.3  508.3  508.3
   40.0  21904  -67.5  -87.8      4   0.00     85      6  515.7  515.8  515.7
   39.2  22026  -67.5  -88.5      4   0.00     77      8  518.9  518.9  518.9
   38.0  22215  -64.8  -89.7      2   0.00     65     11  530.4  530.4  530.4
   37.1  22361  -62.7  -90.7      1   0.00     83     10  539.4  539.4  539.4
   36.0  22546  -62.9  -93.2      1   0.00    105      9  543.5  543.5  543.5
   35.2  22684  -63.1  -95.1      1   0.00     21      3  546.5  546.5  546.5
   35.0  22720  -62.7  -94.9      1   0.00      0      1  548.6  548.6  548.6
   33.7  22954  -59.7  -93.7      0   0.00    286      9  562.3  562.3  562.3
   33.0  23085  -59.8  -93.8      0   0.00    245     14  565.4  565.4  565.4
   30.0  23680  -60.3  -94.3      0   0.00    225     20  579.7  579.7  579.7
   27.0  24334  -61.0  -94.4      1   0.00    220     12  595.4  595.4  595.4
   26.0  24568  -61.3  -94.5      1   0.00    180     14  601.1  601.1  601.1
   25.1  24787  -61.5  -94.5      1   0.00    153      8  606.5  606.5  606.5
   25.0  24812  -61.5  -94.5      1   0.00    150      7  607.3  607.3  607.3
   24.0  25065  -61.3  -94.3      1   0.00     85      5  615.0  615.1  615.0
   22.0  25605  -60.8  -93.8      1   0.00     70     10  631.9  631.9  631.9
   21.6  25718  -60.7  -93.7      1   0.00     68     13  635.5  635.5  635.5
   20.0  26200  -57.7  -91.7      1   0.00     60     23  658.8  658.9  658.8
   19.2  26459  -54.7  -89.7      1   0.01     48     21  675.8  675.9  675.8
   19.0  26526  -54.9  -89.7      1   0.01     45     20  677.4  677.5  677.4
   18.0  26869  -55.6  -89.4      1   0.01    330      8  685.5  685.5  685.5
   17.0  27232  -56.5  -89.1      1   0.01    115      4  694.1  694.2  694.1
   16.0  27617  -57.3  -88.8      1   0.01     95     19  703.4  703.5  703.4
   15.6  27778  -57.7  -88.7      1   0.01                707.3  707.4  707.3
</PRE><H3>Station information and sounding indices</H3><PRE>
                         Station identifier: WIII
                             Station number: 96749
                           Observation time: 210118/0000
                           Station latitude: -6.11
                          Station longitude: 106.65
                          Station elevation: 8.0
                            Showalter index: 0.81
                               Lifted index: -1.99
    LIFT computed using virtual temperature: -2.99
                                SWEAT index: 233.62
                                    K index: 29.10
                         Cross totals index: 20.30
                      Vertical totals index: 21.30
                        Totals totals index: 41.60
      Convective Available Potential Energy: 1165.54
             CAPE using virtual temperature: 1344.65
                      Convective Inhibition: -2.25
             CINS using virtual temperature: -1.21
                           Equilibrum Level: 123.85
 Equilibrum Level using virtual temperature: 123.81
                   Level of Free Convection: 930.88
             LFCT using virtual temperature: 937.10
                     Bulk Richardson Number: 252.76
          Bulk Richardson Number using CAPV: 291.60
  Temp [K] of the Lifted Condensation Level: 295.14
Pres [hPa] of the Lifted Condensation Level: 952.05
   Equivalent potential temp [K] of the LCL: 351.55
     Mean mixed layer potential temperature: 299.33
              Mean mixed layer mixing ratio: 17.84
              1000 hPa to 500 hPa thickness: 5757.00
Precipitable water [mm] for entire sounding: 53.04
</PRE>
<P>Description of the 
<A HREF="/upperair/columns.html">data columns</A>
or <A HREF="/upperair/indices.html">sounding indices</A>.

<P>
<FORM>
<INPUT CLASS="button" TYPE="button" VALUE=" Close this window " 
 onClick="window.close();">
<INPUT CLASS="button" TYPE="button" VALUE=" Select another map " 
 onClick="window.blur();">
</FORM>
<HR SIZE="1">
<I>Interested in graduate studies in atmospheric science?
Check out our program at the
<a href="http://www.uwyo.edu/atsc/howtoapply/"
target=_top>University of Wyoming
</a></I>
<HR SIZE="1"><FONT SIZE="-1">
Questions about the weather data provided by this site can be
addressed to <A HREF="mailto:ldoolman@uwyo.edu">
Larry Oolman (ldoolman@uwyo.edu)</A></FONT>
<HR SIZE="1">
<SCRIPT TYPE="text/javascript">
<!--
window.focus();
// -->
</SCRIPT>
</BODY>
</HTML>
