2022-11-04 00
<HTML>
<TITLE>University of Wyoming - Radiosonde Data</TITLE>
<BODY BGCOLOR="white">
<H2>96749 WIII Jakarta Observations at 00Z 04 Nov 2022</H2>
<PRE>
-----------------------------------------------------------------------------
   PRES   HGHT   TEMP   DWPT   RELH   MIXR   DRCT   SKNT   THTA   THTE   THTV
    hPa     m      C      C      %    g/kg    deg   knot     K      K      K 
-----------------------------------------------------------------------------
 1011.0      8   25.0   23.2     90  18.08      0    194  297.2  349.7  300.4
 1001.0    100   24.6   22.6     89  17.59    224     22  297.7  348.9  300.8
 1000.0    109   24.6   22.5     88  17.50    210      5  297.8  348.7  300.9
  999.0    118   24.6   22.4     88  17.41    210      5  297.8  348.5  300.9
  986.0    233   26.6   20.6     70  15.75    213      6  301.0  347.5  303.8
  981.0    278   27.0   20.0     66  15.25    214      6  301.8  347.0  304.6
  978.0    305   26.8   19.9     66  15.20    215      6  301.9  346.9  304.6
  946.0    598   24.6   18.9     70  14.74    220     13  302.6  346.4  305.2
  925.0    795   23.2   18.2     73  14.43    210     13  303.0  346.0  305.6
  850.0   1524   17.6   15.0     85  12.77    200     12  304.6  342.9  306.9
  841.0   1615   16.8   14.9     89  12.83    205     12  304.7  343.2  307.0
  823.0   1799   16.1   14.0     87  12.33    215     12  305.8  343.1  308.1
  794.0   2105   15.0   12.4     84  11.54    160      7  307.8  343.0  309.9
  767.0   2399   14.0   10.9     82  10.81      0      1  309.7  343.0  311.7
  763.0   2443   13.8   10.7     82  10.70    357      1  310.0  343.0  312.0
  740.0   2700   12.2    8.8     80   9.66    340      1  310.9  340.9  312.8
  714.0   3000   10.3    6.5     77   8.55    125      5  312.0  338.8  313.6
  700.0   3166    9.2    5.2     76   7.98    145      6  312.6  337.7  314.1
  694.0   3237    8.6    5.3     80   8.11    142      7  312.7  338.2  314.3
  689.0   3297    8.3    4.1     75   7.51    140      7  313.1  336.8  314.5
  686.0   3334    8.2    3.4     72   7.17    132      8  313.3  336.0  314.7
  674.0   3480    8.8   -6.2     34   3.59    101     10  315.6  327.4  316.3
  671.0   3517    9.0   -8.0     29   3.13     93     11  316.2  326.6  316.8
  664.0   3603    8.3   -3.2     44   4.56     75     12  316.4  331.3  317.3
  657.0   3691    7.6    1.6     66   6.58     75     12  316.6  337.7  317.8
  568.0   4877    0.0   -3.6     77   5.19     75     13  321.1  338.2  322.1
  524.0   5520   -3.1  -13.1     46   2.67     75     14  324.8  334.1  325.3
  516.0   5642   -3.7  -15.7     39   2.19     75     14  325.5  333.2  325.9
  510.0   5734   -4.3  -11.3     58   3.18     75     14  325.9  336.8  326.5
  500.0   5890   -4.9  -13.9     49   2.63     75     14  327.0  336.2  327.5
  454.0   6642   -9.5  -20.5     40   1.66     75     15  330.4  336.4  330.7
  450.0   6711   -9.9  -17.9     52   2.09     75     15  330.7  338.2  331.1
  441.0   6866  -10.3  -25.3     28   1.12     75     16  332.1  336.3  332.4
  404.0   7535  -15.1  -21.1     60   1.77     75     17  334.3  340.8  334.7
  400.0   7610  -15.5  -21.5     60   1.73     75     17  334.8  341.1  335.1
  390.0   7800  -16.6  -23.5     55   1.49     75     17  335.8  341.3  336.1
  378.0   8034  -17.9  -25.9     50   1.23     71     17  337.0  341.7  337.3
  364.0   8315  -19.3  -35.3     23   0.52     67     16  338.8  340.9  338.9
  300.0   9720  -29.9  -44.9     22   0.23     45     13  343.1  344.1  343.2
  269.0  10480  -36.0  -51.0     20   0.13     60     11  345.1  345.7  345.1
  250.0  10990  -40.1  -55.1     19   0.09     70     10  346.3  346.7  346.3
  235.0  11404  -43.6  -58.6     17   0.06     75     13  347.2  347.5  347.2
  225.0  11695  -46.1  -61.1     17   0.05     50     16  347.8  348.0  347.8
  214.0  12030  -48.9  -63.9     16   0.03     59     18  348.4  348.5  348.4
  200.0  12470  -52.9  -62.9     29   0.04     70     21  348.8  349.0  348.8
  195.0  12633  -54.3  -60.3     47   0.06     70     21  349.1  349.4  349.1
  150.0  14260  -68.3  -74.3     42   0.01     75     25  352.2  352.3  352.2
  147.0  14375  -69.2  -75.2     42   0.01     80     24  352.7  352.7  352.7
  126.0  15253  -76.2  -81.8     41   0.00     45     22  355.9  355.9  355.9
  113.0  15874  -81.2  -86.5     41   0.00     65     35  358.0  358.0  358.0
  100.0  16570  -86.7  -91.7     41   0.00     65     47  360.0  360.0  360.0
   98.2  16669  -87.5  -92.4     41   0.00     65     44  360.3  360.3  360.3
   96.0  16792  -87.5  -92.3     42   0.00     70     47  362.6  362.6  362.6
   94.0  16907  -87.5  -92.2     42   0.00     74     50  364.8  364.8  364.8
   91.0  17084  -85.7  -91.7     34   0.00     80     54  371.8  371.8  371.8
   90.2  17133  -84.3  -91.3     29   0.00     79     50  375.5  375.5  375.5
   89.4  17183  -80.1  -91.1     15   0.00     78     45  384.9  384.9  384.9
   88.4  17248  -74.1  -88.1     10   0.00     77     40  398.1  398.1  398.1
   86.3  17389  -71.9  -84.9     13   0.00     75     28  405.3  405.3  405.3
   86.0  17409  -71.9  -85.0     13   0.00     75     26  405.6  405.7  405.6
   82.0  17690  -72.1  -86.1     11   0.00    105     30  410.8  410.8  410.8
   77.8  18000  -72.3  -87.3      9   0.00    108     18  416.6  416.6  416.6
   75.0  18218  -68.3  -88.3      4   0.00    109      9  429.4  429.4  429.4
   74.0  18298  -68.7  -88.9      4   0.00    110      6  430.1  430.1  430.1
   70.0  18630  -70.5  -91.5      3   0.00    200      6  433.2  433.2  433.2
   69.0  18715  -71.1  -92.1      3   0.00    203      9  433.7  433.7  433.7
   67.0  18890  -67.9  -93.6      1   0.00    210     14  444.4  444.4  444.4
   66.9  18899  -67.7  -93.7      1   0.00    211     14  444.9  444.9  444.9
   64.0  19168  -66.9  -94.2      1   0.00    245     18  452.3  452.3  452.3
   58.0  19766  -65.2  -95.2      1   0.00    140     11  469.1  469.1  469.1
   55.0  20089  -64.2  -95.7      1   0.00     65     10  478.4  478.4  478.4
   52.1  20418  -63.3  -96.3      0   0.00    113      5  488.1  488.1  488.1
   52.0  20429  -63.3  -96.3      0   0.00    115      5  488.4  488.4  488.4
   50.0  20670  -63.3  -96.3      0   0.00    135     13  493.9  493.9  493.9
   47.0  21051  -63.3  -96.3      0   0.00    135     10  502.7  502.7  502.7
   45.0  21318  -63.3  -96.3      0   0.00    115      9  509.0  509.0  509.0
   43.0  21598  -63.3  -96.3      0   0.00    185      8  515.6  515.6  515.6
   42.1  21728  -63.3  -96.3      0   0.00    209      9  518.8  518.8  518.8
   41.0  21892  -62.5  -95.7      0   0.00    240     11  524.7  524.7  524.7
   39.0  22202  -60.9  -94.6      0   0.00    225      3  536.2  536.2  536.2
   37.7  22413  -59.9  -93.9      0   0.00    241      6  544.1  544.1  544.1
   37.0  22530  -60.2  -93.9      1   0.00    250      7  546.1  546.1  546.1
   35.7  22753  -60.9  -93.9      1   0.00    234      7  550.0  550.0  550.0
   35.0  22878  -60.2  -93.5      1   0.00    225      7  554.9  554.9  554.9
   34.0  23060  -59.3  -92.8      1   0.00    140      8  562.0  562.0  562.0
   32.0  23443  -57.2  -91.5      1   0.00    265      8  577.2  577.3  577.2
   31.0  23643  -56.2  -90.8      1   0.00    210     17  585.4  585.4  585.4
   30.0  23850  -55.1  -90.1      1   0.00    165      7  593.8  593.9  593.8
   29.0  24068  -53.2  -88.9      1   0.01    325      3  604.7  604.8  604.7
   28.4  24202  -52.1  -88.1      1   0.01    304      9  611.5  611.6  611.5
   28.0  24294  -52.2  -88.2      1   0.01    290     13  613.6  613.7  613.6
   23.0  25560  -53.9  -89.1      1   0.01    240     17  644.1  644.2  644.1
   22.0  25847  -54.3  -89.3      1   0.01    210     20  651.2  651.3  651.2
   21.0  26146  -53.4  -88.9      1   0.01    260     10  662.6  662.7  662.6
   20.0  26460  -52.5  -88.5      1   0.01    290      3  674.7  674.8  674.7
   19.0  26793  -50.7  -86.7      1   0.01     30      3  690.3  690.5  690.4
   18.8  26862  -50.3  -86.3      1   0.01     27      4  693.6  693.7  693.6
   18.0  27148  -49.9  -86.0      1   0.01     15     10  703.4  703.6  703.4
   17.0  27524  -49.5  -85.7      1   0.02    310     13  716.6  716.7  716.6
   16.0  27923  -48.9  -85.3      1   0.02    355     13  730.7  730.9  730.8
   15.0  28348  -48.4  -84.9      1   0.02    315     15  746.1  746.4  746.2
   14.0  28802  -47.8  -84.4      1   0.02    335      9  763.0  763.2  763.0
   13.0  29290  -47.2  -84.0      1   0.03    315     13  781.5  781.8  781.5
   12.0  29817  -46.5  -83.5      1   0.03    305     11  801.9  802.3  801.9
   11.7  29983  -46.3  -83.3      1   0.03                808.5  808.9  808.5
</PRE><H3>Station information and sounding indices</H3><PRE>
                         Station identifier: WIII
                             Station number: 96749
                           Observation time: 221104/0000
                           Station latitude: -6.11
                          Station longitude: 106.65
                          Station elevation: 8.0
                            Showalter index: 0.82
                               Lifted index: -0.93
    LIFT computed using virtual temperature: -1.44
                                SWEAT index: 218.01
                                    K index: 33.50
                         Cross totals index: 19.90
                      Vertical totals index: 22.50
                        Totals totals index: 42.40
      Convective Available Potential Energy: 173.20
             CAPE using virtual temperature: 273.27
                      Convective Inhibition: -85.77
             CINS using virtual temperature: -56.70
                           Equilibrum Level: 285.56
 Equilibrum Level using virtual temperature: 278.34
                   Level of Free Convection: 726.59
             LFCT using virtual temperature: 843.08
                     Bulk Richardson Number: 5.94
          Bulk Richardson Number using CAPV: 9.38
  Temp [K] of the Lifted Condensation Level: 292.78
Pres [hPa] of the Lifted Condensation Level: 914.32
   Equivalent potential temp [K] of the LCL: 347.45
     Mean mixed layer potential temperature: 300.39
              Mean mixed layer mixing ratio: 16.05
              1000 hPa to 500 hPa thickness: 5781.00
Precipitable water [mm] for entire sounding: 53.54
</PRE>
<P>Description of the 
<A HREF="/upperair/columns.html">data columns</A>
or <A HREF="/upperair/indices.html">sounding indices</A>.

<P>
<FORM>
<INPUT CLASS="button" TYPE="button" VALUE=" Close this window " 
 onClick="window.close();">
<INPUT CLASS="button" TYPE="button" VALUE=" Select another map " 
 onClick="window.blur();">
</FORM>
<HR SIZE="1">
<I>Interested in graduate studies in atmospheric science?
Check out our program at the
<a href="http://www.uwyo.edu/atsc/howtoapply/"
target=_top>University of Wyoming
</a></I>
<HR SIZE="1"><FONT SIZE="-1">
Questions about the weather data provided by this site can be
addressed to <A HREF="mailto:ldoolman@uwyo.edu">
Larry Oolman (ldoolman@uwyo.edu)</A></FONT>
<HR SIZE="1">
<SCRIPT TYPE="text/javascript">
<!--
window.focus();
// -->
</SCRIPT>
</BODY>
</HTML>
