2018-04-11 12
<HTML>
<TITLE>University of Wyoming - Radiosonde Data</TITLE>
<BODY BGCOLOR="white">
<H2>96749 WIII Jakarta Observations at 00Z 11 Apr 2018</H2>
<PRE>
-----------------------------------------------------------------------------
   PRES   HGHT   TEMP   DWPT   RELH   MIXR   DRCT   SKNT   THTA   THTE   THTV
    hPa     m      C      C      %    g/kg    deg   knot     K      K      K 
-----------------------------------------------------------------------------
 1008.0      8   24.4   22.6     90  17.47    190      4  296.9  347.5  300.0
 1007.0     16   25.4   23.1     87  18.04    183      4  298.0  350.5  301.2
 1000.0     75   26.0   23.1     84  18.17    130      5  299.1  352.4  302.4
  998.0     93   26.2   23.0     83  18.09    127      5  299.5  352.6  302.8
  975.0    298   25.0   21.6     82  17.03     90     11  300.4  350.5  303.4
  925.0    761   22.4   18.6     79  14.80    100     14  302.2  346.1  304.9
  922.0    789   22.4   18.5     79  14.76    100     14  302.5  346.4  305.2
  899.0   1009   22.4   17.4     73  14.11    102     13  304.7  347.0  307.3
  850.0   1493   18.4   15.1     81  12.86    105     12  305.4  344.1  307.8
  843.0   1564   17.8   14.9     83  12.80    106     12  305.5  344.1  307.9
  798.0   2035   16.4   11.4     72  10.72    114     12  308.8  341.7  310.8
  787.0   2154   16.4    7.4     55   8.27    116     12  310.1  335.8  311.6
  765.0   2396   15.2    4.5     49   6.96    120     12  311.3  333.2  312.6
  761.0   2441   15.0    4.0     48   6.74    119     12  311.5  332.8  312.8
  743.0   2644   13.2    8.2     72   9.27    114     11  311.7  340.6  313.4
  724.0   2862   13.0    3.0     51   6.60    108     10  313.8  334.8  315.1
  712.0   3003   12.0    3.5     56   6.96    105      9  314.2  336.3  315.5
  700.0   3146   11.0    4.0     62   7.33    115      8  314.6  337.9  316.0
  663.0   3594    8.4    1.9     63   6.65    120      4  316.7  338.1  318.0
  616.0   4201    5.0   -1.0     65   5.81     55      6  319.4  338.4  320.6
  594.0   4495    3.2   -3.5     61   4.99     45      3  320.7  337.2  321.7
  572.0   4800    1.3   -6.2     58   4.24      5      2  322.0  336.2  322.8
  557.0   5014    0.0   -8.0     55   3.78    354      3  322.9  335.6  323.6
  551.0   5100   -0.5   -8.4     55   3.70    350      3  323.2  335.7  324.0
  531.0   5394   -2.3   -9.8     56   3.43     40      7  324.5  336.2  325.2
  511.0   5698   -4.2  -11.3     58   3.17     45     10  325.8  336.7  326.4
  506.0   5776   -4.7  -11.7     58   3.10     40     10  326.1  336.8  326.7
  500.0   5870   -4.9  -14.9     45   2.42     35     10  327.0  335.5  327.5
  489.0   6045   -5.7  -15.7     45   2.31     27      9  328.1  336.3  328.6
  473.0   6304   -7.5  -18.7     40   1.85     15      8  329.0  335.7  329.4
  464.0   6454   -8.5  -20.5     37   1.62     19      7  329.6  335.4  329.9
  461.0   6504   -8.7  -22.7     31   1.35     21      7  329.9  334.9  330.2
  460.0   6521   -8.9  -17.9     48   2.05     21      7  329.9  337.2  330.3
  459.0   6538   -9.1  -23.1     31   1.31     21      6  329.9  334.6  330.1
  448.0   6725   -9.9  -25.9     26   1.04     27      5  331.1  335.0  331.3
  445.0   6777  -10.3  -22.3     37   1.45     28      5  331.3  336.6  331.6
  438.0   6899  -10.9  -26.9     26   0.97     32      4  332.0  335.7  332.2
  421.0   7200  -13.0  -25.1     36   1.19     40      2  333.1  337.6  333.4
  405.0   7495  -15.0  -23.3     49   1.46     15      1  334.2  339.6  334.5
  400.0   7590  -15.7  -22.7     55   1.55      0      1  334.5  340.2  334.8
  394.0   7704  -16.5  -20.8     69   1.86    290      3  334.9  341.7  335.3
  389.0   7799  -17.1  -21.9     66   1.72    230      5  335.4  341.7  335.7
  374.0   8091  -18.9  -25.1     58   1.34    235      5  336.7  341.8  337.0
  359.0   8395  -20.8  -28.5     50   1.02    280      3  338.2  342.1  338.4
  346.0   8670  -22.5  -31.5     44   0.80    279      4  339.4  342.6  339.6
  317.0   9302  -27.5  -37.1     40   0.50    275      7  341.1  343.1  341.1
  300.0   9700  -30.7  -40.7     37   0.37    295     10  342.0  343.5  342.1
  292.0   9888  -32.2  -42.3     36   0.32    310      9  342.6  343.9  342.6
  268.0  10486  -36.8  -47.4     32   0.20    315      8  344.3  345.2  344.4
  252.0  10916  -40.1  -51.1     30   0.14    328      6  345.5  346.1  345.6
  250.0  10970  -40.5                         330      6  345.7         345.7
  235.0  11380  -43.9                         345      6  346.8         346.8
  224.0  11698  -46.5                           5      6  347.5         347.5
  200.0  12450  -52.7                          25      9  349.1         349.1
  195.0  12607  -54.1                          35      7  349.4         349.4
  186.0  12899  -56.7                          65      5  349.9         349.9
  169.0  13492  -62.1                          30      7  350.8         350.8
  153.0  14107  -67.6                           0      9  351.4         351.4
  150.0  14230  -68.7                         355      9  351.6         351.6
  146.0  14391  -70.3                         355     12  351.6         351.6
  140.0  14640  -72.7                          12     12  351.5         351.5
  139.0  14681  -73.0                          15     12  351.8         351.8
  125.0  15293  -77.1                           0     17  355.1         355.1
  113.0  15874  -81.1                          32     22  358.1         358.1
  109.0  16077  -82.5                          44     24  359.1         359.1
  107.0  16181  -82.4                          50     25  361.3         361.3
  100.0  16560  -81.9                          45     38  369.2         369.2
   91.4  17069  -80.2                          45     36  382.1         382.1
   82.1  17678  -78.2                          85     11  398.1         398.1
   77.8  17983  -77.2                          50      7  406.4         406.4
   73.7  18288  -76.2                         320      4  414.8         414.8
   70.0  18580  -75.3                         275     14  423.0         423.0
   69.8  18593  -75.3                         285      6  423.3         423.3
   66.3  18898  -74.2                         275     15  432.0         432.0
   59.8  19507  -72.1                         190      5  449.7         449.7
   56.7  19812  -71.0                         305     13  458.8         458.8
   53.8  20117  -70.0                         280     19  468.1         468.1
   51.1  20422  -68.9                         275     12  477.6         477.6
   50.0  20550  -68.5                          35      3  481.6         481.6
   48.6  20726  -67.7                           0      1  487.4         487.4
   46.2  21031  -66.4                         355      3  497.6         497.6
   44.0  21336  -65.0                         100      4  508.0         508.0
   37.9  22250  -61.0                          75     26  540.3         540.3
   36.1  22555  -59.7                          90     36  551.5         551.5
   30.0  23690  -54.7                          85     45  594.9         594.9
   28.2  24079  -54.5                          90     45  605.9         605.9
   23.3  25298  -54.0                         100     56  641.7         641.7
   20.0  26270  -53.5                          90     65  671.7         671.7
   16.3                                        80     65                     
</PRE><H3>Station information and sounding indices</H3><PRE>
                         Station identifier: WIII
                             Station number: 96749
                           Observation time: 180411/0000
                           Station latitude: -6.11
                          Station longitude: 106.65
                          Station elevation: 8.0
                            Showalter index: 0.34
                               Lifted index: -2.04
    LIFT computed using virtual temperature: -2.67
                                SWEAT index: 215.21
                                    K index: 31.40
                         Cross totals index: 20.00
                      Vertical totals index: 23.30
                        Totals totals index: 43.30
      Convective Available Potential Energy: 649.29
             CAPE using virtual temperature: 769.44
                      Convective Inhibition: -106.83
             CINS using virtual temperature: -45.44
                           Equilibrum Level: 181.70
 Equilibrum Level using virtual temperature: 181.37
                   Level of Free Convection: 671.45
             LFCT using virtual temperature: 844.78
                     Bulk Richardson Number: 11233.33
          Bulk Richardson Number using CAPV: 13312.11
  Temp [K] of the Lifted Condensation Level: 294.26
Pres [hPa] of the Lifted Condensation Level: 934.41
   Equivalent potential temp [K] of the LCL: 350.55
     Mean mixed layer potential temperature: 300.04
              Mean mixed layer mixing ratio: 17.22
              1000 hPa to 500 hPa thickness: 5795.00
Precipitable water [mm] for entire sounding: 51.87
</PRE>
<P>Description of the 
<A HREF="/upperair/columns.html">data columns</A>
or <A HREF="/upperair/indices.html">sounding indices</A>.

<P>
<FORM>
<INPUT CLASS="button" TYPE="button" VALUE=" Close this window " 
 onClick="window.close();">
<INPUT CLASS="button" TYPE="button" VALUE=" Select another map " 
 onClick="window.blur();">
</FORM>
<HR SIZE="1">
<I>Interested in graduate studies in atmospheric science?
Check out our program at the
<a href="http://www.uwyo.edu/atsc/howtoapply/"
target=_top>University of Wyoming
</a></I>
<HR SIZE="1"><FONT SIZE="-1">
Questions about the weather data provided by this site can be
addressed to <A HREF="mailto:ldoolman@uwyo.edu">
Larry Oolman (ldoolman@uwyo.edu)</A></FONT>
<HR SIZE="1">
<SCRIPT TYPE="text/javascript">
<!--
window.focus();
// -->
</SCRIPT>
</BODY>
</HTML>
