2018-06-01 00
<HTML>
<TITLE>University of Wyoming - Radiosonde Data</TITLE>
<BODY BGCOLOR="white">
<H2>96749 WIII Jakarta Observations at 00Z 01 Jun 2018</H2>
<PRE>
-----------------------------------------------------------------------------
   PRES   HGHT   TEMP   DWPT   RELH   MIXR   DRCT   SKNT   THTA   THTE   THTV
    hPa     m      C      C      %    g/kg    deg   knot     K      K      K 
-----------------------------------------------------------------------------
 1010.0      8   24.0   21.3     85  16.07    210      4  296.3  342.8  299.1
 1000.0     98   24.6   20.7     79  15.63    205      8  297.8  343.2  300.5
  986.0    221   25.0   21.4     80  16.57    196      6  299.4  347.9  302.3
  977.0    302   24.5   21.4     83  16.76    190      5  299.6  348.8  302.6
  957.0    482   23.4   21.5     89  17.19    223      6  300.3  350.9  303.4
  944.0    601   23.0   19.1     78  14.92    245      6  301.1  345.1  303.8
  925.0    778   22.4   15.4     65  12.03    250     10  302.2  338.0  304.4
  920.0    826   22.8   13.8     57  10.89    251     10  303.1  335.7  305.1
  900.0   1018   21.8   10.8     50   9.11    253     12  304.0  331.5  305.6
  877.0   1243   19.6   14.9     74  12.29    256     13  303.9  340.8  306.2
  851.0   1504   18.1   13.4     74  11.45    260     15  304.9  339.4  307.1
  850.0   1514   18.0   13.3     74  11.42    260     15  305.0  339.4  307.1
  829.0   1728   17.0   12.0     72  10.74    249     14  306.1  338.7  308.1
  796.0   2075   16.6    1.6     36   5.43    232     13  309.3  326.4  310.3
  752.0   2557   14.2   -3.8     29   3.86    207     11  311.7  324.2  312.5
  739.0   2703   13.1    0.1     41   5.24    200     11  312.0  328.7  313.0
  734.0   2761   12.6    1.6     47   5.89    199     10  312.1  330.8  313.3
  713.0   3003   11.1   -0.5     45   5.21    195      7  313.1  329.8  314.1
  700.0   3157   10.2   -1.8     43   4.81    185      4  313.8  329.3  314.7
  678.0   3422    8.6   -3.4     43   4.41    146      5  314.8  329.2  315.7
  664.0   3594    7.8   -6.1     37   3.68    120      5  315.9  328.0  316.6
  642.0   3872    6.6  -10.4     29   2.71    118      7  317.5  326.6  318.0
  617.0   4196    4.7   -9.8     34   2.96    115      9  318.9  328.9  319.5
  594.0   4506    2.9   -9.2     41   3.22     85      9  320.3  331.2  320.9
  593.0   4519    2.8   -9.2     41   3.23     86      9  320.4  331.3  321.0
  582.0   4671    2.0   -8.0     48   3.61     94      8  321.2  333.3  321.9
  573.0   4796    1.4  -10.7     40   2.96    100      8  321.9  331.9  322.4
  565.0   4910    0.8  -13.2     34   2.46     99      8  322.5  331.0  323.0
  555.0   5053    0.0  -16.0     29   1.99     98      8  323.2  330.1  323.6
  535.0   5346   -2.5  -16.5     33   1.98     95      8  323.6  330.5  324.0
  531.0   5405   -2.9  -14.0     42   2.44     95      8  323.8  332.3  324.3
  524.0   5511   -3.7   -9.7     63   3.51    124      7  324.1  336.1  324.8
  512.0   5693   -4.7  -11.7     58   3.07    175      5  325.1  335.6  325.6
  500.0   5880   -5.7  -13.7     53   2.67    205      5  326.0  335.3  326.6
  488.0   6070   -5.7  -19.7     32   1.65    238      4  328.3  334.2  328.6
  472.0   6329   -6.7  -26.7     19   0.92    283      3  330.2  333.6  330.4
  463.0   6479   -7.5  -27.5     18   0.87    309      3  331.0  334.3  331.2
  456.0   6597   -8.3  -21.3     34   1.54    330      2  331.5  337.1  331.8
  454.0   6631   -8.3  -20.3     37   1.69    333      2  331.9  338.0  332.2
  449.0   6716   -8.3  -29.3     17   0.76    342      2  332.9  335.8  333.1
  439.0   6890   -9.0  -31.3     15   0.64      0      1  334.2  336.7  334.4
  434.0   6978   -9.3  -32.3     14   0.59    353      2  334.9  337.2  335.0
  422.0   7193  -11.2  -30.0     20   0.75    335      3  335.2  338.1  335.3
  414.0   7339  -12.5  -28.5     25   0.89    313      3  335.3  338.7  335.5
  406.0   7488  -13.7  -37.7     11   0.37    290      2  335.7  337.1  335.7
  400.0   7600  -14.5  -40.5      9   0.28    270      1  336.1  337.2  336.1
  390.0   7791  -16.1  -41.7      9   0.25    305      2  336.4  337.5  336.5
  375.0   8086  -18.5  -43.5      9   0.22    356      6  337.0  337.9  337.1
  374.0   8106  -18.7  -43.4      9   0.22      0      6  337.1  338.0  337.1
  364.0   8308  -20.3  -42.3     12   0.25     11      7  337.5  338.6  337.5
  363.0   8329  -20.3  -41.3     14   0.28     12      8  337.8  338.9  337.8
  362.0   8349  -20.5  -33.5     30   0.63     13      8  337.8  340.2  337.9
  360.0   8390  -20.9  -33.2     32   0.65     15      8  337.8  340.4  337.9
  350.0   8598  -22.7  -31.7     44   0.77     21      8  338.1  341.1  338.2
  348.0   8640  -22.9  -29.9     53   0.92     22      9  338.3  341.9  338.5
  342.0   8768  -23.1  -36.1     29   0.51     26      9  339.8  341.8  339.9
  315.0   9368  -26.3  -54.3      5   0.08     44     10  343.4  343.7  343.4
  300.0   9720  -28.7  -50.7     10   0.12     55     11  344.8  345.4  344.8
  293.0   9888  -30.2  -49.2     14   0.15     55     10  344.9  345.6  345.0
  284.0  10110  -32.3  -47.3     21   0.19     53      9  345.1  345.9  345.1
  269.0  10489  -35.0  -53.4     14   0.10     50      8  346.5  347.0  346.6
  257.0  10807  -37.3  -58.6      9   0.05     30     12  347.7  347.9  347.7
  250.0  11000  -38.7  -61.7      7   0.04     35     12  348.4  348.6  348.4
  245.0  11138  -39.9  -61.9      8   0.04     35     13  348.6  348.8  348.6
  200.0  12490  -51.1                          30     28  351.7         351.7
  171.0  13479  -60.3                          35     32  352.5         352.5
  161.0  13860  -63.9                          37     27  352.6         352.6
  150.0  14290  -67.5                          40     22  353.6         353.6
  133.0  14999  -73.6                          40     19  355.2         355.2
  127.0  15271  -75.9                          53     15  355.7         355.7
  120.0  15593  -78.3                          70     10  357.1         357.1
  113.0  15936  -80.9                          68     12  358.4         358.4
  102.0  16509  -82.2                          65     15  366.5         366.5
  100.0  16620  -82.5                          55     16  368.1         368.1
   92.0  17083  -85.0                          25     21  372.0         372.0
   89.4  17242  -85.9                          30     21  373.3         373.3
   87.0  17393  -84.0                          45     14  380.0         380.0
   83.7  17608  -81.3                         140     13  389.7         389.7
   82.0  17724  -81.7                         190     12  391.3         391.3
   80.9  17800  -81.9                         196     13  392.3         392.3
   78.3  17986  -74.9                         209     16  410.5         410.5
   71.2  18540  -74.3                         249     25  423.1         423.1
   71.0  18557  -74.1                         250     25  423.9         423.9
   70.0  18640  -72.9                         255     24  428.1         428.1
   64.0  19175  -67.5                         295     23  451.1         451.1
   63.0  19269  -66.5                         287     21  455.3         455.3
   58.0  19767  -68.5                         245     11  461.7         461.7
   57.5  19819  -68.7                         234     10  462.4         462.4
   55.0  20087  -67.8                         180      5  470.2         470.2
   52.9  20321  -67.1                         107     13  477.2         477.2
   52.0  20424  -67.7                          75     17  478.3         478.3
   50.0  20660  -68.9                          60     22  480.7         480.7
   48.3  20866  -70.1                          71     25  482.6         482.6
   45.1  21272  -70.3                          94     31  491.7         491.7
   45.0  21285  -70.2                          95     31  492.4         492.4
   42.8  21585  -66.9                          93     34  507.5         507.5
   40.7  21888  -67.5                          91     38  513.3         513.3
   37.2  22437  -60.3                          88     44  545.1         545.1
   33.8  23035  -59.3                          84     51  562.9         562.9
   32.1  23360  -55.7                          83     54  580.9         580.9
   30.0  23790  -55.1                          80     59  593.8         593.8
   29.0  24009  -54.5                          85     58  601.2         601.2
   20.0  26410  -48.3                         100     63  687.6         687.6
   19.9  26443  -48.1                                     689.2         689.2
</PRE><H3>Station information and sounding indices</H3><PRE>
                         Station identifier: WIII
                             Station number: 96749
                           Observation time: 180601/0000
                           Station latitude: -6.11
                          Station longitude: 106.65
                          Station elevation: 8.0
                            Showalter index: 1.44
                               Lifted index: -1.65
    LIFT computed using virtual temperature: -2.14
                                SWEAT index: 194.58
                                    K index: 25.00
                         Cross totals index: 19.00
                      Vertical totals index: 23.70
                        Totals totals index: 42.70
      Convective Available Potential Energy: 96.91
             CAPE using virtual temperature: 211.59
                      Convective Inhibition: -153.08
             CINS using virtual temperature: -66.92
                           Equilibrum Level: 331.58
 Equilibrum Level using virtual temperature: 328.10
                   Level of Free Convection: 621.82
             LFCT using virtual temperature: 729.91
                     Bulk Richardson Number: 846.18
          Bulk Richardson Number using CAPV: 1847.46
  Temp [K] of the Lifted Condensation Level: 293.67
Pres [hPa] of the Lifted Condensation Level: 938.84
   Equivalent potential temp [K] of the LCL: 347.24
     Mean mixed layer potential temperature: 299.03
              Mean mixed layer mixing ratio: 16.50
              1000 hPa to 500 hPa thickness: 5782.00
Precipitable water [mm] for entire sounding: 39.82
</PRE>
<P>Description of the 
<A HREF="/upperair/columns.html">data columns</A>
or <A HREF="/upperair/indices.html">sounding indices</A>.

<P>
<FORM>
<INPUT CLASS="button" TYPE="button" VALUE=" Close this window " 
 onClick="window.close();">
<INPUT CLASS="button" TYPE="button" VALUE=" Select another map " 
 onClick="window.blur();">
</FORM>
<HR SIZE="1">
<I>Interested in graduate studies in atmospheric science?
Check out our program at the
<a href="http://www.uwyo.edu/atsc/howtoapply/"
target=_top>University of Wyoming
</a></I>
<HR SIZE="1"><FONT SIZE="-1">
Questions about the weather data provided by this site can be
addressed to <A HREF="mailto:ldoolman@uwyo.edu">
Larry Oolman (ldoolman@uwyo.edu)</A></FONT>
<HR SIZE="1">
<SCRIPT TYPE="text/javascript">
<!--
window.focus();
// -->
</SCRIPT>
</BODY>
</HTML>
