2019-05-23 12
<HTML>
<TITLE>University of Wyoming - Radiosonde Data</TITLE>
<BODY BGCOLOR="white">
<H2>96749 WIII Jakarta Observations at 00Z 23 May 2019</H2>
<PRE>
-----------------------------------------------------------------------------
   PRES   HGHT   TEMP   DWPT   RELH   MIXR   DRCT   SKNT   THTA   THTE   THTV
    hPa     m      C      C      %    g/kg    deg   knot     K      K      K 
-----------------------------------------------------------------------------
 1011.0      8   24.4   22.6     90  17.41    210      3  296.6  347.1  299.7
 1010.0     17   25.4   21.9     81  16.68    206      3  297.7  346.3  300.7
 1004.0     70   26.4   22.7     80  17.65    185      4  299.2  350.9  302.4
 1000.0    106   26.4   22.5     79  17.50    170      4  299.6  350.9  302.7
  978.0    301   25.3   21.2     78  16.46    110      8  300.3  348.8  303.3
  925.0    790   22.4   17.8     75  14.06    100     13  302.2  344.0  304.8
  893.0   1096   20.4   16.0     76  12.97    100     15  303.2  341.9  305.6
  864.0   1381   19.6    8.6     49   8.18    100     17  305.2  330.1  306.7
  853.0   1492   18.8   10.2     57   9.22    100     18  305.5  333.6  307.2
  850.0   1522   18.6   10.6     60   9.53    105     19  305.6  334.5  307.4
  828.0   1747   16.8   12.1     74  10.82    118     17  306.0  338.8  308.0
  789.0   2159   14.6   10.9     78  10.48    141     13  307.9  339.9  309.9
  767.0   2398   13.3    8.8     74   9.38    155     11  309.0  337.9  310.8
  758.0   2498   12.8    8.0     73   8.96    145     10  309.5  337.2  311.2
  747.0   2621   12.4    5.4     62   7.58    133      9  310.4  334.0  311.8
  744.0   2655   12.4    2.4     50   6.15    130      8  310.7  330.1  311.9
  741.0   2689   12.8   -3.2     33   4.10    126      8  311.5  324.7  312.3
  740.0   2700   12.8   -4.4     30   3.75    125      8  311.6  323.8  312.4
  736.0   2746   12.8   -9.2     21   2.60    125      8  312.1  320.7  312.6
  718.0   2953   10.2    3.2     62   6.75    125      7  311.5  332.7  312.8
  716.0   2977   10.0    5.0     71   7.70    125      7  311.5  335.6  312.9
  714.0   3000    9.9    3.9     66   7.16    125      7  311.7  334.2  313.0
  710.0   3047    9.8    1.8     57   6.18    115      8  312.0  331.6  313.2
  702.0   3141   10.6   -7.4     28   3.14     95     10  313.9  324.3  314.5
  700.0   3165   10.6   -9.4     24   2.69     90     10  314.2  323.1  314.7
  689.0   3296   10.2  -12.4     19   2.15     80     11  315.1  322.4  315.5
  646.0   3829    8.4  -24.6      8   0.81     76      8  319.0  321.9  319.1
  640.0   3905    7.9  -25.1      8   0.78     75      7  319.3  322.2  319.4
  617.0   4202    6.0  -26.9      7   0.69     55      8  320.5  323.0  320.6
  595.0   4497    4.2  -28.8      7   0.60     95      8  321.7  323.9  321.8
  553.0   5091    0.5  -32.5      6   0.45    100     17  324.1  325.8  324.2
  548.0   5165    0.0  -33.0      6   0.44    105     17  324.4  326.0  324.4
  512.0   5702   -4.1  -35.6      7   0.36    140     17  325.8  327.2  325.9
  500.0   5890   -5.5  -36.5      7   0.34    135     15  326.3  327.6  326.3
  439.0   6893  -11.3  -40.6      7   0.25     85     25  331.2  332.3  331.3
  400.0   7610  -15.5  -43.5      7   0.20     90     20  334.8  335.6  334.8
  375.0   8089  -19.5  -43.2     10   0.23     95     21  335.7  336.6  335.7
  360.0   8393  -22.0  -43.0     13   0.24     80     19  336.2  337.2  336.3
  355.0   8496  -22.9  -42.9     14   0.25     85     19  336.4  337.4  336.5
  345.0   8703  -24.2  -44.2     14   0.22     95     18  337.5  338.4  337.5
  314.0   9385  -28.3  -48.3     13   0.15     64     16  340.9  341.6  340.9
  305.0   9592  -29.8  -46.0     19   0.20     55     16  341.6  342.5  341.6
  300.0   9710  -30.7  -44.7     24   0.24     55     14  342.0  343.0  342.0
  280.0  10195  -34.3  -47.6     25   0.19     55     17  343.6  344.4  343.6
  251.0  10963  -40.1  -52.1     27   0.12     36     14  345.9  346.5  345.9
  250.0  10990  -40.3                          35     14  346.0         346.0
  225.0  11684  -46.3                           0     11  347.3         347.3
  215.0  11984  -49.0                          20      9  347.8         347.8
  205.0  12297  -51.7                           5      3  348.3         348.3
  200.0  12460  -53.1                         280      2  348.5         348.5
  196.0  12586  -54.1                         260      2  348.9         348.9
  178.0  13189  -59.1                         255      9  350.5         350.5
  162.0  13778  -63.9                         300      9  351.9         351.9
  150.0  14260  -67.9                         295      9  352.9         352.9
  146.0  14420  -69.3                         300      8  353.2         353.2
  139.0  14701  -71.1                         340     10  355.0         355.0
  126.0  15261  -74.8                         345     12  358.6         358.6
  113.0  15883  -78.8                         285      6  362.4         362.4
  107.0  16194  -80.8                         215      3  364.3         364.3
  102.0  16467  -82.6                          15      6  365.9         365.9
  100.0  16580  -83.3                          15      9  366.5         366.5
   94.5  16894  -85.7                          40     17  367.8         367.8
   90.5  17132  -85.7                          45     23  372.4         372.4
   86.0  17420  -77.8                          50     30  393.9         393.9
   85.2  17473  -76.3                          65     27  397.9         397.9
   82.0  17697  -74.8                         125     16  405.2         405.2
   78.0  17990  -72.9                         150      6  415.0         415.0
   75.1  18212  -71.5                         200     16  422.5         422.5
   74.0  18299  -71.2                         220     20  425.0         425.0
   70.0  18630  -69.9                         235     31  434.5         434.5
   69.5  18673  -69.9                         236     31  435.4         435.4
   64.0  19160  -72.1                         245     33  441.0         441.0
   62.5  19301  -72.7                         245     31  442.6         442.6
   57.9  19753  -69.3                         245     26  460.1         460.1
   55.0  20060  -69.4                         245     22  466.7         466.7
   51.6  20441  -69.5                         252     23  475.0         475.0
   50.0  20630  -67.3                         255     23  484.5         484.5
   47.0  21005  -66.0                         260     23  496.3         496.3
   43.0  21544  -64.0                         250     20  513.8         513.8
   41.0  21833  -63.0                         285     18  523.4         523.4
   40.8  21862  -62.9                         286     19  524.4         524.4
   39.0  22138  -63.6                         300     25  529.4         529.4
   37.0  22459  -64.5                         295     21  535.2         535.2
   34.3  22921  -63.1                         288     16  550.6         550.6
   33.0  23161  -59.5                         285     13  566.1         566.1
   32.0  23352  -56.7                         305     16  578.7         578.7
   30.0  23760  -55.5                         285     19  592.7         592.7
   28.0  24199  -56.1                         280     18  603.0         603.0
   26.6  24525  -56.5                         291     19  610.6         610.6
   25.0  24924  -55.1                         305     21  625.4         625.4
   23.0  25461  -53.3                         280     15  645.8         645.8
   21.0  26046  -51.4                         240     20  668.8         668.8
   20.0  26360  -50.3                         250     22  681.5         681.5
   19.6  26492  -49.9                         256     23  686.6         686.6
   19.0  26694  -50.2                         265     25  691.9         691.9
   17.0  27417  -51.1                         265     21  711.3         711.3
   15.1  28188  -52.1                         274     12  732.5         732.5
   15.0                                       275     12                     
</PRE><H3>Station information and sounding indices</H3><PRE>
                         Station identifier: WIII
                             Station number: 96749
                           Observation time: 190523/0000
                           Station latitude: -6.11
                          Station longitude: 106.65
                          Station elevation: 8.0
                            Showalter index: 3.73
                               Lifted index: -1.99
    LIFT computed using virtual temperature: -2.91
                                SWEAT index: 180.19
                                    K index: 14.70
                         Cross totals index: 16.10
                      Vertical totals index: 24.10
                        Totals totals index: 40.20
      Convective Available Potential Energy: 421.52
             CAPE using virtual temperature: 609.31
                      Convective Inhibition: -63.16
             CINS using virtual temperature: -33.58
                           Equilibrum Level: 215.00
 Equilibrum Level using virtual temperature: 214.98
                   Level of Free Convection: 789.12
             LFCT using virtual temperature: 835.47
                     Bulk Richardson Number: 114.04
          Bulk Richardson Number using CAPV: 164.85
  Temp [K] of the Lifted Condensation Level: 293.57
Pres [hPa] of the Lifted Condensation Level: 927.13
   Equivalent potential temp [K] of the LCL: 348.72
     Mean mixed layer potential temperature: 300.00
              Mean mixed layer mixing ratio: 16.61
              1000 hPa to 500 hPa thickness: 5784.00
Precipitable water [mm] for entire sounding: 38.02
</PRE>
<P>Description of the 
<A HREF="/upperair/columns.html">data columns</A>
or <A HREF="/upperair/indices.html">sounding indices</A>.

<P>
<FORM>
<INPUT CLASS="button" TYPE="button" VALUE=" Close this window " 
 onClick="window.close();">
<INPUT CLASS="button" TYPE="button" VALUE=" Select another map " 
 onClick="window.blur();">
</FORM>
<HR SIZE="1">
<I>Interested in graduate studies in atmospheric science?
Check out our program at the
<a href="http://www.uwyo.edu/atsc/howtoapply/"
target=_top>University of Wyoming
</a></I>
<HR SIZE="1"><FONT SIZE="-1">
Questions about the weather data provided by this site can be
addressed to <A HREF="mailto:ldoolman@uwyo.edu">
Larry Oolman (ldoolman@uwyo.edu)</A></FONT>
<HR SIZE="1">
<SCRIPT TYPE="text/javascript">
<!--
window.focus();
// -->
</SCRIPT>
</BODY>
</HTML>
