2016-01-04 00
<HTML>
<TITLE>University of Wyoming - Radiosonde Data</TITLE>
<BODY BGCOLOR="white">
<H2>96749 WIII Jakarta Observations at 00Z 04 Jan 2016</H2>
<PRE>
-----------------------------------------------------------------------------
   PRES   HGHT   TEMP   DWPT   RELH   MIXR   DRCT   SKNT   THTA   THTE   THTV
    hPa     m      C      C      %    g/kg    deg   knot     K      K      K 
-----------------------------------------------------------------------------
 1012.0      8   25.8   24.8     94  19.94    100      2  297.9  356.1  301.5
 1008.0     42   27.2   24.3     84  19.41     92      2  299.7  356.7  303.1
 1000.0    112   26.8   24.1     85  19.33     75      2  299.9  356.8  303.4
  979.0    300   26.0   22.3     80  17.66     25      2  301.0  353.2  304.2
  946.0    603   24.8   19.4     72  15.22    310      2  302.7  348.0  305.5
  935.0    707   24.4   18.4     69  14.46      2      2  303.3  346.4  305.9
  925.0    801   23.4   20.0     81  16.19     50      2  303.2  351.5  306.2
  914.0    905   22.7   19.4     82  15.78    100      2  303.6  350.7  306.4
  883.0   1204   20.8   17.7     83  14.64    100      4  304.6  348.4  307.2
  853.0   1504   18.8   16.0     84  13.57     70      8  305.5  346.4  308.0
  850.0   1535   18.6   15.8     84  13.46     75      8  305.6  346.2  308.1
  815.0   1896   16.2   14.7     91  13.07     88      7  306.8  346.4  309.2
  796.0   2095   15.1   13.5     91  12.40     95      6  307.6  345.3  309.9
  741.0   2698   11.7   10.0     90  10.52     80      8  310.3  342.7  312.2
  715.0   3000    9.9    8.2     89   9.66     55      6  311.6  341.6  313.4
  710.0   3059    9.6    7.9     89   9.50     57      6  311.8  341.4  313.6
  700.0   3177   10.4    6.0     74   8.45     60      6  314.0  340.6  315.6
  674.0   3492    8.6    2.6     66   6.89     67     12  315.4  337.4  316.7
  665.0   3601    7.9    2.2     67   6.78     70     14  315.8  337.5  317.1
  641.0   3901    6.0    1.1     71   6.49     55     10  317.0  337.9  318.2
  618.0   4199    4.1   -0.1     74   6.20     80      8  318.1  338.2  319.3
  596.0   4495    2.2   -1.2     78   5.92     75      6  319.2  338.6  320.4
  574.0   4801    0.3   -2.3     83   5.65     50      6  320.4  338.9  321.5
  571.0   4844    0.0   -2.5     83   5.61     50      6  320.6  339.0  321.7
  561.0   4986   -1.1   -2.2     92   5.84     52      7  320.9  340.1  322.0
  547.0   5188   -0.7  -11.7     43   2.87     53      9  323.7  333.6  324.3
  533.0   5394   -1.8  -11.9     46   2.90     55     10  324.7  334.7  325.3
  518.0   5621   -3.1  -12.1     50   2.93     24     10  325.9  336.0  326.5
  500.0   5900   -5.7   -9.1     77   3.86    345     10  326.0  339.2  326.8
  478.0   6252   -7.5   -9.1     88   4.04    310      8  328.0  341.9  328.8
  475.0   6301   -7.9   -9.4     89   3.98    305      8  328.1  341.8  328.9
  440.0   6892  -12.7  -12.7    100   3.29    310      2  329.3  340.8  330.0
  430.0   7068  -11.9  -14.7     80   2.86    333      6  332.5  342.6  333.1
  423.0   7194  -12.5  -15.8     76   2.66    350      8  333.3  342.8  333.8
  400.0   7620  -14.5  -19.5     66   2.05    315     10  336.1  343.6  336.5
  391.0   7791  -15.6  -20.9     64   1.87    300      8  336.8  343.6  337.1
  362.0   8371  -19.5  -25.5     59   1.33    353      8  339.1  344.1  339.4
  361.0   8391  -19.7  -25.6     59   1.32    355      8  339.1  344.1  339.4
  347.0   8679  -21.9  -27.7     60   1.14    345      6  339.9  344.3  340.2
  306.0   9596  -29.2  -34.1     62   0.70     40      6  342.2  345.0  342.4
  300.0   9740  -30.3  -35.1     63   0.65     55      6  342.6  345.1  342.7
  293.0   9903  -31.7  -36.2     64   0.60     70      8  342.9  345.3  343.0
  254.0  10893  -40.1  -42.7     76   0.35     43     16  344.7  346.2  344.8
  250.0  11000  -40.9                          40     17  345.1         345.1
  216.0  11970  -49.4                          25     19  346.6         346.6
  200.0  12480  -53.9                          45     17  347.2         347.2
  179.0  13172  -59.2                          70     19  349.8         349.8
  156.0  14031  -65.7                          75     17  352.7         352.7
  154.0  14109  -64.8                          75     17  355.5         355.5
  150.0  14270  -63.1                          40     12  361.2         361.2
  147.0  14389  -64.0                          15      6  361.8         361.8
  140.0  14678  -66.1                         255      2  363.1         363.1
  133.0  14981  -68.3                         210      6  364.6         364.6
  126.0  15301  -70.6                         230      2  366.0         366.0
  120.0  15590  -72.7                         290      6  367.3         367.3
  109.0  16158  -76.9                         295     10  369.7         369.7
  108.0  16211  -76.8                         295     10  370.8         370.8
  105.0  16372  -76.7                          39      6  374.0         374.0
  103.0  16481  -77.2                         110      4  375.2         375.2
  100.0  16650  -77.9                         150      2  377.0         377.0
   98.0  16764  -78.5                         190      2  378.1         378.1
   88.0  17370  -81.4                         260      4  384.1         384.1
   83.0  17700  -82.9                          70      4  387.3         387.3
   80.1  17900  -83.9                          20      6  389.3         389.3
   79.0  17978  -82.5                         350     10  393.7         393.7
   75.0  18272  -77.3                         300     10  410.5         410.5
   71.0  18588  -75.5                         225      8  420.7         420.7
   70.0  18670  -75.1                         260      6  423.4         423.4
   67.0  18927  -72.4                          10      2  434.7         434.7
   64.0  19196  -69.5                         270      4  446.7         446.7
   63.4  19251  -68.9                         275      6  449.2         449.2
   61.0  19479  -69.7                         295     16  452.3         452.3
   55.0  20090  -71.9                         280     27  460.9         460.9
   52.5  20365  -72.9                         260     23  464.8         464.8
   52.0  20421  -73.0                         260     23  465.9         465.9
   50.0  20650  -73.3                         270     17  470.4         470.4
   47.0  21013  -72.6                         300     12  480.4         480.4
   46.6  21063  -72.5                         301     11  481.8         481.8
   45.0  21271  -71.0                         305      6  490.2         490.2
   43.0  21542  -69.1                         140      4  501.4         501.4
   40.8  21855  -66.9                         145      7  514.5         514.5
   39.0  22128  -66.7                         150     10  521.6         521.6
   37.0  22446  -66.5                         110     12  530.0         530.0
   36.8  22479  -66.5                         109     13  530.9         530.9
   33.0  23149  -61.4                          85     23  561.3         561.3
   32.4  23261  -60.5                          70     16  566.5         566.5
   32.0  23339  -60.6                          60     12  568.3         568.3
   30.0  23740  -61.1                          65     14  577.5         577.5
   29.4  23866  -61.3                          64     13  580.3         580.3
   28.4  24083  -57.9                          61     11  595.5         595.5
   28.0  24172  -57.9                          60     10  598.0         598.0
   26.0  24642  -57.6                           5      6  611.4         611.4
   24.0  25148  -57.4                         175     10  626.2         626.2
   23.0  25418  -57.3                         105     10  634.2         634.2
   22.0  25699  -57.1                          65     14  642.8         642.8
   21.6  25815  -57.1                          64     14  646.3         646.3
   20.2  26245  -51.9                          61     14  674.6         674.6
   20.0  26310  -51.9                          60     14  676.6         676.6
   18.0  26992  -51.9                         120     10  697.4         697.4
   17.0  27362  -51.8                          60     10  708.9         708.9
   16.0  27754  -51.8                          60     16  721.4         721.4
   14.0  28619  -51.8                         105     21  749.6         749.6
   12.0  29617  -51.7                          85     35  783.5         783.5
   11.8  29726  -51.7                          85     39  787.4         787.4
   10.0  30810  -46.5                          85     74  844.9         844.9
    9.0  31508  -46.6                          90     82  870.1         870.1
    8.0  32289  -46.8                          90     74  899.2         899.2
    7.5  32717  -46.9                                     915.6         915.6
</PRE><H3>Station information and sounding indices</H3><PRE>
                         Station identifier: WIII
                             Station number: 96749
                           Observation time: 160104/0000
                           Station latitude: -6.11
                          Station longitude: 106.65
                          Station elevation: 8.0
                            Showalter index: -1.24
                               Lifted index: -3.92
    LIFT computed using virtual temperature: -4.40
                                SWEAT index: 215.61
                                    K index: 35.70
                         Cross totals index: 21.50
                      Vertical totals index: 24.30
                        Totals totals index: 45.80
      Convective Available Potential Energy: 1443.78
             CAPE using virtual temperature: 1581.36
                      Convective Inhibition: -45.43
             CINS using virtual temperature: -32.74
                           Equilibrum Level: 155.45
 Equilibrum Level using virtual temperature: 155.41
                   Level of Free Convection: 845.45
             LFCT using virtual temperature: 862.09
                     Bulk Richardson Number: 542.28
          Bulk Richardson Number using CAPV: 593.95
  Temp [K] of the Lifted Condensation Level: 294.97
Pres [hPa] of the Lifted Condensation Level: 934.79
   Equivalent potential temp [K] of the LCL: 353.67
     Mean mixed layer potential temperature: 300.72
              Mean mixed layer mixing ratio: 18.02
              1000 hPa to 500 hPa thickness: 5788.00
Precipitable water [mm] for entire sounding: 60.30
</PRE>
<P>Description of the 
<A HREF="/upperair/columns.html">data columns</A>
or <A HREF="/upperair/indices.html">sounding indices</A>.

<P>
<FORM>
<INPUT CLASS="button" TYPE="button" VALUE=" Close this window " 
 onClick="window.close();">
<INPUT CLASS="button" TYPE="button" VALUE=" Select another map " 
 onClick="window.blur();">
</FORM>
<HR SIZE="1">
<I>Interested in graduate studies in atmospheric science?
Check out our program at the
<a href="http://www.uwyo.edu/atsc/howtoapply/"
target=_top>University of Wyoming
</a></I>
<HR SIZE="1"><FONT SIZE="-1">
Questions about the weather data provided by this site can be
addressed to <A HREF="mailto:ldoolman@uwyo.edu">
Larry Oolman (ldoolman@uwyo.edu)</A></FONT>
<HR SIZE="1">
<SCRIPT TYPE="text/javascript">
<!--
window.focus();
// -->
</SCRIPT>
</BODY>
</HTML>
