2019-12-12 00
<HTML>
<TITLE>University of Wyoming - Radiosonde Data</TITLE>
<BODY BGCOLOR="white">
<H2>96749 WIII Jakarta Observations at 00Z 12 Dec 2019</H2>
<PRE>
-----------------------------------------------------------------------------
   PRES   HGHT   TEMP   DWPT   RELH   MIXR   DRCT   SKNT   THTA   THTE   THTV
    hPa     m      C      C      %    g/kg    deg   knot     K      K      K 
-----------------------------------------------------------------------------
 1009.0      8   25.0   21.6     81  16.39    170      1  297.4  345.0  300.3
 1000.0     92   25.8   20.8     74  15.73    115      5  298.9  345.0  301.8
  995.0    136   26.4   21.9     76  16.94     97      5  300.0  349.8  303.0
  977.0    298   25.4   21.2     78  16.52     30      4  300.5  349.2  303.5
  944.0    601   23.5   19.9     80  15.74    350      8  301.6  348.2  304.4
  925.0    780   22.4   19.1     82  15.29    350      8  302.2  347.6  305.0
  912.0    903   21.6   18.6     83  15.03      5      8  302.6  347.2  305.3
  860.0   1411   18.0   16.6     92  14.01     69      9  304.0  345.9  306.5
  851.0   1501   17.5   16.1     91  13.68     80      9  304.3  345.3  306.8
  850.0   1511   17.4   16.0     91  13.64     80      9  304.4  345.2  306.9
  740.0   2683   11.8    4.8     62   7.34     91     13  310.6  333.5  311.9
  723.0   2877   10.4    6.0     74   8.17     93     13  311.1  336.6  312.6
  700.0   3145    9.6    1.6     57   6.18     95     14  313.1  332.7  314.2
  691.0   3252    9.0    2.0     62   6.44     96     14  313.6  334.0  314.8
  684.0   3337    9.2   -1.8     46   4.93     97     14  314.7  330.6  315.6
  677.0   3422    8.4    1.4     61   6.29     98     15  314.7  334.9  315.9
  666.0   3557    7.6    0.6     61   6.04    100     15  315.3  334.7  316.5
  663.0   3594    7.6   -1.9     51   5.05    100     15  315.7  332.1  316.7
  654.0   3706    7.6   -9.4     29   2.88     96     14  317.0  326.6  317.5
  639.0   3897    6.6  -11.4     26   2.52     90     12  317.9  326.5  318.4
  633.0   3974    6.0   -8.0     36   3.32     87     11  318.1  329.2  318.8
  616.0   4195    4.7   -9.8     34   2.97     80      9  319.1  329.2  319.7
  601.0   4396    3.6  -11.4     32   2.67     86      6  320.1  329.2  320.6
  593.0   4504    2.6   -7.6     47   3.66     90      5  320.2  332.5  320.9
  586.0   4600    1.8   -4.2     64   4.81     72      5  320.3  336.2  321.2
  572.0   4794    0.8   -7.4     54   3.85     35      4  321.4  334.3  322.1
  561.0   4950    0.0  -10.0     47   3.20     32      4  322.2  333.1  322.8
  531.0   5387   -3.2   -8.9     65   3.71     25      4  323.4  335.9  324.1
  527.0   5447   -3.7   -8.7     68   3.78     31      4  323.6  336.4  324.3
  519.0   5567   -4.7   -8.0     78   4.06     43      5  323.8  337.5  324.6
  514.0   5644   -5.1  -10.1     68   3.47     50      5  324.2  336.0  324.9
  511.0   5689   -5.3   -9.8     70   3.58     55      5  324.5  336.7  325.2
  507.0   5751   -5.5   -9.4     74   3.72     59      4  325.0  337.6  325.7
  504.0   5798   -5.9   -8.6     81   3.99     61      4  325.0  338.6  325.8
  500.0   5860   -5.7  -10.1     71   3.57     65      3  326.0  338.2  326.7
  496.0   5923   -5.7  -14.7     49   2.48     92      3  326.8  335.4  327.3
  492.0   5987   -6.2  -13.2     58   2.82    120      3  326.9  336.7  327.4
  490.0   6018   -6.5  -12.5     62   3.00    114      3  326.9  337.4  327.5
  470.0   6344   -8.5  -12.6     72   3.11     50      2  328.4  339.2  329.0
  461.0   6494   -9.1  -17.1     52   2.18     20      1  329.4  337.2  329.9
  455.0   6595   -9.8  -17.0     56   2.23      0      1  329.8  337.8  330.3
  438.0   6888  -11.7  -16.7     66   2.38      7      1  331.0  339.5  331.5
  427.0   7083  -12.5  -19.5     56   1.92     12      2  332.4  339.4  332.8
  421.0   7191  -13.2  -19.6     58   1.93     15      2  332.9  339.9  333.3
  416.0   7282  -13.7  -19.7     61   1.94     24      3  333.3  340.4  333.7
  404.0   7504  -14.7  -23.0     50   1.50     45      5  334.8  340.3  335.1
  400.0   7580  -15.1  -24.1     46   1.37     45      5  335.3  340.4  335.6
  384.0   7888  -17.1  -29.1     35   0.90     21      4  336.6  340.0  336.8
  374.0   8084  -18.4  -30.3     35   0.83      5      3  337.3  340.6  337.5
  359.0   8387  -20.5  -32.1     35   0.72     50      3  338.5  341.4  338.7
  331.0   8988  -24.7  -35.8     35   0.55     30      4  340.8  343.0  340.9
  327.0   9078  -25.3  -36.3     35   0.53     36      5  341.1  343.2  341.2
  319.0   9258  -26.7  -35.7     42   0.57     47      6  341.6  343.9  341.7
  317.0   9304  -27.0  -33.9     52   0.69     50      6  341.8  344.5  341.9
  314.0   9373  -27.5  -31.2     71   0.91     48      7  342.0  345.6  342.2
  300.0   9700  -30.3  -33.4     74   0.77     40      9  342.6  345.6  342.7
  299.0   9724  -30.3  -33.2     76   0.78     39      9  342.9  346.0  343.1
  294.0   9843  -31.1  -34.2     74   0.72     34      9  343.4  346.3  343.6
  289.0   9965  -31.9  -38.9     50   0.46     30     10  343.9  345.8  344.1
  279.0  10212  -33.9  -43.9     36   0.28     20     10  344.6  345.7  344.6
  265.0  10570  -36.7  -42.7     54   0.34     22     10  345.6  347.0  345.6
  250.0  10970  -39.9  -48.9     38   0.18     25     11  346.6  347.4  346.6
  200.0  12450  -52.9                          45     12  348.8         348.8
  195.0  12610  -54.3                          45     12  349.1         349.1
  169.0  13514  -62.5                          50     10  350.1         350.1
  150.0  14240  -68.9                          45     17  351.2         351.2
  146.0  14398  -70.2                          45     17  351.6         351.6
  132.0  14989  -75.3                          56     21  352.9         352.9
  115.0  15771  -81.5                          72     25  355.5         355.5
  111.0  15967  -83.3                          76     27  355.8         355.8
  108.0  16120  -80.5                          79     28  363.9         363.9
  107.0  16172  -80.7                          80     28  364.5         364.5
  100.0  16550  -82.1                         100     14  368.9         368.9
   96.0  16778  -83.1                         120     12  371.2         371.2
   93.7  16914  -83.7                         118     10  372.6         372.6
   91.0  17079  -79.8                         115      7  383.5         383.5
   90.4  17116  -78.9                         121      8  386.0         386.0
   86.0  17399  -80.1                         165     13  389.2         389.2
   80.9  17745  -81.5                         137     11  393.1         393.1
   77.0  18023  -81.9                         115      9  397.9         397.9
   76.8  18038  -81.9                         111      9  398.2         398.2
   73.0  18328  -77.0                          40     10  414.4         414.4
   72.2  18391  -75.9                          28     12  418.0         418.0
   70.0  18570  -75.9                         355     17  421.7         421.7
   66.1  18901  -77.1                         327     17  426.0         426.0
   57.0  19761  -74.8                         255     18  449.6         449.6
   54.3  20042  -74.1                         318     12  457.6         457.6
   54.0  20075  -73.8                         325     11  458.9         458.9
   51.0  20413  -70.9                         355     17  473.3         473.3
   50.4  20482  -70.3                         352     17  476.3         476.3
   50.0  20530  -69.7                         350     17  478.8         478.8
   49.0  20652  -67.2                         330     16  487.6         487.6
   47.9  20789  -64.3                         334     15  497.6         497.6
   46.0  21037  -63.6                         340     12  505.1         505.1
   44.2  21281  -62.9                           7     12  512.6         512.6
   44.0  21309  -63.0                          10     12  513.1         513.1
   42.0  21593  -63.6                          10     13  518.3         518.3
   40.0  21891  -64.3                         355      6  523.9         523.9
   38.0  22204  -65.0                         235      5  529.7         529.7
   36.8  22400  -65.5                         212      8  533.5         533.5
   34.4  22809  -65.7                         163     13  543.3         543.3
   34.0  22880  -65.4                         155     14  545.8         545.8
   33.5  22970  -65.1                         145     13  549.0         549.0
   33.0  23063  -62.6                         135     12  557.9         557.9
   32.3  23195  -59.1                         137     14  570.8         570.8
   31.0  23454  -57.9                         140     18  580.8         580.8
   30.0  23660  -56.9                         125     20  588.9         588.9
   28.9  23897  -54.5                         117     18  601.9         601.9
   27.1  24308  -53.5                         102     15  615.8         615.8
   24.0  25080  -56.8                          75     10  628.1         628.1
   23.7  25160  -57.1                          80     12  629.4         629.4
   22.8  25404  -58.1                          94     18  633.4         633.4
   22.3  25543  -55.9                         103     22  644.0         644.0
   21.0  25922  -57.3                         125     31  651.0         651.0
   20.6  26044  -57.7                         119     30  653.3         653.3
   20.0  26230  -56.7                         110     29  661.9         661.9
   18.6  26693  -53.3                          94     31  686.4         686.4
   17.0  27271  -53.9                          75     34  702.2         702.2
   16.6  27424  -54.1                          77     37  706.5         706.5
   15.0  28083  -48.3                          84     49  746.5         746.5
   13.0  29016  -50.8                          95     67  768.9         768.9
   12.1  29485  -52.1                          90     69  780.3         780.3
   11.3  29929  -50.7                          86     72  800.8         800.8
   11.2                                        85     72                     
   11.0                                        85     72                     
</PRE><H3>Station information and sounding indices</H3><PRE>
                         Station identifier: WIII
                             Station number: 96749
                           Observation time: 191212/0000
                           Station latitude: -6.11
                          Station longitude: 106.65
                          Station elevation: 8.0
                            Showalter index: -0.87
                               Lifted index: -2.00
    LIFT computed using virtual temperature: -2.38
                                SWEAT index: 212.98
                                    K index: 31.10
                         Cross totals index: 21.70
                      Vertical totals index: 23.10
                        Totals totals index: 44.80
      Convective Available Potential Energy: 308.45
             CAPE using virtual temperature: 451.46
                      Convective Inhibition: -43.97
             CINS using virtual temperature: -36.90
                           Equilibrum Level: 261.19
 Equilibrum Level using virtual temperature: 259.21
                   Level of Free Convection: 805.71
             LFCT using virtual temperature: 847.82
                     Bulk Richardson Number: 101.41
          Bulk Richardson Number using CAPV: 148.43
  Temp [K] of the Lifted Condensation Level: 293.28
Pres [hPa] of the Lifted Condensation Level: 922.69
   Equivalent potential temp [K] of the LCL: 348.20
     Mean mixed layer potential temperature: 300.12
              Mean mixed layer mixing ratio: 16.38
              1000 hPa to 500 hPa thickness: 5768.00
Precipitable water [mm] for entire sounding: 51.14
</PRE>
<P>Description of the 
<A HREF="/upperair/columns.html">data columns</A>
or <A HREF="/upperair/indices.html">sounding indices</A>.

<P>
<FORM>
<INPUT CLASS="button" TYPE="button" VALUE=" Close this window " 
 onClick="window.close();">
<INPUT CLASS="button" TYPE="button" VALUE=" Select another map " 
 onClick="window.blur();">
</FORM>
<HR SIZE="1">
<I>Interested in graduate studies in atmospheric science?
Check out our program at the
<a href="http://www.uwyo.edu/atsc/howtoapply/"
target=_top>University of Wyoming
</a></I>
<HR SIZE="1"><FONT SIZE="-1">
Questions about the weather data provided by this site can be
addressed to <A HREF="mailto:ldoolman@uwyo.edu">
Larry Oolman (ldoolman@uwyo.edu)</A></FONT>
<HR SIZE="1">
<SCRIPT TYPE="text/javascript">
<!--
window.focus();
// -->
</SCRIPT>
</BODY>
</HTML>
