2017-03-15 12
<HTML>
<TITLE>University of Wyoming - Radiosonde Data</TITLE>
<BODY BGCOLOR="white">
<H2>96749 WIII Jakarta Observations at 00Z 15 Mar 2017</H2>
<PRE>
-----------------------------------------------------------------------------
   PRES   HGHT   TEMP   DWPT   RELH   MIXR   DRCT   SKNT   THTA   THTE   THTV
    hPa     m      C      C      %    g/kg    deg   knot     K      K      K 
-----------------------------------------------------------------------------
 1010.0      8   27.2   24.3     84  19.37    220     10  299.5  356.4  303.0
 1009.0     17   26.4   21.8     76  16.60    221     10  298.8  347.3  301.8
 1000.0     96   24.8   20.8     78  15.73    235     13  297.9  343.8  300.8
  998.0    114   24.6   20.7     79  15.66    237     13  297.9  343.5  300.7
  986.0    219   23.8   20.5     82  15.65    247     16  298.1  343.8  300.9
  977.0    300   24.1   20.2     79  15.48    255     18  299.2  344.6  302.0
  961.0    444   24.6   19.6     74  15.18    253     19  301.1  346.0  303.9
  925.0    777   22.2   18.0     77  14.24    250     22  302.0  344.3  304.6
  850.0   1511   18.0   13.2     74  11.34    235     19  305.0  339.2  307.1
  808.0   1943   14.8   12.1     84  11.09    231     15  306.0  339.6  308.1
  793.0   2101   13.8   11.6     86  10.95    230     14  306.7  339.9  308.7
  765.0   2404   12.0   10.7     92  10.68    245      9  307.8  340.4  309.8
  750.0   2570   11.0   10.2     95  10.52    235      8  308.5  340.7  310.4
  728.0   2819   10.4    8.2     86   9.46    221      6  310.5  339.8  312.2
  712.0   3004    9.3    6.6     83   8.63    210      5  311.2  338.1  312.8
  700.0   3145    8.4    5.3     81   8.04    195      6  311.8  336.9  313.3
  687.0   3300    7.4    4.2     80   7.58    175      8  312.3  336.1  313.7
  680.0   3384    6.8    3.6     80   7.34    169      8  312.6  335.7  313.9
  671.0   3493    6.0    3.6     85   7.44    162      8  312.9  336.3  314.3
  667.0   3542    5.6    3.8     88   7.59    159      9  312.9  336.9  314.4
  663.0   3592    5.4    2.4     81   6.91    156      9  313.3  335.1  314.6
  661.0   3616    5.8   -2.2     56   4.95    154      9  314.0  329.9  314.9
  658.0   3654    5.8   -3.2     52   4.61    152      9  314.4  329.3  315.3
  638.0   3905    4.2    1.1     80   6.54    135      9  315.4  336.2  316.6
  615.0   4202    2.5    0.4     87   6.46    115     10  316.7  337.4  317.9
  584.0   4620    0.0   -0.5     96   6.36    113      9  318.5  339.1  319.8
  530.0   5388   -3.8   -4.6     94   5.15    110      8  322.9  340.0  323.9
  510.0   5693   -5.3   -6.3     93   4.72     90      9  324.6  340.5  325.6
  500.0   5850   -6.1   -7.1     93   4.52     90      9  325.5  340.8  326.4
  472.0   6293   -8.3  -10.3     85   3.71    120     11  328.1  340.9  328.9
  437.0   6886  -11.4  -14.7     76   2.82    175      5  331.6  341.6  332.2
  418.0   7228  -13.1  -17.2     71   2.39    142      9  333.6  342.2  334.1
  400.0   7560  -15.1  -18.8     73   2.18    110     13  335.3  343.2  335.7
  388.0   7787  -16.7  -20.3     74   1.97     90     14  336.1  343.3  336.5
  337.0   8839  -24.3  -27.4     75   1.20    114     26  339.6  344.1  339.8
  327.0   9059  -26.1  -28.9     77   1.08    119     28  340.0  344.2  340.2
  316.0   9306  -27.6  -33.8     56   0.70    125     31  341.2  344.0  341.4
  310.0   9445  -28.5  -36.5     46   0.55    125     32  341.9  344.1  342.0
  300.0   9680  -30.3  -38.3     46   0.47    125     33  342.6  344.5  342.6
  252.0  10886  -40.1  -51.1     30   0.14    130     30  345.5  346.1  345.6
  250.0  10940  -40.5                         130     30  345.7         345.7
  234.0  11379  -44.5                         125     32  346.3         346.3
  200.0  12420  -53.9                         120     36  347.2         347.2
  153.0  14082  -69.1                         100     39  348.9         348.9
  150.0  14200  -70.3                         100     44  348.8         348.8
  139.0  14650  -72.7                          92     50  352.3         352.3
  131.0  14999  -72.1                          85     55  359.4         359.4
  129.0  15090  -71.9                          85     52  361.3         361.3
  112.0  15910  -77.3                          80     29  366.1         366.1
  109.0  16068  -78.3                          87     26  367.1         367.1
  100.0  16560  -78.5                         110     16  375.8         375.8
   96.0  16791  -80.1                         110     17  377.1         377.1
   95.0  16850  -80.5                         105     18  377.4         377.4
   88.0  17282  -78.9                          74      8  389.0         389.0
   86.0  17412  -79.7                          65      5  390.0         390.0
   82.8  17625  -80.9                         117      5  391.7         391.7
   82.0  17680  -80.3                         130      5  394.0         394.0
   79.1  17884  -78.3                         256      4  402.3         402.3
   78.0  17963  -78.2                         305      3  404.1         404.1
   74.0  18263  -77.9                         295      7  410.9         410.9
   70.0  18580  -77.5                         175      7  418.3         418.3
   67.3  18805  -78.7                         132     15  420.4         420.4
   66.0  18917  -78.3                         110     19  423.6         423.6
   63.5  19137  -77.5                         102     13  430.1         430.1
   63.0  19183  -76.2                         100     12  434.0         434.0
   62.1  19267  -73.7                          71      9  441.2         441.2
   60.1  19459  -71.1                           3      1  451.2         451.2
   60.0  19469  -71.1                           0      1  451.5         451.5
   57.0  19776  -70.0                         245      2  460.7         460.7
   54.0  20100  -68.8                         270     10  470.6         470.6
   51.0  20442  -67.5                         115      2  481.2         481.2
   50.0  20560  -67.1                          50      7  484.9         484.9
   49.0  20682  -66.6                          15     10  488.8         488.8
   48.7  20719  -66.5                           8     11  490.0         490.0
   47.5  20871  -63.1                         338     16  501.7         501.7
   47.0  20936  -63.3                         325     18  502.7         502.7
   40.3  21873  -66.5                         275     24  517.3         517.3
   38.0  22228  -66.4                         270     18  526.4         526.4
   36.9  22406  -66.3                         275     18  531.0         531.0
   35.4  22659  -63.5                         283     19  544.6         544.6
   35.0  22729  -63.3                         285     19  546.8         546.8
   33.0  23092  -62.4                         260     23  558.5         558.5
   30.0  23680  -60.9                         270     19  578.0         578.0
   29.0  23891  -59.5                         255     17  587.7         587.7
   28.5  23999  -58.7                         237     17  592.6         592.6
   25.8  24619  -60.7                         133     14  604.1         604.1
   25.0  24817  -59.5                         100     13  613.0         613.0
   24.0  25073  -57.9                          80     12  624.7         624.7
   22.4  25506  -55.3                          88     16  644.9         644.9
   21.0  25918  -54.2                          95     20  660.4         660.4
   20.0  26230  -53.3                          70      8  672.3         672.3
   19.0  26564  -52.3                          70      6  685.2         685.2
   18.0  26915  -51.3                           0      1  699.1         699.1
   17.0  27287  -50.2                         165      6  714.1         714.1
   16.0  27681  -49.1                         150     14  730.4         730.4
   15.7  27804  -48.7                                     735.5         735.5
</PRE><H3>Station information and sounding indices</H3><PRE>
                         Station identifier: WIII
                             Station number: 96749
                           Observation time: 170315/0000
                           Station latitude: -6.11
                          Station longitude: 106.65
                          Station elevation: 8.0
                            Showalter index: 1.14
                               Lifted index: -1.15
    LIFT computed using virtual temperature: -1.28
                                SWEAT index: 205.39
                                    K index: 34.20
                         Cross totals index: 19.30
                      Vertical totals index: 24.10
                        Totals totals index: 43.40
      Convective Available Potential Energy: 169.36
             CAPE using virtual temperature: 213.47
                      Convective Inhibition: -91.11
             CINS using virtual temperature: -74.40
                           Equilibrum Level: 430.53
 Equilibrum Level using virtual temperature: 424.44
                   Level of Free Convection: 788.97
             LFCT using virtual temperature: 808.56
                     Bulk Richardson Number: 13.86
          Bulk Richardson Number using CAPV: 17.46
  Temp [K] of the Lifted Condensation Level: 292.54
Pres [hPa] of the Lifted Condensation Level: 924.12
   Equivalent potential temp [K] of the LCL: 344.85
     Mean mixed layer potential temperature: 299.22
              Mean mixed layer mixing ratio: 15.60
              1000 hPa to 500 hPa thickness: 5754.00
Precipitable water [mm] for entire sounding: 56.20
</PRE>
<P>Description of the 
<A HREF="/upperair/columns.html">data columns</A>
or <A HREF="/upperair/indices.html">sounding indices</A>.

<P>
<FORM>
<INPUT CLASS="button" TYPE="button" VALUE=" Close this window " 
 onClick="window.close();">
<INPUT CLASS="button" TYPE="button" VALUE=" Select another map " 
 onClick="window.blur();">
</FORM>
<HR SIZE="1">
<I>Interested in graduate studies in atmospheric science?
Check out our program at the
<a href="http://www.uwyo.edu/atsc/howtoapply/"
target=_top>University of Wyoming
</a></I>
<HR SIZE="1"><FONT SIZE="-1">
Questions about the weather data provided by this site can be
addressed to <A HREF="mailto:ldoolman@uwyo.edu">
Larry Oolman (ldoolman@uwyo.edu)</A></FONT>
<HR SIZE="1">
<SCRIPT TYPE="text/javascript">
<!--
window.focus();
// -->
</SCRIPT>
</BODY>
</HTML>
