2020-05-11 00
<HTML>
<TITLE>University of Wyoming - Radiosonde Data</TITLE>
<BODY BGCOLOR="white">
<H2>96749 WIII Jakarta Observations at 00Z 11 May 2020</H2>
<PRE>
-----------------------------------------------------------------------------
   PRES   HGHT   TEMP   DWPT   RELH   MIXR   DRCT   SKNT   THTA   THTE   THTV
    hPa     m      C      C      %    g/kg    deg   knot     K      K      K 
-----------------------------------------------------------------------------
 1010.0      8   25.8   20.8     74  15.57    210      1  298.1  343.5  300.9
 1000.0     99   25.2   21.7     81  16.64    225     11  298.4  346.9  301.3
  993.0    161   25.0   21.9     83  16.98    222     11  298.8  348.4  301.8
  989.0    196   26.0   22.3     80  17.48    220     11  300.1  351.5  303.2
  977.0    304   25.4   21.9     81  17.32    215     12  300.5  351.5  303.6
  948.0    569   23.8   21.1     85  16.93    174      6  301.5  351.6  304.6
  945.0    597   23.9   20.4     81  16.22    170      5  301.9  349.9  304.8
  932.0    718   24.2   17.2     65  13.42    160      5  303.4  343.5  305.8
  925.0    784   23.4   19.0     76  15.19    155      5  303.2  348.5  306.0
  913.0    897   22.6   18.5     78  14.95    150      5  303.6  348.2  306.3
  882.0   1197   20.6   17.3     82  14.33    155      3  304.5  347.4  307.1
  876.0   1256   20.2   17.1     82  14.21    167      3  304.7  347.3  307.2
  852.0   1495   19.1   16.0     82  13.60    215      3  305.9  347.0  308.4
  850.0   1515   19.0   15.9     82  13.55    215      3  306.0  346.9  308.5
  822.0   1802   18.0   12.6     71  11.28      5      2  307.9  342.3  310.0
  802.0   2013   17.2   10.2     63   9.83    340      3  309.2  339.5  311.1
  794.0   2097   16.7   10.0     65   9.81    330      4  309.6  339.8  311.4
  766.0   2399   14.8    9.4     70   9.73    325      5  310.8  340.9  312.6
  739.0   2701   13.0    8.7     75   9.64    280      5  312.0  342.0  313.8
  713.0   3003   11.2    8.0     81   9.55    295     10  313.1  343.0  314.9
  700.0   3158   10.2    7.7     84   9.51    295     15  313.8  343.6  315.5
  672.0   3497    7.8    7.0     95   9.44    286     14  314.7  344.5  316.5
  640.0   3894    5.8    4.7     93   8.42    275     12  316.8  343.6  318.4
  573.0   4794    1.1   -0.6     88   6.42    300     13  321.6  342.6  322.8
  558.0   5010    0.0   -1.9     87   6.00    296     12  322.7  342.5  323.9
  552.0   5095   -0.5   -2.4     87   5.85    295     12  323.1  342.4  324.2
  500.0   5880   -5.5   -6.8     91   4.62    315     12  326.3  341.9  327.2
  493.0   5991   -6.4   -8.4     86   4.15    325     10  326.5  340.6  327.3
  492.0   6007   -6.5   -8.6     85   4.08    327     10  326.6  340.5  327.4
  474.0   6298   -7.5  -10.1     82   3.78    355      9  328.8  341.8  329.5
  456.0   6600   -8.6  -11.6     79   3.49      5      7  331.1  343.2  331.8
  445.0   6790   -9.3  -12.5     78   3.31     19      6  332.5  344.2  333.2
  400.0   7610  -13.9  -17.4     75   2.45     80      4  336.8  345.8  337.3
  390.0   7800  -15.2  -18.9     73   2.22     80      4  337.6  345.8  338.1
  375.0   8095  -17.1  -21.2     71   1.89     85      3  338.9  345.9  339.3
  347.0   8678  -20.9  -25.7     65   1.37    152      3  341.3  346.5  341.6
  346.0   8699  -21.1  -25.8     65   1.36    155      3  341.4  346.6  341.7
  319.0   9292  -25.2  -29.0     70   1.10    195      9  343.7  348.0  343.9
  300.0   9740  -28.3  -31.4     75   0.93    170     11  345.4  349.1  345.6
  281.0  10201  -32.3  -33.9     86   0.78    150      9  346.1  349.2  346.3
  273.0  10404  -34.1  -35.0     92   0.72    157      9  346.4  349.3  346.6
  250.0  11010  -38.9  -41.9     73   0.39    180     11  348.1  349.7  348.2
  247.0  11093  -39.5  -42.6     72   0.36    185     11  348.4  349.9  348.5
  245.0  11148  -39.9  -43.1     71   0.35    191     11  348.6  350.1  348.7
  236.0  11398  -42.1                         220     11  349.0         349.0
  200.0  12500  -52.1                         210     22  350.1         350.1
  184.0  13034  -56.9                         202     20  350.8         350.8
  179.0  13205  -58.2                         200     19  351.5         351.5
  171.0  13488  -60.3                         185      6  352.6         352.6
  163.0  13785  -62.5                          60      6  353.8         353.8
  155.0  14097  -64.8                          25     11  354.9         354.9
  150.0  14300  -66.3                          35     12  355.7         355.7
  148.0  14379  -66.9                          35     13  356.0         356.0
  133.0  15007  -71.8                          10     19  358.3         358.3
  117.0  15760  -77.7                          32     19  360.8         360.8
  108.0  16214  -79.2                          45     19  366.3         366.3
  103.0  16482  -80.1                          75     10  369.5         369.5
  100.0  16650  -80.7                         130     10  371.6         371.6
   97.0  16820  -82.1                         145     14  372.1         372.1
   92.0  17116  -84.5                         135     15  373.1         373.1
   90.7  17196  -85.1                         130     14  373.3         373.3
   87.0  17429  -81.8                          90      8  384.4         384.4
   86.0  17494  -80.9                          63      8  387.5         387.5
   83.0  17694  -81.2                         340      6  390.8         390.8
   79.0  17972  -81.7                         310      4  395.4         395.4
   77.4  18088  -81.9                         334      4  397.3         397.3
   75.0  18267  -80.4                          10      4  404.0         404.0
   71.0  18579  -77.8                          10      7  416.0         416.0
   70.0  18660  -77.1                         355      7  419.1         419.1
   68.9  18751  -76.3                         335     10  422.7         422.7
   67.0  18910  -77.0                         300     15  424.7         424.7
   64.0  19171  -78.0                         275     10  427.9         427.9
   60.0  19539  -79.6                         220      9  432.4         432.4
   59.7  19567  -79.7                         208      9  432.8         432.8
   58.1  19721  -79.3                         142     10  437.1         437.1
   57.0  19831  -76.0                          95     11  446.9         446.9
   56.3  19901  -73.9                          97     15  453.3         453.3
   54.0  20147  -72.2                         105     30  462.6         462.6
   50.2  20576  -69.3                          91     42  479.2         479.2
   50.0  20600  -68.7                          90     43  481.2         481.2
   47.0  20972  -67.3                          90     45  493.0         493.0
   46.5  21036  -67.1                          90     45  495.1         495.1
   42.8  21535  -68.5                          90     48  503.5         503.5
   38.5  22174  -66.1                          90     52  525.1         525.1
   38.0  22255  -65.0                          90     52  529.7         529.7
   37.0  22420  -62.9                          80     41  539.3         539.3
   34.6  22835  -57.5                         101     29  563.8         563.8
   32.0  23331  -56.6                         125     15  578.9         578.9
   30.0  23740  -55.9                         165     11  591.6         591.6
   29.0  23955  -56.0                         180     15  597.3         597.3
   26.3  24576  -56.1                         117     25  613.8         613.8
   25.0  24902  -52.4                          85     30  633.2         633.2
   24.2  25111  -50.1                          76     29  645.9         645.9
   23.1  25416  -48.1                          63     27  660.4         660.4
   22.0  25735  -48.7                          50     25  667.9         667.9
   20.0  26360  -49.9                          60     15  682.7         682.7
   18.5  26868  -51.5                          82     18  693.0         693.0
   18.0  27046  -51.2                          90     19  699.3         699.3
   15.0  28235  -49.5                          95     46  742.5         742.5
   14.7  28367  -49.3                          92     49  747.5         747.5
   14.0  28689  -47.5                          85     55  764.2         764.2
   13.3  29028  -45.5                                     782.2         782.2
</PRE><H3>Station information and sounding indices</H3><PRE>
                         Station identifier: WIII
                             Station number: 96749
                           Observation time: 200511/0000
                           Station latitude: -6.11
                          Station longitude: 106.65
                          Station elevation: 8.0
                            Showalter index: -1.32
                               Lifted index: -2.34
    LIFT computed using virtual temperature: -2.59
                                SWEAT index: 208.79
                                    K index: 37.90
                         Cross totals index: 21.40
                      Vertical totals index: 24.50
                        Totals totals index: 45.90
      Convective Available Potential Energy: 245.20
             CAPE using virtual temperature: 295.51
                      Convective Inhibition: -127.28
             CINS using virtual temperature: -93.13
                           Equilibrum Level: 267.79
 Equilibrum Level using virtual temperature: 267.65
                   Level of Free Convection: 709.91
             LFCT using virtual temperature: 733.64
                     Bulk Richardson Number: 23.58
          Bulk Richardson Number using CAPV: 28.42
  Temp [K] of the Lifted Condensation Level: 294.04
Pres [hPa] of the Lifted Condensation Level: 933.63
   Equivalent potential temp [K] of the LCL: 349.69
     Mean mixed layer potential temperature: 299.88
              Mean mixed layer mixing ratio: 16.99
              1000 hPa to 500 hPa thickness: 5781.00
Precipitable water [mm] for entire sounding: 61.19
</PRE>
<P>Description of the 
<A HREF="/upperair/columns.html">data columns</A>
or <A HREF="/upperair/indices.html">sounding indices</A>.

<P>
<FORM>
<INPUT CLASS="button" TYPE="button" VALUE=" Close this window " 
 onClick="window.close();">
<INPUT CLASS="button" TYPE="button" VALUE=" Select another map " 
 onClick="window.blur();">
</FORM>
<HR SIZE="1">
<I>Interested in graduate studies in atmospheric science?
Check out our program at the
<a href="http://www.uwyo.edu/atsc/howtoapply/"
target=_top>University of Wyoming
</a></I>
<HR SIZE="1"><FONT SIZE="-1">
Questions about the weather data provided by this site can be
addressed to <A HREF="mailto:ldoolman@uwyo.edu">
Larry Oolman (ldoolman@uwyo.edu)</A></FONT>
<HR SIZE="1">
<SCRIPT TYPE="text/javascript">
<!--
window.focus();
// -->
</SCRIPT>
</BODY>
</HTML>
