2020-01-20 00
<HTML>
<TITLE>University of Wyoming - Radiosonde Data</TITLE>
<BODY BGCOLOR="white">
<H2>96749 WIII Jakarta Observations at 00Z 20 Jan 2020</H2>
<PRE>
-----------------------------------------------------------------------------
   PRES   HGHT   TEMP   DWPT   RELH   MIXR   DRCT   SKNT   THTA   THTE   THTV
    hPa     m      C      C      %    g/kg    deg   knot     K      K      K 
-----------------------------------------------------------------------------
 1010.0      8   25.6   24.1     91  19.14    170      1  297.9  353.7  301.3
 1009.0     17   26.8   23.5     82  18.45    153      1  299.2  353.3  302.5
 1000.0     96   27.2   23.1     78  18.17      0      0  300.4  353.9  303.6
  996.0    132   27.0   22.9     78  18.02    349      0  300.5  353.6  303.7
  977.0    302   25.8   22.3     81  17.67    295      2  300.9  353.1  304.1
  945.0    596   23.7   21.2     86  17.08    275      3  301.7  352.3  304.8
  925.0    785   22.4   20.5     89  16.71    295      5  302.2  351.8  305.2
  922.0    813   22.2   20.4     90  16.66    295      5  302.3  351.7  305.3
  913.0    898   21.8   19.8     88  16.17    295      5  302.7  350.8  305.6
  882.0   1197   20.2   17.6     85  14.54    275      5  304.1  347.6  306.8
  852.0   1496   18.7   15.3     81  13.04    295      2  305.5  344.8  307.9
  850.0   1516   18.6   15.2     81  12.94    295      2  305.6  344.6  308.0
  830.0   1721   17.6   13.6     77  11.93    217      2  306.6  342.8  308.9
  822.0   1803   17.2   13.3     78  11.80    185      2  307.1  342.9  309.2
  746.0   2629   13.0   10.2     83  10.58    291      2  311.1  343.9  313.1
  740.0   2696   12.6    9.8     83  10.35    300      2  311.4  343.5  313.3
  713.0   3008   10.6    7.7     82   9.34    310      2  312.5  341.7  314.3
  700.0   3162    9.6    6.7     82   8.87    300      1  313.1  340.9  314.8
  688.0   3306    8.3    6.3     87   8.78    245      1  313.2  340.8  314.9
  685.0   3342    8.0    6.2     88   8.76    263      1  313.2  340.7  314.9
  664.0   3600    8.0    3.1     71   7.24     35      2  316.0  339.2  317.4
  657.0   3688    8.0    2.0     66   6.78     31      2  317.0  338.8  318.3
  640.0   3902    6.7   -0.4     61   5.84     20      3  317.9  336.9  319.0
  617.0   4200    4.8   -3.8     54   4.72     95      2  319.1  334.7  320.0
  573.0   4804    1.1  -10.6     41   3.00    185      4  321.6  331.8  322.2
  569.0   4861    0.8  -11.2     40   2.87    181      4  321.8  331.6  322.4
  567.0   4890    1.0  -19.0     21   1.51    179      4  322.4  327.8  322.7
  558.0   5018    0.0  -17.0     27   1.82    171      4  322.7  329.1  323.1
  555.0   5061   -0.5  -12.5     40   2.65    168      4  322.6  331.7  323.1
  549.0   5148   -0.9  -18.9     24   1.57    162      5  323.1  328.7  323.4
  544.0   5221   -1.3  -16.3     31   1.98    157      5  323.5  330.4  323.9
  539.0   5295   -1.7   -8.7     59   3.70    152      5  323.9  336.4  324.6
  532.0   5399   -2.4   -7.3     69   4.18    145      5  324.2  338.4  325.1
  527.0   5474   -2.9   -6.3     77   4.56    145      5  324.5  339.9  325.4
  512.0   5703   -4.5   -8.4     74   3.99    145      4  325.3  338.9  326.1
  504.0   5827   -5.3   -9.5     72   3.71    165      3  325.8  338.4  326.5
  500.0   5890   -5.7   -9.0     78   3.89    175      3  326.0  339.3  326.8
  493.0   6000   -5.9   -9.4     76   3.83    200      5  327.1  340.2  327.9
  488.0   6080   -5.3  -18.3     35   1.86    202      5  328.8  335.5  329.2
  484.0   6145   -5.7  -18.7     35   1.82    204      5  329.1  335.6  329.4
  483.0   6161   -5.9  -13.9     53   2.72    204      6  329.0  338.6  329.6
  476.0   6275   -6.5  -20.5     32   1.58    207      6  329.6  335.4  330.0
  474.0   6307   -6.9  -17.9     41   1.98    208      6  329.6  336.7  329.9
  472.0   6340   -7.3  -14.3     57   2.69    208      6  329.4  338.9  330.0
  456.0   6608   -8.6  -22.2     32   1.42    215      7  331.1  336.3  331.4
  455.0   6625   -8.7  -22.7     31   1.36    214      7  331.2  336.2  331.4
  453.0   6659   -8.9  -23.9     29   1.23    212      6  331.3  335.9  331.6
  445.0   6796   -9.9  -17.9     52   2.11    205      4  331.8  339.4  332.2
  439.0   6900  -10.6  -18.2     53   2.08    200      3  332.2  339.7  332.6
  427.0   7113  -11.9  -18.9     56   2.02    168      2  333.2  340.5  333.6
  422.0   7203  -12.1  -19.1     56   2.01    155      2  334.0  341.3  334.4
  417.0   7294  -12.3  -28.3     25   0.90    169      3  334.9  338.3  335.1
  400.0   7610  -13.7  -28.7     27   0.90    220      7  337.1  340.6  337.3
  390.0   7798  -15.0  -31.2     24   0.73    230      9  337.8  340.6  337.9
  360.0   8394  -19.2  -39.0     16   0.37    240     12  340.0  341.5  340.1
  332.0   8996  -23.5  -46.8     10   0.17    230     17  342.1  342.8  342.1
  327.0   9109  -24.3  -48.3      9   0.15    233     17  342.5  343.1  342.5
  305.0   9611  -28.8  -47.2     15   0.18    245     16  343.0  343.8  343.1
  300.0   9730  -29.9  -46.9     18   0.19    240     16  343.1  343.9  343.2
  288.0  10019  -32.3  -52.3     12   0.11    234     14  343.7  344.2  343.7
  281.0  10190  -33.6  -51.9     14   0.11    230     12  344.3  344.8  344.3
  250.0  11000  -39.7  -49.7     34   0.16    270      8  346.9  347.6  346.9
  249.0  11027  -39.9  -49.9     34   0.16    271      8  347.0  347.7  347.0
  246.0  11108  -40.5                         275      7  347.3         347.3
  236.0  11385  -42.7                         305      7  348.1         348.1
  225.0  11704  -45.2                         320     11  349.1         349.1
  200.0  12490  -51.3                         285     14  351.4         351.4
  197.0  12585  -52.2                         280     16  351.5         351.5
  163.0  13772  -63.1                         275     24  352.7         352.7
  152.0  14210  -67.1                         267     21  353.0         353.0
  150.0  14290  -67.7                         265     21  353.3         353.3
  133.0  14981  -72.3                         230      3  357.4         357.4
  126.0  15292  -74.4                         130      8  359.2         359.2
  108.0  16178  -80.3                         155     18  364.2         364.2
  100.0  16620  -83.3                         125     16  366.5         366.5
   92.0  17083  -83.6                         110     27  374.8         374.8
   89.9  17211  -83.7                                     377.1         377.1
</PRE><H3>Station information and sounding indices</H3><PRE>
                         Station identifier: WIII
                             Station number: 96749
                           Observation time: 200120/0000
                           Station latitude: -6.11
                          Station longitude: 106.65
                          Station elevation: 8.0
                            Showalter index: -0.65
                               Lifted index: -3.74
    LIFT computed using virtual temperature: -4.20
                                SWEAT index: 189.39
                                    K index: 36.60
                         Cross totals index: 20.90
                      Vertical totals index: 24.30
                        Totals totals index: 45.20
      Convective Available Potential Energy: 878.25
             CAPE using virtual temperature: 1053.76
                      Convective Inhibition: -26.38
             CINS using virtual temperature: -16.56
                           Equilibrum Level: 151.91
 Equilibrum Level using virtual temperature: 151.80
                   Level of Free Convection: 820.15
             LFCT using virtual temperature: 868.39
                     Bulk Richardson Number: 9751.42
          Bulk Richardson Number using CAPV: 11700.06
  Temp [K] of the Lifted Condensation Level: 294.77
Pres [hPa] of the Lifted Condensation Level: 932.78
   Equivalent potential temp [K] of the LCL: 353.12
     Mean mixed layer potential temperature: 300.71
              Mean mixed layer mixing ratio: 17.80
              1000 hPa to 500 hPa thickness: 5794.00
Precipitable water [mm] for entire sounding: 55.71
</PRE>
<P>Description of the 
<A HREF="/upperair/columns.html">data columns</A>
or <A HREF="/upperair/indices.html">sounding indices</A>.

<P>
<FORM>
<INPUT CLASS="button" TYPE="button" VALUE=" Close this window " 
 onClick="window.close();">
<INPUT CLASS="button" TYPE="button" VALUE=" Select another map " 
 onClick="window.blur();">
</FORM>
<HR SIZE="1">
<I>Interested in graduate studies in atmospheric science?
Check out our program at the
<a href="http://www.uwyo.edu/atsc/howtoapply/"
target=_top>University of Wyoming
</a></I>
<HR SIZE="1"><FONT SIZE="-1">
Questions about the weather data provided by this site can be
addressed to <A HREF="mailto:ldoolman@uwyo.edu">
Larry Oolman (ldoolman@uwyo.edu)</A></FONT>
<HR SIZE="1">
<SCRIPT TYPE="text/javascript">
<!--
window.focus();
// -->
</SCRIPT>
</BODY>
</HTML>
