2017-07-24 00
<HTML>
<TITLE>University of Wyoming - Radiosonde Data</TITLE>
<BODY BGCOLOR="white">
<H2>96749 WIII Jakarta Observations at 00Z 24 Jul 2017</H2>
<PRE>
-----------------------------------------------------------------------------
   PRES   HGHT   TEMP   DWPT   RELH   MIXR   DRCT   SKNT   THTA   THTE   THTV
    hPa     m      C      C      %    g/kg    deg   knot     K      K      K 
-----------------------------------------------------------------------------
 1011.0      8   25.0   23.1     89  17.96    110      2  297.2  349.4  300.4
 1000.0     97   25.4   21.1     77  16.03    125      4  298.6  345.4  301.4
  994.0    150   26.0   21.0     74  16.02    120      4  299.7  346.7  302.5
  945.0    596   23.1   18.6     76  14.50     80      5  301.0  343.8  303.6
  925.0    785   21.8   17.6     77  13.88     80      6  301.6  342.7  304.1
  852.0   1502   17.7   14.8     83  12.56    125      6  304.5  342.2  306.8
  850.0   1523   17.6   14.7     83  12.52    125      6  304.6  342.2  306.9
  842.0   1604   17.0   14.5     85  12.48    132      6  304.8  342.3  307.1
  821.0   1819   15.8   11.2     74  10.28    150      5  305.7  336.8  307.6
  794.0   2100   13.8   10.1     78   9.87    175      5  306.5  336.5  308.3
  766.0   2402   11.7    8.9     83   9.44    130      5  307.4  336.2  309.1
  745.0   2636   10.0    8.0     87   9.11    149      4  308.0  335.9  309.7
  723.0   2885   10.2    7.0     81   8.77    170      3  310.9  338.1  312.5
  713.0   3000    9.4    5.9     79   8.25    180      3  311.2  337.0  312.8
  700.0   3153    8.4    4.5     76   7.60    145      3  311.8  335.6  313.2
  688.0   3296    7.3    3.9     79   7.40    120      3  312.0  335.3  313.4
  673.0   3477    5.8    3.1     83   7.16    105      4  312.4  334.9  313.7
  666.0   3563    5.8   -0.2     65   5.69     98      5  313.3  331.5  314.4
  663.0   3600    5.7    0.4     69   5.97     95      5  313.5  332.6  314.7
  654.0   3712    5.2    2.1     80   6.86     75      5  314.3  336.0  315.6
  639.0   3902    4.4    0.8     78   6.41     40      5  315.4  335.9  316.6
  622.0   4122    3.4   -0.6     75   5.92     49      6  316.7  335.9  317.9
  619.0   4161    3.4   -1.4     71   5.61     51      6  317.2  335.4  318.2
  614.0   4227    3.6  -10.4     35   2.84     54      7  318.1  327.7  318.7
  611.0   4267    3.8  -13.2     28   2.27     55      7  318.8  326.6  319.2
  605.0   4347    3.2   -6.8     48   3.82     59      7  319.0  331.7  319.8
  601.0   4401    3.2   -7.8     44   3.56     61      8  319.6  331.5  320.3
  596.0   4468    3.6  -21.4     14   1.17     64      8  320.9  325.0  321.1
  594.0   4496    3.4  -19.3     17   1.41     65      8  321.0  325.9  321.2
  589.0   4564    3.0  -14.0     27   2.21     59      8  321.2  328.9  321.7
  581.0   4675    2.6  -18.4     20   1.55     50      7  322.0  327.5  322.3
  572.0   4801    1.5  -15.0     28   2.09     40      7  322.2  329.5  322.6
  561.0   4957    0.2  -10.8     43   3.01     47      8  322.4  332.7  323.0
  556.0   5029    0.0  -14.0     34   2.34     51      8  323.0  331.1  323.5
  533.0   5366   -2.9   -8.9     63   3.68     66     10  323.5  335.9  324.2
  500.0   5870   -5.7  -13.7     53   2.67     90     13  326.0  335.3  326.6
  492.0   5996   -6.6  -14.8     52   2.48     85     13  326.5  335.1  326.9
  473.0   6303   -8.7  -17.4     49   2.08     90     10  327.5  334.9  327.9
  461.0   6503  -10.1  -19.1     48   1.84    113      9  328.2  334.8  328.6
  455.0   6604  -10.8  -18.6     52   1.94    125      8  328.6  335.5  329.0
  445.0   6776  -11.9  -17.9     61   2.11    105      5  329.2  336.8  329.7
  441.0   6845  -11.9  -20.9     47   1.65     96      3  330.1  336.1  330.4
  438.0   6897  -11.9  -21.9     43   1.52     90      2  330.7  336.3  331.1
  433.0   6985  -12.3  -17.2     67   2.31     67      2  331.3  339.6  331.8
  430.0   7039  -12.7  -15.0     83   2.79     53      2  331.5  341.3  332.0
  424.0   7146  -13.3  -14.6     90   2.92     24      3  332.0  342.4  332.6
  421.0   7200  -13.4  -17.5     71   2.30     10      3  332.6  340.9  333.1
  418.0   7255  -13.5  -20.5     56   1.80     29      4  333.1  339.7  333.5
  414.0   7328  -13.3  -31.3     20   0.68     55      4  334.3  336.9  334.4
  405.0   7496  -14.4  -33.7     18   0.55    115      6  334.9  337.1  335.0
  400.0   7590  -15.1  -35.1     16   0.49    120      7  335.3  337.2  335.4
  374.0   8092  -19.1  -41.3     12   0.28    140     12  336.5  337.7  336.6
  354.0   8502  -22.3  -46.3      9   0.17    131     13  337.5  338.2  337.5
  347.0   8648  -23.5  -46.5     10   0.17    127     14  337.8  338.5  337.8
  342.0   8755  -23.1  -48.1      8   0.14    125     14  339.8  340.4  339.8
  304.0   9604  -30.5  -44.7     24   0.24    105     17  341.0  342.0  341.1
  300.0   9700  -31.3  -44.3     27   0.25    100     16  341.1  342.2  341.2
  267.0  10503  -38.7  -45.8     47   0.24     80     19  342.0  343.0  342.0
  261.0  10660  -40.1  -46.1     53   0.24     80     21  342.1  343.1  342.1
  250.0  10950  -41.7                          80     25  343.9         343.9
  245.0  11084  -42.7                          75     27  344.4         344.4
  200.0  12430  -53.1                          55     44  348.5         348.5
  195.0  12588  -54.4                          55     44  349.0         349.0
  161.0  13787  -64.3                          90      9  352.0         352.0
  150.0  14230  -67.9                         120     14  352.9         352.9
  146.0  14387  -69.0                         125     15  353.7         353.7
  112.0  15924  -79.9                          80     22  361.2         361.2
  111.0  15976  -80.3                          75     19  361.4         361.4
  110.0  16027  -78.1                          59     15  366.5         366.5
  107.0  16185  -77.9                          10      4  369.8         369.8
  101.0  16513  -77.4                         255     18  376.9         376.9
  100.0  16570  -77.3                         260     22  378.1         378.1
   96.0  16803  -77.8                         275     33  381.6         381.6
   85.0  17498  -79.3                         260     31  392.1         392.1
   82.0  17705  -76.3                         255     30  402.1         402.1
   79.8  17861  -74.1                         256     32  409.9         409.9
   70.0  18630  -71.7                         260     40  430.7         430.7
   68.0  18802  -69.9                         260     42  438.1         438.1
   64.0  19162  -70.0                         260     46  445.6         445.6
   60.5  19497  -70.1                         263     43  452.6         452.6
   50.0  20640  -66.3                         275     32  486.8         486.8
   45.4  21225  -65.1                         252     17  503.4         503.4
   45.0  21280  -64.3                         250     16  506.5         506.5
   43.6  21474  -61.5                         187      8  518.0         518.0
   43.0  21560  -61.0                         160      4  521.4         521.4
   41.0  21856  -59.1                          80     17  533.2         533.2
   34.0  23021  -61.0                          95     28  557.5         557.5
   31.6  23476  -61.7                          99     38  567.4         567.4
   31.0  23596  -60.5                         100     40  573.9         573.9
   30.0  23800  -58.3                         100     44  585.1         585.1
   29.2  23971  -56.9                                     593.5         593.5
</PRE><H3>Station information and sounding indices</H3><PRE>
                         Station identifier: WIII
                             Station number: 96749
                           Observation time: 170724/0000
                           Station latitude: -6.11
                          Station longitude: 106.65
                          Station elevation: 8.0
                            Showalter index: 0.31
                               Lifted index: -1.12
    LIFT computed using virtual temperature: -1.58
                                SWEAT index: 201.40
                                    K index: 34.10
                         Cross totals index: 20.40
                      Vertical totals index: 23.30
                        Totals totals index: 43.70
      Convective Available Potential Energy: 262.06
             CAPE using virtual temperature: 380.19
                      Convective Inhibition: -60.86
             CINS using virtual temperature: -45.89
                           Equilibrum Level: 246.00
 Equilibrum Level using virtual temperature: 246.00
                   Level of Free Convection: 803.79
             LFCT using virtual temperature: 824.08
                     Bulk Richardson Number: 1328.56
          Bulk Richardson Number using CAPV: 1927.42
  Temp [K] of the Lifted Condensation Level: 292.65
Pres [hPa] of the Lifted Condensation Level: 920.87
   Equivalent potential temp [K] of the LCL: 345.82
     Mean mixed layer potential temperature: 299.64
              Mean mixed layer mixing ratio: 15.78
              1000 hPa to 500 hPa thickness: 5773.00
Precipitable water [mm] for entire sounding: 49.62
</PRE>
<P>Description of the 
<A HREF="/upperair/columns.html">data columns</A>
or <A HREF="/upperair/indices.html">sounding indices</A>.

<P>
<FORM>
<INPUT CLASS="button" TYPE="button" VALUE=" Close this window " 
 onClick="window.close();">
<INPUT CLASS="button" TYPE="button" VALUE=" Select another map " 
 onClick="window.blur();">
</FORM>
<HR SIZE="1">
<I>Interested in graduate studies in atmospheric science?
Check out our program at the
<a href="http://www.uwyo.edu/atsc/howtoapply/"
target=_top>University of Wyoming
</a></I>
<HR SIZE="1"><FONT SIZE="-1">
Questions about the weather data provided by this site can be
addressed to <A HREF="mailto:ldoolman@uwyo.edu">
Larry Oolman (ldoolman@uwyo.edu)</A></FONT>
<HR SIZE="1">
<SCRIPT TYPE="text/javascript">
<!--
window.focus();
// -->
</SCRIPT>
</BODY>
</HTML>
