2017-01-18 12
<HTML>
<TITLE>University of Wyoming - Radiosonde Data</TITLE>
<BODY BGCOLOR="white">
<H2>96749 WIII Jakarta Observations at 00Z 18 Jan 2017</H2>
<PRE>
-----------------------------------------------------------------------------
   PRES   HGHT   TEMP   DWPT   RELH   MIXR   DRCT   SKNT   THTA   THTE   THTV
    hPa     m      C      C      %    g/kg    deg   knot     K      K      K 
-----------------------------------------------------------------------------
 1012.0      8   25.2   23.0     88  17.83    220     10  297.3  349.2  300.5
 1000.0    108   24.4   21.8     85  16.75    230     18  297.6  346.3  300.5
  981.0    276   23.2   21.2     89  16.45    240     20  298.0  345.9  300.9
  977.0    312   22.8   20.9     89  16.21    242     21  297.9  345.1  300.8
  942.0    631   23.2   18.2     73  14.16    261     26  301.4  343.4  304.0
  925.0    790   22.4   16.4     69  12.84    270     28  302.2  340.4  304.5
  913.0    904   21.5   16.2     72  12.86    275     25  302.4  340.6  304.7
  875.0   1273   18.4   15.6     84  12.90    281     26  302.9  341.3  305.2
  850.0   1523   17.2   14.4     84  12.28    285     27  304.1  341.0  306.4
  794.0   2099   14.4   11.6     83  10.91    290     26  307.2  340.4  309.2
  740.0   2694   11.6    8.7     82   9.62    285     22  310.3  340.1  312.1
  726.0   2856   10.8    7.9     82   9.29    292     22  311.1  340.0  312.9
  700.0   3159    9.0    5.2     77   7.98    305     23  312.4  337.5  313.9
  663.0   3605    5.7    3.0     82   7.20    310     19  313.6  336.4  315.0
  657.0   3680    5.2    2.6     83   7.07    310     19  313.9  336.3  315.2
  641.0   3881    4.0   -1.0     70   5.58    310     19  314.7  332.6  315.8
  611.0   4268    1.4    0.2     92   6.40    310     19  316.1  336.6  317.3
  584.0   4631    0.0   -2.0     86   5.69    310     19  318.5  337.1  319.6
  526.0   5462   -3.9   -8.4     71   3.88    310     20  323.5  336.6  324.3
  519.0   5568   -4.5  -12.5     54   2.84    310     20  324.0  333.8  324.6
  511.0   5689   -5.1  -10.1     68   3.49    310     20  324.7  336.6  325.4
  500.0   5860   -5.5  -14.5     49   2.50    315     19  326.3  335.0  326.8
  499.0   5876   -5.5  -15.5     45   2.31    315     18  326.5  334.6  326.9
  482.0   6149   -5.9  -12.9     58   2.96    318      9  329.2  339.6  329.8
  473.0   6295   -6.9  -13.4     60   2.90    320      4  329.8  339.9  330.3
  455.0   6594   -8.9  -14.3     65   2.79    260      4  330.9  340.7  331.4
  421.0   7195  -13.0  -16.2     77   2.57    245      8  333.1  342.3  333.6
  405.0   7494  -15.1  -17.2     84   2.47    210      5  334.2  343.0  334.7
  400.0   7590  -15.7  -17.5     86   2.43    205      4  334.5  343.3  335.0
  396.0   7665  -16.5  -17.9     89   2.38    209      4  334.4  343.0  334.9
  389.0   7798  -17.4  -18.6     91   2.28    215      4  334.9  343.2  335.4
  374.0   8091  -19.5  -20.1     95   2.08    182      7  335.9  343.6  336.4
  373.0   8111  -19.6  -20.3     94   2.06    180      7  336.1  343.6  336.5
  361.0   8353  -20.3  -22.4     83   1.77    178      8  338.3  344.9  338.6
  344.0   8703  -23.1  -24.8     86   1.50    175     10  339.2  344.9  339.6
  317.0   9297  -27.7  -28.9     90   1.12    135      9  340.8  345.1  341.0
  315.0   9343  -28.1  -29.2     90   1.09    137      9  340.9  345.1  341.1
  300.0   9690  -30.7  -33.8     74   0.74    150     10  342.0  344.9  342.1
  267.0  10503  -37.0  -42.8     55   0.33    150     13  344.4  345.8  344.5
  253.0  10879  -39.9  -46.9     47   0.22    134     11  345.4  346.4  345.5
  250.0  10960  -40.5                         130     11  345.7         345.7
  214.0  11991  -50.1                          90      7  346.5         346.5
  200.0  12440  -54.3                         100     10  346.6         346.6
  195.0  12596  -55.7                         115      9  346.8         346.8
  186.0  12888  -58.4                         140     12  347.2         347.2
  169.0  13479  -63.9                          85     18  347.8         347.8
  153.0  14093  -69.5                          77     27  348.2         348.2
  150.0  14210  -70.9                          75     29  347.8         347.8
  127.0  15172  -78.7                          71     46  350.6         350.6
  124.0  15306  -79.7                          70     48  351.3         351.3
  113.0  15826  -83.5                          75     66  353.6         353.6
  112.0  15875  -83.7                          75     68  354.1         354.1
  107.0  16127  -84.7                          71     61  356.9         356.9
  105.0  16231  -85.3                          69     58  357.7         357.7
  100.0  16500  -82.1                          65     51  368.9         368.9
   98.6  16581  -75.9                          59     46  382.4         382.4
   90.0  17108  -77.6                          20     16  389.1         389.1
   85.8  17384  -78.5                          31     12  392.6         392.6
   81.0  17717  -77.8                          45      8  400.5         400.5
   73.0  18317  -76.6                          30      8  415.2         415.2
   71.3  18453  -76.3                          10      6  418.6         418.6
   70.0  18560  -75.5                         355      4  422.5         422.5
   68.5  18686  -72.7                          43      5  431.2         431.2
   66.0  18903  -73.1                         125      7  434.9         434.9
   63.0  19174  -73.6                          50     11  439.5         439.5
   60.5  19410  -74.1                          33     10  443.6         443.6
   60.0  19458  -74.1                          30     10  444.6         444.6
   58.2  19635  -74.3                          62     11  448.1         448.1
   55.6  19904  -68.3                         110     13  467.7         467.7
   54.0  20079  -68.1                         140     14  472.1         472.1
   51.0  20421  -67.7                         135     21  480.9         480.9
   50.0  20540  -67.5                         120     18  484.0         484.0
   49.0  20662  -65.4                         100      6  491.8         491.8
   48.5  20724  -64.3                         124      6  495.8         495.8
   46.0  21047  -64.5                         250      9  502.9         502.9
   44.0  21318  -64.7                         225     16  508.9         508.9
   41.4  21689  -64.9                         222     10  517.3         517.3
   40.0  21900  -64.5                         220      6  523.4         523.4
   38.0  22214  -63.9                         170      7  532.8         532.8
   36.0  22546  -63.2                         190      7  542.7         542.7
   35.0  22718  -62.9                         245      5  548.0         548.0
   33.0  23079  -62.1                         220      7  559.2         559.2
   31.8  23306  -61.7                         236      8  566.4         566.4
   31.2  23424  -61.5                         244      8  570.0         570.0
   30.3  23607  -56.5                         256      9  588.4         588.4
   30.0  23670  -55.3                         260      9  593.3         593.3
   27.0  24337  -58.5                         270     11  602.6         602.6
   26.0  24575  -59.6                         300     17  605.9         605.9
   25.9  24600  -59.7                         300     17  606.2         606.2
   21.0  25922  -57.2                         280     24  651.1         651.1
   20.4  26104  -56.9                         277     21  657.5         657.5
   20.0  26230  -56.7                         275     19  661.9         661.9
   19.0  26553  -58.4                         270     15  666.4         666.4
   18.6  26687  -59.1                         260     14  668.2         668.2
   18.0  26894  -58.6                         245     13  676.0         676.0
   17.0  27254  -57.8                          75      4  689.9         689.9
   16.0  27636  -56.9                                     704.8         704.8
</PRE><H3>Station information and sounding indices</H3><PRE>
                         Station identifier: WIII
                             Station number: 96749
                           Observation time: 170118/0000
                           Station latitude: -6.11
                          Station longitude: 106.65
                          Station elevation: 8.0
                            Showalter index: 1.00
                               Lifted index: -0.87
    LIFT computed using virtual temperature: -1.35
                                SWEAT index: 245.80
                                    K index: 33.30
                         Cross totals index: 19.90
                      Vertical totals index: 22.70
                        Totals totals index: 42.60
      Convective Available Potential Energy: 195.82
             CAPE using virtual temperature: 254.19
                      Convective Inhibition: -75.83
             CINS using virtual temperature: -50.29
                           Equilibrum Level: 305.99
 Equilibrum Level using virtual temperature: 304.17
                   Level of Free Convection: 717.62
             LFCT using virtual temperature: 781.54
                     Bulk Richardson Number: 5.42
          Bulk Richardson Number using CAPV: 7.03
  Temp [K] of the Lifted Condensation Level: 293.66
Pres [hPa] of the Lifted Condensation Level: 948.09
   Equivalent potential temp [K] of the LCL: 345.70
     Mean mixed layer potential temperature: 298.18
              Mean mixed layer mixing ratio: 16.33
              1000 hPa to 500 hPa thickness: 5752.00
Precipitable water [mm] for entire sounding: 55.56
</PRE>
<P>Description of the 
<A HREF="/upperair/columns.html">data columns</A>
or <A HREF="/upperair/indices.html">sounding indices</A>.

<P>
<FORM>
<INPUT CLASS="button" TYPE="button" VALUE=" Close this window " 
 onClick="window.close();">
<INPUT CLASS="button" TYPE="button" VALUE=" Select another map " 
 onClick="window.blur();">
</FORM>
<HR SIZE="1">
<I>Interested in graduate studies in atmospheric science?
Check out our program at the
<a href="http://www.uwyo.edu/atsc/howtoapply/"
target=_top>University of Wyoming
</a></I>
<HR SIZE="1"><FONT SIZE="-1">
Questions about the weather data provided by this site can be
addressed to <A HREF="mailto:ldoolman@uwyo.edu">
Larry Oolman (ldoolman@uwyo.edu)</A></FONT>
<HR SIZE="1">
<SCRIPT TYPE="text/javascript">
<!--
window.focus();
// -->
</SCRIPT>
</BODY>
</HTML>
