2021-10-08 12
<HTML>
<TITLE>University of Wyoming - Radiosonde Data</TITLE>
<BODY BGCOLOR="white">
<H2>96749 WIII Jakarta Observations at 00Z 08 Oct 2021</H2>
<PRE>
-----------------------------------------------------------------------------
   PRES   HGHT   TEMP   DWPT   RELH   MIXR   DRCT   SKNT   THTA   THTE   THTV
    hPa     m      C      C      %    g/kg    deg   knot     K      K      K 
-----------------------------------------------------------------------------
 1009.0      8   23.4   22.1     92  16.91    220      2  295.8  344.6  298.8
 1000.0     89   24.0   20.7     82  15.63    185      6  297.1  342.5  299.9
  998.0    107   23.8   20.3     81  15.27    182      6  297.1  341.4  299.8
  989.0    186   25.0   19.0     69  14.19    169      6  299.1  340.7  301.6
  958.0    466   24.6   19.6     74  15.23    123      5  301.4  346.5  304.2
  943.0    604   23.6   18.7     74  14.61    100      5  301.8  345.1  304.4
  925.0    772   22.4   17.6     74  13.88     95      5  302.2  343.4  304.7
  912.0    895   21.2   17.1     77  13.66    125      4  302.2  342.8  304.7
  890.0   1106   19.2   16.3     83  13.27     89      4  302.2  341.7  304.6
  876.0   1243   18.2   14.4     78  11.91     65      3  302.6  338.1  304.8
  872.0   1282   18.2   12.2     68  10.34     58      3  303.0  333.9  304.9
  850.0   1501   18.6    1.6     32   5.08     20      3  305.6  321.4  306.6
  847.0   1531   19.0   -3.0     22   3.64     14      3  306.3  317.9  307.0
  838.0   1623   19.4   -9.6     13   2.21    355      4  307.7  315.0  308.1
  821.0   1798   17.9  -13.8     10   1.61    320      6  307.9  313.3  308.2
  813.0   1882   17.2  -15.8      9   1.38    327      5  308.0  312.7  308.3
  793.0   2094   15.5   -7.6     20   2.74    345      3  308.4  317.3  308.9
  785.0   2180   14.8   -4.2     27   3.58    352      4  308.6  320.1  309.2
  777.0   2266   14.2   -3.8     29   3.73    359      4  308.8  320.8  309.5
  771.0   2332   13.2    5.2     58   7.24      5      5  308.4  330.9  309.8
  765.0   2398   12.5    5.9     64   7.65     10      5  308.4  332.1  309.8
  762.0   2431   12.2    6.2     67   7.86      1      5  308.4  332.7  309.9
  760.0   2453   12.0    6.0     67   7.77    355      5  308.4  332.4  309.9
  750.0   2564   12.2   -1.8     38   4.49    326      5  309.8  324.1  310.6
  740.0   2676   12.0  -20.0      9   1.06    296      5  310.8  314.4  311.0
  738.0   2699   11.9  -21.0      8   0.98    290      5  310.9  314.3  311.1
  724.0   2859   11.0  -28.0      5   0.53    253      6  311.6  313.5  311.7
  712.0   2998   11.1  -32.9      3   0.34    220      6  313.2  314.5  313.3
  700.0   3140   11.2  -37.8      2   0.21    190      8  314.9  315.7  314.9
  687.0   3296   11.2  -37.8      2   0.22    170     12  316.6  317.4  316.6
  632.0   3986    7.6  -40.4      2   0.18    164     11  320.1  320.8  320.1
  593.0   4504    2.8  -18.4     19   1.53    160     10  320.4  325.7  320.7
  590.0   4545    2.4  -16.6     23   1.78    154     10  320.4  326.6  320.7
  566.0   4879    0.6  -22.4     16   1.13    103     13  322.1  326.1  322.3
  559.0   4979    0.0  -12.0     40   2.74     88     13  322.5  331.9  323.1
  551.0   5094   -1.0  -10.4     49   3.16     70     14  322.6  333.4  323.2
  534.0   5343   -3.3   -6.9     76   4.29     65     14  322.8  337.2  323.7
  514.0   5644   -5.7   -7.5     87   4.26     59     15  323.5  337.8  324.3
  500.0   5860   -6.5  -10.1     76   3.57     55     15  325.1  337.2  325.8
  487.0   6067   -6.1  -15.1     49   2.44     53     16  328.0  336.6  328.5
  464.0   6446   -8.7  -18.7     44   1.89     49     18  329.3  336.1  329.7
  446.0   6753  -10.7  -15.7     67   2.54     46     19  330.6  339.6  331.1
  438.0   6893  -11.5  -17.2     63   2.29     45     20  331.3  339.4  331.7
  434.0   6963  -11.9  -17.9     61   2.17     47     21  331.6  339.4  332.1
  432.0   6999  -12.1  -18.1     61   2.14     48     22  331.8  339.5  332.2
  425.0   7125  -11.5  -25.5     30   1.14     51     24  334.1  338.4  334.4
  424.0   7143  -11.5  -26.5     28   1.04     51     24  334.3  338.3  334.6
  414.0   7326  -12.3  -21.3     47   1.70     55     27  335.6  341.9  335.9
  404.0   7514  -13.2  -26.4     32   1.10     60     30  336.9  341.0  337.1
  400.0   7590  -13.5  -28.5     27   0.92     65     30  337.4  340.9  337.5
  394.0   7705  -14.3  -29.3     27   0.86     65     29  337.8  341.1  337.9
  389.0   7800  -15.0  -29.6     28   0.85     65     28  338.0  341.3  338.2
  374.0   8093  -17.3  -30.4     31   0.82     65     30  338.9  342.1  339.0
  359.0   8398  -19.7  -31.2     35   0.79     60     32  339.7  342.8  339.8
  345.0   8694  -22.0  -32.0     40   0.77     60     24  340.4  343.4  340.6
  336.0   8891  -23.5  -32.5     43   0.75     67     23  340.9  343.9  341.1
  304.0   9614  -28.6  -40.3     32   0.38     95     19  343.6  345.2  343.7
  300.0   9710  -29.3  -41.3     30   0.34     95     19  344.0  345.4  344.0
  299.0   9734  -29.5  -42.5     27   0.30     95     19  344.0  345.3  344.1
  268.0  10496  -36.2  -47.4     31   0.20    100     14  345.1  346.0  345.2
  250.0  10980  -40.5  -50.5     33   0.15     75     16  345.7  346.4  345.8
  236.0  11368  -44.3  -53.3     36   0.11     64     20  345.7  346.2  345.7
  214.0  12008  -49.7  -59.3     31   0.06     45     27  347.1  347.3  347.1
  200.0  12450  -53.5  -63.5     28   0.04     55     30  347.9  348.1  347.9
  181.0  13088  -58.9  -68.9     26   0.02     64     43  349.1  349.2  349.1
  178.0  13191  -59.6  -70.0     25   0.02     65     45  349.6  349.7  349.6
  169.0  13512  -61.9  -73.3     20   0.01     60     48  351.1  351.1  351.1
  154.0  14087  -66.0  -79.4     14   0.00     60     53  353.6  353.6  353.6
  150.0  14250  -67.1  -81.1     12   0.00     65     51  354.3  354.3  354.3
  139.0  14691  -69.8  -84.1     11   0.00     80     37  357.4  357.4  357.4
  113.0  15892  -77.0  -92.4      7   0.00    100     33  365.7  365.7  365.7
  107.0  16208  -78.9  -94.6      6   0.00     65     30  367.8  367.8  367.8
  102.0  16485  -80.6  -96.5      6   0.00     40     21  369.6  369.6  369.6
  100.0  16600  -81.3  -97.3      5   0.00     45     17  370.4  370.4  370.4
   97.0  16771  -82.4  -97.6      6   0.00     55     12  371.5  371.5  371.5
   96.2  16817  -82.7  -97.7      6   0.00     55     12  371.8  371.8  371.8
   95.5  16858  -80.1  -97.1      5   0.00     48     11  377.7  377.7  377.7
   92.0  17072  -78.1  -94.6      6   0.00     15      4  385.7  385.7  385.7
   89.0  17261  -76.3  -92.3      7   0.00    286      8  392.9  392.9  392.9
   87.0  17392  -76.3  -92.7      6   0.00    225     10  395.5  395.5  395.5
   83.0  17664  -76.3  -93.4      5   0.00    175     13  400.8  400.8  400.8
   78.3  18000  -76.3  -94.3      4   0.00    156      3  407.6  407.6  407.6
   78.0  18023  -76.2  -94.4      4   0.00    155      2  408.1  408.1  408.1
   74.0  18328  -75.4  -95.9      3   0.00    260      6  416.1  416.1  416.1
   70.0  18650  -74.5  -97.5      2   0.00    290      9  424.7  424.7  424.7
   64.3  19148  -71.5 -100.5      1   0.00    309     12  441.7  441.7  441.7
   64.0  19176  -71.5 -100.6      1   0.00    310     12  442.3  442.3  442.3
   61.0  19459  -71.5 -101.3      1   0.00    310      7  448.4  448.4  448.4
   58.0  19757  -71.5 -102.0      0   0.00    300     16  454.9  454.9  454.9
   56.3  19933  -71.5 -102.5      0   0.00    284     15  458.8  458.8  458.8
   52.0  20406  -69.1 -100.8      0   0.00    240     12  474.9  474.9  474.9
   50.0  20640  -67.9  -99.9      0   0.00    225      6  483.1  483.1  483.1
   48.2  20861  -65.5  -97.5      1   0.00    157      8  493.9  493.9  493.9
   47.0  21014  -65.6  -97.6      1   0.00    110      9  497.1  497.1  497.1
   45.0  21278  -65.8  -97.8      0   0.00    105     17  502.9  502.9  502.9
   42.5  21624  -66.1  -98.1      0   0.00     90     24  510.5  510.5  510.5
   41.0  21843  -65.3  -97.6      0   0.00     80     28  517.6  517.7  517.6
   39.0  22148  -64.3  -96.9      0   0.00     80     35  527.8  527.8  527.8
   37.3  22420  -63.3  -96.3      0   0.00     80     38  537.0  537.0  537.0
   37.0  22470  -62.8  -96.0      0   0.00     80     39  539.5  539.5  539.5
   34.0  22998  -57.9  -92.4      1   0.00     85     56  565.7  565.8  565.7
   33.0  23184  -56.1  -91.1      1   0.00     85     57  575.2  575.3  575.2
   30.0  23790  -55.5  -90.5      1   0.00     85     61  592.7  592.8  592.7
   28.7  24074  -53.9  -88.9      1   0.01     87     62  604.7  604.8  604.7
   26.8  24512  -55.5  -90.5      1   0.00     90     64  612.2  612.2  612.2
   24.9  24984  -52.3  -88.3      1   0.01     94     65  634.4  634.4  634.4
   23.2  25443  -51.5  -87.5      1   0.01     97     67  649.6  649.7  649.6
   22.0  25791  -48.9  -85.5      1   0.01    100     68  667.3  667.4  667.3
   21.2  26034  -47.1  -84.1      1   0.02     96     70  679.8  680.0  679.8
   21.0  26097  -47.0  -84.0      1   0.02     95     70  681.9  682.0  681.9
   20.0  26420  -46.7  -83.7      1   0.02     90     73  692.5  692.6  692.5
   18.1  27080  -47.9  -82.9      1   0.02     88     71  708.7  709.0  708.7
   16.1  27851  -48.3  -85.3      1   0.02     85     69  731.5  731.7  731.5
   16.0  27893  -48.1  -85.1      1   0.02     85     69  733.4  733.6  733.4
   15.0  28320  -46.3  -83.3      1   0.03     85     68  753.2  753.5  753.2
   14.7  28453  -45.7  -82.7      1   0.03     86     66  759.5  759.8  759.5
   12.0  29798  -47.4  -83.7      1   0.03     95     49  798.9  799.2  798.9
   11.0  30374  -48.1  -84.1      1   0.03                816.4  816.8  816.4
</PRE><H3>Station information and sounding indices</H3><PRE>
                         Station identifier: WIII
                             Station number: 96749
                           Observation time: 211008/0000
                           Station latitude: -6.11
                          Station longitude: 106.65
                          Station elevation: 8.0
                            Showalter index: 9.19
                               Lifted index: -0.91
    LIFT computed using virtual temperature: -1.16
                                SWEAT index: 40.18
                                    K index: -22.30
                         Cross totals index: 8.10
                      Vertical totals index: 25.10
                        Totals totals index: 33.20
      Convective Available Potential Energy: 23.05
             CAPE using virtual temperature: 41.20
                      Convective Inhibition: -331.26
             CINS using virtual temperature: -86.84
                           Equilibrum Level: 492.72
 Equilibrum Level using virtual temperature: 489.97
                   Level of Free Convection: 545.91
             LFCT using virtual temperature: 767.38
                     Bulk Richardson Number: 17.78
          Bulk Richardson Number using CAPV: 31.79
  Temp [K] of the Lifted Condensation Level: 291.78
Pres [hPa] of the Lifted Condensation Level: 915.17
   Equivalent potential temp [K] of the LCL: 343.19
     Mean mixed layer potential temperature: 299.29
              Mean mixed layer mixing ratio: 15.03
              1000 hPa to 500 hPa thickness: 5771.00
Precipitable water [mm] for entire sounding: 32.02
</PRE>
<P>Description of the 
<A HREF="/upperair/columns.html">data columns</A>
or <A HREF="/upperair/indices.html">sounding indices</A>.

<P>
<FORM>
<INPUT CLASS="button" TYPE="button" VALUE=" Close this window " 
 onClick="window.close();">
<INPUT CLASS="button" TYPE="button" VALUE=" Select another map " 
 onClick="window.blur();">
</FORM>
<HR SIZE="1">
<I>Interested in graduate studies in atmospheric science?
Check out our program at the
<a href="http://www.uwyo.edu/atsc/howtoapply/"
target=_top>University of Wyoming
</a></I>
<HR SIZE="1"><FONT SIZE="-1">
Questions about the weather data provided by this site can be
addressed to <A HREF="mailto:ldoolman@uwyo.edu">
Larry Oolman (ldoolman@uwyo.edu)</A></FONT>
<HR SIZE="1">
<SCRIPT TYPE="text/javascript">
<!--
window.focus();
// -->
</SCRIPT>
</BODY>
</HTML>
