2019-08-15 00
<HTML>
<TITLE>University of Wyoming - Radiosonde Data</TITLE>
<BODY BGCOLOR="white">
<H2>96749 WIII Jakarta Observations at 00Z 15 Aug 2019</H2>
<PRE>
-----------------------------------------------------------------------------
   PRES   HGHT   TEMP   DWPT   RELH   MIXR   DRCT   SKNT   THTA   THTE   THTV
    hPa     m      C      C      %    g/kg    deg   knot     K      K      K 
-----------------------------------------------------------------------------
 1013.0      8   25.2   20.3     74  15.04    180      1  297.2  340.9  299.9
 1000.0    122   25.2   20.2     74  15.14    150      6  298.4  342.6  301.1
  980.0    298   23.9   19.7     77  14.93    115      7  298.8  342.4  301.4
  947.0    596   21.7   18.7     83  14.58    100     13  299.5  342.2  302.1
  925.0    801   20.2   18.1     88  14.34    110      9  300.0  342.1  302.5
  918.0    867   19.8   17.8     88  14.17    117      8  300.2  341.9  302.8
  908.0    962   19.6   17.7     89  14.24    128      7  300.9  343.0  303.5
  883.0   1204   19.9   15.0     73  12.28    155      5  303.6  340.4  305.9
  874.0   1293   20.0   14.0     68  11.63    154      6  304.6  339.6  306.8
  850.0   1533   18.0   11.0     64   9.79    150      8  305.0  334.6  306.8
  824.0   1797   15.7   10.9     73  10.04    155      7  305.2  335.6  307.1
  791.0   2145   12.6   10.8     89  10.39    132      5  305.6  337.0  307.5
  768.0   2393   11.0    9.2     89   9.59    115      4  306.4  335.6  308.2
  757.0   2514   10.2    8.4     89   9.22     55      3  306.8  334.9  308.5
  740.0   2703    9.3    7.4     88   8.81    320      2  307.8  334.9  309.5
  738.0   2726    9.2    7.3     88   8.77    324      3  307.9  334.9  309.6
  736.0   2748    9.2    7.3     88   8.79    328      3  308.2  335.2  309.8
  733.0   2782    9.2    7.0     86   8.64    335      4  308.6  335.2  310.2
  730.0   2816   10.0    4.0     66   7.03    341      5  309.8  331.7  311.1
  724.0   2885   10.4   -0.6     46   5.08    354      8  311.0  327.1  311.9
  722.0   2908   10.6   -2.4     40   4.46    358      8  311.4  325.7  312.3
  714.0   3001   10.2   -2.4     41   4.51     15     11  312.0  326.5  312.9
  700.0   3166    9.6   -2.4     43   4.60     10     11  313.1  327.9  314.0
  696.0   3214    9.4   -1.6     46   4.91     12     10  313.4  329.2  314.3
  689.0   3298    9.5   -3.7     39   4.23     15      9  314.4  328.1  315.2
  674.0   3480    9.6   -8.4     27   3.02     39      8  316.5  326.6  317.1
  641.0   3890    6.5   -9.6     31   2.90     95      7  317.5  327.2  318.1
  618.0   4188    4.2  -10.4     34   2.81    175      4  318.2  327.7  318.8
  595.0   4497    1.8  -11.3     37   2.72    240      5  318.9  328.1  319.5
  578.0   4734    0.0  -12.0     40   2.65    236      5  319.5  328.5  320.0
  573.0   4803   -0.6  -12.0     42   2.66    235      5  319.6  328.6  320.1
  552.0   5100   -3.1  -12.2     49   2.73    310      7  320.1  329.3  320.6
  542.0   5245   -4.3  -12.3     54   2.76    338      9  320.3  329.6  320.8
  531.0   5407   -4.8  -13.6     50   2.54     10     12  321.5  330.2  322.0
  513.0   5678   -5.7  -15.7     45   2.21     27     11  323.6  331.3  324.1
  511.0   5709   -5.9  -15.9     45   2.18     29     11  323.8  331.4  324.2
  502.0   5849   -4.3  -25.3     18   0.98     38     10  327.4  331.0  327.6
  500.0   5880   -4.1  -26.1     16   0.91     40     10  328.0  331.4  328.2
  474.0   6290   -7.0  -30.2     14   0.66     80      3  329.5  332.0  329.6
  456.0   6587   -9.1  -33.3     12   0.51    230      2  330.5  332.5  330.6
  406.0   7478  -15.3  -42.3      8   0.23    181     12  333.6  334.5  333.6
  400.0   7590  -15.5  -47.5      5   0.13    175     13  334.8  335.3  334.8
  395.0   7685  -15.5  -47.5      5   0.13    168     13  336.0  336.5  336.0
  359.0   8391  -21.6  -49.7      6   0.11    115     11  337.1  337.6  337.1
  325.0   9126  -27.9  -51.9      8   0.10    100     17  338.1  338.6  338.1
  304.0   9605  -30.1  -58.2      5   0.05     90     21  341.6  341.8  341.6
  300.0   9700  -30.5  -59.5      4   0.04    100     19  342.3  342.5  342.3
  298.0   9747  -30.7  -58.7      5   0.05    103     18  342.6  342.9  342.7
  279.0  10206  -33.9  -60.4      5   0.04    135     11  344.6  344.8  344.6
  268.0  10486  -35.8  -61.4      5   0.04     90      7  345.8  346.0  345.8
  256.0  10805  -38.0  -62.5      6   0.03    120     16  347.1  347.3  347.1
  250.0  10970  -39.1  -63.1      6   0.03    125     18  347.8  347.9  347.8
  246.0  11080  -40.1  -63.1      7   0.03    125     19  347.9  348.1  347.9
  214.0  12002  -48.5                         125     25  349.1         349.1
  200.0  12450  -52.5                         115     29  349.5         349.5
  176.0  13263  -59.5                          88     36  351.0         351.0
  155.0  14043  -67.1                          61     44  351.0         351.0
  154.0  14082  -67.5                          60     44  351.0         351.0
  150.0  14240  -69.1                          60     45  350.9         350.9
  137.0  14776  -73.3                          65     46  352.7         352.7
  129.0  15126  -76.5                          68     46  353.0         353.0
  125.0  15306  -77.8                          70     46  353.8         353.8
  123.0  15399  -78.5                          72     43  354.2         354.2
  121.0  15492  -79.5                          73     39  354.1         354.1
  120.0  15539  -80.1                          74     38  353.8         353.8
  119.0  15586  -80.5                          75     36  353.9         353.9
  118.0  15634  -80.3                          80     35  355.1         355.1
  117.0  15683  -76.9                          85     35  362.3         362.3
  107.0  16188  -80.7                         140     28  364.5         364.5
  100.0  16570  -83.5                         145     31  366.2         366.2
   96.3  16778  -84.9                         140     28  367.4         367.4
   96.0  16796  -84.8                         140     28  368.0         368.0
   91.0  17095  -82.2                         130     19  378.6         378.6
   86.0  17411  -79.6                          90     11  390.1         390.1
   85.1  17470  -79.1                          66     12  392.3         392.3
   82.0  17684  -72.9                         340     16  409.2         409.2
   81.8  17698  -72.5                         337     16  410.3         410.3
   78.0  17979  -71.0                         280     16  419.0         419.0
   75.4  18179  -69.9                         261     22  425.4         425.4
   74.0  18290  -70.1                         250     25  427.2         427.2
   70.0  18620  -70.7                         260     28  432.8         432.8
   63.0  19241  -71.5                         275     34  444.3         444.3
   59.6  19568  -71.9                         274     34  450.5         450.5
   52.6  20305  -69.7                         271     33  471.9         471.9
   50.5  20550  -65.7                         270     33  486.9         486.9
   50.0  20610  -65.3                         270     33  489.2         489.2
   49.0  20732  -65.4                         270     33  491.7         491.7
   39.2  22085  -66.7                         266     26  520.9         520.9
   38.3  22225  -67.1                         266     25  523.3         523.3
   37.3  22386  -63.3                         265     24  537.0         537.0
   37.0  22435  -63.5                         265     24  537.8         537.8
   35.5  22689  -64.3                         261     19  542.1         542.1
   33.2  23102  -59.5                         256     12  565.2         565.2
   33.0  23140  -59.3                         255     11  566.7         566.7
   32.0  23334  -58.5                         210      4  573.9         573.9
   30.0  23740  -56.7                         355     10  589.5         589.5
   28.0  24179  -55.6                         310     16  604.1         604.1
   26.0  24651  -54.5                         270     21  620.3         620.3
   25.0  24901  -53.9                         263     20  629.0         629.0
   20.0  26320  -57.5                         220     16  659.4         659.4
   19.2  26577  -58.5                         192     10  664.1         664.1
   19.0  26643  -58.5                         185      9  666.2         666.2
   18.2  26913  -58.3                         117     18  674.9         674.9
   18.0  26984  -57.8                         100     20  678.6         678.6
   16.0  27734  -52.8                          70     26  718.3         718.3
   15.9  27774  -52.5                          71     27  720.4         720.4
   14.0  28596  -52.8                          90     39  746.0         746.0
   13.7  28735  -52.9                                     750.4         750.4
</PRE><H3>Station information and sounding indices</H3><PRE>
                         Station identifier: WIII
                             Station number: 96749
                           Observation time: 190815/0000
                           Station latitude: -6.11
                          Station longitude: 106.65
                          Station elevation: 8.0
                            Showalter index: 5.11
                               Lifted index: 1.88
    LIFT computed using virtual temperature: 1.24
                                SWEAT index: 158.01
                                    K index: 21.10
                         Cross totals index: 15.10
                      Vertical totals index: 22.10
                        Totals totals index: 37.20
      Convective Available Potential Energy: 65.49
             CAPE using virtual temperature: 104.87
                      Convective Inhibition: -87.89
             CINS using virtual temperature: -72.25
                           Equilibrum Level: 507.66
 Equilibrum Level using virtual temperature: 505.46
                   Level of Free Convection: 798.70
             LFCT using virtual temperature: 806.71
                     Bulk Richardson Number: 29.06
          Bulk Richardson Number using CAPV: 46.53
  Temp [K] of the Lifted Condensation Level: 291.87
Pres [hPa] of the Lifted Condensation Level: 923.74
   Equivalent potential temp [K] of the LCL: 342.20
     Mean mixed layer potential temperature: 298.58
              Mean mixed layer mixing ratio: 14.95
              1000 hPa to 500 hPa thickness: 5758.00
Precipitable water [mm] for entire sounding: 42.65
</PRE>
<P>Description of the 
<A HREF="/upperair/columns.html">data columns</A>
or <A HREF="/upperair/indices.html">sounding indices</A>.

<P>
<FORM>
<INPUT CLASS="button" TYPE="button" VALUE=" Close this window " 
 onClick="window.close();">
<INPUT CLASS="button" TYPE="button" VALUE=" Select another map " 
 onClick="window.blur();">
</FORM>
<HR SIZE="1">
<I>Interested in graduate studies in atmospheric science?
Check out our program at the
<a href="http://www.uwyo.edu/atsc/howtoapply/"
target=_top>University of Wyoming
</a></I>
<HR SIZE="1"><FONT SIZE="-1">
Questions about the weather data provided by this site can be
addressed to <A HREF="mailto:ldoolman@uwyo.edu">
Larry Oolman (ldoolman@uwyo.edu)</A></FONT>
<HR SIZE="1">
<SCRIPT TYPE="text/javascript">
<!--
window.focus();
// -->
</SCRIPT>
</BODY>
</HTML>
