2020-02-07 12
<HTML>
<TITLE>University of Wyoming - Radiosonde Data</TITLE>
<BODY BGCOLOR="white">
<H2>96749 WIII Jakarta Observations at 00Z 07 Feb 2020</H2>
<PRE>
-----------------------------------------------------------------------------
   PRES   HGHT   TEMP   DWPT   RELH   MIXR   DRCT   SKNT   THTA   THTE   THTV
    hPa     m      C      C      %    g/kg    deg   knot     K      K      K 
-----------------------------------------------------------------------------
 1009.0      8   25.0   24.0     94  19.04    210      2  297.4  352.7  300.8
 1000.0     91   25.2   24.0     93  19.21    255      6  298.4  354.5  301.8
  977.0    297   25.2   21.8     81  17.14    265      8  300.3  350.8  303.4
  970.0    361   25.2   21.1     78  16.53    265      8  301.0  349.8  303.9
  944.0    600   23.7   19.7     78  15.58    265      8  301.8  347.9  304.6
  925.0    779   22.6   18.7     79  14.90    280     11  302.4  346.7  305.1
  881.0   1200   19.6   17.0     85  14.01    295     11  303.5  345.4  306.1
  850.0   1509   17.4   15.7     90  13.37    290      9  304.4  344.4  306.8
  849.0   1519   17.4   15.8     90  13.48    289      9  304.5  344.9  306.9
  793.0   2103   16.1   12.3     78  11.43    250      3  309.1  344.1  311.2
  766.0   2400   15.4   10.5     72  10.49    215      4  311.4  343.9  313.4
  765.0   2411   15.4   10.4     72  10.46    215      4  311.5  343.9  313.5
  739.0   2704   13.7    8.7     72   9.63    210      3  312.7  342.8  314.5
  700.0   3162   11.0    6.0     71   8.45    270      5  314.6  341.3  316.2
  688.0   3304   10.2    5.4     72   8.24    270      5  315.3  341.4  316.9
  640.0   3895    6.8    2.9     76   7.41    295     10  318.0  341.8  319.4
  595.0   4492    3.3    0.3     81   6.63    285     14  320.6  342.3  321.9
  555.0   5062    0.0   -2.1     86   5.95    297     16  323.2  342.9  324.4
  532.0   5399   -2.1   -5.5     78   4.82    305     17  324.6  340.8  325.6
  523.0   5535   -2.9   -6.8     74   4.42    298     16  325.2  340.2  326.1
  500.0   5890   -5.3   -6.8     89   4.62    280     12  326.5  342.2  327.4
  498.0   5922   -5.5   -6.6     92   4.71    277     11  326.6  342.6  327.6
  493.0   6000   -6.0   -7.1     92   4.59    270     10  326.9  342.5  327.8
  428.0   7095  -13.5  -13.8     98   3.09    302      7  330.9  341.8  331.5
  425.0   7149  -12.5  -15.6     78   2.69    303      7  332.8  342.4  333.4
  422.0   7203  -12.8  -15.8     78   2.65    305      7  333.1  342.6  333.6
  406.0   7497  -14.6  -17.1     81   2.48     45      4  334.5  343.4  335.0
  400.0   7610  -15.3  -17.6     83   2.41     45      3  335.0  343.7  335.5
  390.0   7801  -16.1  -19.4     76   2.12    345      3  336.4  344.2  336.9
  377.0   8057  -17.1  -21.8     67   1.78    345      5  338.4  345.0  338.7
  360.0   8398  -19.9  -23.9     71   1.56    345      8  339.1  345.0  339.5
  346.0   8692  -22.2  -25.6     74   1.38      0      9  339.8  345.0  340.1
  332.0   8997  -24.7  -27.5     78   1.22    355     10  340.4  345.1  340.7
  331.0   9020  -24.9  -27.6     78   1.20    355     10  340.5  345.1  340.7
  318.0   9310  -26.4  -31.7     61   0.85    355      9  342.4  345.7  342.6
  315.0   9379  -26.7  -32.7     57   0.78    360      9  342.8  345.9  343.0
  305.0   9611  -28.4  -34.4     56   0.68     15      8  343.6  346.3  343.7
  300.0   9730  -29.3  -35.3     56   0.64     20      8  344.0  346.5  344.1
  278.0  10268  -33.7  -40.7     49   0.40     37      9  345.2  346.8  345.3
  252.0  10946  -39.9  -43.5     68   0.32     58     11  345.8  347.2  345.9
  250.0  11000  -40.5                          60     11  345.7         345.7
  236.0  11382  -43.7                          75     15  346.6         346.6
  200.0  12480  -52.9                          75     15  348.8         348.8
  187.0  12898  -56.5                          65     17  349.7         349.7
  179.0  13170  -58.9                          50     20  350.2         350.2
  150.0  14270  -68.5                          75     29  351.9         351.9
  147.0  14388  -69.6                          75     31  352.1         352.1
  129.0  15152  -76.5                          77     45  353.0         353.0
  113.0  15895  -81.0                          80     60  358.3         358.3
  100.0  16580  -85.1                          90     66  363.1         363.1
   98.6  16658  -85.5                          90     67  363.8         363.8
   96.0  16805  -85.1                          90     66  367.4         367.4
   92.5  17010  -84.5                          82     50  372.4         372.4
   90.6  17126  -80.5                          77     42  382.6         382.6
   86.0  17421  -80.3                          65     20  388.6         388.6
   82.0  17691  -80.2                          20      9  394.3         394.3
   79.3  17880  -80.1                          40      8  398.3         398.3
   78.0  17975  -79.1                          50      8  402.2         402.2
   74.0  18278  -75.8                           0      9  415.2         415.2
   72.4  18403  -74.5                         338      9  420.6         420.6
   70.0  18600  -73.7                         305     10  426.4         426.4
   67.0  18858  -72.5                         240      4  434.3         434.3
   63.6  19164  -71.1                         227      6  443.9         443.9
   63.0  19220  -71.3                         225      6  444.8         444.8
   60.0  19507  -72.2                         280      9  449.1         449.1
   57.0  19809  -73.1                         285     12  453.6         453.6
   56.9  19820  -73.1                         286     12  453.8         453.8
   54.0  20127  -72.5                         320      6  461.9         461.9
   50.0  20580  -71.7                         180      9  474.1         474.1
   49.0  20699  -71.7                         140     13  476.8         476.8
   44.4  21280  -71.9                         102     28  490.0         490.0
   42.0  21614  -68.3                          80     36  506.8         506.8
   39.0  22060  -63.5                          88     30  529.7         529.7
   36.8  22418  -60.7                          95     26  545.8         545.8
   35.0  22730  -60.5                         100     22  554.0         554.0
   33.0  23097  -60.4                          80     10  563.9         563.9
   30.0  23690  -60.1                         130     14  580.2         580.2
   27.1  24322  -59.7                         110     35  598.4         598.4
   25.0  24830  -57.0                          95     52  620.1         620.1
   23.6  25192  -55.1                          85     45  636.0         636.0
   21.0  25931  -56.5                          65     31  653.3         653.3
   20.0  26240  -57.1                          70     34  660.6         660.6
   16.0  27684  -53.1                          85     58  717.3         717.3
   12.0  29545  -47.9                          95     75  797.1         797.1
   11.7  29709  -47.4                          95     75  804.5         804.5
   11.5  29821  -47.1                                     809.6         809.6
</PRE><H3>Station information and sounding indices</H3><PRE>
                         Station identifier: WIII
                             Station number: 96749
                           Observation time: 200207/0000
                           Station latitude: -6.11
                          Station longitude: 106.65
                          Station elevation: 8.0
                            Showalter index: -0.17
                               Lifted index: -2.71
    LIFT computed using virtual temperature: -3.00
                                SWEAT index: 218.39
                                    K index: 33.40
                         Cross totals index: 21.00
                      Vertical totals index: 22.70
                        Totals totals index: 43.70
      Convective Available Potential Energy: 728.65
             CAPE using virtual temperature: 812.33
                      Convective Inhibition: -31.66
             CINS using virtual temperature: -22.37
                           Equilibrum Level: 164.83
 Equilibrum Level using virtual temperature: 163.28
                   Level of Free Convection: 867.82
             LFCT using virtual temperature: 880.66
                     Bulk Richardson Number: 529.13
          Bulk Richardson Number using CAPV: 589.90
  Temp [K] of the Lifted Condensation Level: 294.72
Pres [hPa] of the Lifted Condensation Level: 941.91
   Equivalent potential temp [K] of the LCL: 351.32
     Mean mixed layer potential temperature: 299.82
              Mean mixed layer mixing ratio: 17.59
              1000 hPa to 500 hPa thickness: 5799.00
Precipitable water [mm] for entire sounding: 60.54
</PRE>
<P>Description of the 
<A HREF="/upperair/columns.html">data columns</A>
or <A HREF="/upperair/indices.html">sounding indices</A>.

<P>
<FORM>
<INPUT CLASS="button" TYPE="button" VALUE=" Close this window " 
 onClick="window.close();">
<INPUT CLASS="button" TYPE="button" VALUE=" Select another map " 
 onClick="window.blur();">
</FORM>
<HR SIZE="1">
<I>Interested in graduate studies in atmospheric science?
Check out our program at the
<a href="http://www.uwyo.edu/atsc/howtoapply/"
target=_top>University of Wyoming
</a></I>
<HR SIZE="1"><FONT SIZE="-1">
Questions about the weather data provided by this site can be
addressed to <A HREF="mailto:ldoolman@uwyo.edu">
Larry Oolman (ldoolman@uwyo.edu)</A></FONT>
<HR SIZE="1">
<SCRIPT TYPE="text/javascript">
<!--
window.focus();
// -->
</SCRIPT>
</BODY>
</HTML>
