2018-02-06 12
<HTML>
<TITLE>University of Wyoming - Radiosonde Data</TITLE>
<BODY BGCOLOR="white">
<H2>96749 WIII Jakarta Observations at 00Z 06 Feb 2018</H2>
<PRE>
-----------------------------------------------------------------------------
   PRES   HGHT   TEMP   DWPT   RELH   MIXR   DRCT   SKNT   THTA   THTE   THTV
    hPa     m      C      C      %    g/kg    deg   knot     K      K      K 
-----------------------------------------------------------------------------
 1011.0      8   23.8   22.4     92  17.20    170      4  296.0  345.7  299.1
 1000.0    108   23.8   20.7     83  15.63    190      6  296.9  342.3  299.7
  945.0    601   20.9   19.2     90  15.10    300     14  298.8  343.0  301.5
  925.0    787   19.8   18.7     93  14.90    305     19  299.6  343.2  302.2
  850.0   1510   15.6   15.0     96  12.77    300     20  302.5  340.5  304.8
  822.0   1793   14.1   13.4     96  11.92    285     15  303.8  339.5  306.0
  780.0   2237   11.8   11.0     95  10.68    275     15  305.9  338.2  307.9
  740.0   2677    9.2    6.8     85   8.44    266     15  307.7  333.6  309.3
  738.0   2699    9.2    6.7     85   8.43    265     15  307.9  333.8  309.5
  700.0   3138    8.2    5.5     83   8.16    275     13  311.5  337.0  313.1
  686.0   3305    8.4    3.5     72   7.25    275     15  313.5  336.5  314.9
  685.0   3317    8.4    3.4     71   7.18    275     15  313.7  336.4  315.1
  638.0   3896    5.0    0.7     74   6.35    255     12  316.3  336.7  317.5
  574.0   4757    0.0   -3.3     78   5.25    259     16  320.1  337.4  321.1
  550.0   5097   -2.5   -5.0     84   4.84    260     17  321.0  337.0  321.9
  545.0   5170   -3.1   -5.3     85   4.76    257     16  321.2  337.0  322.1
  529.0   5406   -2.9   -7.7     69   4.07    248     14  324.2  337.9  325.0
  500.0   5850   -6.1   -9.7     76   3.68    230      9  325.5  338.1  326.3
  491.0   5992   -7.3  -10.1     81   3.65    225      8  325.8  338.2  326.5
  482.0   6136   -8.5  -10.4     86   3.61    192      8  326.0  338.4  326.7
  472.0   6300   -8.5  -12.2     74   3.18    155      9  328.0  339.0  328.6
  469.0   6349   -8.5  -12.8     71   3.06    151      9  328.6  339.2  329.2
  457.0   6550   -9.9  -11.9     85   3.38    134     10  329.3  341.0  329.9
  454.0   6601  -10.2  -12.5     83   3.24    130     10  329.6  340.9  330.2
  432.0   6983  -12.1  -17.1     66   2.33    130     12  331.8  340.1  332.3
  428.0   7055  -11.9  -25.9     30   1.09    130     13  332.9  337.0  333.1
  423.0   7145  -12.3  -32.3     17   0.60    130     13  333.5  335.9  333.7
  404.0   7495  -14.9  -35.9     15   0.44    130     15  334.6  336.4  334.7
  400.0   7570  -15.5  -34.5     18   0.52    130     15  334.8  336.8  334.9
  373.0   8094  -19.7  -24.5     66   1.42    150     13  335.9  341.2  336.2
  372.0   8114  -19.9  -24.1     69   1.47    149     13  335.9  341.4  336.2
  356.0   8439  -21.9  -23.7     85   1.60    139     11  337.5  343.4  337.8
  330.0   8991  -25.6  -27.7     83   1.20    120      9  339.8  344.4  340.1
  312.0   9400  -28.3  -30.6     81   0.96     81      6  341.5  345.3  341.7
  303.0   9609  -29.9  -32.3     80   0.84     60      4  342.1  345.4  342.3
  300.0   9680  -30.5  -32.9     79   0.80     60      4  342.3  345.4  342.4
  267.0  10487  -37.2  -40.4     73   0.43     65      7  344.0  345.8  344.1
  255.0  10806  -39.9  -43.3     70   0.33     82     11  344.6  346.0  344.7
  250.0  10940  -41.3                          90     12  344.5         344.5
  244.0  11102  -42.5                          95     13  345.1         345.1
  204.0  12298  -51.7                          90     26  348.8         348.8
  200.0  12430  -52.7                          90     25  349.1         349.1
  195.0  12588  -54.0                          85     20  349.6         349.6
  186.0  12882  -56.4                          50     15  350.4         350.4
  169.0  13478  -61.4                          35     12  352.0         352.0
  161.0  13780  -63.9                          10      9  352.7         352.7
  153.0  14097  -66.5                          15      7  353.4         353.4
  150.0  14220  -67.5                          40      7  353.6         353.6
  146.0  14382  -68.7                          70     10  354.3         354.3
  138.0  14713  -71.0                          70     12  355.9         355.9
  125.0  15293  -75.2                           5      5  358.6         358.6
  124.0  15341  -75.5                         356      6  358.9         358.9
  119.0  15576  -76.2                         310      9  361.8         361.8
  107.0  16183  -78.1                         235     14  369.4         369.4
  100.0  16570  -79.3                         290      6  374.3         374.3
   96.0  16799  -80.7                         325      8  375.9         375.9
   91.0  17098  -82.5                          15      8  378.1         378.1
   86.0  17415  -84.4                          35     11  380.4         380.4
   82.0  17682  -86.1                          75      7  382.3         382.3
   81.9  17689  -86.1                          75      7  382.3         382.3
   78.0  17959  -83.5                           5      9  393.1         393.1
   77.7  17981  -83.3                         358      9  393.9         393.9
   75.5  18144  -76.7                         309     13  411.0         411.0
   74.0  18260  -76.9                         275     15  412.9         412.9
   70.0  18580  -77.5                         250     13  418.3         418.3
   66.0  18916  -78.1                         180      8  424.0         424.0
   63.0  19181  -78.6                         145     15  428.5         428.5
   60.4  19422  -79.1                         145     13  432.7         432.7
   60.0  19460  -79.1                         145     13  433.6         433.6
   56.7  19781  -78.9                         102     17  441.0         441.0
   54.0  20064  -76.1                          65     20  453.7         453.7
   51.0  20395  -72.8                          50     22  468.8         468.8
   50.0  20510  -71.7                          50     22  474.1         474.1
   49.5  20570  -70.3                          55     22  478.8         478.8
   46.0  21010  -68.4                          90     21  493.5         493.5
   42.0  21556  -66.0                          75     24  512.4         512.4
   41.8  21585  -65.9                          76     25  513.4         513.4
   38.0  22162  -66.8                          95     36  525.3         525.3
   37.6  22226  -66.9                          95     37  526.6         526.6
   33.0  23022  -62.7                          90     51  557.7         557.7
   31.3  23352  -58.1                          96     52  578.6         578.6
   30.0  23620  -56.5                         100     53  590.0         590.0
   27.0  24290  -55.8                          90     61  610.0         610.0
   26.9  24313  -55.8                          90     61  610.7         610.7
   25.8  24579  -55.5                                     618.8         618.8
</PRE><H3>Station information and sounding indices</H3><PRE>
                         Station identifier: WIII
                             Station number: 96749
                           Observation time: 180206/0000
                           Station latitude: -6.11
                          Station longitude: 106.65
                          Station elevation: 8.0
                            Showalter index: 0.60
                               Lifted index: -0.33
    LIFT computed using virtual temperature: -0.55
                                SWEAT index: 229.01
                                    K index: 34.00
                         Cross totals index: 21.10
                      Vertical totals index: 21.70
                        Totals totals index: 42.80
      Convective Available Potential Energy: 70.51
             CAPE using virtual temperature: 104.86
                      Convective Inhibition: -18.52
             CINS using virtual temperature: -16.68
                           Equilibrum Level: 471.42
 Equilibrum Level using virtual temperature: 455.10
                   Level of Free Convection: 864.18
             LFCT using virtual temperature: 870.31
                     Bulk Richardson Number: 6.51
          Bulk Richardson Number using CAPV: 9.68
  Temp [K] of the Lifted Condensation Level: 292.96
Pres [hPa] of the Lifted Condensation Level: 948.10
   Equivalent potential temp [K] of the LCL: 342.77
     Mean mixed layer potential temperature: 297.48
              Mean mixed layer mixing ratio: 15.61
              1000 hPa to 500 hPa thickness: 5742.00
Precipitable water [mm] for entire sounding: 55.23
</PRE>
<P>Description of the 
<A HREF="/upperair/columns.html">data columns</A>
or <A HREF="/upperair/indices.html">sounding indices</A>.

<P>
<FORM>
<INPUT CLASS="button" TYPE="button" VALUE=" Close this window " 
 onClick="window.close();">
<INPUT CLASS="button" TYPE="button" VALUE=" Select another map " 
 onClick="window.blur();">
</FORM>
<HR SIZE="1">
<I>Interested in graduate studies in atmospheric science?
Check out our program at the
<a href="http://www.uwyo.edu/atsc/howtoapply/"
target=_top>University of Wyoming
</a></I>
<HR SIZE="1"><FONT SIZE="-1">
Questions about the weather data provided by this site can be
addressed to <A HREF="mailto:ldoolman@uwyo.edu">
Larry Oolman (ldoolman@uwyo.edu)</A></FONT>
<HR SIZE="1">
<SCRIPT TYPE="text/javascript">
<!--
window.focus();
// -->
</SCRIPT>
</BODY>
</HTML>
