2020-07-28 00
<HTML>
<TITLE>University of Wyoming - Radiosonde Data</TITLE>
<BODY BGCOLOR="white">
<H2>96749 WIII Jakarta Observations at 00Z 28 Jul 2020</H2>
<PRE>
-----------------------------------------------------------------------------
   PRES   HGHT   TEMP   DWPT   RELH   MIXR   DRCT   SKNT   THTA   THTE   THTV
    hPa     m      C      C      %    g/kg    deg   knot     K      K      K 
-----------------------------------------------------------------------------
 1009.0      8   24.0   20.9     83  15.68    245      7  296.4  341.8  299.2
 1000.0     87   24.6   20.7     79  15.63    175      7  297.8  343.2  300.5
  992.0    158   24.8   20.7     78  15.76    165      6  298.6  344.7  301.4
  976.0    300   24.8   19.3     71  14.62    145      3  300.0  343.0  302.6
  971.0    346   24.8   18.8     69  14.27    144      3  300.5  342.5  303.0
  943.0    601   22.6   18.1     76  14.09    135      2  300.7  342.3  303.2
  929.0    732   21.4   17.8     80  14.00    158      4  300.8  342.1  303.3
  925.0    769   21.2   17.7     80  13.97    165      4  301.0  342.2  303.5
  911.0    901   20.5   16.7     79  13.31    175      6  301.6  341.0  304.0
  880.0   1201   18.8   14.5     76  11.90    140      5  302.9  338.4  305.0
  850.0   1501   17.2   12.2     72  10.61    130      9  304.1  336.1  306.1
  844.0   1561   16.8   10.8     68   9.73    128      9  304.4  333.7  306.1
  826.0   1745   16.2    9.2     63   8.92    123     10  305.6  332.7  307.2
  825.0   1755   16.2    9.2     63   8.93    123     10  305.7  332.9  307.3
  805.0   1964   17.2   -2.8     25   3.88    117     11  308.9  321.3  309.6
  780.0   2232   16.6   -1.4     29   4.45    110     13  311.1  325.3  311.9
  735.0   2734   13.4   -8.6     21   2.73     96     15  312.9  321.9  313.4
  713.0   2988   11.4   -8.6     24   2.81     89     16  313.4  322.7  314.0
  700.0   3141   10.4   -1.6     43   4.89     85     17  314.0  329.7  314.9
  698.0   3165   10.4    2.4     58   6.56     84     17  314.2  335.1  315.5
  663.0   3592    8.3   -3.6     43   4.44     75     21  316.6  331.1  317.4
  654.0   3705    7.8   -5.2     39   3.99     77     19  317.2  330.4  318.0
  635.0   3948    6.2    0.2     65   6.15     83     15  318.1  338.0  319.2
  599.0   4425    3.4   -6.6     48   3.91     93      7  320.2  333.2  320.9
  593.0   4506    2.8   -3.2     65   5.12     95      6  320.4  337.3  321.4
  572.0   4797    0.9   -4.4     68   4.85     55      6  321.5  337.6  322.4
  562.0   4940    0.0   -5.0     69   4.72     53      6  322.0  337.7  323.0
  551.0   5098   -0.3   -6.4     63   4.31     50      5  323.5  338.0  324.4
  543.0   5215   -0.5   -7.5     59   4.03     44      5  324.6  338.3  325.4
  511.0   5697   -4.2   -9.7     65   3.60     20      6  325.8  338.2  326.6
  500.0   5870   -5.5  -10.5     68   3.46      5      4  326.3  338.1  326.9
  492.0   5995   -6.5  -10.9     71   3.39    345      3  326.5  338.2  327.2
  473.0   6301   -9.0  -12.0     78   3.23    340      2  327.2  338.4  327.8
  460.0   6517  -10.7  -12.8     85   3.12      5      5  327.6  338.5  328.3
  455.0   6600  -11.4  -13.0     88   3.11     15      6  327.8  338.6  328.4
  450.0   6685  -12.1  -13.2     92   3.09     14      7  327.9  338.7  328.6
  445.0   6770  -12.3  -13.3     92   3.10     14      8  328.8  339.5  329.4
  442.0   6822  -12.3  -15.1     80   2.69     13      9  329.4  338.9  329.9
  433.0   6979  -12.1  -19.1     56   1.96     12     11  331.6  338.7  332.0
  423.0   7157  -13.3  -21.3     51   1.66     10     14  332.3  338.3  332.6
  421.0   7193  -13.4  -23.2     43   1.41     10     14  332.6  337.7  332.8
  410.0   7394  -14.1  -34.1     17   0.52    354     10  334.2  336.3  334.3
  404.0   7505  -14.8  -36.6     14   0.41    345      8  334.7  336.3  334.8
  400.0   7580  -15.3  -38.3     12   0.35    355      8  335.0  336.4  335.1
  389.0   7790  -16.9  -36.6     16   0.43     15     12  335.6  337.4  335.7
  374.0   8085  -19.1  -34.1     25   0.57     15     16  336.5  338.7  336.6
  373.0   8105  -19.1  -34.9     23   0.53     15     16  336.7  338.8  336.8
  359.0   8390  -19.6  -47.0      7   0.16    355     11  339.7  340.4  339.8
  357.0   8432  -19.7  -48.7      6   0.13    346     11  340.2  340.7  340.2
  344.0   8702  -21.9  -48.1      7   0.14    285      8  340.9  341.5  340.9
  330.0   9005  -24.3  -47.4     10   0.16    310      6  341.6  342.3  341.6
  317.0   9298  -26.7  -46.8     13   0.18    355      9  342.2  343.0  342.3
  304.0   9603  -29.1  -46.1     18   0.20     20     15  342.9  343.8  343.0
  300.0   9700  -29.9  -45.9     20   0.21     20     15  343.1  344.0  343.2
  265.0  10570  -37.1  -47.1     35   0.21     30     22  345.0  345.9  345.0
  252.0  10916  -39.9  -50.9     30   0.14     34     25  345.8  346.4  345.9
  250.0  10970  -40.5                          35     25  345.7         345.7
  214.0  12001  -49.4                          30     21  347.6         347.6
  200.0  12450  -53.3                          25     16  348.2         348.2
  178.0  13175  -59.5                          15     19  349.8         349.8
  169.0  13498  -62.3                           0     20  350.4         350.4
  150.0  14240  -68.7                         345     12  351.6         351.6
  139.0  14690  -72.4                         350      8  352.8         352.8
  137.0  14776  -73.1                         354      8  353.0         353.0
  132.0  14991  -75.0                           5      7  353.3         353.3
  125.0  15306  -77.9                          55      7  353.7         353.7
  113.0  15877  -79.2                          30     32  361.7         361.7
  107.0  16187  -79.8                          25     26  366.1         366.1
  100.0  16570  -80.7                          65     23  371.6         371.6
   96.0  16802  -80.1                          75     32  377.1         377.1
   92.0  17044  -79.5                          84     31  382.9         382.9
   90.4  17145  -76.7                          87     31  390.4         390.4
   87.0  17367  -76.8                          95     30  394.5         394.5
   82.6  17667  -76.9                          86     30  400.2         400.2
   82.0  17710  -76.6                          85     30  401.6         401.6
   74.0  18311  -72.5                         120     24  422.1         422.1
   72.8  18406  -71.9                         117     25  425.4         425.4
   70.0  18640  -69.9                         110     26  434.5         434.5
   67.0  18905  -65.1                         105     19  450.3         450.3
   66.5  18950  -64.3                         107     19  453.1         453.1
   64.0  19183  -65.0                         115     21  456.5         456.5
   58.0  19781  -66.8                          90     26  465.5         465.5
   56.4  19951  -67.3                          90     26  468.1         468.1
   50.0  20680  -65.9                          90     24  487.8         487.8
   46.2  21158  -66.1                          86     25  498.4         498.4
   45.0  21319  -64.3                          85     25  506.6         506.6
   43.1  21582  -61.3                         104     16  520.2         520.2
   43.0  21597  -61.3                         105     15  520.6         520.6
   41.0  21892  -61.0                         145     13  528.4         528.4
   39.0  22202  -60.7                         100     10  536.8         536.8
   37.0  22528  -60.4                         330      6  545.8         545.8
   36.5  22612  -60.3                         312      8  548.1         548.1
   35.0  22875  -57.9                         255     13  561.0         561.0
   34.9  22893  -57.7                         255     13  561.9         561.9
   32.1  23416  -59.3                         255     18  571.2         571.2
   32.0  23436  -59.2                         255     18  571.9         571.9
   31.0  23635  -58.6                         230     11  578.9         578.9
   30.0  23840  -57.9                         200      7  586.2         586.2
   29.0  24055  -57.3                         145      7  593.6         593.6
   28.0  24277  -56.6                         135      9  601.5         601.5
   26.1  24722  -55.3                          95      7  617.4         617.4
   25.0  24995  -55.8                          70      6  623.6         623.6
   24.0  25253  -56.2                          55      5  629.6         629.6
   23.0  25523  -56.7                           0      6  636.0         636.0
   22.0  25805  -57.2                          50      5  642.6         642.6
   21.8  25863  -57.3                          46      5  644.0         644.0
   21.0  26100  -56.1                          30      7  654.6         654.6
   20.0  26410  -54.5                          40     12  668.6         668.6
   19.7  26507  -52.9                          25     11  676.4         676.4
   19.0  26740  -53.1                         350      8  682.9         682.9
   18.0  27088  -53.4                          55      3  692.6         692.6
   17.5  27269  -53.5                          77      6  697.8         697.8
   17.0  27457  -52.5                         100      9  706.9         706.9
   16.1  27809  -50.5                                     724.4         724.4
</PRE><H3>Station information and sounding indices</H3><PRE>
                         Station identifier: WIII
                             Station number: 96749
                           Observation time: 200728/0000
                           Station latitude: -6.11
                          Station longitude: 106.65
                          Station elevation: 8.0
                            Showalter index: 3.06
                               Lifted index: 0.16
    LIFT computed using virtual temperature: -0.09
                                SWEAT index: 168.39
                                    K index: 22.90
                         Cross totals index: 17.70
                      Vertical totals index: 22.70
                        Totals totals index: 40.40
      Convective Available Potential Energy: 27.91
             CAPE using virtual temperature: 34.81
                      Convective Inhibition: -334.33
             CINS using virtual temperature: -213.32
                           Equilibrum Level: 435.82
 Equilibrum Level using virtual temperature: 434.21
                   Level of Free Convection: 494.49
             LFCT using virtual temperature: 502.37
                     Bulk Richardson Number: 3.69
          Bulk Richardson Number using CAPV: 4.60
  Temp [K] of the Lifted Condensation Level: 291.70
Pres [hPa] of the Lifted Condensation Level: 914.38
   Equivalent potential temp [K] of the LCL: 343.00
     Mean mixed layer potential temperature: 299.27
              Mean mixed layer mixing ratio: 14.96
              1000 hPa to 500 hPa thickness: 5783.00
Precipitable water [mm] for entire sounding: 41.98
</PRE>
<P>Description of the 
<A HREF="/upperair/columns.html">data columns</A>
or <A HREF="/upperair/indices.html">sounding indices</A>.

<P>
<FORM>
<INPUT CLASS="button" TYPE="button" VALUE=" Close this window " 
 onClick="window.close();">
<INPUT CLASS="button" TYPE="button" VALUE=" Select another map " 
 onClick="window.blur();">
</FORM>
<HR SIZE="1">
<I>Interested in graduate studies in atmospheric science?
Check out our program at the
<a href="http://www.uwyo.edu/atsc/howtoapply/"
target=_top>University of Wyoming
</a></I>
<HR SIZE="1"><FONT SIZE="-1">
Questions about the weather data provided by this site can be
addressed to <A HREF="mailto:ldoolman@uwyo.edu">
Larry Oolman (ldoolman@uwyo.edu)</A></FONT>
<HR SIZE="1">
<SCRIPT TYPE="text/javascript">
<!--
window.focus();
// -->
</SCRIPT>
</BODY>
</HTML>
