2018-11-06 12
<HTML>
<TITLE>University of Wyoming - Radiosonde Data</TITLE>
<BODY BGCOLOR="white">
<H2>96749 WIII Jakarta Observations at 00Z 06 Nov 2018</H2>
<PRE>
-----------------------------------------------------------------------------
   PRES   HGHT   TEMP   DWPT   RELH   MIXR   DRCT   SKNT   THTA   THTE   THTV
    hPa     m      C      C      %    g/kg    deg   knot     K      K      K 
-----------------------------------------------------------------------------
 1010.0      8   25.8   23.6     88  18.55    200      2  298.1  352.2  301.4
 1000.0     89   25.2   22.1     83  17.07    180      8  298.4  348.2  301.4
  982.0    250   26.4   20.4     70  15.62    176     10  301.1  347.3  303.9
  977.0    295   26.1   20.2     70  15.53    175     10  301.3  347.2  304.1
  944.0    599   24.4   19.1     72  14.95    165      2  302.5  347.0  305.2
  925.0    779   23.4   18.4     74  14.62    245      1  303.2  346.8  305.9
  912.0    903   22.4   17.8     75  14.22    230      1  303.4  345.9  306.0
  882.0   1196   20.0   16.2     79  13.32    175      2  303.9  343.8  306.3
  874.0   1276   19.4   15.8     80  13.09    174      2  304.0  343.2  306.4
  852.0   1498   18.5   15.8     84  13.43    170      3  305.3  345.7  307.8
  850.0   1518   18.4   15.8     85  13.46    170      3  305.4  345.9  307.9
  794.0   2098   15.2   12.6     84  11.67    125      5  308.0  343.6  310.2
  750.0   2583   12.6    9.9     84  10.31    145      7  310.2  342.1  312.1
  740.0   2696   12.1    8.8     80   9.71    150      8  310.9  340.9  312.7
  720.0   2926   11.0    6.6     74   8.56    143      9  312.1  338.9  313.7
  711.0   3031   10.8    2.8     58   6.63    139     10  313.0  334.0  314.3
  708.0   3066   10.6    0.6     50   5.68    138     10  313.2  331.3  314.2
  703.0   3125   10.0    5.0     71   7.84    136     11  313.1  337.8  314.6
  700.0   3161    9.6    5.7     77   8.27    135     11  313.1  339.1  314.6
  675.0   3463    8.6   -0.4     53   5.54    126     10  315.2  333.1  316.3
  662.0   3623    7.6   -2.4     49   4.87    122     10  315.9  331.7  316.8
  653.0   3736    6.6    1.6     70   6.62    118     10  316.0  337.2  317.2
  643.0   3863    6.4   -5.6     42   3.94    115     10  317.1  330.1  317.9
  630.0   4030    5.6   -2.4     56   5.12    110      9  318.1  334.8  319.1
  617.0   4200    4.8   -6.5     44   3.84    105      9  319.1  331.8  319.8
  614.0   4240    4.6   -7.4     41   3.59    103      9  319.3  331.3  320.0
  573.0   4798    0.8   -4.3     69   4.87     70     10  321.2  337.3  322.1
  565.0   4912    0.0   -3.7     76   5.18     71     10  321.6  338.7  322.6
  512.0   5694   -5.3   -6.5     91   4.62     75     10  324.3  339.8  325.2
  500.0   5880   -6.3   -8.1     87   4.18     65     11  325.3  339.4  326.1
  474.0   6298   -8.5  -10.1     88   3.75     50     13  327.6  340.5  328.3
  467.0   6414   -9.1  -10.7     88   3.64     58     12  328.2  340.8  328.9
  455.0   6617   -9.9  -12.5     81   3.24     73     10  329.7  340.9  330.3
  446.0   6772  -10.3  -16.3     61   2.41     85      9  331.1  339.6  331.5
  445.0   6789  -10.3  -16.3     61   2.42     86      9  331.3  339.9  331.8
  443.0   6824   -9.9  -20.9     40   1.64     89      9  332.2  338.2  332.5
  438.0   6912  -10.1  -21.1     40   1.64     95      8  333.1  339.1  333.4
  437.0   6930  -10.1  -21.1     40   1.64     95      8  333.2  339.2  333.6
  431.0   7037  -10.5  -25.5     28   1.12     93     10  334.1  338.3  334.3
  418.0   7273  -11.9  -22.9     40   1.46     89     13  335.2  340.6  335.5
  405.0   7515  -13.3  -25.1     37   1.24     85     16  336.4  341.1  336.6
  400.0   7610  -13.9  -25.9     36   1.16     75     17  336.8  341.2  337.1
  376.0   8075  -17.7  -25.7     50   1.26     56     22  337.8  342.6  338.1
  375.0   8095  -17.8  -26.0     49   1.23     55     22  337.9  342.6  338.2
  353.0   8543  -20.5  -32.5     33   0.71     54     23  340.2  343.0  340.3
  313.0   9417  -27.5  -38.5     34   0.44     51     24  342.3  344.1  342.4
  300.0   9720  -29.9  -39.9     37   0.40     50     24  343.1  344.8  343.2
  293.0   9889  -31.5  -41.5     37   0.34     48     23  343.2  344.6  343.2
  286.0  10061  -33.1  -40.1     49   0.41     47     21  343.3  344.9  343.4
  280.0  10209  -34.1  -41.7     46   0.35     45     20  343.9  345.4  344.0
  257.0  10807  -38.2  -48.4     34   0.19     50     15  346.4  347.2  346.4
  250.0  11000  -39.5  -50.5     30   0.15     35     15  347.2  347.9  347.2
  249.0  11027  -39.9  -50.9     30   0.14     35     15  347.0  347.6  347.0
  246.0  11108  -40.6                          35     16  347.2         347.2
  200.0  12480  -52.3                          40     19  349.8         349.8
  150.0  14270  -68.3                          60     18  352.2         352.2
  147.0  14386  -69.2                          60     18  352.8         352.8
  120.0  15547  -77.9                          25     29  357.9         357.9
  100.0  16590  -85.7                          40     36  361.9         361.9
   91.7  17063  -88.3                          45     43  365.8         365.8
   91.0  17105  -88.1                          50     43  367.1         367.1
   88.8  17238  -87.3                          63     39  371.2         371.2
   84.4  17520  -80.5                          89     30  390.4         390.4
   78.0  17964  -81.9                         130     16  396.5         396.5
   77.8  17979  -81.9                         129     16  396.7         396.7
   75.3  18162  -82.1                         117     22  400.0         400.0
   74.0  18260  -78.5                         110     25  409.6         409.6
   73.8  18276  -77.9                         110     25  411.1         411.1
   70.0  18580  -75.9                         120     28  421.7         421.7
   68.7  18689  -74.7                         122     29  426.5         426.5
   66.0  18922  -76.1                         125     32  428.4         428.4
   65.3  18984  -76.5                         122     33  428.8         428.8
   60.5  19433  -70.3                          98     42  452.1         452.1
   60.0  19483  -70.2                          95     43  453.5         453.5
   51.5  20401  -67.7                          87     51  479.5         479.5
   50.0  20580  -66.7                          85     52  485.9         485.9
   49.0  20703  -66.1                          85     52  490.2         490.2
   44.0  21360  -62.8                          85     57  513.5         513.5
   43.3  21458  -62.3                          86     52  517.1         517.1
   41.4  21738  -56.9                          88     37  537.1         537.1
   40.0  21956  -56.8                          90     26  542.7         542.7
   39.0  22116  -56.7                         125     18  546.8         546.8
   36.1  22605  -56.5                         129     14  559.6         559.6
   35.0  22803  -55.7                         130     13  566.7         566.7
   33.0  23179  -54.2                          25      4  580.3         580.3
   32.0  23376  -53.4                         270      5  587.5         587.5
   30.4  23704  -52.1                         250      8  599.7         599.7
   30.0  23790  -52.1                         245      9  602.0         602.0
   29.0  24008  -52.7                         250     15  606.3         606.3
   27.0  24468  -53.9                         205      9  615.3         615.3
   26.7  24540  -54.1                         209      8  616.8         616.8
   25.0  24965  -52.7                         230      5  632.5         632.5
   24.0  25228  -51.8                         205      5  642.5         642.5
   23.0  25503  -50.9                         310      3  653.0         653.0
   22.8  25559  -50.7                         309      4  655.2         655.2
   20.0  26410  -51.7                         300     21  677.2         677.2
   19.9  26442  -51.9                         299     21  677.5         677.5
   17.0  27469  -50.1                         260     20  714.6         714.6
   16.0  27863  -49.4                         285     13  729.3         729.3
   15.9  27904  -49.3                         285     14  730.9         730.9
   15.0  28289  -46.1                         285     19  753.9         753.9
   14.9  28333  -45.7                                     756.5         756.5
</PRE><H3>Station information and sounding indices</H3><PRE>
                         Station identifier: WIII
                             Station number: 96749
                           Observation time: 181106/0000
                           Station latitude: -6.11
                          Station longitude: 106.65
                          Station elevation: 8.0
                            Showalter index: -1.74
                               Lifted index: -2.43
    LIFT computed using virtual temperature: -2.69
                                SWEAT index: 206.58
                                    K index: 36.60
                         Cross totals index: 22.10
                      Vertical totals index: 24.70
                        Totals totals index: 46.80
      Convective Available Potential Energy: 186.06
             CAPE using virtual temperature: 275.99
                      Convective Inhibition: -97.03
             CINS using virtual temperature: -75.68
                           Equilibrum Level: 269.27
 Equilibrum Level using virtual temperature: 268.30
                   Level of Free Convection: 703.09
             LFCT using virtual temperature: 764.26
                     Bulk Richardson Number: 33.96
          Bulk Richardson Number using CAPV: 50.37
  Temp [K] of the Lifted Condensation Level: 292.87
Pres [hPa] of the Lifted Condensation Level: 915.01
   Equivalent potential temp [K] of the LCL: 347.71
     Mean mixed layer potential temperature: 300.41
              Mean mixed layer mixing ratio: 16.12
              1000 hPa to 500 hPa thickness: 5791.00
Precipitable water [mm] for entire sounding: 54.34
</PRE>
<P>Description of the 
<A HREF="/upperair/columns.html">data columns</A>
or <A HREF="/upperair/indices.html">sounding indices</A>.

<P>
<FORM>
<INPUT CLASS="button" TYPE="button" VALUE=" Close this window " 
 onClick="window.close();">
<INPUT CLASS="button" TYPE="button" VALUE=" Select another map " 
 onClick="window.blur();">
</FORM>
<HR SIZE="1">
<I>Interested in graduate studies in atmospheric science?
Check out our program at the
<a href="http://www.uwyo.edu/atsc/howtoapply/"
target=_top>University of Wyoming
</a></I>
<HR SIZE="1"><FONT SIZE="-1">
Questions about the weather data provided by this site can be
addressed to <A HREF="mailto:ldoolman@uwyo.edu">
Larry Oolman (ldoolman@uwyo.edu)</A></FONT>
<HR SIZE="1">
<SCRIPT TYPE="text/javascript">
<!--
window.focus();
// -->
</SCRIPT>
</BODY>
</HTML>
