2019-04-06 12
<HTML>
<TITLE>University of Wyoming - Radiosonde Data</TITLE>
<BODY BGCOLOR="white">
<H2>96749 WIII Jakarta Observations at 00Z 06 Apr 2019</H2>
<PRE>
-----------------------------------------------------------------------------
   PRES   HGHT   TEMP   DWPT   RELH   MIXR   DRCT   SKNT   THTA   THTE   THTV
    hPa     m      C      C      %    g/kg    deg   knot     K      K      K 
-----------------------------------------------------------------------------
 1011.0      8   25.8   23.7     88  18.65    190      2  298.0  352.4  301.3
 1000.0    100   25.6   22.6     84  17.61    210      4  298.8  350.2  301.9
  994.0    154   26.2   22.6     81  17.72    228      4  299.9  351.9  303.0
  978.0    297   25.2   21.8     81  17.17    275      4  300.3  350.9  303.4
  925.0    790   22.0   19.2     84  15.38    275      5  301.8  347.4  304.6
  850.0   1520   17.8   15.3     85  13.03    290      9  304.8  343.9  307.2
  794.0   2096   14.6   12.5     87  11.62    290      7  307.4  342.7  309.5
  714.0   2994    9.7    8.2     90   9.65    280      6  311.4  341.4  313.3
  700.0   3161    8.8    7.4     91   9.31    260      5  312.2  341.2  313.9
  689.0   3292    8.2    6.9     92   9.14    251      4  312.9  341.6  314.7
  667.0   3560    6.6    5.1     90   8.33    233      3  314.1  340.3  315.6
  664.0   3597    6.5    3.9     83   7.70    230      3  314.4  338.8  315.9
  658.0   3672    6.4    1.6     71   6.57    228      3  315.1  336.1  316.3
  636.0   3951    4.2    1.7     84   6.85    218      5  315.6  337.5  316.9
  617.0   4197    3.0   -1.1     74   5.74    210      6  317.1  335.6  318.2
  597.0   4464    1.8   -4.2     64   4.72    227      4  318.6  334.1  319.5
  594.0   4505    1.5   -4.5     64   4.64    230      4  318.7  334.0  319.6
  593.0   4518    1.4   -4.6     64   4.61    234      4  318.8  333.9  319.6
  592.0   4532    1.4   -3.6     69   4.98    238      4  318.9  335.2  319.9
  588.0   4587    1.6  -10.4     41   2.96    253      4  319.8  329.8  320.3
  583.0   4655    1.2  -11.8     37   2.67    272      3  320.1  329.2  320.6
  575.0   4766    0.4   -5.6     64   4.40    302      3  320.4  335.0  321.3
  573.0   4794    0.3   -5.7     64   4.39    310      3  320.6  335.2  321.5
  566.0   4893    0.0   -6.0     64   4.34    307      2  321.4  335.9  322.2
  554.0   5065   -0.7   -7.7     59   3.89    301      1  322.5  335.6  323.3
  552.0   5094   -0.6   -9.1     53   3.50    300      1  323.0  334.8  323.7
  550.0   5123   -0.5  -10.5     47   3.14    287      1  323.4  334.2  324.1
  547.0   5166   -0.5  -12.5     40   2.69    268      2  323.9  333.2  324.5
  531.0   5403   -1.9  -10.3     53   3.31    165      4  325.1  336.4  325.7
  515.0   5646   -3.3   -8.0     70   4.09     85      2  326.2  340.1  327.0
  512.0   5692   -3.5   -8.0     71   4.10     70      2  326.5  340.5  327.4
  500.0   5880   -4.1   -8.1     74   4.18     50      3  328.0  342.3  328.8
  492.0   6005   -5.0   -8.7     75   4.06     65      5  328.4  342.4  329.2
  474.0   6294   -7.0  -10.0     79   3.79     35      6  329.4  342.6  330.2
  456.0   6594   -9.1  -11.4     83   3.53    340      2  330.5  342.8  331.2
  439.0   6889  -11.2  -12.7     88   3.29    335      4  331.5  343.0  332.1
  425.0   7141  -12.9  -13.9     92   3.09    343      5  332.3  343.2  332.9
  422.0   7194  -13.2  -14.3     92   3.02    345      5  332.6  343.2  333.2
  405.0   7506  -15.3  -16.5     90   2.61     10      4  333.9  343.2  334.4
  400.0   7600  -15.9  -17.2     90   2.50     30      4  334.2  343.2  334.7
  390.0   7788  -17.2  -18.5     89   2.29      0      3  335.0  343.3  335.5
  374.0   8098  -19.2  -20.7     89   1.99    295      5  336.3  343.6  336.7
  359.0   8401  -21.3  -22.8     88   1.72    275      5  337.5  343.9  337.8
  345.0   8696  -23.3  -24.8     87   1.49    325      5  338.7  344.3  339.0
  331.0   9003  -25.4  -26.9     86   1.28    315      4  339.9  344.7  340.1
  330.0   9025  -25.5  -27.1     86   1.27    319      4  339.9  344.8  340.2
  318.0   9292  -27.6  -29.9     81   1.02      5      2  340.7  344.6  340.9
  305.0   9592  -29.9  -33.0     75   0.79     70      8  341.4  344.5  341.6
  302.0   9663  -30.5  -33.7     73   0.74     70      9  341.6  344.5  341.8
  300.0   9710  -30.9  -33.9     75   0.73     70      9  341.7  344.6  341.9
  295.0   9828  -31.7  -37.7     55   0.51     70      9  342.2  344.3  342.3
  293.0   9876  -31.9  -39.9     45   0.41     71      9  342.6  344.3  342.7
  290.0   9949  -32.5  -40.5     45   0.39     71     10  342.8  344.4  342.8
  286.0  10046  -33.5  -38.0     64   0.51     71     10  342.7  344.7  342.8
  285.0  10070  -33.7  -36.0     80   0.62     71     10  342.8  345.2  342.9
  274.0  10343  -35.9  -38.0     81   0.53     72     10  343.4  345.6  343.6
  268.0  10496  -37.1  -41.6     63   0.37     73     11  343.9  345.4  343.9
  255.0  10836  -40.1  -43.7     68   0.31     74     12  344.4  345.7  344.4
  250.0  10970  -40.9                          75     12  345.1         345.1
  235.0  11380  -44.2                          75     16  346.2         346.2
  200.0  12450  -52.9                          80     25  348.8         348.8
  198.0  12515  -53.5                          78     27  348.9         348.9
  186.0  12915  -54.9                          65     36  352.9         352.9
  181.0  13089  -55.5                          62     32  354.7         354.7
  170.0  13480  -58.7                          55     22  355.8         355.8
  154.0  14096  -63.8                          90      7  357.4         357.4
  150.0  14260  -65.1                         125      3  357.7         357.7
  147.0  14377  -65.9                         195      3  358.4         358.4
  120.0  15553  -74.3                         210     20  364.4         364.4
  114.0  15851  -76.5                         190     13  365.8         365.8
  108.0  16164  -78.7                         195      6  367.2         367.2
  100.0  16610  -81.9                         140      7  369.2         369.2
</PRE><H3>Station information and sounding indices</H3><PRE>
                         Station identifier: WIII
                             Station number: 96749
                           Observation time: 190406/0000
                           Station latitude: -6.11
                          Station longitude: 106.65
                          Station elevation: 8.0
                            Showalter index: 1.23
                               Lifted index: -1.30
    LIFT computed using virtual temperature: -1.64
                                SWEAT index: 204.58
                                    K index: 35.80
                         Cross totals index: 19.40
                      Vertical totals index: 21.90
                        Totals totals index: 41.30
      Convective Available Potential Energy: 888.15
             CAPE using virtual temperature: 999.89
                      Convective Inhibition: -26.83
             CINS using virtual temperature: -17.78
                           Equilibrum Level: 194.19
 Equilibrum Level using virtual temperature: 194.17
                   Level of Free Convection: 849.44
             LFCT using virtual temperature: 871.98
                     Bulk Richardson Number: 2863.80
          Bulk Richardson Number using CAPV: 3224.09
  Temp [K] of the Lifted Condensation Level: 294.43
Pres [hPa] of the Lifted Condensation Level: 937.88
   Equivalent potential temp [K] of the LCL: 350.71
     Mean mixed layer potential temperature: 299.89
              Mean mixed layer mixing ratio: 17.33
              1000 hPa to 500 hPa thickness: 5780.00
Precipitable water [mm] for entire sounding: 59.17
</PRE>
<P>Description of the 
<A HREF="/upperair/columns.html">data columns</A>
or <A HREF="/upperair/indices.html">sounding indices</A>.

<P>
<FORM>
<INPUT CLASS="button" TYPE="button" VALUE=" Close this window " 
 onClick="window.close();">
<INPUT CLASS="button" TYPE="button" VALUE=" Select another map " 
 onClick="window.blur();">
</FORM>
<HR SIZE="1">
<I>Interested in graduate studies in atmospheric science?
Check out our program at the
<a href="http://www.uwyo.edu/atsc/howtoapply/"
target=_top>University of Wyoming
</a></I>
<HR SIZE="1"><FONT SIZE="-1">
Questions about the weather data provided by this site can be
addressed to <A HREF="mailto:ldoolman@uwyo.edu">
Larry Oolman (ldoolman@uwyo.edu)</A></FONT>
<HR SIZE="1">
<SCRIPT TYPE="text/javascript">
<!--
window.focus();
// -->
</SCRIPT>
</BODY>
</HTML>
