2020-02-29 12
<HTML>
<TITLE>University of Wyoming - Radiosonde Data</TITLE>
<BODY BGCOLOR="white">
<H2>96749 WIII Jakarta Observations at 00Z 29 Feb 2020</H2>
<PRE>
-----------------------------------------------------------------------------
   PRES   HGHT   TEMP   DWPT   RELH   MIXR   DRCT   SKNT   THTA   THTE   THTV
    hPa     m      C      C      %    g/kg    deg   knot     K      K      K 
-----------------------------------------------------------------------------
 1007.0      8   25.8   23.6     88  18.61    230      3  298.4  352.7  301.7
 1000.0     74   26.6   22.8     80  17.83    210      3  299.8  352.1  302.9
  975.0    295   25.3   22.2     83  17.68    285      5  300.6  352.7  303.8
  942.0    596   23.5   21.5     88  17.47    295      6  301.8  353.5  304.9
  925.0    755   22.6   21.1     91  17.36    275      5  302.4  354.0  305.6
  917.0    831   22.0   20.8     93  17.18    275      5  302.6  353.6  305.6
  910.0    898   21.7   20.4     92  16.88    275      5  302.9  353.1  306.0
  850.0   1493   19.0   16.8     87  14.37    290     10  306.0  349.4  308.7
  849.0   1503   19.0   16.6     86  14.24    290     10  306.1  349.1  308.7
  821.0   1792   18.2   12.2     68  10.99    280      9  308.2  341.8  310.3
  764.0   2402   14.9    9.4     69   9.78    260      7  311.1  341.5  313.0
  700.0   3143   11.0    6.0     71   8.45    270      4  314.6  341.3  316.2
  687.0   3300   10.5    5.1     69   8.08    275      4  315.7  341.4  317.3
  666.0   3559    9.6    3.6     66   7.50    249      1  317.6  341.6  319.0
  663.0   3596    9.3    3.4     66   7.40    245      1  317.7  341.4  319.1
  639.0   3900    7.3    1.3     66   6.61     40      1  318.7  340.1  320.0
  616.0   4202    5.2   -0.8     65   5.90      0      1  319.7  339.0  320.8
  605.0   4350    4.2   -1.8     65   5.57    298      3  320.2  338.5  321.2
  594.0   4500    3.6   -5.6     51   4.28    235      5  321.1  335.4  322.0
  591.0   4541    3.4   -6.6     48   3.97    231      5  321.4  334.7  322.2
  573.0   4791    1.8   -7.3     51   3.89    210      8  322.3  335.4  323.1
  554.0   5063    0.0   -8.0     55   3.80    214     10  323.4  336.2  324.1
  551.0   5107   -0.1   -8.4     54   3.69    215     10  323.7  336.2  324.4
  544.0   5209   -0.5   -9.5     51   3.44    205      9  324.4  336.2  325.1
  525.0   5493   -2.3   -5.0     82   5.05    175      8  325.6  342.6  326.6
  512.0   5692   -3.4   -5.2     88   5.12    155      7  326.6  343.8  327.6
  500.0   5880   -4.5   -5.3     94   5.19    150      8  327.5  345.0  328.5
  456.0   6598   -8.3   -9.7     90   4.05    160      7  331.5  345.5  332.3
  439.0   6894   -9.9  -11.5     88   3.65    135      8  333.1  345.9  333.8
  424.0   7165  -11.3  -13.1     87   3.31    124      8  334.6  346.3  335.3
  400.0   7610  -14.5  -15.1     95   2.98    105      9  336.1  346.7  336.7
  375.0   8094  -17.3  -18.8     88   2.32     85     10  338.6  347.1  339.1
  360.0   8400  -19.1  -21.2     83   1.97     90      5  340.2  347.6  340.6
  358.0   8442  -19.3  -21.5     83   1.93     94      5  340.4  347.6  340.8
  332.0   8991  -23.3  -25.6     82   1.45    145      6  342.4  347.9  342.7
  318.0   9305  -25.6  -27.9     81   1.22    155      4  343.4  348.1  343.7
  305.0   9610  -27.8  -30.1     81   1.03     95      1  344.4  348.5  344.6
  300.0   9730  -28.7  -31.0     81   0.97     85      2  344.8  348.6  345.0
  281.0  10189  -32.3  -35.3     74   0.68    100      4  346.2  348.9  346.3
  269.0  10496  -34.7  -38.2     70   0.53     75      5  347.0  349.2  347.1
  258.0  10789  -37.0  -40.9     67   0.42     75      4  347.8  349.5  347.9
  250.0  11010  -38.7  -43.0     64   0.34    105      4  348.4  349.8  348.5
  247.0  11092  -39.4  -43.4     66   0.34    110      4  348.5  349.9  348.6
  245.0  11147  -39.9  -43.6     68   0.33    102      4  348.6  350.0  348.7
  236.0  11395  -42.0                          65      5  349.1         349.1
  200.0  12490  -51.5                          70     14  351.1         351.1
  188.0  12882  -54.1                          80     15  353.2         353.2
  171.0  13483  -58.0                         100     25  356.4         356.4
  161.0  13865  -60.5                          93     29  358.3         358.3
  150.0  14300  -64.3                          85     34  359.1         359.1
  134.0  14957  -69.8                          75     28  361.2         361.2
  100.0  16660  -83.9                          70     27  365.4         365.4
   98.0  16770  -84.6                          75     28  366.2         366.2
   87.0  17418  -88.5                          95     41  371.0         371.0
   85.4  17519  -89.1                          95     42  371.7         371.7
   83.0  17673  -88.5                          85     44  375.9         375.9
   82.9  17679  -88.5                          85     44  376.1         376.1
   79.6  17903  -79.7                          68     31  398.6         398.6
   78.0  18019  -78.0                          60     25  404.6         404.6
   76.0  18167  -75.7                          25     23  412.3         412.3
   74.0  18321  -76.0                         350     20  414.9         414.9
   70.0  18640  -76.5                         340     22  420.4         420.4
   67.0  18892  -77.4                         335     19  423.7         423.7
   66.1  18969  -77.7                         310     15  424.7         424.7
   64.0  19156  -76.1                         250      5  432.2         432.2
   60.7  19462  -73.5                         197     11  444.6         444.6
   60.0  19530  -73.5                         185     12  446.1         446.1
   57.0  19831  -73.3                         195      8  453.0         453.0
   55.0  20040  -73.2                         230     17  457.9         457.9
   53.0  20257  -73.1                         184     16  463.1         463.1
   52.0  20369  -72.3                         160     15  467.4         467.4
   50.0  20600  -70.7                         140     21  476.5         476.5
   45.0  21230  -67.1                          85     26  499.8         499.8
   42.5  21572  -65.1                          83     24  512.9         512.9
   35.0  22763  -60.8                          75     19  553.5         553.5
   34.0  22941  -60.1                          81     17  559.8         559.8
   32.0  23318  -59.6                          95     14  570.9         570.9
   30.0  23720  -59.1                         105     22  582.9         582.9
   29.4  23847  -58.3                         102     22  588.5         588.5
   29.0  23932  -58.7                         100     22  589.8         589.8
   27.0  24379  -60.7                          94     25  596.3         596.3
   23.0  25393  -53.1                          80     33  646.5         646.5
   21.0  25977  -53.8                          85     18  661.6         661.6
   20.0  26290  -54.1                          95     21  669.8         669.8
   18.8  26686  -55.1                          94     33  678.7         678.7
   16.0  27739  -51.6                          90     66  722.0         722.0
   12.0  29617  -45.5                          90     81  805.6         805.6
   11.8  29727  -45.1                                     810.8         810.8
</PRE><H3>Station information and sounding indices</H3><PRE>
                         Station identifier: WIII
                             Station number: 96749
                           Observation time: 200229/0000
                           Station latitude: -6.11
                          Station longitude: 106.65
                          Station elevation: 8.0
                            Showalter index: -1.21
                               Lifted index: -2.36
    LIFT computed using virtual temperature: -2.59
                                SWEAT index: 229.61
                                    K index: 35.30
                         Cross totals index: 21.30
                      Vertical totals index: 23.50
                        Totals totals index: 44.80
      Convective Available Potential Energy: 544.07
             CAPE using virtual temperature: 639.99
                      Convective Inhibition: -67.57
             CINS using virtual temperature: -40.39
                           Equilibrum Level: 194.97
 Equilibrum Level using virtual temperature: 194.94
                   Level of Free Convection: 715.56
             LFCT using virtual temperature: 775.54
                     Bulk Richardson Number: 2928.73
          Bulk Richardson Number using CAPV: 3445.06
  Temp [K] of the Lifted Condensation Level: 294.79
Pres [hPa] of the Lifted Condensation Level: 936.34
   Equivalent potential temp [K] of the LCL: 352.60
     Mean mixed layer potential temperature: 300.40
              Mean mixed layer mixing ratio: 17.75
              1000 hPa to 500 hPa thickness: 5806.00
Precipitable water [mm] for entire sounding: 60.39
</PRE>
<P>Description of the 
<A HREF="/upperair/columns.html">data columns</A>
or <A HREF="/upperair/indices.html">sounding indices</A>.

<P>
<FORM>
<INPUT CLASS="button" TYPE="button" VALUE=" Close this window " 
 onClick="window.close();">
<INPUT CLASS="button" TYPE="button" VALUE=" Select another map " 
 onClick="window.blur();">
</FORM>
<HR SIZE="1">
<I>Interested in graduate studies in atmospheric science?
Check out our program at the
<a href="http://www.uwyo.edu/atsc/howtoapply/"
target=_top>University of Wyoming
</a></I>
<HR SIZE="1"><FONT SIZE="-1">
Questions about the weather data provided by this site can be
addressed to <A HREF="mailto:ldoolman@uwyo.edu">
Larry Oolman (ldoolman@uwyo.edu)</A></FONT>
<HR SIZE="1">
<SCRIPT TYPE="text/javascript">
<!--
window.focus();
// -->
</SCRIPT>
</BODY>
</HTML>
