2021-07-25 00
<HTML>
<TITLE>University of Wyoming - Radiosonde Data</TITLE>
<BODY BGCOLOR="white">
<H2>96749 WIII Jakarta Observations at 00Z 25 Jul 2021</H2>
<PRE>
-----------------------------------------------------------------------------
   PRES   HGHT   TEMP   DWPT   RELH   MIXR   DRCT   SKNT   THTA   THTE   THTV
    hPa     m      C      C      %    g/kg    deg   knot     K      K      K 
-----------------------------------------------------------------------------
 1011.0      8   22.8   22.1     96  16.88    210      2  295.0  343.6  298.0
 1000.0     97   23.4   21.5     89  16.44    175      5  296.6  344.1  299.5
  995.0    141   24.4   21.3     83  16.31    159      5  298.0  345.5  300.9
  978.0    294   23.7   21.1     86  16.41    105      4  298.7  346.7  301.6
  950.0    550   22.4   20.8     91  16.57     92      6  299.9  348.6  302.9
  945.0    597   22.0   20.6     92  16.45     90      6  300.0  348.3  302.9
  927.0    766   22.8   16.8     69  13.15    103      8  302.4  341.6  304.8
  925.0    785   22.6   16.6     69  13.01    105      8  302.4  341.1  304.8
  913.0    899   22.0   15.5     66  12.27    100     11  302.9  339.6  305.2
  880.0   1220   20.4   12.4     60  10.38     95     20  304.5  335.8  306.4
  868.0   1339   19.8    9.8     52   8.83     93     23  305.0  331.9  306.7
  852.0   1500   20.0   -1.6     23   4.02     90     27  306.9  319.6  307.6
  850.0   1520   20.0   -3.0     21   3.62     90     27  307.1  318.6  307.8
  841.0   1612   20.0   -4.0     19   3.40     92     29  308.0  318.9  308.6
  823.0   1797   19.0   -6.1     18   2.96     95     32  308.9  318.5  309.4
  792.0   2126   17.2   -9.8     15   2.30    100     26  310.4  318.0  310.8
  778.0   2278   16.4   -8.6     17   2.58    103     23  311.1  319.6  311.6
  767.0   2399   15.1   -0.2     35   4.94    105     21  310.9  326.6  311.8
  760.0   2476   14.2    5.2     55   7.35    106     20  310.8  333.8  312.2
  714.0   3001   11.3    0.8     48   5.71    110     14  313.2  331.4  314.3
  700.0   3167   10.4   -0.6     46   5.26    115     11  314.0  330.9  315.0
  689.0   3298    9.7   -1.3     46   5.06    100     10  314.6  330.9  315.5
  664.0   3605    7.9   -3.1     46   4.62     70      9  316.0  331.0  316.9
  648.0   3807    6.8   -4.2     45   4.35     77     14  316.9  331.1  317.7
  636.0   3960    5.8   -8.2     36   3.26     82     17  317.4  328.3  318.1
  634.0   3986    5.8  -10.2     31   2.79     83     18  317.7  327.1  318.3
  630.0   4038    6.8  -21.2     11   1.12     84     19  319.5  323.5  319.7
  622.0   4143    7.0  -25.0      8   0.81     88     22  320.9  323.8  321.0
  595.0   4503    4.6  -26.0      9   0.77    100     30  322.2  325.0  322.3
  574.0   4795    2.7  -26.9      9   0.74    110     28  323.2  326.0  323.4
  546.0   5201    0.0  -28.0     10   0.70    114     26  324.7  327.3  324.8
  500.0   5900   -4.9  -27.9     15   0.78    120     22  327.0  329.9  327.1
  480.0   6219   -6.7  -29.7     14   0.68    127     19  328.6  331.2  328.8
  466.0   6448   -8.5  -21.5     34   1.48    132     17  329.2  334.6  329.5
  457.0   6598   -9.6  -21.8     36   1.47    135     15  329.6  335.0  329.9
  439.0   6905  -11.9  -22.4     41   1.45    150     12  330.5  335.8  330.8
  424.0   7171  -13.9  -22.9     47   1.44    168     10  331.3  336.6  331.6
  422.0   7207  -14.1  -23.3     46   1.40    170     10  331.4  336.6  331.7
  406.0   7498  -16.0  -26.5     40   1.09    115      4  332.7  336.8  332.9
  400.0   7610  -16.7  -27.7     38   0.99    120      4  333.2  336.9  333.4
  390.0   7799  -17.9  -29.9     34   0.83    140      5  334.1  337.3  334.3
  375.0   8091  -19.6  -33.3     29   0.62    120      8  335.5  337.9  335.6
  363.0   8333  -21.1  -36.1     25   0.48    118      8  336.7  338.6  336.8
  345.0   8700  -24.0  -37.7     27   0.43    115      9  337.6  339.4  337.7
  305.0   9591  -31.1  -41.6     35   0.33     85     34  339.8  341.1  339.8
  300.0   9710  -32.1  -42.1     36   0.32     80     37  340.0  341.3  340.1
  272.0  10394  -37.3  -46.3     39   0.22     77     43  342.1  343.1  342.2
  254.0  10862  -41.1  -49.1     42   0.17     75     47  343.3  344.0  343.3
  250.0  10970  -41.7  -50.7     37   0.15     75     48  343.9  344.6  344.0
  245.0  11107  -42.2  -56.2     20   0.08     70     48  345.2  345.5  345.2
  244.0  11135  -42.3  -57.3     18   0.07     70     49  345.4  345.7  345.4
  235.0  11388  -43.2  -60.6     13   0.05     65     54  347.7  347.9  347.7
  224.0  11710  -44.5  -64.9      8   0.03     60     50  350.6  350.8  350.6
  222.0  11771  -44.7  -65.7      8   0.03     60     50  351.2  351.3  351.2
  215.0  11982  -46.5  -66.9      8   0.02     60     48  351.6  351.7  351.6
  200.0  12460  -50.7  -69.7      9   0.02     60     47  352.3  352.4  352.3
  162.0  13786  -62.0  -80.2      7   0.00     85     39  355.2  355.2  355.2
  150.0  14270  -66.1  -84.1      6   0.00     95     39  356.0  356.0  356.0
  147.0  14392  -67.1  -83.1      9   0.00     97     39  356.4  356.4  356.4
  130.0  15121  -73.3  -87.3     10   0.00    108     38  358.0  358.0  358.0
  114.0  15877  -76.5  -91.0      9   0.00    120     37  365.7  365.7  365.7
  108.0  16187  -77.8  -92.5      8   0.00    120     25  368.9  368.9  368.9
  102.0  16516  -79.2  -94.1      7   0.00    100     13  372.3  372.3  372.3
  100.0  16630  -79.7  -94.7      7   0.00     90     10  373.5  373.5  373.5
   97.0  16802  -80.5  -95.5      7   0.00    125      7  375.2  375.2  375.2
   93.3  17021  -81.5  -96.5      7   0.00    158      8  377.4  377.4  377.4
   92.0  17100  -80.8  -95.8      7   0.00    170      8  380.4  380.4  380.4
   87.0  17417  -78.0  -93.0      8   0.00    270     10  392.2  392.2  392.2
   85.9  17490  -77.3  -92.3      8   0.00    267     11  394.9  394.9  394.9
   81.4  17797  -79.1  -95.1      6   0.00    257     14  397.3  397.4  397.3
   75.0  18269  -73.7  -94.4      3   0.00    240     19  418.0  418.0  418.0
   74.5  18307  -73.3  -94.3      3   0.00    241     21  419.7  419.7  419.7
   71.0  18593  -67.9  -98.8      1   0.00    250     35  436.9  436.9  436.9
   70.6  18626  -67.3  -99.3      0   0.00                439.0  439.0  439.0
</PRE><H3>Station information and sounding indices</H3><PRE>
                         Station identifier: WIII
                             Station number: 96749
                           Observation time: 210725/0000
                           Station latitude: -6.11
                          Station longitude: 106.65
                          Station elevation: 8.0
                            Showalter index: 12.33
                               Lifted index: -0.40
    LIFT computed using virtual temperature: -1.17
                                SWEAT index: 76.01
                                    K index: 10.90
                         Cross totals index: 1.90
                      Vertical totals index: 24.90
                        Totals totals index: 26.80
      Convective Available Potential Energy: 241.98
             CAPE using virtual temperature: 318.85
                      Convective Inhibition: -305.98
             CINS using virtual temperature: -120.19
                           Equilibrum Level: 247.94
 Equilibrum Level using virtual temperature: 247.67
                   Level of Free Convection: 517.06
             LFCT using virtual temperature: 689.93
                     Bulk Richardson Number: 8.47
          Bulk Richardson Number using CAPV: 11.16
  Temp [K] of the Lifted Condensation Level: 293.86
Pres [hPa] of the Lifted Condensation Level: 951.28
   Equivalent potential temp [K] of the LCL: 346.05
     Mean mixed layer potential temperature: 298.11
              Mean mixed layer mixing ratio: 16.47
              1000 hPa to 500 hPa thickness: 5803.00
Precipitable water [mm] for entire sounding: 34.59
</PRE>
<P>Description of the 
<A HREF="/upperair/columns.html">data columns</A>
or <A HREF="/upperair/indices.html">sounding indices</A>.

<P>
<FORM>
<INPUT CLASS="button" TYPE="button" VALUE=" Close this window " 
 onClick="window.close();">
<INPUT CLASS="button" TYPE="button" VALUE=" Select another map " 
 onClick="window.blur();">
</FORM>
<HR SIZE="1">
<I>Interested in graduate studies in atmospheric science?
Check out our program at the
<a href="http://www.uwyo.edu/atsc/howtoapply/"
target=_top>University of Wyoming
</a></I>
<HR SIZE="1"><FONT SIZE="-1">
Questions about the weather data provided by this site can be
addressed to <A HREF="mailto:ldoolman@uwyo.edu">
Larry Oolman (ldoolman@uwyo.edu)</A></FONT>
<HR SIZE="1">
<SCRIPT TYPE="text/javascript">
<!--
window.focus();
// -->
</SCRIPT>
</BODY>
</HTML>
