2021-12-05 12
<HTML>
<TITLE>University of Wyoming - Radiosonde Data</TITLE>
<BODY BGCOLOR="white">
<H2>96749 WIII Jakarta Observations at 00Z 05 Dec 2021</H2>
<PRE>
-----------------------------------------------------------------------------
   PRES   HGHT   TEMP   DWPT   RELH   MIXR   DRCT   SKNT   THTA   THTE   THTV
    hPa     m      C      C      %    g/kg    deg   knot     K      K      K 
-----------------------------------------------------------------------------
 1011.0      8   25.2   22.6     86  17.41    280      5  297.4  348.0  300.5
 1000.0    103   24.4   22.5     89  17.50    255     10  297.6  348.4  300.7
  978.0    297   23.0   21.7     92  17.07    250     17  298.1  347.8  301.1
  943.0    615   20.8   20.5     98  16.38    253     18  298.9  346.8  301.9
  925.0    782   20.2   19.8     98  15.98    255     19  300.0  346.9  302.8
  850.0   1510   16.8   15.9     94  13.55    265     12  303.7  344.2  306.2
  840.0   1611   16.0   15.9     99  13.71    267     12  303.9  344.9  306.4
  807.0   1952   15.6   13.9     90  12.52    272     11  307.0  345.0  309.3
  793.0   2100   14.7   13.3     91  12.22    275     11  307.6  344.7  309.8
  741.0   2672   11.2   10.8     97  11.10    248     15  309.8  343.9  311.8
  725.0   2855   11.4    9.4     88  10.31    239     16  311.9  344.0  313.9
  700.0   3148    9.8    7.8     87   9.57    225     18  313.3  343.3  315.1
  687.0   3304    9.0    6.6     85   8.98    215     17  314.1  342.4  315.8
  663.0   3599    7.5    4.3     80   7.94    210      9  315.6  340.9  317.1
  646.0   3815    6.4    2.7     77   7.25    210     11  316.7  339.9  318.1
  616.0   4204    3.4    1.9     90   7.18    210     14  317.6  340.7  318.9
  601.0   4406    1.8    1.5     98   7.15    224      9  318.0  341.0  319.4
  594.0   4501    1.5    1.0     97   6.98    230      7  318.7  341.3  320.1
  562.0   4949    0.0   -1.3     91   6.23    175      8  322.0  342.5  323.2
  551.0   5107   -1.1   -2.1     93   5.98    155      9  322.6  342.3  323.8
  531.0   5401   -3.1   -3.7     96   5.52    105     11  323.6  342.0  324.7
  511.0   5708   -5.2   -5.3     99   5.08    100     11  324.6  341.7  325.6
  506.0   5786   -5.7   -5.7    100   4.97    105     10  324.9  341.6  325.9
  500.0   5880   -6.1   -6.2     99   4.84    110      8  325.5  341.8  326.5
  492.0   6005   -6.5   -6.8     98   4.69    125      8  326.5  342.4  327.4
  474.0   6295   -7.5   -8.2     95   4.36     85      7  328.8  343.7  329.6
  455.0   6612   -8.7   -9.8     91   4.02     85      8  331.2  345.2  332.0
  441.0   6855   -9.5  -11.0     89   3.77     60     10  333.1  346.3  333.9
  438.0   6907   -9.8  -11.3     89   3.69     55     11  333.3  346.3  334.1
  400.0   7600  -14.5  -15.7     91   2.83     95     11  336.1  346.2  336.6
  387.0   7850  -16.1  -17.3     90   2.56     99     12  337.1  346.4  337.7
  375.0   8087  -17.5  -21.2     73   1.89    104     13  338.3  345.3  338.7
  345.0   8701  -22.2  -24.7     80   1.51    115     15  340.2  345.9  340.5
  316.0   9347  -27.1  -28.3     90   1.18     65     16  342.0  346.5  342.2
  305.0   9601  -29.0  -30.8     85   0.97     45     16  342.8  346.6  343.0
  300.0   9720  -29.9  -31.9     83   0.89     50     16  343.1  346.6  343.3
  277.0  10282  -33.7  -38.4     63   0.50     46     18  345.6  347.6  345.6
  268.0  10512  -35.9  -39.7     68   0.46     45     19  345.7  347.5  345.8
  263.0  10642  -37.1  -40.4     71   0.43     41     21  345.7  347.5  345.8
  250.0  10990  -39.3  -43.3     66   0.33     30     25  347.5  348.9  347.6
  246.0  11100  -40.3  -45.9     55   0.26     35     24  347.6  348.7  347.6
  240.0  11269  -41.9  -49.9     41   0.17     46     25  347.7  348.4  347.7
  235.0  11411  -43.3  -50.6     44   0.16     55     25  347.7  348.4  347.7
  216.0  11976  -48.7  -53.4     58   0.12     69     22  347.8  348.3  347.8
  215.0  12006  -48.9  -54.0     55   0.12     70     22  347.9  348.4  347.9
  207.0  12256  -50.5  -58.5     38   0.07     80     24  349.2  349.5  349.2
  200.0  12480  -52.7  -60.7     37   0.05     90     25  349.1  349.4  349.2
  196.0  12606  -53.8  -61.8     37   0.05     95     27  349.4  349.6  349.4
  179.0  13170  -58.9  -66.9     35   0.03     85     32  350.3  350.4  350.3
  150.0  14270  -68.7  -76.7     31   0.01     70     34  351.6  351.6  351.6
  119.0  15614  -80.7  -89.7     21   0.00     70     37  353.6  353.6  353.6
  102.0  16479  -82.1  -92.0     18   0.00     70     58  366.7  366.8  366.7
  100.0  16590  -82.3  -92.3     17   0.00     75     51  368.5  368.5  368.5
   96.0  16821  -79.9  -91.0     15   0.00     70     36  377.4  377.4  377.4
   92.7  17018  -77.9  -89.9     13   0.00     44     27  385.2  385.2  385.2
   91.0  17123  -78.3  -89.9     14   0.00     30     22  386.5  386.5  386.5
   87.0  17379  -79.2  -89.8     17   0.00      0     21  389.7  389.7  389.7
   84.8  17525  -79.7  -89.7     18   0.00    336     16  391.5  391.5  391.5
   82.0  17718  -75.5  -87.7     13   0.00    305     10  403.9  403.9  403.9
   79.8  17875  -72.1  -86.1     11   0.00    288     13  414.0  414.0  414.0
   74.0  18316  -73.9  -85.5     16   0.00    240     23  419.2  419.2  419.2
   70.5  18599  -75.1  -85.1     20   0.00    231     20  422.5  422.6  422.5
   70.0  18640  -75.5  -85.5     20   0.00    230     20  422.5  422.6  422.5
   67.0  18896  -73.3  -84.9     16   0.00    250      6  432.6  432.6  432.6
   64.3  19137  -71.3  -84.3     13   0.01    263     11  442.1  442.1  442.1
   61.0  19448  -71.7  -84.0     14   0.01    280     17  448.0  448.0  448.0
   59.2  19625  -71.9  -83.9     15   0.01    265     13  451.3  451.4  451.3
   58.0  19747  -69.8  -83.4     12   0.01    255     11  458.7  458.7  458.7
   57.7  19778  -69.3  -83.3     12   0.01    251     11  460.5  460.6  460.5
   55.0  20063  -70.5  -83.0     14   0.01    210      7  464.1  464.1  464.1
   54.2  20150  -70.9  -82.9     16   0.01    207      7  465.2  465.2  465.2
   52.0  20396  -70.5  -82.5     16   0.01    200      8  471.5  471.6  471.5
   51.7  20430  -70.5  -82.5     16   0.01    190     10  472.4  472.5  472.4
   50.0  20630  -67.5  -82.5     10   0.01    130     19  484.0  484.1  484.0
   49.0  20752  -66.2  -81.2     11   0.01    125     23  489.8  489.9  489.8
   48.9  20764  -66.1  -81.1     11   0.01    125     23  490.4  490.5  490.4
   47.0  21004  -66.4  -80.5     12   0.01    120     27  495.3  495.4  495.3
   45.0  21267  -66.7  -79.7     14   0.02    110     30  500.8  500.9  500.8
   44.9  21280  -66.7  -79.7     14   0.02    110     30  501.1  501.2  501.1
   42.9  21557  -63.9  -77.9     13   0.02    105     32  514.5  514.7  514.5
   37.6  22363  -64.5  -81.5      8   0.01     92     39  532.7  532.8  532.7
   37.0  22462  -64.0  -82.0      7   0.01     90     40  536.5  536.6  536.5
   34.2  22946  -61.5  -84.5      3   0.01     93     46  555.2  555.3  555.2
   33.0  23169  -58.2  -85.8      2   0.01     95     49  569.7  569.8  569.7
   32.9  23188  -57.9  -85.9      2   0.01     95     49  571.0  571.0  571.0
   30.3  23707  -56.9  -90.9      1   0.00     95     52  587.3  587.3  587.3
   30.0  23770  -56.3  -91.3      1   0.00     95     52  590.6  590.6  590.6
   26.4  24596  -50.5  -86.5      1   0.01     91     55  628.9  629.0  628.9
   23.5  25355  -51.7  -87.7      1   0.01     88     57  646.7  646.8  646.7
   21.0  26091  -50.3  -86.3      1   0.01     85     59  672.0  672.1  672.0
   20.0  26410  -49.7  -85.7      1   0.01     90     57  683.3  683.4  683.3
   19.7  26509  -49.7  -85.7      1   0.01     90     56  686.2  686.4  686.2
   18.0  27106  -46.8  -88.4      0   0.01     90     50  713.5  713.5  713.5
   16.8  27563  -44.5  -90.5      0   0.01                734.9  735.0  734.9
</PRE><H3>Station information and sounding indices</H3><PRE>
                         Station identifier: WIII
                             Station number: 96749
                           Observation time: 211205/0000
                           Station latitude: -6.11
                          Station longitude: 106.65
                          Station elevation: 8.0
                            Showalter index: -0.89
                               Lifted index: -2.26
    LIFT computed using virtual temperature: -2.42
                                SWEAT index: 222.81
                                    K index: 36.80
                         Cross totals index: 22.00
                      Vertical totals index: 22.90
                        Totals totals index: 44.90
      Convective Available Potential Energy: 212.05
             CAPE using virtual temperature: 258.96
                      Convective Inhibition: -0.54
             CINS using virtual temperature: -0.32
                           Equilibrum Level: 290.77
 Equilibrum Level using virtual temperature: 290.26
                   Level of Free Convection: 943.76
             LFCT using virtual temperature: 945.99
                     Bulk Richardson Number: 72.86
          Bulk Richardson Number using CAPV: 88.98
  Temp [K] of the Lifted Condensation Level: 294.67
Pres [hPa] of the Lifted Condensation Level: 961.93
   Equivalent potential temp [K] of the LCL: 347.84
     Mean mixed layer potential temperature: 297.97
              Mean mixed layer mixing ratio: 17.14
              1000 hPa to 500 hPa thickness: 5777.00
Precipitable water [mm] for entire sounding: 64.24
</PRE>
<P>Description of the 
<A HREF="/upperair/columns.html">data columns</A>
or <A HREF="/upperair/indices.html">sounding indices</A>.

<P>
<FORM>
<INPUT CLASS="button" TYPE="button" VALUE=" Close this window " 
 onClick="window.close();">
<INPUT CLASS="button" TYPE="button" VALUE=" Select another map " 
 onClick="window.blur();">
</FORM>
<HR SIZE="1">
<I>Interested in graduate studies in atmospheric science?
Check out our program at the
<a href="http://www.uwyo.edu/atsc/howtoapply/"
target=_top>University of Wyoming
</a></I>
<HR SIZE="1"><FONT SIZE="-1">
Questions about the weather data provided by this site can be
addressed to <A HREF="mailto:ldoolman@uwyo.edu">
Larry Oolman (ldoolman@uwyo.edu)</A></FONT>
<HR SIZE="1">
<SCRIPT TYPE="text/javascript">
<!--
window.focus();
// -->
</SCRIPT>
</BODY>
</HTML>
