2019-01-10 12
<HTML>
<TITLE>University of Wyoming - Radiosonde Data</TITLE>
<BODY BGCOLOR="white">
<H2>96749 WIII Jakarta Observations at 00Z 10 Jan 2019</H2>
<PRE>
-----------------------------------------------------------------------------
   PRES   HGHT   TEMP   DWPT   RELH   MIXR   DRCT   SKNT   THTA   THTE   THTV
    hPa     m      C      C      %    g/kg    deg   knot     K      K      K 
-----------------------------------------------------------------------------
 1011.0      8   23.8   21.8     89  16.56    200      5  296.0  343.9  298.9
 1000.0    103   23.4   21.9     91  16.85    215      7  296.6  345.3  299.5
  986.0    227   23.8   23.0     95  18.32    250      9  298.1  351.6  301.4
  978.0    299   23.4   22.5     95  17.93    270     10  298.4  350.8  301.6
  925.0    787   20.6   19.3     92  15.48    285      7  300.4  345.9  303.1
  913.0    900   20.1   18.6     91  15.04    280      5  301.0  345.4  303.7
  882.0   1197   18.9   16.9     88  13.91      0      0  302.7  344.1  305.2
  852.0   1496   17.7   15.1     85  12.84     25      3  304.4  343.0  306.8
  850.0   1516   17.6   15.0     85  12.77     35      3  304.6  342.9  306.9
  822.0   1801   16.2   13.0     82  11.61    350      5  306.0  341.1  308.2
  787.0   2171   14.4   10.5     77  10.23    313      4  307.9  339.2  309.8
  766.0   2397   13.0    9.8     81  10.01    290      4  308.8  339.6  310.7
  739.0   2698   11.2    8.8     85   9.73    330      5  310.0  340.0  311.8
  700.0   3151    8.4    7.4     93   9.31    335     12  311.8  340.7  313.5
  688.0   3293    7.6    6.6     94   8.97    340     12  312.4  340.4  314.1
  663.0   3596    5.8    4.9     94   8.28     15     13  313.7  339.8  315.2
  594.0   4495    0.5   -0.0     96   6.47     30      4  317.6  338.4  318.8
  588.0   4578    0.0   -0.5     96   6.32     37      4  317.9  338.3  319.1
  558.0   4999   -1.3   -1.6     98   6.14     76      4  321.2  341.3  322.4
  551.0   5099   -1.9   -2.2     97   5.93     85      4  321.6  341.1  322.8
  530.0   5408   -3.6   -4.2     96   5.31     30      7  323.1  340.7  324.1
  500.0   5870   -6.3   -7.2     93   4.48    100      6  325.3  340.4  326.2
  491.0   6012   -6.9   -7.8     93   4.36    110      7  326.2  341.0  327.1
  473.0   6302   -8.1   -9.0     94   4.12     30      5  328.2  342.3  329.0
  455.0   6605   -9.4  -10.2     94   3.88    355      2  330.3  343.7  331.0
  454.0   6622   -9.5  -10.3     94   3.87    355      2  330.4  343.8  331.1
  438.0   6896  -11.3  -12.2     93   3.44      0      0  331.5  343.5  332.2
  421.0   7199  -13.3  -14.3     92   3.02    175      2  332.7  343.4  333.3
  405.0   7495  -15.3  -16.3     92   2.65      0      1  333.9  343.3  334.4
  400.0   7590  -15.9  -17.0     91   2.54    225      1  334.2  343.4  334.8
  389.0   7798  -17.1  -18.3     90   2.33    140      2  335.3  343.8  335.8
  373.0   8112  -18.9  -20.3     88   2.05    310      3  337.0  344.5  337.4
  361.0   8356  -20.3  -21.9     87   1.85     27      3  338.3  345.1  338.7
  359.0   8397  -20.6  -22.2     87   1.81     40      3  338.4  345.1  338.8
  344.0   8706  -22.8  -24.5     86   1.53     40      4  339.6  345.4  339.9
  331.0   8986  -24.8  -26.6     85   1.32     80      7  340.6  345.6  340.9
  317.0   9300  -27.0  -29.0     83   1.10     60      7  341.7  346.0  342.0
  304.0   9604  -29.2  -31.3     82   0.93     60      5  342.8  346.4  343.0
  300.0   9700  -29.9  -32.0     82   0.88     40      4  343.1  346.6  343.3
  292.0   9888  -31.4  -33.5     81   0.78     20      5  343.7  346.8  343.8
  279.0  10206  -33.9  -36.1     80   0.63      0      7  344.6  347.1  344.7
  250.0  10970  -39.9  -42.3     78   0.37    325      9  346.6  348.2  346.7
  245.0  11104  -41.1                         325      8  346.8         346.8
  214.0  12001  -49.2                           0      9  347.9         347.9
  205.0  12286  -51.8                          30     10  348.1         348.1
  200.0  12450  -53.3                          45     11  348.2         348.2
  195.0  12609  -54.6                          50     13  348.7         348.7
  186.0  12906  -57.0                          45     13  349.6         349.6
  178.0  13183  -59.2                          60      8  350.4         350.4
  169.0  13509  -61.8                          35      7  351.2         351.2
  166.0  13622  -62.7                          50      6  351.5         351.5
  161.0  13808  -63.8                          75      5  352.8         352.8
  154.0  14079  -65.4                         140     11  354.6         354.6
  150.0  14240  -66.3                         140     13  355.7         355.7
  125.0  15313  -74.3                         100     27  360.1         360.1
  118.0  15652  -76.9                         100     30  361.4         361.4
  113.0  15897  -78.0                         100     32  363.9         363.9
  102.0  16478  -80.4                          45     23  370.0         370.0
  100.0  16590  -80.9                          45     21  371.2         371.2
   91.0  17114  -83.8                          90     25  375.7         375.7
   84.2  17546  -86.1                          95     39  379.3         379.3
   78.0  17966  -86.0                          95     38  387.9         387.9
   73.0  18330  -86.0                         115     25  395.4         395.4
   70.0  18560  -85.9                          95     30  400.3         400.3
   67.2  18784  -86.5                          81     33  403.7         403.7
   66.0  18885  -85.2                          75     35  408.5         408.5
   59.9  19427  -78.5                          97     25  435.1         435.1
   59.0  19515  -76.5                         100     23  441.5         441.5
   57.0  19716  -71.9                         101     24  456.2         456.2
   53.2  20125  -69.7                         103     27  470.4         470.4
   50.0  20500  -64.9                         105     29  490.1         490.1
   48.0  20750  -62.0                         105     34  502.7         502.7
   47.9  20763  -61.9                         104     34  503.3         503.3
   45.5  21083  -59.1                          77     28  517.5         517.5
   44.0  21289  -60.7                          60     25  518.7         518.7
   40.0  21877  -65.1                           5      9  521.9         521.9
   39.5  21954  -65.7                         350      9  522.3         522.3
   38.0  22191  -63.9                         350      8  532.7         532.7
   37.2  22321  -62.9                           6      8  538.5         538.5
   36.0  22521  -63.5                          30      8  542.0         542.0
   34.0  22871  -64.5                           0      9  548.2         548.2
   33.3  22998  -64.9                         344      9  550.5         550.5
   30.0  23640  -60.7                         265     12  578.6         578.6
   28.8  23896  -57.7                         262     10  593.6         593.6
   28.0  24074  -57.6                         260      9  598.8         598.8
   27.0  24304  -57.4                         230      9  605.5         605.5
   26.0  24543  -57.2                         255     13  612.5         612.5
   25.0  24791  -57.1                         175      5  619.9         619.9
   23.0  25318  -56.7                         135     11  635.9         635.9
   22.0  25600  -56.5                           0      1  644.6         644.6
   21.0  25894  -56.3                         305      7  653.9         653.9
   20.9  25924  -56.3                                     654.8         654.8
</PRE><H3>Station information and sounding indices</H3><PRE>
                         Station identifier: WIII
                             Station number: 96749
                           Observation time: 190110/0000
                           Station latitude: -6.11
                          Station longitude: 106.65
                          Station elevation: 8.0
                            Showalter index: -0.58
                               Lifted index: -2.71
    LIFT computed using virtual temperature: -2.95
                                SWEAT index: 191.99
                                    K index: 37.90
                         Cross totals index: 21.30
                      Vertical totals index: 23.90
                        Totals totals index: 45.20
      Convective Available Potential Energy: 524.67
             CAPE using virtual temperature: 589.71
                      Convective Inhibition: -15.88
             CINS using virtual temperature: -5.29
                           Equilibrum Level: 251.47
 Equilibrum Level using virtual temperature: 258.85
                   Level of Free Convection: 796.21
             LFCT using virtual temperature: 864.27
                     Bulk Richardson Number: 56.42
          Bulk Richardson Number using CAPV: 63.42
  Temp [K] of the Lifted Condensation Level: 295.00
Pres [hPa] of the Lifted Condensation Level: 966.59
   Equivalent potential temp [K] of the LCL: 348.52
     Mean mixed layer potential temperature: 297.89
              Mean mixed layer mixing ratio: 17.41
              1000 hPa to 500 hPa thickness: 5767.00
Precipitable water [mm] for entire sounding: 61.39
</PRE>
<P>Description of the 
<A HREF="/upperair/columns.html">data columns</A>
or <A HREF="/upperair/indices.html">sounding indices</A>.

<P>
<FORM>
<INPUT CLASS="button" TYPE="button" VALUE=" Close this window " 
 onClick="window.close();">
<INPUT CLASS="button" TYPE="button" VALUE=" Select another map " 
 onClick="window.blur();">
</FORM>
<HR SIZE="1">
<I>Interested in graduate studies in atmospheric science?
Check out our program at the
<a href="http://www.uwyo.edu/atsc/howtoapply/"
target=_top>University of Wyoming
</a></I>
<HR SIZE="1"><FONT SIZE="-1">
Questions about the weather data provided by this site can be
addressed to <A HREF="mailto:ldoolman@uwyo.edu">
Larry Oolman (ldoolman@uwyo.edu)</A></FONT>
<HR SIZE="1">
<SCRIPT TYPE="text/javascript">
<!--
window.focus();
// -->
</SCRIPT>
</BODY>
</HTML>
