2020-06-10 00
<HTML>
<TITLE>University of Wyoming - Radiosonde Data</TITLE>
<BODY BGCOLOR="white">
<H2>96749 WIII Jakarta Observations at 00Z 10 Jun 2020</H2>
<PRE>
-----------------------------------------------------------------------------
   PRES   HGHT   TEMP   DWPT   RELH   MIXR   DRCT   SKNT   THTA   THTE   THTV
    hPa     m      C      C      %    g/kg    deg   knot     K      K      K 
-----------------------------------------------------------------------------
 1010.0      8   24.8   23.5     92  18.44    140      2  297.1  350.6  300.4
 1009.0     17   26.2   23.7     86  18.69    138      3  298.6  353.2  301.9
 1000.0     94   26.4   23.1     82  18.17    120      9  299.6  352.9  302.8
  977.0    300   25.3   21.9     82  17.30    105     14  300.4  351.4  303.5
  925.0    784   22.6   19.2     81  15.38     90     15  302.4  348.1  305.2
  894.0   1081   21.0   18.1     84  14.84     86     13  303.7  348.1  306.4
  882.0   1197   20.6   17.1     81  14.12     85     12  304.4  346.8  307.0
  851.0   1507   19.4   14.5     73  12.33    115      5  306.4  343.7  308.7
  850.0   1517   19.4   14.4     73  12.28    120      5  306.4  343.6  308.7
  827.0   1752   18.2    7.2     49   7.76    173      6  307.6  331.5  309.0
  822.0   1804   17.9    6.8     48   7.62    185      6  307.8  331.4  309.2
  794.0   2098   16.3    4.8     47   6.86    225      7  309.2  330.5  310.4
  756.0   2514   14.0    2.0     44   5.88    243     10  311.0  329.6  312.1
  744.0   2648   13.2    6.2     63   8.05    249     11  311.6  336.8  313.1
  713.0   3004   10.9    2.4     56   6.40    265     14  312.9  333.1  314.1
  704.0   3110   10.2    1.2     54   5.96    275     12  313.2  332.2  314.4
  700.0   3157   10.0    0.0     50   5.50    280     11  313.5  331.1  314.6
  686.0   3325    9.0    4.2     72   7.59    293     10  314.2  338.3  315.7
  664.0   3593    7.5    1.4     65   6.44    315      8  315.5  336.1  316.7
  601.0   4413    3.0   -7.0     48   3.78    306     10  319.4  332.0  320.1
  594.0   4507    2.2   -7.0     50   3.83    305     10  319.6  332.3  320.3
  574.0   4784    0.0   -7.0     59   3.96    313      8  320.1  333.3  320.9
  531.0   5405   -3.7   -8.8     68   3.72    330      4  322.8  335.4  323.6
  529.0   5435   -3.9   -8.9     68   3.71    334      4  323.0  335.5  323.7
  514.0   5663   -5.1   -7.7     82   4.19      4      3  324.2  338.3  325.0
  511.0   5709   -5.3   -8.3     79   4.01     10      3  324.5  338.1  325.3
  500.0   5880   -5.9  -10.7     69   3.40     20      3  325.8  337.4  326.4
  489.0   6053   -6.3  -14.3     53   2.60     39      3  327.4  336.5  327.9
  482.0   6166   -6.7  -12.7     62   3.00     51      4  328.2  338.7  328.8
  474.0   6295   -7.3  -14.7     55   2.59     65      4  329.1  338.2  329.6
  471.0   6345   -7.5  -15.5     53   2.44     72      4  329.4  338.1  329.9
  469.0   6378   -7.7  -15.7     53   2.41     77      5  329.6  338.1  330.0
  466.0   6427   -7.7  -23.7     26   1.22     85      5  330.2  334.7  330.4
  465.0   6444   -7.7  -28.7     17   0.77     87      5  330.4  333.3  330.5
  464.0   6461   -7.9  -32.9     11   0.52     90      6  330.3  332.3  330.4
  458.0   6561   -8.9  -18.9     44   1.89    105      7  330.3  337.1  330.7
  457.0   6578   -9.1  -15.1     62   2.60    107      7  330.3  339.5  330.8
  456.0   6595   -9.2  -15.2     62   2.58    110      7  330.3  339.4  330.8
  438.0   6902  -11.4  -17.9     59   2.15    135      7  331.4  339.1  331.8
  420.0   7223  -13.7  -20.7     56   1.76    122     15  332.4  338.8  332.8
  414.0   7331  -14.7  -20.7     60   1.79    117     17  332.5  339.0  332.9
  405.0   7497  -15.2  -31.1     24   0.71    110     21  333.9  336.6  334.1
  404.0   7515  -15.3  -32.3     22   0.63    110     21  334.1  336.5  334.2
  400.0   7590  -15.1  -42.1      8   0.24    110     23  335.3  336.2  335.3
  399.0   7609  -15.1  -45.1      6   0.17    110     23  335.5  336.2  335.6
  369.0   8197  -18.5  -31.5     31   0.75    110     19  338.6  341.5  338.7
  345.0   8696  -22.9  -33.2     39   0.68    110     16  339.1  341.8  339.3
  343.0   8739  -23.3  -33.3     39   0.68    112     17  339.2  341.9  339.3
  341.0   8782  -23.7  -33.7     39   0.65    114     19  339.2  341.8  339.4
  335.0   8912  -23.5  -50.5      6   0.11    121     22  341.2  341.7  341.2
  331.0   8999  -24.2  -51.3      6   0.10    125     25  341.4  341.9  341.5
  300.0   9710  -29.9  -57.9      5   0.05    110     23  343.1  343.4  343.1
  257.0  10788  -38.0  -61.8      6   0.04     95     18  346.6  346.8  346.6
  250.0  10980  -39.5  -62.5      7   0.03     85     17  347.2  347.4  347.2
  248.0  11035  -40.1  -63.1      7   0.03     85     17  347.1  347.3  347.1
  246.0  11089  -40.5                          85     16  347.3         347.3
  225.0  11684  -45.4                          95     11  348.9         348.9
  200.0  12470  -51.7                          85     10  350.7         350.7
  178.0  13195  -58.0                          80     12  352.3         352.3
  162.0  13781  -63.1                          80     10  353.3         353.3
  154.0  14096  -65.9                         100     17  353.7         353.7
  150.0  14260  -67.3                         105     19  354.0         354.0
  132.0  15010  -74.2                          85     17  354.8         354.8
  127.0  15237  -76.3                          94     17  355.0         355.0
  115.0  15799  -81.1                         116     19  356.3         356.3
  113.0  15897  -81.2                         120     19  357.9         357.9
  102.0  16469  -81.8                         170     24  367.4         367.4
  100.0  16580  -81.9                         165     24  369.2         369.2
   96.0  16812  -80.1                         140     19  377.2         377.2
   94.8  16883  -79.5                         127     17  379.6         379.6
   91.0  17116  -80.5                          85     12  382.1         382.1
   86.1  17430  -81.9                          98     16  385.4         385.4
   83.2  17623  -82.1                         107     18  388.8         388.8
   82.3  17684  -81.9                         109     19  390.4         390.4
   82.0  17705  -80.7                         110     19  393.4         393.4
   81.3  17754  -77.7                         108     20  400.4         400.4
   79.4  17892  -74.5                         102     23  409.7         409.7
   74.0  18304  -75.2                          85     31  416.6         416.6
   73.1  18375  -75.3                          85     30  417.8         417.8
   70.3  18605  -72.9                          85     26  427.6         427.6
   70.0  18630  -72.9                          85     26  428.1         428.1
   68.3  18776  -67.7                          71     22  442.3         442.3
   67.0  18891  -67.8                          60     18  444.4         444.4
   64.0  19165  -68.2                          75      9  449.5         449.5
   58.0  19755  -69.0                         170     22  460.6         460.6
   55.7  19997  -69.3                         146     28  465.2         465.2
   54.8  20094  -69.5                         136     30  466.9         466.9
   53.7  20216  -65.5                         124     33  478.9         478.9
   52.0  20412  -65.6                         105     37  483.1         483.1
   50.0  20650  -65.7                          95     36  488.2         488.2
   44.4  21368  -66.5                          87     40  503.1         503.1
   36.5  22555  -64.7                          73     46  536.8         536.8
   35.0  22812  -63.2                          70     47  547.0         547.0
   33.5  23080  -61.7                          76     42  558.0         558.0
   30.0  23760  -62.5                          90     31  573.7         573.7
   28.9  23990  -63.3                          93     29  577.6         577.6
   28.0  24186  -61.5                          95     28  587.9         587.9
   27.8  24230  -61.1                          91     28  590.2         590.2
   26.1  24630  -52.3                          57     24  625.9         625.9
   26.0  24655  -52.3                          55     24  626.6         626.6
   25.0  24909  -52.3                          80      9  633.6         633.6
   24.0  25173  -52.3                         130     19  641.0         641.0
   22.9  25477  -52.3                         111     17  649.7         649.7
   22.0  25738  -51.2                          95     16  660.4         660.4
   21.0  26042  -50.0                         125      4  672.9         672.9
   20.0  26360  -48.7                         120      6  686.3         686.3
   17.0  27438  -44.7                          70     16  731.7         731.7
   16.7  27556  -44.3                                     736.8         736.8
</PRE><H3>Station information and sounding indices</H3><PRE>
                         Station identifier: WIII
                             Station number: 96749
                           Observation time: 200610/0000
                           Station latitude: -6.11
                          Station longitude: 106.65
                          Station elevation: 8.0
                            Showalter index: -0.46
                               Lifted index: -3.39
    LIFT computed using virtual temperature: -3.89
                                SWEAT index: 185.78
                                    K index: 29.70
                         Cross totals index: 20.30
                      Vertical totals index: 25.30
                        Totals totals index: 45.60
      Convective Available Potential Energy: 776.79
             CAPE using virtual temperature: 946.83
                      Convective Inhibition: -76.41
             CINS using virtual temperature: -38.52
                           Equilibrum Level: 198.19
 Equilibrum Level using virtual temperature: 198.10
                   Level of Free Convection: 742.41
             LFCT using virtual temperature: 828.89
                     Bulk Richardson Number: 42.32
          Bulk Richardson Number using CAPV: 51.58
  Temp [K] of the Lifted Condensation Level: 294.58
Pres [hPa] of the Lifted Condensation Level: 936.73
   Equivalent potential temp [K] of the LCL: 351.55
     Mean mixed layer potential temperature: 300.14
              Mean mixed layer mixing ratio: 17.51
              1000 hPa to 500 hPa thickness: 5786.00
Precipitable water [mm] for entire sounding: 49.09
</PRE>
<P>Description of the 
<A HREF="/upperair/columns.html">data columns</A>
or <A HREF="/upperair/indices.html">sounding indices</A>.

<P>
<FORM>
<INPUT CLASS="button" TYPE="button" VALUE=" Close this window " 
 onClick="window.close();">
<INPUT CLASS="button" TYPE="button" VALUE=" Select another map " 
 onClick="window.blur();">
</FORM>
<HR SIZE="1">
<I>Interested in graduate studies in atmospheric science?
Check out our program at the
<a href="http://www.uwyo.edu/atsc/howtoapply/"
target=_top>University of Wyoming
</a></I>
<HR SIZE="1"><FONT SIZE="-1">
Questions about the weather data provided by this site can be
addressed to <A HREF="mailto:ldoolman@uwyo.edu">
Larry Oolman (ldoolman@uwyo.edu)</A></FONT>
<HR SIZE="1">
<SCRIPT TYPE="text/javascript">
<!--
window.focus();
// -->
</SCRIPT>
</BODY>
</HTML>
