2019-10-30 00
<HTML>
<TITLE>University of Wyoming - Radiosonde Data</TITLE>
<BODY BGCOLOR="white">
<H2>96749 WIII Jakarta Observations at 00Z 30 Oct 2019</H2>
<PRE>
-----------------------------------------------------------------------------
   PRES   HGHT   TEMP   DWPT   RELH   MIXR   DRCT   SKNT   THTA   THTE   THTV
    hPa     m      C      C      %    g/kg    deg   knot     K      K      K 
-----------------------------------------------------------------------------
 1010.0      8   24.8   21.7     83  16.48    210      3  297.1  344.9  300.0
 1000.0     97   24.0   19.2     75  14.21    190      5  297.1  338.4  299.7
  996.0    132   24.0   19.1     74  14.18    182      5  297.5  338.8  300.0
  982.0    256   25.4   19.4     69  14.66    155      6  300.1  343.2  302.7
  977.0    301   25.2   19.2     69  14.51    145      6  300.3  343.1  302.9
  944.0    601   23.6   17.6     69  13.56    125      1  301.6  341.8  304.1
  925.0    779   22.6   16.6     69  13.01     65      3  302.4  341.1  304.8
  913.0    893   22.1   14.8     63  11.76     80      5  303.0  338.2  305.2
  869.0   1325   20.2    8.2     46   7.91     70      9  305.4  329.5  306.8
  850.0   1516   18.8    5.8     43   6.85     65     11  305.8  326.9  307.1
  798.0   2053   14.6    3.6     48   6.25     74      9  306.9  326.3  308.1
  793.0   2106   14.2    4.9     54   6.90     75      9  307.0  328.3  308.3
  779.0   2256   13.0    8.6     75   9.08     98      9  307.3  335.1  309.0
  766.0   2398   12.4    8.3     76   9.05    119      9  308.1  335.9  309.8
  750.0   2574   11.8    5.8     67   7.77    146      8  309.4  333.5  310.8
  748.0   2597   11.8    5.8     67   7.79    150      8  309.6  333.8  311.1
  744.0   2642   11.8    4.8     62   7.30    156      8  310.1  332.8  311.4
  739.0   2698   12.9   -4.8     29   3.65    165      8  311.9  323.8  312.6
  737.0   2721   13.4   -8.6     21   2.72    166      8  312.7  321.7  313.2
  735.0   2744   13.6  -17.4     10   1.34    167      8  313.1  317.7  313.4
  713.0   2997   11.9  -20.4      9   1.07    175     10  313.9  317.7  314.1
  700.0   3151   10.8  -22.2      8   0.93    170      8  314.4  317.7  314.6
  687.0   3305    9.7  -22.7      8   0.90    160      3  314.9  318.1  315.1
  663.0   3598    7.6  -23.6      9   0.86     10      4  315.8  318.9  315.9
  639.0   3902    5.5  -24.6      9   0.82      5      5  316.7  319.6  316.8
  638.0   3914    5.4  -24.6      9   0.82      4      5  316.7  319.7  316.9
  626.0   4069    4.6  -30.4      6   0.49    348      5  317.5  319.3  317.6
  621.0   4134    3.8  -18.2     18   1.48    342      5  317.3  322.5  317.6
  616.0   4199    3.4  -19.1     17   1.38    335      5  317.7  322.5  317.9
  593.0   4506    1.8  -23.5     13   0.98    305      4  319.2  322.7  319.4
  570.0   4824    0.0  -28.0     10   0.67    313      8  320.7  323.2  320.9
  567.0   4866   -0.3  -26.3     12   0.79    314      9  320.9  323.8  321.0
  564.0   4909   -0.7  -13.7     37   2.37    315      9  320.9  329.0  321.4
  563.0   4923   -0.7  -11.7     43   2.79    316     10  321.1  330.5  321.6
  561.0   4951   -1.1  -10.1     50   3.18    316     10  320.9  331.6  321.5
  558.0   4994   -1.1  -13.1     40   2.51    317     11  321.4  330.0  321.9
  556.0   5022   -0.9  -21.9     19   1.20    318     11  322.0  326.3  322.2
  555.0   5037   -1.1  -21.1     20   1.29    319     11  321.9  326.5  322.1
  554.0   5051   -1.1  -11.1     47   2.97    319     11  322.1  332.2  322.6
  551.0   5094   -1.5  -12.1     44   2.77    320     12  322.1  331.6  322.7
  549.0   5123   -1.7  -12.7     43   2.64    322     12  322.2  331.2  322.7
  539.0   5269   -2.7   -8.7     63   3.70    334     14  322.7  335.2  323.4
  530.0   5402   -3.7   -9.7     63   3.47    345     16  323.0  334.8  323.7
  520.0   5553   -4.9  -10.9     63   3.22    343     15  323.4  334.3  324.0
  510.0   5705   -5.6  -16.3     43   2.11    340     14  324.3  331.6  324.7
  501.0   5844   -6.3  -21.3     29   1.40    327     13  325.1  330.1  325.4
  500.0   5860   -6.5  -21.5     29   1.38    325     13  325.1  330.0  325.3
  498.0   5891   -6.7  -22.7     27   1.25    321     12  325.2  329.7  325.4
  486.0   6083   -5.7  -37.7      6   0.31    297      9  328.7  329.9  328.7
  473.0   6295   -7.3  -38.3      6   0.30    270      6  329.2  330.4  329.3
  461.0   6496   -8.9  -38.9      7   0.29    326      7  329.7  330.8  329.7
  455.0   6597   -9.2  -40.5      6   0.25    355      8  330.5  331.5  330.6
  437.0   6910  -10.2  -45.5      4   0.15     40     10  333.1  333.7  333.1
  425.0   7126  -10.9  -48.9      3   0.11     81     12  334.9  335.3  334.9
  421.0   7198  -11.5  -49.6      3   0.10     95     12  335.1  335.5  335.1
  400.0   7590  -14.5  -53.5      2   0.07    100     16  336.1  336.3  336.1
  373.0   8109  -18.1  -55.0      2   0.06     95     24  338.0  338.3  338.0
  351.0   8560  -21.3  -56.3      3   0.05     89     24  339.7  339.9  339.7
  317.0   9293  -27.1  -58.2      4   0.05     80     24  341.6  341.8  341.6
  300.0   9690  -30.3  -59.3      4   0.04     85     26  342.6  342.8  342.6
  257.0  10772  -39.9  -62.9      7   0.03     85     25  343.9  344.0  343.9
  250.0  10960  -41.5                          85     25  344.2         344.2
  245.0  11093  -42.6                          80     24  344.6         344.6
  204.0  12300  -52.8                          60     20  347.0         347.0
  200.0  12430  -53.9                          60     21  347.2         347.2
  180.0  13097  -59.9                          56     29  348.1         348.1
  151.0  14170  -69.1                          50     42  350.2         350.2
  150.0  14210  -69.3                          50     42  350.5         350.5
  145.0  14411  -70.5                          50     41  351.8         351.8
  135.0  14833  -73.1                          57     30  354.5         354.5
  131.0  15010  -72.2                          60     25  359.2         359.2
  129.0  15100  -71.7                          66     25  361.6         361.6
  119.0  15566  -74.5                          95     22  365.0         365.0
  107.0  16180  -78.2                          50     11  369.3         369.3
  101.0  16513  -80.2                         350      8  371.6         371.6
  100.0  16570  -80.5                         345      8  371.9         371.9
   95.0  16859  -82.7                         310      4  373.1         373.1
   91.0  17102  -79.9                         260      9  383.3         383.3
   78.0  17978  -80.2                         195      9  399.8         399.8
   76.2  18111  -80.3                         199      5  402.4         402.4
   74.0  18279  -78.0                         205      1  410.6         410.6
   72.6  18389  -76.5                         222      1  416.1         416.1
   70.0  18600  -76.1                         255      2  421.3         421.3
   67.5  18809  -75.9                         323      3  426.1         426.1
   66.0  18939  -72.3                           5      4  436.7         436.7
   65.6  18975  -71.3                         353      5  439.6         439.6
   63.0  19214  -69.7                         275      9  448.2         448.2
   61.1  19395  -68.5                         284     17  454.8         454.8
   60.0  19504  -68.5                         290     21  457.2         457.2
   54.0  20131  -68.6                         275     25  470.9         470.9
   50.0  20590  -68.7                         285     23  481.2         481.2
   44.2  21327  -69.5                         290     12  496.5         496.5
   44.0  21355  -69.4                         290     12  497.3         497.3
   40.0  21927  -68.2                         280      9  514.0         514.0
   38.0  22236  -67.6                         225     10  523.3         523.3
   36.0  22560  -66.9                         190     12  533.2         533.2
   35.5  22644  -66.7                         230      8  535.8         535.8
   35.0  22731  -65.8                         270      4  540.5         540.5
   33.0  23092  -61.9                         310     12  559.9         559.9
   32.8  23129  -61.5                         321     12  561.9         561.9
   31.8  23324  -55.9                          15     14  581.9         581.9
   31.0  23487  -52.2                          60     15  596.2         596.2
   30.9  23508  -51.7                          61     15  598.0         598.0
   30.0  23700  -51.9                          75     13  602.5         602.5
   29.2  23874  -52.9                         359      7  604.5         604.5
   29.0  23918  -52.4                         340      5  607.0         607.0
   28.3  24076  -50.7                         301      5  616.0         616.0
   27.0  24375  -52.1                         225      5  620.4         620.4
   26.0  24615  -53.3                         230      2  623.8         623.8
   25.0  24865  -54.4                         285      2  627.5         627.5
   24.0  25125  -55.7                         260      3  631.3         631.3
   23.0  25396  -57.0                          10      4  635.2         635.2
   22.0  25679  -58.3                          25      5  639.3         639.3
   21.0  25972  -56.8                         105     14  652.4         652.4
   20.4  26154  -55.9                          99     18  660.6         660.6
   20.0  26280  -55.1                          95     20  666.8         666.8
   19.7  26377  -54.5                          91     26  671.5         671.5
   19.0  26610  -51.5                          80     39  687.7         687.7
   18.9  26644  -51.1                          80     39  690.1         690.1
   16.0  27729  -50.5                          85     39  725.8         725.8
   15.3  28020  -50.3                          95     46  735.6         735.6
   15.0  28150  -49.7                         100     49  741.9         741.9
   14.2  28509  -47.9                          97     50  759.6         759.6
   11.0  30206  -44.5                          85     55  829.3         829.3
   10.8  30328  -44.3                                     834.5         834.5
</PRE><H3>Station information and sounding indices</H3><PRE>
                         Station identifier: WIII
                             Station number: 96749
                           Observation time: 191030/0000
                           Station latitude: -6.11
                          Station longitude: 106.65
                          Station elevation: 8.0
                            Showalter index: 6.35
                               Lifted index: -0.31
    LIFT computed using virtual temperature: -0.87
                                SWEAT index: 104.58
                                    K index: -1.90
                         Cross totals index: 12.30
                      Vertical totals index: 25.30
                        Totals totals index: 37.60
      Convective Available Potential Energy: 5.69
             CAPE using virtual temperature: 37.65
                      Convective Inhibition: -300.03
             CINS using virtual temperature: -167.58
                           Equilibrum Level: 496.26
 Equilibrum Level using virtual temperature: 492.75
                   Level of Free Convection: 561.18
             LFCT using virtual temperature: 646.47
                     Bulk Richardson Number: 1.29
          Bulk Richardson Number using CAPV: 8.53
  Temp [K] of the Lifted Condensation Level: 291.07
Pres [hPa] of the Lifted Condensation Level: 907.01
   Equivalent potential temp [K] of the LCL: 341.68
     Mean mixed layer potential temperature: 299.32
              Mean mixed layer mixing ratio: 14.48
              1000 hPa to 500 hPa thickness: 5763.00
Precipitable water [mm] for entire sounding: 31.86
</PRE>
<P>Description of the 
<A HREF="/upperair/columns.html">data columns</A>
or <A HREF="/upperair/indices.html">sounding indices</A>.

<P>
<FORM>
<INPUT CLASS="button" TYPE="button" VALUE=" Close this window " 
 onClick="window.close();">
<INPUT CLASS="button" TYPE="button" VALUE=" Select another map " 
 onClick="window.blur();">
</FORM>
<HR SIZE="1">
<I>Interested in graduate studies in atmospheric science?
Check out our program at the
<a href="http://www.uwyo.edu/atsc/howtoapply/"
target=_top>University of Wyoming
</a></I>
<HR SIZE="1"><FONT SIZE="-1">
Questions about the weather data provided by this site can be
addressed to <A HREF="mailto:ldoolman@uwyo.edu">
Larry Oolman (ldoolman@uwyo.edu)</A></FONT>
<HR SIZE="1">
<SCRIPT TYPE="text/javascript">
<!--
window.focus();
// -->
</SCRIPT>
</BODY>
</HTML>
