2022-05-13 12
<HTML>
<TITLE>University of Wyoming - Radiosonde Data</TITLE>
<BODY BGCOLOR="white">
<H2>96749 WIII Jakarta Observations at 00Z 13 May 2022</H2>
<PRE>
-----------------------------------------------------------------------------
   PRES   HGHT   TEMP   DWPT   RELH   MIXR   DRCT   SKNT   THTA   THTE   THTV
    hPa     m      C      C      %    g/kg    deg   knot     K      K      K 
-----------------------------------------------------------------------------
 1009.0      8   26.0   23.0     84  17.89    270      5  298.4  350.6  301.6
 1008.0     16   26.0   22.5     81  17.36    267      5  298.5  349.2  301.6
 1000.0     83   26.0   21.8     78  16.75    245      8  299.1  348.2  302.1
  987.0    199   26.0   21.5     76  16.66    253     13  300.3  349.3  303.3
  976.0    298   25.8   20.7     73  16.00    260     17  301.1  348.3  304.0
  946.0    575   25.4   18.4     65  14.29    275     18  303.3  345.9  305.9
  925.0    773   24.2   17.2     65  13.53    285     19  304.1  344.6  306.5
  851.0   1495   19.2   15.4     79  13.10    275     14  306.1  345.7  308.6
  850.0   1505   19.0   15.2     79  12.94    275     14  306.0  345.1  308.4
  821.0   1803   18.0   13.5     75  12.00    265     11  308.0  344.6  310.2
  799.0   2036   17.2   12.2     72  11.30    251      9  309.6  344.3  311.7
  766.0   2395   14.2   10.4     78  10.46    230      7  310.1  342.3  312.0
  762.0   2439   13.8   10.2     79  10.36    235      7  310.1  342.1  312.1
  730.0   2801   13.2    6.2     63   8.21    274      5  313.3  339.1  314.8
  713.0   2999   11.5    6.7     72   8.68    295      4  313.6  340.8  315.2
  700.0   3153   10.2    7.0     81   9.06    250      2  313.8  342.2  315.5
  688.0   3297    8.9    7.2     89   9.32    195      2  313.9  343.1  315.6
  685.0   3333    8.6    7.2     91   9.39    211      2  313.9  343.4  315.7
  663.0   3602    7.3    4.9     84   8.25    330      3  315.4  341.6  317.0
  640.0   3893    6.0    2.4     78   7.16    300      3  317.1  340.1  318.5
  617.0   4195    4.6   -0.2     71   6.15      0      4  318.8  338.8  320.0
  606.0   4342    3.4    1.1     85   6.89     25      4  319.1  341.4  320.4
  595.0   4491    2.5   -1.1     77   5.95     50      4  319.7  339.1  320.9
  589.0   4573    2.0   -2.4     73   5.48     62      5  320.1  338.0  321.1
  573.0   4795    0.6   -2.7     79   5.51     95      7  320.9  339.0  322.0
  567.0   4880    0.0   -2.8     81   5.52    103      8  321.2  339.4  322.3
  561.0   4965    0.0   -6.0     64   4.38    112     10  322.2  336.8  323.1
  552.0   5095   -0.8   -6.2     67   4.39    125     12  322.7  337.4  323.6
  547.0   5168   -1.3   -6.3     69   4.39    121     12  323.0  337.7  323.9
  537.0   5315   -1.5  -10.5     50   3.22    112     12  324.5  335.5  325.1
  528.0   5450   -2.5  -13.5     43   2.57    104     12  324.8  333.8  325.3
  512.0   5693   -4.7   -9.6     68   3.63     90     12  325.1  337.4  325.8
  506.0   5786   -5.5   -8.1     82   4.13     95     13  325.2  339.1  326.0
  500.0   5880   -6.1   -7.9     87   4.24    100     13  325.5  339.9  326.4
  494.0   5974   -5.9  -10.9     68   3.39     99     14  326.9  338.6  327.6
  471.0   6345   -8.1  -10.1     86   3.79     95     16  328.7  341.7  329.4
  462.0   6495   -8.9  -11.3     83   3.51     93     17  329.5  341.7  330.2
  460.0   6528   -9.1  -11.4     83   3.50     93     17  329.6  341.8  330.3
  457.0   6579   -9.1  -13.1     73   3.07     92     18  330.3  341.0  330.9
  456.0   6596   -8.9  -15.9     57   2.44     92     18  330.7  339.4  331.2
  448.0   6732   -8.5  -21.5     34   1.54     90     19  332.9  338.6  333.2
  422.0   7190  -11.1  -26.8     26   1.02     85     22  335.2  339.1  335.5
  400.0   7600  -13.5  -31.5     20   0.69     75     23  337.4  340.1  337.5
  377.0   8049  -16.5  -36.5     16   0.45     61     27  339.1  340.9  339.2
  375.0   8089  -16.8  -36.3     17   0.46     60     27  339.3  341.1  339.4
  344.0   8733  -21.5  -32.5     36   0.73     62     24  341.4  344.2  341.5
  319.0   9286  -25.1  -40.1     23   0.37     64     22  343.8  345.3  343.9
  300.0   9730  -28.9  -38.9     38   0.44     65     20  344.5  346.3  344.6
  250.0  11010  -39.5  -45.5     53   0.26     65     16  347.2  348.3  347.3
  248.0  11065  -40.1  -46.1     53   0.25     65     17  347.1  348.2  347.2
  247.0  11092  -40.3  -46.3     53   0.24     65     17  347.1  348.2  347.2
  211.0  12142  -49.7  -54.7     56   0.11     69     22  348.5  349.0  348.6
  201.0  12458  -52.1  -62.1     29   0.04     70     24  349.6  349.8  349.6
  200.0  12490  -52.3  -63.3     25   0.04     70     24  349.8  350.0  349.8
  166.0  13670  -62.3  -67.2     52   0.03     74     22  352.2  352.3  352.2
  155.0  14091  -65.4  -73.1     33   0.01     75     21  353.9  353.9  353.9
  154.0  14130  -65.7  -73.7     32   0.01     78     21  354.0  354.1  354.0
  150.0  14290  -66.9  -74.9     31   0.01     90     22  354.6  354.7  354.6
  120.0  15589  -75.7  -84.8     23   0.00    100     25  361.9  361.9  361.9
  103.0  16478  -81.7  -91.6     18   0.00     75     39  366.5  366.5  366.5
  100.0  16650  -82.9  -92.9     17   0.00     75     40  367.3  367.3  367.3
   98.1  16757  -83.5  -94.5     14   0.00     80     39  368.2  368.2  368.2
   97.0  16820  -83.0  -94.2     13   0.00     80     37  370.3  370.3  370.3
   92.0  17117  -80.7  -92.7     12   0.00    100     28  380.4  380.5  380.4
   91.5  17148  -80.5  -92.5     12   0.00     99     28  381.5  381.5  381.5
   87.1  17425  -81.5  -93.5     12   0.00     90     26  384.9  384.9  384.9
   87.0  17432  -81.4  -93.5     12   0.00     90     26  385.2  385.2  385.2
   83.0  17700  -78.8  -92.7      9   0.00     25      7  395.6  395.7  395.6
   80.7  17859  -77.3  -92.3      8   0.00     29      8  402.0  402.0  402.0
   75.0  18277  -79.1  -94.7      6   0.00     40     11  406.8  406.9  406.8
   71.8  18526  -80.1  -96.1      6   0.00     46     15  409.7  409.7  409.7
   70.0  18670  -79.9  -96.9      5   0.00     50     17  413.1  413.1  413.1
   67.9  18842  -79.9  -95.9      6   0.00     36     16  416.8  416.8  416.8
   67.0  18918  -79.3  -95.9      5   0.00     30     15  419.7  419.7  419.7
   66.5  18960  -78.9  -95.9      5   0.00     50     13  421.4  421.4  421.4
   65.7  19029  -75.1  -95.1      3   0.00     83     11  431.1  431.1  431.1
   64.0  19185  -73.1  -94.1      3   0.00    155      5  438.8  438.8  438.8
   58.0  19769  -65.5  -90.5      2   0.00    106     23  468.4  468.4  468.4
   55.3  20059  -63.5  -91.5      1   0.00     83     32  479.4  479.4  479.4
   55.0  20092  -63.8  -92.0      1   0.00     80     33  479.6  479.6  479.6
   52.0  20433  -66.4  -97.6      1   0.00     75     35  481.2  481.2  481.2
   51.2  20527  -67.1  -99.1      0   0.00     77     33  481.7  481.7  481.7
   50.0  20670  -67.7  -99.7      0   0.00     80     30  483.5  483.5  483.5
   47.0  21046  -64.9  -97.5      0   0.00     90     26  498.9  498.9  498.9
   45.4  21256  -63.3  -96.3      0   0.00     98     32  507.7  507.7  507.7
   45.0  21310  -63.5  -96.3      0   0.00    100     34  508.4  508.4  508.4
   39.5  22102  -67.1  -97.1      1   0.00     90     39  518.7  518.7  518.7
   35.7  22711  -67.5  -96.5      1   0.00     90     46  532.9  532.9  532.9
   35.0  22831  -66.9  -96.0      1   0.00     90     47  537.5  537.5  537.5
   32.0  23377  -64.1  -93.7      1   0.00     95     58  558.9  558.9  558.9
   30.0  23770  -62.1  -92.1      1   0.00     95     68  574.8  574.8  574.8
   28.0  24205  -59.4  -89.7      1   0.00     85     73  593.6  593.7  593.6
   27.6  24296  -58.9  -89.2      1   0.01     85     73  597.6  597.7  597.6
   25.1  24895  -55.2  -86.0      1   0.01     90     71  624.6  624.7  624.6
   25.0  24920  -55.0  -85.8      1   0.01     90     71  625.8  625.9  625.8
   24.0  25177  -53.5  -84.4      1   0.01     90     68  637.7  637.8  637.7
   23.9  25204  -53.3  -84.3      1   0.01                638.9  639.0  638.9
</PRE><H3>Station information and sounding indices</H3><PRE>
                         Station identifier: WIII
                             Station number: 96749
                           Observation time: 220513/0000
                           Station latitude: -6.11
                          Station longitude: 106.65
                          Station elevation: 8.0
                            Showalter index: -1.24
                               Lifted index: -2.37
    LIFT computed using virtual temperature: -2.63
                                SWEAT index: 223.41
                                    K index: 37.10
                         Cross totals index: 21.30
                      Vertical totals index: 25.10
                        Totals totals index: 46.40
      Convective Available Potential Energy: 141.06
             CAPE using virtual temperature: 193.02
                      Convective Inhibition: -178.58
             CINS using virtual temperature: -142.69
                           Equilibrum Level: 449.29
 Equilibrum Level using virtual temperature: 417.03
                   Level of Free Convection: 695.10
             LFCT using virtual temperature: 702.56
                     Bulk Richardson Number: 15.39
          Bulk Richardson Number using CAPV: 21.05
  Temp [K] of the Lifted Condensation Level: 292.85
Pres [hPa] of the Lifted Condensation Level: 912.25
   Equivalent potential temp [K] of the LCL: 348.09
     Mean mixed layer potential temperature: 300.65
              Mean mixed layer mixing ratio: 16.14
              1000 hPa to 500 hPa thickness: 5797.00
Precipitable water [mm] for entire sounding: 54.96
</PRE>
<P>Description of the 
<A HREF="/upperair/columns.html">data columns</A>
or <A HREF="/upperair/indices.html">sounding indices</A>.

<P>
<FORM>
<INPUT CLASS="button" TYPE="button" VALUE=" Close this window " 
 onClick="window.close();">
<INPUT CLASS="button" TYPE="button" VALUE=" Select another map " 
 onClick="window.blur();">
</FORM>
<HR SIZE="1">
<I>Interested in graduate studies in atmospheric science?
Check out our program at the
<a href="http://www.uwyo.edu/atsc/howtoapply/"
target=_top>University of Wyoming
</a></I>
<HR SIZE="1"><FONT SIZE="-1">
Questions about the weather data provided by this site can be
addressed to <A HREF="mailto:ldoolman@uwyo.edu">
Larry Oolman (ldoolman@uwyo.edu)</A></FONT>
<HR SIZE="1">
<SCRIPT TYPE="text/javascript">
<!--
window.focus();
// -->
</SCRIPT>
</BODY>
</HTML>
