2021-10-16 12
<HTML>
<TITLE>University of Wyoming - Radiosonde Data</TITLE>
<BODY BGCOLOR="white">
<H2>96749 WIII Jakarta Observations at 00Z 16 Oct 2021</H2>
<PRE>
-----------------------------------------------------------------------------
   PRES   HGHT   TEMP   DWPT   RELH   MIXR   DRCT   SKNT   THTA   THTE   THTV
    hPa     m      C      C      %    g/kg    deg   knot     K      K      K 
-----------------------------------------------------------------------------
 1008.0      8   25.6   23.4     88  18.36    200      2  298.1  351.6  301.3
 1000.0     81   25.6   21.8     80  16.75    165      4  298.8  347.7  301.7
  998.0     99   25.6   21.5     78  16.47    163      4  298.9  347.1  301.9
  989.0    179   26.8   20.8     70  15.91    156      4  300.9  347.9  303.8
  976.0    296   26.3   19.7     67  15.06    145      4  301.5  346.1  304.2
  965.0    396   25.8   18.8     65  14.36    163      3  302.0  344.6  304.6
  943.0    599   24.4   18.6     70  14.50    200      2  302.6  345.7  305.2
  925.0    768   23.2   18.4     74  14.62    155      2  303.0  346.6  305.7
  911.0    900   22.5   17.3     72  13.81    115      2  303.6  344.9  306.1
  880.0   1200   20.8   14.7     68  12.12     80      9  304.9  341.4  307.1
  850.0   1501   19.2   12.2     64  10.61     95     13  306.2  338.4  308.2
  839.0   1613   18.0   14.1     78  12.20     91     13  306.1  343.0  308.4
  799.0   2030   15.6   10.6     72  10.14     77     13  307.9  338.9  309.8
  797.0   2051   15.6   10.6     72  10.17     77     13  308.1  339.2  310.0
  780.0   2234   15.8    3.8     45   6.48     71     12  310.2  330.6  311.4
  766.0   2387   15.6   -2.4     29   4.21     66     12  311.6  325.1  312.4
  738.0   2701   13.2    2.9     49   6.43     55     12  312.4  332.7  313.6
  719.0   2920   11.6    6.6     71   8.57     40     11  312.9  339.8  314.5
  712.0   3002   11.3    5.6     68   8.06     35     11  313.4  338.8  315.0
  700.0   3144   10.8    3.8     62   7.23     30     10  314.4  337.4  315.8
  687.0   3300    9.8    1.9     58   6.43     15      9  314.9  335.5  316.2
  685.0   3325    9.6    1.6     57   6.31     14      9  315.0  335.2  316.2
  663.0   3596    7.8    2.5     69   6.96      0      7  315.9  338.2  317.3
  656.0   3684    7.2    2.8     74   7.19    359      8  316.2  339.2  317.6
  639.0   3899    5.9    0.6     69   6.31    355     12  317.2  337.5  318.4
  616.0   4199    4.1   -2.4     63   5.24      5     13  318.4  335.6  319.4
  607.0   4320    3.4   -3.6     60   4.86      5     13  318.9  334.9  319.9
  572.0   4801    0.1   -4.2     73   4.93      5     11  320.5  336.8  321.5
  571.0   4815    0.0   -4.2     73   4.93      5     11  320.6  336.9  321.5
  551.0   5098   -1.6   -5.8     73   4.51    355     11  322.0  337.0  322.9
  531.0   5392   -3.2   -7.5     72   4.11      5      9  323.4  337.3  324.2
  511.0   5697   -4.9   -9.3     71   3.72    355      5  324.9  337.6  325.7
  500.0   5870   -5.9  -10.3     71   3.51    330      5  325.8  337.8  326.5
  491.0   6012   -6.5  -13.1     60   2.86    330      5  326.7  336.6  327.2
  489.0   6043   -6.7  -13.7     57   2.73    332      5  326.9  336.4  327.4
  473.0   6301   -8.4  -13.3     68   2.92    350      3  327.9  338.1  328.5
  466.0   6416   -9.1  -13.1     73   3.01    327      2  328.4  338.9  329.0
  455.0   6600   -9.9  -17.4     54   2.17    290      1  329.7  337.4  330.1
  441.0   6840  -10.9  -22.9     37   1.38     58      6  331.4  336.4  331.6
  437.0   6909  -11.4  -22.2     41   1.48     95      7  331.5  337.0  331.8
  425.0   7122  -13.1  -20.1     56   1.83     95     11  332.1  338.7  332.4
  421.0   7193  -13.4  -20.5     55   1.78     95     12  332.6  339.1  333.0
  400.0   7580  -14.9  -22.9     51   1.52     90     13  335.5  341.2  335.9
  389.0   7790  -16.6  -22.9     58   1.57     70     12  336.0  341.8  336.3
  376.0   8045  -18.7  -22.8     70   1.64     54      9  336.5  342.6  336.8
  363.0   8307  -19.9  -26.9     54   1.17     37      5  338.3  342.8  338.5
  358.0   8407  -20.7  -27.6     54   1.11     30      4  338.5  342.8  338.8
  344.0   8697  -23.1  -29.8     54   0.95     20      3  339.2  342.9  339.4
  330.0   8998  -25.5  -32.0     55   0.80     50      5  339.9  343.1  340.1
  304.0   9594  -30.3  -36.4     55   0.56     45     13  341.2  343.5  341.4
  300.0   9690  -31.1  -37.1     56   0.53     40     12  341.4  343.6  341.5
  281.0  10149  -34.7  -39.2     64   0.46     35     25  342.7  344.6  342.8
  279.0  10198  -35.1  -39.6     63   0.44     35     26  342.8  344.6  342.9
  260.0  10684  -39.3  -44.0     61   0.30     47     33  343.6  344.9  343.7
  256.0  10789  -40.0  -46.4     50   0.23     50     35  344.1  345.1  344.1
  250.0  10950  -41.1  -50.1     37   0.16     50     38  344.8  345.5  344.9
  204.0  12308  -51.7  -59.8     37   0.06     45     33  348.8  349.1  348.8
  200.0  12440  -52.7  -60.7     37   0.05     45     31  349.1  349.4  349.2
  195.0  12601  -54.0  -63.2     31   0.04     45     29  349.6  349.8  349.7
  184.0  12971  -56.9  -68.9     21   0.02     51     24  350.8  350.9  350.8
  161.0  13794  -63.7  -74.4     22   0.01     65     13  352.9  353.0  352.9
  150.0  14230  -67.3  -77.3     23   0.01     85     12  354.0  354.0  354.0
  139.0  14671  -70.0  -79.8     23   0.00     80     25  357.0  357.0  357.0
  132.0  14971  -71.8  -81.5     22   0.00     70     34  359.0  359.1  359.0
  113.0  15872  -77.4  -86.7     22   0.00     80     36  365.0  365.1  365.0
  102.0  16465  -81.0  -90.0     21   0.00     90     24  368.9  368.9  368.9
  100.0  16580  -81.7  -90.7     21   0.00     90     22  369.6  369.6  369.6
   99.0  16636  -82.1  -91.1     21   0.00     85     20  369.9  369.9  369.9
   95.5  16840  -79.9  -89.9     18   0.00     53     19  378.1  378.1  378.1
   91.0  17112  -81.5  -89.7     24   0.00     10     18  380.0  380.0  380.0
   90.6  17137  -81.7  -89.7     25   0.00    360     17  380.2  380.2  380.2
   87.0  17367  -80.6  -89.7     21   0.00    265      6  386.9  386.9  386.9
   82.0  17702  -79.0  -89.7     16   0.00    190      9  396.8  396.8  396.8
   81.2  17758  -78.7  -89.7     15   0.00    208     10  398.4  398.4  398.4
   79.5  17879  -77.5  -89.5     13   0.00    246     11  403.3  403.3  403.3
   78.0  17990  -71.9  -87.9      8   0.00    280     13  417.1  417.1  417.1
   74.0  18305  -68.4  -88.6      4   0.00    285     30  430.8  430.8  430.8
   72.3  18444  -66.9  -88.9      3   0.00    281     35  436.9  436.9  436.9
   70.0  18640  -66.3  -89.3      3   0.00    275     43  442.2  442.2  442.2
   62.7  19302  -69.7  -94.7      2   0.00    259     33  448.8  448.9  448.8
   61.0  19467  -69.2  -94.7      1   0.00    255     30  453.5  453.5  453.5
   55.5  20034  -67.5  -94.5      1   0.00    260     18  469.8  469.8  469.8
   55.0  20088  -67.7  -94.5      1   0.00    260     17  470.6  470.6  470.6
   50.0  20660  -69.3  -94.3      2   0.00    305     18  479.8  479.8  479.8
   48.8  20805  -69.9  -94.9      2   0.00    303     17  481.7  481.7  481.7
   47.6  20954  -66.9  -94.9      1   0.00    301     16  492.3  492.3  492.3
   47.0  21030  -66.9  -95.1      1   0.00    300     15  494.0  494.0  494.0
   43.0  21565  -67.2  -96.3      1   0.00    230     13  506.0  506.0  506.0
   41.0  21852  -67.4  -96.9      1   0.00    195      7  512.6  512.6  512.6
   39.2  22122  -67.5  -97.5      1   0.00    114     11  518.9  518.9  518.9
   39.0  22153  -67.5  -97.7      1   0.00    105     12  519.7  519.7  519.7
   37.6  22373  -67.3  -99.3      0   0.00     98     17  525.6  525.6  525.6
   35.0  22810  -62.6  -94.7      1   0.00     85     28  548.6  548.6  548.6
   34.6  22880  -61.9  -93.9      1   0.00     86     29  552.3  552.4  552.3
   32.0  23362  -62.1  -94.2      1   0.00     90     39  564.1  564.1  564.1
   30.6  23638  -62.3  -94.3      1   0.00     90     41  571.0  571.0  571.0
   30.0  23760  -62.1  -94.1      1   0.00     90     42  574.8  574.8  574.8
   29.0  23972  -60.1  -93.4      1   0.00     95     46  585.8  585.8  585.8
   28.4  24103  -58.9  -92.9      1   0.00     94     49  592.7  592.7  592.7
   26.0  24661  -58.2  -89.1      1   0.01     90     62  609.9  609.9  609.9
   24.0  25166  -57.5  -85.6      2   0.01     85     70  625.9  626.0  625.9
   23.9  25193  -57.5  -85.4      2   0.01     85     70  626.7  626.8  626.7
   23.3  25353  -57.3  -84.3      2   0.01     88     67  631.9  632.0  631.9
   23.0  25437  -56.5  -84.0      2   0.02     90     66  636.5  636.6  636.5
   21.5  25869  -52.5  -82.5      2   0.02     86     69  660.9  661.1  660.9
   21.0  26022  -51.9  -81.9      2   0.02     85     70  667.1  667.4  667.2
   20.7  26116  -51.6  -81.6      2   0.03     85     70  671.0  671.2  671.0
   20.0  26340  -50.7  -80.7      2   0.03     85     71  680.2  680.5  680.2
   18.1  26996  -49.0  -79.5      2   0.04     85     69  705.2  705.7  705.3
   18.0  27032  -48.9  -79.4      2   0.04     85     69  706.7  707.1  706.7
   17.0  27407  -47.9  -78.7      2   0.05     80     66  721.4  721.9  721.4
   16.0  27805  -46.9  -77.9      2   0.06     88     63  737.4  738.0  737.4
   14.7  28373  -42.1  -77.1      1   0.07     99     58  771.5  772.3  771.5
   14.0  28702  -42.4  -75.9      1   0.09    105     55  781.3  782.3  781.3
   13.8  28800  -42.5  -75.5      1   0.10                784.2  785.3  784.2
</PRE><H3>Station information and sounding indices</H3><PRE>
                         Station identifier: WIII
                             Station number: 96749
                           Observation time: 211016/0000
                           Station latitude: -6.11
                          Station longitude: 106.65
                          Station elevation: 8.0
                            Showalter index: 1.64
                               Lifted index: -1.58
    LIFT computed using virtual temperature: -1.92
                                SWEAT index: 177.38
                                    K index: 30.30
                         Cross totals index: 18.10
                      Vertical totals index: 25.10
                        Totals totals index: 43.20
      Convective Available Potential Energy: 214.36
             CAPE using virtual temperature: 282.89
                      Convective Inhibition: -192.08
             CINS using virtual temperature: -127.67
                           Equilibrum Level: 250.61
 Equilibrum Level using virtual temperature: 249.97
                   Level of Free Convection: 640.13
             LFCT using virtual temperature: 668.70
                     Bulk Richardson Number: 22.19
          Bulk Richardson Number using CAPV: 29.29
  Temp [K] of the Lifted Condensation Level: 292.06
Pres [hPa] of the Lifted Condensation Level: 901.88
   Equivalent potential temp [K] of the LCL: 346.50
     Mean mixed layer potential temperature: 300.82
              Mean mixed layer mixing ratio: 15.54
              1000 hPa to 500 hPa thickness: 5789.00
Precipitable water [mm] for entire sounding: 49.72
</PRE>
<P>Description of the 
<A HREF="/upperair/columns.html">data columns</A>
or <A HREF="/upperair/indices.html">sounding indices</A>.

<P>
<FORM>
<INPUT CLASS="button" TYPE="button" VALUE=" Close this window " 
 onClick="window.close();">
<INPUT CLASS="button" TYPE="button" VALUE=" Select another map " 
 onClick="window.blur();">
</FORM>
<HR SIZE="1">
<I>Interested in graduate studies in atmospheric science?
Check out our program at the
<a href="http://www.uwyo.edu/atsc/howtoapply/"
target=_top>University of Wyoming
</a></I>
<HR SIZE="1"><FONT SIZE="-1">
Questions about the weather data provided by this site can be
addressed to <A HREF="mailto:ldoolman@uwyo.edu">
Larry Oolman (ldoolman@uwyo.edu)</A></FONT>
<HR SIZE="1">
<SCRIPT TYPE="text/javascript">
<!--
window.focus();
// -->
</SCRIPT>
</BODY>
</HTML>
