2018-11-15 12
<HTML>
<TITLE>University of Wyoming - Radiosonde Data</TITLE>
<BODY BGCOLOR="white">
<H2>96749 WIII Jakarta Observations at 00Z 15 Nov 2018</H2>
<PRE>
-----------------------------------------------------------------------------
   PRES   HGHT   TEMP   DWPT   RELH   MIXR   DRCT   SKNT   THTA   THTE   THTV
    hPa     m      C      C      %    g/kg    deg   knot     K      K      K 
-----------------------------------------------------------------------------
 1010.0      8   25.2   21.5     80  16.27    210     11  297.5  344.8  300.4
 1000.0     98   25.0   20.4     76  15.33    210     12  298.1  342.9  300.9
  986.0    222   23.8   19.7     78  14.88    216     15  298.1  341.6  300.8
  978.0    294   25.0   20.0     74  15.29    220     17  300.1  345.0  302.8
  945.0    597   24.7   16.8     61  12.89    235     25  302.7  341.1  305.1
  933.0    709   24.6   15.6     57  12.09    235     24  303.7  339.9  305.9
  925.0    785   24.4   15.4     57  12.03    235     24  304.2  340.4  306.4
  861.0   1411   20.4   13.4     64  11.34    222     19  306.4  340.8  308.5
  850.0   1522   19.4   12.4     64  10.75    220     18  306.4  339.1  308.4
  823.0   1798   16.9   12.3     74  11.06    220     18  306.7  340.3  308.7
  809.0   1945   15.6   12.3     81  11.23    224     19  306.8  340.9  308.9
  721.0   2913    9.4    8.1     92   9.49    249     22  310.2  339.6  312.0
  700.0   3159    9.2    7.0     86   9.06    255     23  312.6  341.0  314.4
  664.0   3596    7.6    4.2     79   7.83    255     18  315.6  340.4  317.1
  652.0   3747    7.0    3.2     77   7.44    248     13  316.6  340.4  318.0
  640.0   3898    6.0    2.2     76   7.04    240      8  317.1  339.7  318.5
  594.0   4504    2.1   -2.0     74   5.60     95      6  319.4  337.7  320.5
  573.0   4797    0.2   -4.0     73   4.99    105      6  320.5  336.9  321.4
  571.0   4826    0.0   -4.2     73   4.93    101      7  320.6  336.9  321.5
  552.0   5096   -1.5   -6.0     71   4.45     65     12  321.9  336.8  322.8
  546.0   5183   -1.3   -8.3     59   3.76     66     11  323.2  335.9  323.9
  514.0   5663   -4.5   -6.8     84   4.50     69      7  324.9  340.1  325.8
  500.0   5880   -5.5   -8.4     80   4.08     70      5  326.3  340.2  327.1
  474.0   6295   -7.7  -10.9     77   3.52     70      7  328.6  340.8  329.3
  456.0   6597   -9.3  -12.8     76   3.16    100      4  330.3  341.3  330.9
  439.0   6892  -10.8  -14.6     74   2.83    275      4  331.9  341.9  332.5
  422.0   7199  -12.4  -16.4     72   2.52    260      5  333.6  342.7  334.1
  417.0   7292  -12.9  -17.0     71   2.43    245      4  334.1  342.9  334.6
  406.0   7496  -13.9  -19.2     64   2.07    210      3  335.4  342.9  335.8
  400.0   7610  -14.5  -20.5     60   1.88    160      2  336.1  343.0  336.4
  390.0   7800  -15.7  -24.2     48   1.39     90      4  336.9  342.1  337.2
  384.0   7917  -16.5  -26.5     42   1.15     95      4  337.4  341.7  337.6
  360.0   8394  -19.5  -29.1     43   0.97    115      3  339.6  343.3  339.8
  345.0   8709  -21.5  -30.7     43   0.86    210      2  341.1  344.4  341.2
  335.0   8926  -22.9  -31.9     44   0.79    244      4  342.0  345.2  342.2
  332.0   8991  -23.5  -31.8     46   0.80    255      5  342.1  345.2  342.2
  318.0   9303  -26.4  -31.6     62   0.86    215      5  342.2  345.6  342.4
  315.0   9372  -27.1  -31.5     66   0.88    215      5  342.3  345.7  342.4
  306.0   9579  -28.9  -32.4     72   0.83    215      5  342.6  345.8  342.8
  305.0   9602  -29.0  -33.0     69   0.79    215      5  342.7  345.8  342.9
  300.0   9720  -29.7  -35.7     56   0.61    235      4  343.4  345.9  343.5
  297.0   9791  -30.1  -37.1     50   0.54    235      4  343.8  346.0  343.9
  293.0   9887  -30.9  -37.6     52   0.52    235      4  344.1  346.2  344.2
  280.0  10205  -33.5  -39.1     57   0.46    205      4  344.8  346.7  344.9
  272.0  10409  -35.1  -40.1     60   0.43    158      4  345.3  347.1  345.4
  269.0  10486  -35.6  -43.0     47   0.32    140      4  345.7  347.1  345.8
  267.0  10538  -35.9  -44.9     39   0.26    139      4  346.0  347.1  346.0
  250.0  10990  -39.7  -48.7     38   0.18    130      8  346.9  347.7  346.9
  249.0  11017  -39.9  -48.9     38   0.18    129      8  347.0  347.8  347.0
  225.0  11689  -46.0                         100      8  347.9         347.9
  206.0  12274  -51.3                          35      7  348.4         348.4
  200.0  12470  -53.1                          25      9  348.5         348.5
  179.0  13164  -59.0                          25      8  350.0         350.0
  150.0  14270  -68.5                          40     17  351.9         351.9
  126.0  15263  -76.3                          65     26  355.7         355.7
  100.0  16580  -86.7                          55     40  360.0         360.0
   97.7  16707  -87.1                          60     40  361.6         361.6
   91.0  17098  -85.0                          55     55  373.1         373.1
   90.6  17122  -84.9                          56     54  373.9         373.9
   86.1  17410  -77.1                          70     39  395.1         395.1
   86.0  17416  -77.0                          70     39  395.4         395.4
   82.0  17693  -73.5                         115     18  408.0         408.0
   81.6  17722  -73.1                         117     19  409.3         409.3
   78.0  17987  -73.1                         140     28  414.6         414.6
   76.5  18101  -73.1                         134     24  417.0         417.0
   72.6  18412  -69.1                         117     13  431.7         431.7
   70.0  18630  -69.7                         105      5  434.9         434.9
   67.0  18889  -71.2                          60      3  437.2         437.2
   64.8  19087  -72.3                          89      6  439.0         439.0
   64.0  19161  -71.9                         100      7  441.3         441.3
   61.4  19406  -70.7                          98     14  449.3         449.3
   57.1  19833  -73.3                          95     26  452.9         452.9
   52.4  20336  -73.9                          95     31  462.7         462.7
   50.7  20528  -73.7                          95     32  467.6         467.6
   50.0  20610  -71.1                          95     33  475.5         475.5
   49.8  20634  -70.5                          95     34  477.5         477.5
   45.0  21233  -71.0                          90     52  490.4         490.4
   41.8  21670  -71.3                          88     51  500.0         500.0
   41.0  21784  -71.7                          88     51  501.8         501.8
   40.0  21931  -67.5                          87     50  515.9         515.9
   36.7  22455  -62.9                          85     49  540.5         540.5
   36.0  22575  -60.4                          85     49  549.9         549.9
   35.3  22697  -57.9                          88     34  559.6         559.6
   35.0  22752  -55.3                          90     27  567.7         567.7
   34.4  22862  -50.1                         116     21  584.2         584.2
   33.3  23076  -47.5                         166     11  596.5         596.5
   33.0  23135  -47.8                         180      8  597.3         597.3
   32.0  23337  -48.6                         230     12  600.2         600.2
   30.0  23760  -50.5                         250     21  606.4         606.4
   29.0  23979  -52.1                         255     20  607.8         607.8
   28.0  24206  -53.8                         255     19  609.3         609.3
   27.7  24275  -54.3                         262     18  609.8         609.8
   26.0  24685  -53.1                         300     14  624.4         624.4
   24.0  25202  -51.5                         280     34  643.4         643.4
   23.0  25477  -50.7                         270     36  653.7         653.7
   22.8  25533  -50.5                                     655.8         655.8
</PRE><H3>Station information and sounding indices</H3><PRE>
                         Station identifier: WIII
                             Station number: 96749
                           Observation time: 181115/0000
                           Station latitude: -6.11
                          Station longitude: 106.65
                          Station elevation: 8.0
                            Showalter index: 1.76
                               Lifted index: 0.11
    LIFT computed using virtual temperature: -0.04
                                SWEAT index: 189.81
                                    K index: 35.10
                         Cross totals index: 17.90
                      Vertical totals index: 24.90
                        Totals totals index: 42.80
      Convective Available Potential Energy: 3.98
             CAPE using virtual temperature: 15.67
                      Convective Inhibition: -200.87
             CINS using virtual temperature: -174.95
                           Equilibrum Level: 507.66
 Equilibrum Level using virtual temperature: 497.84
                   Level of Free Convection: 733.82
             LFCT using virtual temperature: 742.65
                     Bulk Richardson Number: 1.43
          Bulk Richardson Number using CAPV: 5.63
  Temp [K] of the Lifted Condensation Level: 291.64
Pres [hPa] of the Lifted Condensation Level: 912.04
   Equivalent potential temp [K] of the LCL: 343.12
     Mean mixed layer potential temperature: 299.43
              Mean mixed layer mixing ratio: 14.94
              1000 hPa to 500 hPa thickness: 5782.00
Precipitable water [mm] for entire sounding: 53.56
</PRE>
<P>Description of the 
<A HREF="/upperair/columns.html">data columns</A>
or <A HREF="/upperair/indices.html">sounding indices</A>.

<P>
<FORM>
<INPUT CLASS="button" TYPE="button" VALUE=" Close this window " 
 onClick="window.close();">
<INPUT CLASS="button" TYPE="button" VALUE=" Select another map " 
 onClick="window.blur();">
</FORM>
<HR SIZE="1">
<I>Interested in graduate studies in atmospheric science?
Check out our program at the
<a href="http://www.uwyo.edu/atsc/howtoapply/"
target=_top>University of Wyoming
</a></I>
<HR SIZE="1"><FONT SIZE="-1">
Questions about the weather data provided by this site can be
addressed to <A HREF="mailto:ldoolman@uwyo.edu">
Larry Oolman (ldoolman@uwyo.edu)</A></FONT>
<HR SIZE="1">
<SCRIPT TYPE="text/javascript">
<!--
window.focus();
// -->
</SCRIPT>
</BODY>
</HTML>
