2016-06-10 00
<HTML>
<TITLE>University of Wyoming - Radiosonde Data</TITLE>
<BODY BGCOLOR="white">
<H2>96749 WIII Jakarta Observations at 00Z 10 Jun 2016</H2>
<PRE>
-----------------------------------------------------------------------------
   PRES   HGHT   TEMP   DWPT   RELH   MIXR   DRCT   SKNT   THTA   THTE   THTV
    hPa     m      C      C      %    g/kg    deg   knot     K      K      K 
-----------------------------------------------------------------------------
 1011.0      8   26.8   24.1     85  19.12    210      2  299.0  355.0  302.4
 1000.0    105   26.6   22.3     77  17.28    135      7  299.8  350.5  302.9
  986.0    230   26.6   22.0     76  17.21    119     10  301.0  351.8  304.1
  978.0    302   26.0   21.8     77  17.10    110     12  301.1  351.6  304.1
  925.0    792   22.0   20.2     90  16.40     70     12  301.8  350.4  304.8
  922.0    820   21.8   20.2     91  16.45     70     12  301.9  350.6  304.8
  914.0    895   21.3   19.7     91  16.12     70     13  302.1  349.9  305.1
  850.0   1522   17.4   15.9     91  13.55     75     14  304.4  345.0  306.8
  803.0   2010   14.8   13.7     93  12.42     67     15  306.6  344.2  308.9
  795.0   2095   14.5   13.1     91  12.07     65     15  307.1  343.7  309.3
  714.0   3003   11.0    6.8     75   8.74     35      9  312.9  340.3  314.5
  700.0   3171   10.4    5.6     72   8.21     40      8  314.0  339.9  315.5
  694.0   3243   10.2    4.2     66   7.50     42      7  314.5  338.3  315.9
  664.0   3607    8.0    3.0     71   7.22     50      4  316.0  339.1  317.4
  641.0   3898    6.2    2.1     75   7.00     90      3  317.2  339.7  318.5
  617.0   4210    4.6   -2.1     62   5.36     65      4  318.8  336.4  319.9
  614.0   4250    4.4   -2.6     60   5.17     70      4  319.1  336.0  320.1
  603.0   4396    3.4   -0.5     76   6.16     90      4  319.6  339.6  320.7
  595.0   4504    2.8   -1.2     75   5.92    105      4  320.0  339.4  321.2
  581.0   4697    1.6   -2.5     74   5.51     83      4  320.9  339.0  321.9
  573.0   4808    0.7   -3.3     75   5.26     70      4  321.1  338.5  322.1
  572.0   4822    0.6   -3.4     75   5.23     67      4  321.1  338.4  322.1
  567.0   4893    0.4   -3.7     74   5.16     50      3  321.7  338.8  322.7
  561.0   4978    0.6  -10.4     44   3.10     30      2  322.9  333.5  323.5
  554.0   5078    0.0  -12.0     40   2.77      7      1  323.4  332.9  323.9
  552.0   5107   -0.3  -11.4     43   2.91      0      1  323.4  333.3  323.9
  545.0   5209   -1.3   -9.3     55   3.49     12      2  323.3  335.2  324.0
  531.0   5415   -2.3  -11.3     50   3.05     36      4  324.5  335.0  325.1
  524.0   5521   -2.7  -11.7     50   3.00     48      5  325.3  335.6  325.9
  516.0   5642   -3.3  -21.3     23   1.36     63      6  326.0  330.9  326.3
  513.0   5688   -3.7  -22.7     21   1.21     68      7  326.1  330.5  326.3
  512.0   5703   -3.5  -31.5      9   0.54     70      7  326.5  328.6  326.6
  501.0   5874   -4.7  -13.7     49   2.66     65      4  327.1  336.4  327.6
  500.0   5890   -4.7  -10.7     63   3.40     65      4  327.2  339.0  327.9
  499.0   5906   -4.9  -10.9     63   3.35     65      4  327.2  338.8  327.9
  493.0   6001   -5.2  -11.2     63   3.31     65      3  327.9  339.4  328.6
  476.0   6277   -6.1  -12.1     63   3.19      8      2  330.1  341.3  330.8
  475.0   6294   -6.2  -12.2     63   3.19      5      2  330.2  341.4  330.8
  456.0   6611   -8.4  -13.3     68   3.03     80      1  331.4  342.0  332.0
  439.0   6907  -10.4  -14.3     73   2.88     85      3  332.4  342.6  333.0
  435.0   6978  -10.9  -14.6     74   2.85     78      3  332.7  342.8  333.2
  422.0   7210  -12.2  -16.4     71   2.54     55      5  333.9  343.0  334.4
  406.0   7506  -13.9  -18.6     67   2.18     55      8  335.4  343.4  335.9
  400.0   7620  -14.5  -19.5     66   2.05     75      7  336.1  343.6  336.5
  390.0   7810  -15.6  -21.1     63   1.83    100      6  337.0  343.8  337.4
  379.0   8025  -16.9  -22.9     60   1.61    115      7  338.1  344.1  338.4
  375.0   8104  -17.3  -24.9     52   1.36    120      8  338.6  343.7  338.8
  361.0   8388  -18.9  -31.9     31   0.74    111     10  340.2  343.1  340.3
  332.0   9002  -23.9  -36.9     29   0.49     90     15  341.5  343.5  341.6
  331.0   9024  -24.1  -37.1     29   0.48     91     15  341.6  343.5  341.7
  311.0   9474  -28.1  -34.1     56   0.69    116     14  342.1  344.9  342.3
  300.0   9730  -29.9  -35.9     56   0.60    130     14  343.1  345.5  343.2
  293.0   9897  -31.3  -37.3     55   0.53    125     15  343.5  345.6  343.6
  290.0   9970  -31.9  -37.9     55   0.51    124     15  343.6  345.7  343.7
  279.0  10242  -33.5  -42.5     40   0.33    120     16  345.1  346.5  345.2
  250.0  11000  -39.9  -47.9     42   0.20    110     17  346.6  347.5  346.6
  246.0  11107  -40.9                         110     17  346.8         346.8
  236.0  11382  -43.4                          75     11  347.1         347.1
  206.0  12284  -51.5                         135     18  348.1         348.1
  200.0  12480  -53.3                         135     20  348.2         348.2
  179.0  13180  -59.6                         135     24  349.1         349.1
  178.0  13216  -59.9                         133     24  349.2         349.2
  150.0  14260  -67.9                          75     24  352.9         352.9
  147.0  14378  -68.6                          75     24  353.7         353.7
  140.0  14662  -70.4                          65     19  355.6         355.6
  133.0  14960  -72.2                          35     16  357.6         357.6
  126.0  15275  -74.2                           0     12  359.6         359.6
  114.0  15857  -77.8                         260     14  363.3         363.3
  108.0  16172  -79.7                         245     16  365.3         365.3
  100.0  16620  -82.5                         190      9  368.1         368.1
   89.0  17267  -85.3                         110     14  375.0         375.0
   87.0  17393  -84.1                          95     19  379.9         379.9
   85.1  17515  -82.9                          93     22  384.6         384.6
   83.0  17656  -78.5                          91     26  396.4         396.4
   82.0  17725  -78.4                          90     28  397.9         397.9
   74.0  18312  -78.0                          40     26  410.7         410.7
   70.0  18630  -77.7                          35     22  417.8         417.8
   69.2  18695  -78.1                          39     21  418.4         418.4
   67.2  18863  -75.3                          49     20  427.9         427.9
   67.0  18881  -75.3                          50     20  428.2         428.2
   58.1  19699  -76.9                         101     20  442.5         442.5
   57.0  19809  -77.3                         107     20  444.0         444.0
   56.2  19890  -73.5                         112     20  454.4         454.4
   52.0  20347  -70.0                         140     20  472.8         472.8
   51.0  20462  -69.1                         130     23  477.5         477.5
   50.0  20580  -67.1                         120     26  484.9         484.9
   49.1  20690  -64.9                         116     28  492.7         492.7
   45.0  21223  -64.7                          95     35  505.5         505.5
   44.3  21318  -64.7                          96     33  507.9         507.9
   43.1  21487  -61.9                          97     31  518.7         518.7
   41.2  21766  -62.3                          99     26  524.5         524.5
   40.0  21949  -61.6                         100     23  530.6         530.6
   39.4  22042  -61.3                          87     17  533.7         533.7
   38.3  22220  -57.5                          62      6  547.7         547.7
   38.0  22270  -57.5                          55      3  549.0         549.0
   37.0  22438  -57.3                         275     10  553.6         553.6
   35.7  22664  -57.1                         275     11  559.9         559.9
   35.0  22789  -57.9                         275     11  560.9         560.9
   33.0  23157  -60.4                         225      6  563.8         563.8
   32.3  23292  -61.3                         173      9  564.9         564.9
   32.0  23349  -61.7                         150     10  565.4         565.4
   31.2  23506  -62.7                         136      9  566.8         566.8
   30.0  23750  -59.1                         115      7  582.9         582.9
   29.2  23919  -56.3                         227      9  595.1         595.1
   29.0  23963  -56.1                         255     10  596.9         596.9
   26.0  24662  -52.6                         200     12  625.6         625.6
   24.0  25174  -50.1                         230     18  647.4         647.4
   23.0  25451  -49.9                         225     18  656.0         656.0
   21.0  26043  -49.4                         285     19  674.8         674.8
   20.0  26360  -49.1                         285     19  685.1         685.1
   19.6  26493  -48.7                         283     19  690.3         690.3
   19.0  26695  -49.4                         280     19  694.4         694.4
   18.0  27048  -50.5                         305     26  701.5         701.5
   16.9  27459  -51.9                         303     23  709.9         709.9
   15.0  28237  -49.1                         300     18  743.9         743.9
   14.9  28281  -48.9                                     745.9         745.9
</PRE><H3>Station information and sounding indices</H3><PRE>
                         Station identifier: WIII
                             Station number: 96749
                           Observation time: 160610/0000
                           Station latitude: -6.11
                          Station longitude: 106.65
                          Station elevation: 8.0
                            Showalter index: 0.23
                               Lifted index: -2.18
    LIFT computed using virtual temperature: -2.68
                                SWEAT index: 222.81
                                    K index: 33.20
                         Cross totals index: 20.60
                      Vertical totals index: 22.10
                        Totals totals index: 42.70
      Convective Available Potential Energy: 754.62
             CAPE using virtual temperature: 894.55
                      Convective Inhibition: -16.57
             CINS using virtual temperature: -13.04
                           Equilibrum Level: 161.92
 Equilibrum Level using virtual temperature: 161.35
                   Level of Free Convection: 877.12
             LFCT using virtual temperature: 887.82
                     Bulk Richardson Number: 139.28
          Bulk Richardson Number using CAPV: 165.11
  Temp [K] of the Lifted Condensation Level: 294.23
Pres [hPa] of the Lifted Condensation Level: 927.79
   Equivalent potential temp [K] of the LCL: 351.51
     Mean mixed layer potential temperature: 300.61
              Mean mixed layer mixing ratio: 17.30
              1000 hPa to 500 hPa thickness: 5785.00
Precipitable water [mm] for entire sounding: 58.23
</PRE>
<P>Description of the 
<A HREF="/upperair/columns.html">data columns</A>
or <A HREF="/upperair/indices.html">sounding indices</A>.

<P>
<FORM>
<INPUT CLASS="button" TYPE="button" VALUE=" Close this window " 
 onClick="window.close();">
<INPUT CLASS="button" TYPE="button" VALUE=" Select another map " 
 onClick="window.blur();">
</FORM>
<HR SIZE="1">
<I>Interested in graduate studies in atmospheric science?
Check out our program at the
<a href="http://www.uwyo.edu/atsc/howtoapply/"
target=_top>University of Wyoming
</a></I>
<HR SIZE="1"><FONT SIZE="-1">
Questions about the weather data provided by this site can be
addressed to <A HREF="mailto:ldoolman@uwyo.edu">
Larry Oolman (ldoolman@uwyo.edu)</A></FONT>
<HR SIZE="1">
<SCRIPT TYPE="text/javascript">
<!--
window.focus();
// -->
</SCRIPT>
</BODY>
</HTML>
