2019-09-30 12
<HTML>
<TITLE>University of Wyoming - Radiosonde Data</TITLE>
<BODY BGCOLOR="white">
<H2>96749 WIII Jakarta Observations at 00Z 30 Sep 2019</H2>
<PRE>
-----------------------------------------------------------------------------
   PRES   HGHT   TEMP   DWPT   RELH   MIXR   DRCT   SKNT   THTA   THTE   THTV
    hPa     m      C      C      %    g/kg    deg   knot     K      K      K 
-----------------------------------------------------------------------------
 1012.0      8   25.0   21.9     83  16.65    190      5  297.1  345.5  300.1
 1000.0    117   25.0   20.6     77  15.53    170      9  298.1  343.4  300.9
  989.0    214   25.2   20.2     74  15.31    161      9  299.3  344.2  302.0
  946.0    603   22.7   17.8     74  13.75    125     10  300.6  341.1  303.0
  925.0    799   21.4   16.6     74  13.01    120      9  301.2  339.7  303.5
  906.0    979   20.2   15.9     76  12.70    117      9  301.7  339.4  304.0
  894.0   1093   19.2   16.2     83  13.13    116      9  301.9  340.8  304.2
  893.0   1103   19.0   16.1     83  13.06    116      9  301.8  340.5  304.1
  887.0   1161   20.0   16.0     78  13.06    115      8  303.4  342.4  305.7
  857.0   1458   19.4   12.4     64  10.66    111      8  305.7  338.0  307.7
  853.0   1498   19.1   12.1     64  10.47    110      8  305.8  337.5  307.7
  850.0   1528   18.8   11.8     64  10.33    110      8  305.8  337.1  307.7
  795.0   2098   13.8   10.4     80  10.09    120      8  306.4  337.1  308.2
  793.0   2119   13.6   10.4     81  10.08    118      8  306.4  337.0  308.2
  740.0   2700   10.7    4.9     68   7.41     60     15  309.3  332.4  310.7
  735.0   2757   10.4    4.4     66   7.18     63     15  309.6  332.0  311.0
  708.0   3068    9.6   -7.4     29   3.11     80     14  312.1  322.3  312.7
  700.0   3162    9.2   -7.8     29   3.05     85     14  312.6  322.7  313.2
  654.0   3720    4.2   -8.8     38   3.02    123     15  313.1  323.1  313.7
  640.0   3895    2.4   -9.8     40   2.85    135     15  313.1  322.5  313.6
  635.0   3959    1.8  -10.2     41   2.79    132     15  313.0  322.2  313.6
  631.0   4010    1.4  -11.6     37   2.51    130     16  313.1  321.5  313.6
  630.0   4023    1.4  -11.6     37   2.51    130     16  313.3  321.6  313.8
  626.0   4074    2.8  -23.2     13   0.95    128     16  315.5  318.8  315.6
  594.0   4498    2.3  -35.4      4   0.32    110     19  319.6  320.9  319.7
  588.0   4580    2.2  -37.8      3   0.25    110     19  320.5  321.4  320.5
  563.0   4929    0.0  -31.0      8   0.51    110     21  321.9  323.8  322.0
  531.0   5393   -2.4  -36.4      5   0.32    110     23  324.4  325.7  324.5
  500.0   5870   -4.9  -41.9      4   0.19    100     22  327.0  327.8  327.0
  495.0   5949   -5.3  -43.3      3   0.17    100     21  327.4  328.1  327.5
  492.0   5996   -5.6  -43.4      3   0.17    100     21  327.6  328.3  327.6
  455.0   6600   -9.9  -44.4      4   0.16    110     24  329.6  330.3  329.7
  439.0   6877  -11.9  -44.9      5   0.16     98     22  330.5  331.2  330.6
  421.0   7195  -14.0  -31.8     21   0.63     85     20  331.8  334.3  332.0
  420.0   7213  -14.1  -31.1     22   0.68     85     20  331.9  334.5  332.1
  412.0   7358  -15.3  -42.3      8   0.23     87     21  332.2  333.1  332.2
  400.0   7580  -17.3  -33.3     24   0.58     90     23  332.4  334.7  332.5
  398.0   7617  -17.7  -33.7     23   0.56     91     23  332.4  334.6  332.5
  389.0   7788  -17.9  -37.0     17   0.41     95     22  334.3  335.9  334.4
  381.0   7943  -18.1  -40.1     13   0.31     83     22  336.0  337.3  336.1
  373.0   8100  -19.0  -41.2     12   0.28     70     22  336.9  338.1  337.0
  352.0   8528  -21.3  -44.3     11   0.21     74     16  339.4  340.3  339.4
  344.0   8694  -22.7  -45.7     10   0.19     75     14  339.7  340.5  339.7
  317.0   9283  -27.9  -50.9      9   0.11    120      5  340.6  341.1  340.6
  304.0   9585  -30.5  -53.5      9   0.09    175      8  341.0  341.4  341.0
  300.0   9680  -31.3  -54.3      9   0.08    185     10  341.1  341.5  341.2
  291.0   9893  -33.2  -54.5     10   0.08    200     16  341.4  341.8  341.4
  261.0  10656  -40.1  -55.1     19   0.08    161     11  342.1  342.4  342.1
  250.0  10950  -42.9                         145      9  342.1         342.1
  244.0  11109  -44.0                         140     10  342.8         342.8
  223.0  11698  -48.3                          45     19  345.2         345.2
  204.0  12280  -52.6                          50     20  347.4         347.4
  200.0  12410  -53.5                          55     19  347.9         347.9
  185.0  12895  -57.6                          65     23  349.1         349.1
  150.0  14200  -68.7                          60     28  351.6         351.6
  146.0  14361  -70.1                          61     28  351.9         351.9
  132.0  14954  -74.9                          65     27  353.6         353.6
  123.0  15360  -78.1                          68     26  354.9         354.9
  118.0  15596  -79.4                          70     26  356.9         356.9
  113.0  15842  -80.7                          70     27  358.8         358.8
  110.0  15993  -81.5                          70     27  360.1         360.1
  106.0  16204  -77.2                          70     28  372.1         372.1
  105.0  16258  -76.1                          68     25  375.2         375.2
  101.0  16482  -75.3                          60     13  380.9         380.9
  100.0  16540  -75.1                          50     11  382.4         382.4
   96.0  16776  -76.8                         340     10  383.5         383.5
   94.5  16867  -77.5                         330     11  383.9         383.9
   91.0  17083  -77.7                         305     12  387.6         387.6
   79.5  17858  -78.5                         279     11  401.3         401.3
   78.0  17967  -78.2                         275     11  404.1         404.1
   76.8  18055  -77.9                         268     12  406.5         406.5
   74.5  18232  -73.3                         253     15  419.7         419.7
   74.0  18272  -73.0                         250     16  421.1         421.1
   70.0  18600  -70.5                         260     21  433.2         433.2
   68.6  18720  -68.9                         265     22  439.2         439.2
   60.0  19512  -72.0                         295     32  449.4         449.4
   56.2  19899  -73.5                         282     26  454.4         454.4
   50.0  20590  -69.1                         260     15  480.2         480.2
   49.0  20712  -68.2                         255     16  485.2         485.2
   45.7  21132  -64.9                         288     23  502.9         502.9
   45.0  21226  -65.0                         295     25  504.9         504.9
   37.0  22412  -66.3                         255     26  530.6         530.6
   35.0  22749  -66.7                         230     24  538.1         538.1
   33.7  22978  -66.9                         239     24  543.3         543.3
   31.7  23351  -63.1                         252     24  563.1         563.1
   30.0  23690  -62.3                         265     24  574.2         574.2
   29.1  23878  -61.9                         234     25  580.3         580.3
   29.0  23899  -62.0                         230     25  580.6         580.6
   26.1  24546  -64.9                         226     29  590.2         590.2
   25.0  24812  -63.4                         225     30  601.8         601.8
   22.0  25602  -58.9                         185     19  637.5         637.5
   20.0  26200  -58.1                          75     16  657.6         657.6
   19.0  26524  -57.8                          65     20  668.1         668.1
   18.0  26865  -57.5                           5     21  679.4         679.4
   16.0  27609  -56.9                          30     21  704.7         704.7
   15.9  27648  -56.9                                     706.1         706.1
</PRE><H3>Station information and sounding indices</H3><PRE>
                         Station identifier: WIII
                             Station number: 96749
                           Observation time: 190930/0000
                           Station latitude: -6.11
                          Station longitude: 106.65
                          Station elevation: 8.0
                            Showalter index: 3.19
                               Lifted index: 0.62
    LIFT computed using virtual temperature: -0.17
                                SWEAT index: 179.61
                                    K index: 18.50
                         Cross totals index: 16.70
                      Vertical totals index: 23.70
                        Totals totals index: 40.40
      Convective Available Potential Energy: 70.05
             CAPE using virtual temperature: 193.85
                      Convective Inhibition: -104.08
             CINS using virtual temperature: -81.30
                           Equilibrum Level: 387.34
 Equilibrum Level using virtual temperature: 384.54
                   Level of Free Convection: 750.69
             LFCT using virtual temperature: 796.65
                     Bulk Richardson Number: 6.71
          Bulk Richardson Number using CAPV: 18.56
  Temp [K] of the Lifted Condensation Level: 291.99
Pres [hPa] of the Lifted Condensation Level: 919.33
   Equivalent potential temp [K] of the LCL: 343.36
     Mean mixed layer potential temperature: 299.11
              Mean mixed layer mixing ratio: 15.15
              1000 hPa to 500 hPa thickness: 5753.00
Precipitable water [mm] for entire sounding: 38.29
</PRE>
<P>Description of the 
<A HREF="/upperair/columns.html">data columns</A>
or <A HREF="/upperair/indices.html">sounding indices</A>.

<P>
<FORM>
<INPUT CLASS="button" TYPE="button" VALUE=" Close this window " 
 onClick="window.close();">
<INPUT CLASS="button" TYPE="button" VALUE=" Select another map " 
 onClick="window.blur();">
</FORM>
<HR SIZE="1">
<I>Interested in graduate studies in atmospheric science?
Check out our program at the
<a href="http://www.uwyo.edu/atsc/howtoapply/"
target=_top>University of Wyoming
</a></I>
<HR SIZE="1"><FONT SIZE="-1">
Questions about the weather data provided by this site can be
addressed to <A HREF="mailto:ldoolman@uwyo.edu">
Larry Oolman (ldoolman@uwyo.edu)</A></FONT>
<HR SIZE="1">
<SCRIPT TYPE="text/javascript">
<!--
window.focus();
// -->
</SCRIPT>
</BODY>
</HTML>
