2022-11-03 12
<HTML>
<TITLE>University of Wyoming - Radiosonde Data</TITLE>
<BODY BGCOLOR="white">
<H2>96749 WIII Jakarta Observations at 00Z 03 Nov 2022</H2>
<PRE>
-----------------------------------------------------------------------------
   PRES   HGHT   TEMP   DWPT   RELH   MIXR   DRCT   SKNT   THTA   THTE   THTV
    hPa     m      C      C      %    g/kg    deg   knot     K      K      K 
-----------------------------------------------------------------------------
 1010.0      8   25.2   24.4     95  19.49    120     19  297.5  354.2  301.0
 1009.0     17   26.6   23.4     83  18.34    124     17  299.0  352.7  302.3
 1000.0     94   26.4   22.7     80  17.72    160      3  299.6  351.6  302.7
  977.0    301   25.1   22.5     85  17.87     80      8  300.2  352.8  303.4
  945.0    598   23.2   22.1     94  18.10     60      3  301.2  354.6  304.4
  935.0    693   22.6   22.0     96  18.17     53      4  301.5  355.2  304.8
  925.0    788   22.0   21.4     96  17.69     45      5  301.8  354.2  305.0
  882.0   1200   20.0   17.6     86  14.55     80      4  303.8  347.3  306.5
  852.0   1499   18.5   14.8     79  12.57    265      4  305.3  343.2  307.6
  850.0   1519   18.4   14.6     79  12.44    265      4  305.4  342.9  307.7
  823.0   1795   17.2   13.5     79  11.92    250      8  307.0  343.2  309.2
  810.0   1932   16.6   12.9     79  11.67    252      7  307.7  343.3  309.9
  767.0   2393   13.6   11.1     85  10.94    260      5  309.4  343.0  311.4
  740.0   2695   11.7    9.9     89  10.48    230      3  310.4  342.8  312.4
  728.0   2833   10.8    9.4     91  10.27    203      5  310.9  342.7  312.8
  714.0   2995   10.0    6.0     77   8.31    170      7  311.7  337.7  313.3
  708.0   3066    9.6    4.6     71   7.57    161      7  312.1  335.8  313.5
  704.0   3113    9.8   -1.2     46   5.00    156      8  312.8  328.8  313.7
  700.0   3160    9.4   -1.6     46   4.89    150      8  312.9  328.5  313.8
  690.0   3279    9.2   -5.8     34   3.61    154      6  313.9  325.8  314.6
  688.0   3303    9.0   -4.4     38   4.03    155      6  314.0  327.1  314.7
  676.0   3448    7.8    4.1     77   7.65    120      7  314.2  338.4  315.7
  664.0   3594    7.0    3.5     78   7.45     85      8  314.9  338.5  316.3
  640.0   3893    5.2    2.2     81   7.04    105      8  316.3  338.8  317.6
  617.0   4191    3.5    0.9     83   6.65     70     11  317.6  339.1  318.9
  572.0   4807    0.0   -1.8     88   5.90     81     12  320.4  339.7  321.6
  527.0   5457   -4.9   -5.9     93   4.70     93     14  322.1  337.8  323.0
  505.0   5792   -5.9   -6.5     96   4.68     99     15  324.9  340.6  325.8
  500.0   5870   -6.1   -6.8     95   4.62    100     15  325.5  341.1  326.4
  494.0   5965   -6.7   -7.6     93   4.40    101     15  325.9  340.8  326.8
  485.0   6109   -6.7  -11.2     70   3.37    101     16  327.6  339.3  328.3
  459.0   6540   -9.5  -12.3     80   3.26    104     17  329.4  340.7  330.0
  425.0   7135  -11.9  -16.6     68   2.47    107     18  333.6  342.5  334.1
  420.0   7226  -12.1  -21.1     47   1.70    108     18  334.5  340.7  334.8
  400.0   7600  -13.7  -23.7     43   1.42    110     19  337.1  342.4  337.4
  392.0   7753  -14.7  -29.7     27   0.84    110     19  337.7  341.0  337.9
  360.0   8392  -19.9  -28.0     48   1.07    110     21  339.2  343.3  339.4
  355.0   8496  -20.7  -27.7     53   1.11    107     21  339.4  343.6  339.6
  338.0   8858  -22.9  -34.9     33   0.59     95     21  341.2  343.5  341.3
  322.0   9212  -26.3  -34.3     47   0.65     83     22  341.2  343.8  341.4
  317.0   9325  -27.1  -36.1     42   0.56     79     22  341.6  343.9  341.8
  315.0   9370  -27.5  -39.5     31   0.40     78     22  341.7  343.3  341.8
  311.0   9462  -28.3  -34.3     56   0.68     75     22  341.8  344.5  342.0
  310.0   9485  -28.5  -33.0     65   0.77     74     22  341.9  344.9  342.0
  305.0   9602  -29.2  -34.9     58   0.65     70     22  342.5  345.1  342.7
  304.0   9625  -29.3  -35.3     56   0.63     71     22  342.7  345.2  342.8
  302.0   9673  -29.7  -34.2     65   0.70     73     21  342.8  345.6  342.9
  300.0   9720  -30.1  -36.1     56   0.59     75     20  342.8  345.2  343.0
  298.0   9767  -30.3  -36.3     56   0.58     76     20  343.2  345.5  343.3
  296.0   9815  -30.3  -44.3     24   0.25     77     19  343.9  344.9  343.9
  280.0  10202  -33.4  -44.3     33   0.27     85     16  344.9  346.0  345.0
  251.0  10963  -39.5  -44.3     60   0.30     66     11  346.8  348.1  346.9
  250.0  10990  -39.9  -44.6     61   0.29     65     11  346.6  347.8  346.7
  246.0  11100  -40.9  -45.1     64   0.28     65     11  346.7  347.9  346.7
  240.0  11267  -42.5  -45.9     69   0.26     66     11  346.8  347.9  346.8
  228.0  11611  -45.3  -52.3     45   0.13     69     11  347.6  348.2  347.6
  205.0  12308  -51.6  -57.8     47   0.08     75     10  348.4  348.7  348.4
  200.0  12470  -53.1  -59.1     48   0.07     75     10  348.5  348.8  348.5
  190.0  12797  -56.1  -61.1     53   0.05     71     12  348.8  349.1  348.9
  187.0  12895  -57.0  -62.1     52   0.05     70     12  349.0  349.3  349.1
  150.0  14250  -68.9  -75.9     36   0.01    115     18  351.2  351.2  351.2
  146.0  14405  -69.9  -76.9     35   0.01    125     20  352.1  352.2  352.1
  126.0  15252  -75.5  -82.5     33   0.00     90     38  357.2  357.2  357.2
  119.0  15580  -77.7  -84.7     32   0.00     80     46  359.1  359.1  359.1
  113.0  15878  -79.7  -86.7     31   0.00     80     55  360.8  360.8  360.8
  102.0  16466  -83.5  -90.5     29   0.00     75     50  364.0  364.0  364.0
  100.0  16580  -84.3  -91.3     29   0.00     70     50  364.6  364.6  364.6
   99.9  16586  -84.5  -91.5     29   0.00     70     50  364.3  364.3  364.3
   96.0  16805  -84.3  -92.2     25   0.00     70     44  368.8  368.8  368.8
   95.3  16846  -84.3  -92.3     24   0.00     73     45  369.7  369.7  369.7
   91.0  17107  -80.1  -90.5     17   0.00     90     51  382.9  382.9  382.9
   86.0  17428  -75.0  -88.3     11   0.00     95     27  399.5  399.5  399.5
   85.0  17494  -73.9  -87.9     10   0.00    101     24  403.0  403.0  403.0
   82.0  17703  -74.7  -88.1     11   0.00    120     15  405.5  405.5  405.5
   79.9  17853  -75.3  -88.3     12   0.00    108     16  407.3  407.3  407.3
   74.9  18228  -74.3  -89.3      8   0.00     77     17  417.0  417.0  417.0
   73.8  18315  -70.7  -89.7      5   0.00     70     18  426.3  426.3  426.3
   70.8  18562  -68.5  -89.5      4   0.00     50     19  436.1  436.1  436.1
   70.0  18630  -65.7  -89.7      2   0.00     45     19  443.5  443.5  443.5
   69.2  18700  -63.3  -90.3      1   0.00     25     17  450.1  450.1  450.1
   67.0  18898  -63.9  -92.4      1   0.00    330     10  453.0  453.0  453.0
   62.2  19354  -65.3  -97.3      1   0.00    289     19  459.6  459.6  459.6
   59.0  19678  -62.7  -95.7      0   0.00    259     25  472.4  472.4  472.4
   58.0  19783  -63.3  -96.1      0   0.00    250     27  473.5  473.5  473.5
   53.9  20232  -65.7  -97.7      0   0.00    248     21  477.9  477.9  477.9
   50.0  20690  -65.3  -97.3      1   0.00    245     14  489.2  489.2  489.2
   48.0  20939  -64.8  -96.8      1   0.00    245     11  496.1  496.1  496.1
   47.5  21003  -64.7  -96.7      1   0.00    238     11  497.8  497.9  497.8
   45.0  21337  -62.0  -95.0      1   0.00    200      8  512.1  512.1  512.1
   43.0  21618  -59.8  -93.6      1   0.00    205      3  524.3  524.3  524.3
   42.6  21676  -59.3  -93.3      1   0.00    216      5  526.9  526.9  526.9
   41.0  21915  -59.3  -93.3      1   0.00    260     13  532.7  532.7  532.7
   37.1  22541  -59.3  -93.3      1   0.00    275     17  548.1  548.1  548.1
   36.0  22732  -58.4  -92.6      1   0.00    280     18  555.1  555.1  555.1
   34.0  23094  -56.7  -91.2      1   0.00    240     12  568.7  568.7  568.7
   32.0  23479  -54.9  -89.7      1   0.00     20      5  583.5  583.5  583.5
   31.0  23680  -54.0  -88.9      1   0.00    285     11  591.3  591.3  591.3
   30.7  23742  -53.7  -88.7      1   0.00    275     13  593.7  593.8  593.7
   30.0  23890  -53.5  -88.5      1   0.01    250     18  598.2  598.2  598.2
   28.0  24336  -52.9  -88.1      1   0.01    200     11  611.6  611.7  611.6
   26.0  24814  -52.4  -87.8      1   0.01    180      7  626.4  626.5  626.4
   25.0  25067  -52.0  -87.5      1   0.01    220      9  634.4  634.5  634.4
   23.0  25606  -51.4  -87.1      1   0.01      0      1  651.7  651.8  651.7
   22.0  25893  -51.0  -86.9      1   0.01    285     12  661.1  661.2  661.1
   21.2  26132  -50.7  -86.7      1   0.01    305     10  669.0  669.1  669.0
   21.0  26194  -50.8  -86.8      1   0.01    310     10  670.4  670.5  670.4
   20.0  26510  -51.5  -87.5      1   0.01    310      6  677.8  677.9  677.8
   19.0  26842  -51.8  -87.8      1   0.01    310     12  686.7  686.8  686.8
   17.7  27301  -52.3  -88.3      1   0.01    291     10  699.3  699.4  699.3
   17.0  27567  -51.3  -87.5      1   0.01    280      9  710.7  710.8  710.7
   16.0  27966  -49.8  -86.4      1   0.01    265     11  728.1  728.3  728.1
   15.0  28390  -48.1  -85.2      1   0.02    265      8  747.1  747.3  747.1
   14.0  28844  -46.4  -83.9      1   0.03    315     11  767.9  768.1  767.9
   13.0  29332  -44.5  -82.5      1   0.03                790.8  791.2  790.8
</PRE><H3>Station information and sounding indices</H3><PRE>
                         Station identifier: WIII
                             Station number: 96749
                           Observation time: 221103/0000
                           Station latitude: -6.11
                          Station longitude: 106.65
                          Station elevation: 8.0
                            Showalter index: -0.38
                               Lifted index: -3.97
    LIFT computed using virtual temperature: -4.30
                                SWEAT index: 198.20
                                    K index: 28.10
                         Cross totals index: 20.70
                      Vertical totals index: 24.50
                        Totals totals index: 45.20
      Convective Available Potential Energy: 1164.32
             CAPE using virtual temperature: 1302.61
                      Convective Inhibition: -22.02
             CINS using virtual temperature: -15.67
                           Equilibrum Level: 144.35
 Equilibrum Level using virtual temperature: 144.24
                   Level of Free Convection: 806.74
             LFCT using virtual temperature: 877.57
                     Bulk Richardson Number: 3119.95
          Bulk Richardson Number using CAPV: 3490.52
  Temp [K] of the Lifted Condensation Level: 295.07
Pres [hPa] of the Lifted Condensation Level: 943.47
   Equivalent potential temp [K] of the LCL: 352.65
     Mean mixed layer potential temperature: 300.03
              Mean mixed layer mixing ratio: 17.92
              1000 hPa to 500 hPa thickness: 5776.00
Precipitable water [mm] for entire sounding: 59.56
</PRE>
<P>Description of the 
<A HREF="/upperair/columns.html">data columns</A>
or <A HREF="/upperair/indices.html">sounding indices</A>.

<P>
<FORM>
<INPUT CLASS="button" TYPE="button" VALUE=" Close this window " 
 onClick="window.close();">
<INPUT CLASS="button" TYPE="button" VALUE=" Select another map " 
 onClick="window.blur();">
</FORM>
<HR SIZE="1">
<I>Interested in graduate studies in atmospheric science?
Check out our program at the
<a href="http://www.uwyo.edu/atsc/howtoapply/"
target=_top>University of Wyoming
</a></I>
<HR SIZE="1"><FONT SIZE="-1">
Questions about the weather data provided by this site can be
addressed to <A HREF="mailto:ldoolman@uwyo.edu">
Larry Oolman (ldoolman@uwyo.edu)</A></FONT>
<HR SIZE="1">
<SCRIPT TYPE="text/javascript">
<!--
window.focus();
// -->
</SCRIPT>
</BODY>
</HTML>
