2020-10-22 12
<HTML>
<TITLE>University of Wyoming - Radiosonde Data</TITLE>
<BODY BGCOLOR="white">
<H2>96749 WIII Jakarta Observations at 00Z 22 Oct 2020</H2>
<PRE>
-----------------------------------------------------------------------------
   PRES   HGHT   TEMP   DWPT   RELH   MIXR   DRCT   SKNT   THTA   THTE   THTV
    hPa     m      C      C      %    g/kg    deg   knot     K      K      K 
-----------------------------------------------------------------------------
 1010.0      8   25.4   23.2     88  18.10    130      5  297.7  350.4  300.9
 1008.0     25   25.0   21.8     82  16.61    144      5  297.5  345.8  300.4
 1002.0     77   25.2   21.6     80  16.51    186      7  298.2  346.3  301.1
 1000.0     94   25.2   21.1     78  16.03    200      7  298.4  345.1  301.2
  993.0    156   27.0   19.0     62  14.13    205      9  300.8  342.5  303.3
  989.0    191   27.4   19.4     62  14.55    207     10  301.5  344.6  304.1
  977.0    298   26.5   18.9     63  14.26    215     14  301.7  343.9  304.2
  925.0    777   22.6   16.6     69  13.01    225     21  302.4  341.1  304.8
  895.0   1063   20.4   16.1     76  13.03    223     20  303.0  341.9  305.4
  851.0   1497   18.1   14.6     80  12.46    220     19  304.9  342.4  307.2
  850.0   1507   18.0   14.6     81  12.44    220     19  305.0  342.4  307.3
  765.0   2399   12.7   11.1     90  10.97    220     11  308.6  342.1  310.6
  739.0   2692   10.9   10.0     94  10.51    225      9  309.7  342.1  311.7
  731.0   2784   10.4    9.6     95  10.37    220      8  310.1  342.1  312.0
  712.0   3003    8.0    6.8     92   8.78    208      7  309.8  337.0  311.4
  700.0   3144    7.8    6.0     88   8.45    200      6  311.1  337.4  312.7
  662.0   3599    5.7    4.0     89   7.75    180      4  313.7  338.2  315.2
  639.0   3887    4.3    2.7     89   7.34    180     11  315.4  338.7  316.8
  571.0   4805    0.1   -1.3     90   6.12    155     11  320.7  340.7  321.8
  570.0   4819    0.0   -1.4     90   6.10    154     11  320.7  340.7  321.9
  550.0   5104   -1.9   -2.8     93   5.69    130      9  321.8  340.6  322.9
  535.0   5325   -3.3   -3.9     96   5.39     85      7  322.6  340.5  323.7
  530.0   5399   -3.3   -4.5     92   5.22     70      6  323.5  340.9  324.5
  519.0   5565   -3.3   -5.7     83   4.85     63      6  325.5  341.8  326.4
  500.0   5860   -5.1   -8.1     79   4.18     50      6  326.8  341.0  327.6
  467.0   6395   -8.1   -9.8     88   3.91     50      5  329.5  343.0  330.2
  455.0   6598   -8.6  -11.5     80   3.52     50      5  331.3  343.6  332.0
  440.0   6859   -9.3  -13.6     71   3.06     92      7  333.6  344.5  334.2
  437.0   6911   -9.7  -14.0     71   2.99    100      7  333.7  344.4  334.3
  422.0   7181  -11.9  -15.8     73   2.66     95     11  334.3  343.8  334.8
  421.0   7199  -12.0  -16.4     70   2.54     95     11  334.4  343.5  334.9
  400.0   7590  -14.3  -29.3     27   0.85     90     14  336.3  339.6  336.5
  347.0   8649  -21.1  -38.1     20   0.41     78     19  341.1  342.7  341.1
  317.0   9302  -26.4  -41.0     24   0.34     70     22  342.6  344.0  342.6
  300.0   9700  -29.7  -42.7     27   0.30     75     19  343.4  344.6  343.5
  294.0   9845  -30.9  -45.9     22   0.21     76     19  343.7  344.6  343.7
  288.0   9991  -32.1  -48.1     19   0.17     77     19  344.0  344.7  344.0
  282.0  10141  -33.1  -47.1     23   0.20     78     18  344.6  345.5  344.7
  279.0  10216  -33.9  -42.9     40   0.31     78     18  344.6  345.9  344.6
  274.0  10343  -34.7  -45.7     32   0.23     79     18  345.2  346.2  345.2
  270.0  10447  -35.5  -42.5     49   0.34     80     18  345.5  346.9  345.5
  268.0  10498  -36.0  -42.9     49   0.33     80     18  345.5  346.9  345.6
  250.0  10980  -40.5  -46.5     52   0.24     60     20  345.7  346.7  345.8
  245.0  11117  -41.5  -46.5     58   0.24     63     18  346.2  347.2  346.3
  235.0  11397  -43.7  -50.1     49   0.17     70     14  347.0  347.7  347.0
  224.0  11719  -46.3  -54.3     40   0.11     60     16  347.8  348.3  347.9
  209.0  12175  -50.7  -54.1     67   0.12     45     19  347.9  348.4  347.9
  200.0  12460  -53.1  -57.2     61   0.08     35     21  348.5  348.9  348.5
  196.0  12590  -54.0  -57.6     65   0.08     35     26  349.1  349.4  349.1
  194.0  12656  -54.5  -57.8     67   0.08     35     27  349.3  349.7  349.4
  187.0  12888  -56.5  -61.1     56   0.05     35     32  349.8  350.1  349.8
  175.0  13307  -60.1  -67.1     39   0.03     40     36  350.6  350.7  350.6
  154.0  14089  -67.2  -74.2     36   0.01     50     45  351.4  351.5  351.4
  150.0  14250  -68.7  -75.7     36   0.01     50     50  351.6  351.6  351.6
  143.0  14533  -71.5  -77.5     40   0.01     50     54  351.5  351.5  351.5
  139.0  14694  -72.5  -78.8     38   0.01     50     56  352.6  352.7  352.6
  125.0  15299  -76.2  -83.7     30   0.00     45     69  356.8  356.9  356.8
  119.0  15579  -77.9  -85.9     27   0.00     45     67  358.8  358.8  358.8
  107.0  16185  -81.5  -90.8     20   0.00     50     54  362.8  362.8  362.8
  100.0  16570  -83.9  -93.9     17   0.00     50     41  365.4  365.4  365.4
   98.1  16677  -80.3  -93.3     10   0.00     57     34  374.4  374.4  374.4
   96.0  16800  -79.4  -92.4     10   0.00     65     26  378.4  378.4  378.4
   91.0  17105  -77.2  -90.2     11   0.00    100     18  388.6  388.7  388.6
   89.9  17174  -76.7  -89.7     11   0.00    106     15  391.0  391.0  391.0
   86.0  17428  -77.5  -90.5     11   0.00    130      6  394.4  394.4  394.4
   83.0  17632  -78.1  -91.1     11   0.00    126      7  397.2  397.2  397.2
   78.0  17990  -74.6  -89.3      9   0.00    120      9  411.5  411.5  411.5
   77.3  18042  -74.1  -89.1      8   0.00    124     10  413.6  413.6  413.6
   74.0  18295  -74.6  -89.6      8   0.00    145     17  417.8  417.8  417.8
   73.4  18343  -74.7  -89.7      8   0.00    149     15  418.5  418.6  418.5
   70.0  18620  -72.1  -89.1      6   0.00    170      3  429.8  429.8  429.8
   65.5  19016  -68.3  -90.3      3   0.00    226     12  446.3  446.3  446.3
   64.0  19154  -69.3  -90.0      4   0.00    245     15  447.0  447.0  447.0
   63.2  19230  -69.9  -89.9      4   0.00    250     16  447.4  447.4  447.4
   61.6  19383  -67.7  -90.7      3   0.00    260     18  455.6  455.6  455.6
   60.0  19541  -68.6  -90.5      3   0.00    270     20  457.0  457.1  457.0
   58.7  19673  -69.3  -90.3      3   0.00    259     17  458.3  458.3  458.3
   57.0  19850  -68.7  -90.5      3   0.00    245     14  463.6  463.6  463.6
   55.0  20065  -67.9  -90.7      3   0.00    260      7  470.1  470.1  470.1
   52.0  20403  -66.7  -91.0      2   0.00    195      5  480.5  480.5  480.5
   50.6  20568  -66.1  -91.1      2   0.00    188      4  485.6  485.7  485.6
   50.0  20640  -66.3  -90.3      2   0.00    185      4  486.8  486.9  486.8
   47.5  20949  -68.1  -91.1      2   0.00    251      5  489.7  489.7  489.7
   47.0  21013  -67.0  -91.1      2   0.00    265      5  493.8  493.8  493.8
   45.3  21237  -63.3  -91.3      1   0.00    242      9  508.0  508.0  508.0
   43.0  21558  -63.0  -90.7      1   0.00    210     14  516.3  516.3  516.3
   41.0  21851  -62.8  -90.2      1   0.00    165     12  523.9  524.0  523.9
   39.0  22159  -62.6  -89.6      2   0.00    140      8  532.1  532.1  532.1
   38.5  22238  -62.5  -89.5      2   0.00    120      7  534.2  534.2  534.2
   37.0  22486  -59.8  -88.2      1   0.00     60      3  547.2  547.3  547.2
   36.3  22604  -58.5  -87.5      1   0.01     14      5  553.6  553.6  553.6
   35.0  22834  -58.5  -87.0      1   0.01    285     10  559.4  559.4  559.4
   34.0  23016  -58.5  -86.7      2   0.01    240      8  564.0  564.1  564.0
   32.0  23397  -58.5  -85.9      2   0.01    150      4  573.9  574.0  573.9
   31.0  23596  -58.5  -85.5      2   0.01                579.1  579.2  579.1
</PRE><H3>Station information and sounding indices</H3><PRE>
                         Station identifier: WIII
                             Station number: 96749
                           Observation time: 201022/0000
                           Station latitude: -6.11
                          Station longitude: 106.65
                          Station elevation: 8.0
                            Showalter index: 0.82
                               Lifted index: 0.18
    LIFT computed using virtual temperature: 0.02
                                SWEAT index: 219.20
                                    K index: 35.90
                         Cross totals index: 19.70
                      Vertical totals index: 23.10
                        Totals totals index: 42.80
      Convective Available Potential Energy: 71.98
             CAPE using virtual temperature: 91.50
                      Convective Inhibition: -101.92
             CINS using virtual temperature: -86.57
                           Equilibrum Level: 523.02
 Equilibrum Level using virtual temperature: 521.52
                   Level of Free Convection: 733.64
             LFCT using virtual temperature: 740.62
                     Bulk Richardson Number: 209.36
          Bulk Richardson Number using CAPV: 266.13
  Temp [K] of the Lifted Condensation Level: 291.02
Pres [hPa] of the Lifted Condensation Level: 891.56
   Equivalent potential temp [K] of the LCL: 343.97
     Mean mixed layer potential temperature: 300.74
              Mean mixed layer mixing ratio: 14.71
              1000 hPa to 500 hPa thickness: 5766.00
Precipitable water [mm] for entire sounding: 56.30
</PRE>
<P>Description of the 
<A HREF="/upperair/columns.html">data columns</A>
or <A HREF="/upperair/indices.html">sounding indices</A>.

<P>
<FORM>
<INPUT CLASS="button" TYPE="button" VALUE=" Close this window " 
 onClick="window.close();">
<INPUT CLASS="button" TYPE="button" VALUE=" Select another map " 
 onClick="window.blur();">
</FORM>
<HR SIZE="1">
<I>Interested in graduate studies in atmospheric science?
Check out our program at the
<a href="http://www.uwyo.edu/atsc/howtoapply/"
target=_top>University of Wyoming
</a></I>
<HR SIZE="1"><FONT SIZE="-1">
Questions about the weather data provided by this site can be
addressed to <A HREF="mailto:ldoolman@uwyo.edu">
Larry Oolman (ldoolman@uwyo.edu)</A></FONT>
<HR SIZE="1">
<SCRIPT TYPE="text/javascript">
<!--
window.focus();
// -->
</SCRIPT>
</BODY>
</HTML>
