2018-05-26 12
<HTML>
<TITLE>University of Wyoming - Radiosonde Data</TITLE>
<BODY BGCOLOR="white">
<H2>96749 WIII Jakarta Observations at 00Z 26 May 2018</H2>
<PRE>
-----------------------------------------------------------------------------
   PRES   HGHT   TEMP   DWPT   RELH   MIXR   DRCT   SKNT   THTA   THTE   THTV
    hPa     m      C      C      %    g/kg    deg   knot     K      K      K 
-----------------------------------------------------------------------------
 1008.0      8   24.8   23.8     94  18.82      0      0  297.3  352.0  300.6
 1007.0     17   26.2   24.7     91  19.92     17      0  298.8  357.1  302.3
 1000.0     78   26.2   24.2     89  19.45    135      2  299.4  356.4  302.8
  975.0    302   25.3   22.3     84  17.73     95      7  300.6  352.8  303.8
  942.0    607   24.0   19.7     77  15.59     95     14  302.3  348.5  305.1
  925.0    767   23.0   19.6     81  15.78     95     17  302.8  349.8  305.7
  872.0   1278   19.6   17.6     88  14.74     85     18  304.4  348.6  307.1
  850.0   1498   18.8   14.6     77  12.44     80     18  305.8  343.4  308.1
  821.0   1795   17.6   12.4     71  11.14     80     20  307.6  341.6  309.7
  793.0   2093   16.5   10.2     67   9.96     90     20  309.4  340.1  311.3
  773.0   2312   15.6    8.6     63   9.15     89     19  310.8  339.2  312.5
  700.0   3149   11.0    5.0     66   7.87     85     16  314.6  339.6  316.1
  594.0   4496    3.7   -2.3     65   5.46     65     14  321.2  339.2  322.3
  567.0   4877    1.6   -4.4     64   4.90     65     13  323.1  339.4  324.1
  552.0   5093    0.3   -3.1     78   5.53     65     13  324.0  342.4  325.1
  549.0   5137    0.0   -2.9     81   5.66     64     13  324.2  343.0  325.3
  532.0   5388   -1.7   -4.4     82   5.22     58     11  325.1  342.6  326.1
  521.0   5554   -1.9   -7.9     64   4.07     53     10  326.8  340.7  327.6
  500.0   5880   -3.9   -8.9     68   3.92     45      8  328.2  341.7  329.0
  490.0   6040   -5.1   -9.1     73   3.94     41      9  328.6  342.2  329.4
  479.0   6219   -6.1  -11.0     68   3.47     37     10  329.6  341.6  330.2
  474.0   6302   -6.6  -10.8     72   3.57     35     11  329.9  342.3  330.6
  468.0   6402   -7.3  -10.5     78   3.69     38     11  330.3  343.1  331.0
  457.0   6588   -7.1  -13.1     62   3.07     43     10  332.8  343.6  333.4
  430.0   7063   -9.9  -15.9     62   2.59     55      9  335.0  344.4  335.6
  411.0   7412  -11.9  -22.9     40   1.48     64      8  336.8  342.4  337.1
  400.0   7620  -13.5  -23.5     43   1.45     70      7  337.4  342.8  337.6
  390.0   7812  -15.2  -22.7     53   1.60     70      9  337.6  343.6  337.9
  388.0   7850  -15.5  -22.5     55   1.63     73      9  337.7  343.8  338.0
  368.0   8248  -17.5  -34.5     21   0.56    106     12  340.2  342.4  340.3
  360.0   8408  -18.8  -36.2     20   0.48    120     13  340.6  342.6  340.7
  346.0   8698  -21.0  -39.2     18   0.37    110     14  341.5  343.0  341.6
  332.0   9000  -23.4  -42.4     16   0.28    125     13  342.3  343.5  342.4
  300.0   9740  -29.1  -50.1     11   0.13    115     14  344.2  344.8  344.3
  281.0  10198  -33.0  -45.8     27   0.23    105     11  345.1  346.0  345.1
  261.0  10715  -37.5  -41.0     70   0.41     61     12  345.9  347.6  346.0
  257.0  10821  -38.7  -41.2     77   0.41     52     12  345.6  347.3  345.7
  252.0  10956  -39.3  -46.3     47   0.24     40     12  346.7  347.7  346.8
  250.0  11010  -39.1  -48.1     38   0.20     35     12  347.8  348.6  347.8
  247.0  11093  -39.7  -49.3     35   0.17     25     12  348.1  348.9  348.1
  245.0  11149  -40.1  -50.1     33   0.16     17     12  348.3  349.0  348.4
  236.0  11400  -42.2                         340     12  348.9         348.9
  226.0  11690  -44.6                         335     12  349.5         349.5
  216.0  11994  -47.2                         345     10  350.1         350.1
  206.0  12312  -49.8                           0     12  350.7         350.7
  200.0  12510  -51.5                           5     11  351.1         351.1
  179.0  13204  -57.5                           5     10  352.5         352.5
  171.0  13490  -60.0                         355      7  353.1         353.1
  150.0  14310  -67.1                         310      8  354.3         354.3
  148.0  14387  -67.7                         310      8  354.6         354.6
  140.0  14704  -70.4                         315      9  355.5         355.5
  133.0  14996  -72.9                           0      1  356.4         356.4
  127.0  15259  -75.1                         100      6  357.1         357.1
  120.0  15583  -77.8                          85      9  358.0         358.0
  108.0  16184  -82.9                         115     13  359.4         359.4
  101.0  16566  -86.1                          95     18  360.1         360.1
  100.0  16620  -86.1                          90     19  361.1         361.1
   97.3  16771  -85.1                          86     15  365.9         365.9
   97.0  16788  -83.9                          85     15  368.6         368.6
   96.6  16811  -82.3                          89     14  372.1         372.1
   92.0  17087  -80.3                         130      8  381.3         381.3
   87.5  17371  -78.3                          49      8  390.8         390.8
   87.0  17404  -78.3                          40      8  391.5         391.5
   83.0  17673  -78.1                         340     10  397.2         397.2
   78.0  18030  -77.8                         305     18  404.9         404.9
   74.0  18331  -77.5                         305     12  411.6         411.6
   70.0  18650  -77.3                         275     30  418.7         418.7
   69.3  18708  -77.5                         273     30  419.5         419.5
   67.0  18903  -77.2                         265     32  424.2         424.2
   64.0  19167  -76.7                         270     25  430.8         430.8
   61.0  19445  -76.2                         250     19  437.8         437.8
   60.1  19531  -76.1                         253     16  440.0         440.0
   57.0  19840  -75.0                         265      6  449.3         449.3
   52.0  20377  -73.0                         120     12  465.9         465.9
   51.8  20399  -72.9                         119     13  466.6         466.6
   50.0  20610  -68.1                         110     25  482.6         482.6
   48.4  20807  -64.5                         102     32  495.6         495.6
   47.0  20986  -64.2                          95     39  500.6         500.6
   45.9  21131  -63.9                                     504.7         504.7
</PRE><H3>Station information and sounding indices</H3><PRE>
                         Station identifier: WIII
                             Station number: 96749
                           Observation time: 180526/0000
                           Station latitude: -6.11
                          Station longitude: 106.65
                          Station elevation: 8.0
                            Showalter index: 1.63
                               Lifted index: -2.03
    LIFT computed using virtual temperature: -2.49
                                SWEAT index: 219.22
                                    K index: 31.30
                         Cross totals index: 18.50
                      Vertical totals index: 22.70
                        Totals totals index: 41.20
      Convective Available Potential Energy: 683.23
             CAPE using virtual temperature: 827.31
                      Convective Inhibition: -51.15
             CINS using virtual temperature: -22.44
                           Equilibrum Level: 170.47
 Equilibrum Level using virtual temperature: 170.39
                   Level of Free Convection: 729.22
             LFCT using virtual temperature: 873.21
                     Bulk Richardson Number: 63.16
          Bulk Richardson Number using CAPV: 76.48
  Temp [K] of the Lifted Condensation Level: 295.16
Pres [hPa] of the Lifted Condensation Level: 941.62
   Equivalent potential temp [K] of the LCL: 353.40
     Mean mixed layer potential temperature: 300.30
              Mean mixed layer mixing ratio: 18.10
              1000 hPa to 500 hPa thickness: 5802.00
Precipitable water [mm] for entire sounding: 56.38
</PRE>
<P>Description of the 
<A HREF="/upperair/columns.html">data columns</A>
or <A HREF="/upperair/indices.html">sounding indices</A>.

<P>
<FORM>
<INPUT CLASS="button" TYPE="button" VALUE=" Close this window " 
 onClick="window.close();">
<INPUT CLASS="button" TYPE="button" VALUE=" Select another map " 
 onClick="window.blur();">
</FORM>
<HR SIZE="1">
<I>Interested in graduate studies in atmospheric science?
Check out our program at the
<a href="http://www.uwyo.edu/atsc/howtoapply/"
target=_top>University of Wyoming
</a></I>
<HR SIZE="1"><FONT SIZE="-1">
Questions about the weather data provided by this site can be
addressed to <A HREF="mailto:ldoolman@uwyo.edu">
Larry Oolman (ldoolman@uwyo.edu)</A></FONT>
<HR SIZE="1">
<SCRIPT TYPE="text/javascript">
<!--
window.focus();
// -->
</SCRIPT>
</BODY>
</HTML>
