2016-01-09 12
<HTML>
<TITLE>University of Wyoming - Radiosonde Data</TITLE>
<BODY BGCOLOR="white">
<H2>96749 WIII Jakarta Observations at 00Z 09 Jan 2016</H2>
<PRE>
-----------------------------------------------------------------------------
   PRES   HGHT   TEMP   DWPT   RELH   MIXR   DRCT   SKNT   THTA   THTE   THTV
    hPa     m      C      C      %    g/kg    deg   knot     K      K      K 
-----------------------------------------------------------------------------
 1011.0      8   27.0   25.0     89  20.21    200      6  299.2  358.5  302.8
 1000.0    105   26.8   23.9     84  19.09    180      6  299.9  356.1  303.4
  978.0    301   25.7   22.6     83  17.97    135      4  300.7  353.7  303.9
  946.0    594   23.9   20.6     81  16.39     80      4  301.9  350.4  304.8
  925.0    792   22.8   19.2     80  15.38     90      6  302.6  348.4  305.4
  914.0    896   22.3   17.0     72  13.54    100      8  303.2  343.6  305.6
  897.0   1060   21.6   13.6     60  11.03     97      9  304.1  337.2  306.1
  883.0   1196   20.6   13.5     64  11.12     95     10  304.4  337.8  306.4
  853.0   1495   18.4   13.2     72  11.32     75     12  305.1  339.3  307.2
  850.0   1525   18.2   13.2     73  11.34     75     12  305.2  339.4  307.3
  812.0   1916   16.4   11.4     72  10.53     78     15  307.3  339.4  309.2
  795.0   2094   15.5   10.3     71  10.00     80     16  308.2  338.8  310.0
  706.0   3093   10.2    4.2     66   7.38     80     23  313.0  336.2  314.4
  700.0   3164   10.0    3.0     62   6.83     80     23  313.5  335.2  314.8
  664.0   3603    9.1   -6.7     32   3.50     85     16  317.2  328.9  317.9
  655.0   3716    8.8   -9.2     27   2.92     87     15  318.2  328.0  318.7
  640.0   3906    7.4   -6.8     36   3.62     90     14  318.7  330.7  319.4
  617.0   4207    5.1   -2.9     56   5.02    115     12  319.4  336.0  320.4
  596.0   4491    3.0    0.7     85   6.80    117     11  320.2  342.3  321.5
  573.0   4809    0.7   -0.4     92   6.55    120     10  321.1  342.5  322.4
  566.0   4908    0.0   -0.7     95   6.47    118     10  321.4  342.6  322.6
  560.0   4994   -0.7   -1.1     97   6.35    115      9  321.5  342.3  322.8
  552.0   5110    0.8   -2.8     77   5.67    112      9  324.6  343.6  325.8
  532.0   5404   -0.9   -5.1     74   4.96    105      8  326.0  342.7  327.0
  500.0   5900   -3.9   -8.9     68   3.92    135      8  328.2  341.7  329.0
  493.0   6011   -4.7   -9.7     68   3.74    140      8  328.6  341.4  329.3
  478.0   6254   -6.5  -11.4     68   3.37    134      6  329.3  340.9  329.9
  474.0   6319   -5.5  -16.5     42   2.23    132      6  331.3  339.3  331.7
  464.0   6487   -6.1  -22.1     27   1.41    128      5  332.6  337.8  332.9
  457.0   6604   -6.9  -22.6     27   1.37    125      4  333.0  338.1  333.3
  439.0   6913   -9.1  -24.0     29   1.26     80      6  334.1  338.8  334.4
  407.0   7496  -13.2  -26.5     32   1.08     75     10  336.1  340.2  336.3
  400.0   7630  -14.1  -27.1     32   1.04     80     10  336.6  340.6  336.8
  391.0   7801  -15.5  -29.1     30   0.88     90      8  337.0  340.4  337.1
  375.0   8114  -18.0  -32.9     26   0.64    130      4  337.7  340.2  337.8
  361.0   8400  -20.3  -36.3     23   0.48    116      5  338.3  340.2  338.4
  343.0   8778  -21.7  -38.7     20   0.39     97      6  341.4  343.0  341.4
  319.0   9306  -26.0  -39.1     28   0.41     70      8  342.5  344.2  342.6
  307.0   9585  -28.3  -39.3     34   0.41     19      6  343.1  344.8  343.2
  306.0   9608  -28.5  -38.6     37   0.45     15      6  343.1  345.0  343.2
  300.0   9750  -29.7  -34.2     65   0.71     15      8  343.4  346.2  343.6
  293.0   9918  -30.9  -33.7     76   0.76     10     11  344.0  347.1  344.2
  281.0  10210  -33.3  -37.6     66   0.54      0     16  344.7  346.9  344.8
  267.0  10568  -36.3  -42.3     54   0.35    342     21  345.4  346.9  345.5
  264.0  10646  -36.7  -48.7     28   0.17    338     23  345.9  346.7  346.0
  258.0  10804  -38.0  -50.0     27   0.15    330     25  346.2  346.9  346.3
  250.0  11020  -39.9  -51.9     27   0.13    330     25  346.6  347.2  346.6
  249.0  11047  -40.1  -52.1     27   0.12    330     25  346.7  347.3  346.7
  200.0  12500  -52.5                         335      6  349.5         349.5
  197.0  12595  -53.2                         335      6  349.8         349.8
  179.0  13194  -58.0                         220      8  351.8         351.8
  150.0  14300  -66.7                         205     16  355.0         355.0
  147.0  14417  -67.6                         205     16  355.6         355.6
  140.0  14701  -69.6                         270     12  356.9         356.9
  127.0  15267  -73.8                         305     35  359.5         359.5
  120.0  15596  -76.2                         310     43  361.0         361.0
  108.0  16208  -80.7                         300     27  363.5         363.5
  102.0  16540  -83.1                         267     21  364.9         364.9
  100.0  16650  -83.3                         255     19  366.5         366.5
   97.0  16818  -83.8                         240     17  368.8         368.8
   87.0  17420  -85.4                         145     10  377.1         377.1
   85.5  17516  -85.7                         135     10  378.5         378.5
   83.0  17682  -85.0                         155     10  383.2         383.2
   78.0  18027  -83.5                         195      8  393.2         393.2
   70.3  18606  -80.9                          94     17  410.5         410.5
   70.0  18630  -79.5                          90     17  414.0         414.0
   68.9  18721  -74.1                          68     18  427.5         427.5
   64.1  19144  -71.5                         329     20  442.1         442.1
   63.0  19245  -71.9                         305     21  443.5         443.5
   57.0  19831  -73.9                         265      6  451.7         451.7
   56.5  19882  -74.1                         281      6  452.4         452.4
   54.0  20148  -72.6                           5      6  461.7         461.7
   50.0  20600  -70.1                         240      4  477.9         477.9
   49.0  20724  -69.5                         210      2  482.0         482.0
   47.0  20979  -68.3                         170     10  490.6         490.6
   45.0  21246  -67.1                         160     19  499.8         499.8
   40.0  21968  -63.8                         105      8  525.2         525.2
   38.0  22283  -62.3                         260      8  536.7         536.7
   35.0  22787  -60.0                         265     27  555.5         555.5
   33.7  23019  -58.9                         264     26  564.4         564.4
   30.0  23750  -59.9                         260     23  580.8         580.8
   29.0  23962  -59.8                         250     25  586.6         586.6
   26.0  24644  -59.6                         210     12  605.8         605.8
   25.0  24889  -59.5                         145     10  612.9         612.9
   24.0  25144  -59.5                         140     10  620.3         620.3
   23.0  25410  -59.4                         170     14  628.1         628.1
   22.3  25603  -59.3                         150     18  633.9         633.9
   21.0  25982  -57.4                         110     27  650.5         650.5
   20.0  26290  -55.9                         100     31  664.3         664.3
   17.0  27337  -52.3                          30     25  707.6         707.6
   16.0  27728  -50.9                          10     14  724.4         724.4
   15.0  28146  -51.7                          60      2  735.2         735.2
   14.0  28594  -52.5                         175      4  747.0         747.0
   13.6  28782  -52.9                         148     11  752.0         752.0
   13.0  29079  -49.5                         105     21  773.5         773.5
   12.1  29551  -44.1                          92     29  808.5         808.5
   11.0  30186  -46.4                          75     39  822.6         822.6
   10.5  30497  -47.5                          87     37  829.5         829.5
   10.0  30820  -46.5                         100     35  844.9         844.9
    9.0  31527  -43.5                         125     39  882.3         882.3
    8.4  31989  -41.5                         110     58  907.6         907.6
    8.0  32318  -42.4                         100     72  916.8         916.8
    7.9  32402  -42.6                         100     72  919.2         919.2
    7.0  33216  -44.8                         100     72  942.4         942.4
    6.9  33313  -45.1                                     945.1         945.1
</PRE><H3>Station information and sounding indices</H3><PRE>
                         Station identifier: WIII
                             Station number: 96749
                           Observation time: 160109/0000
                           Station latitude: -6.11
                          Station longitude: 106.65
                          Station elevation: 8.0
                            Showalter index: 3.24
                               Lifted index: -2.32
    LIFT computed using virtual temperature: -2.81
                                SWEAT index: 190.41
                                    K index: 28.30
                         Cross totals index: 17.10
                      Vertical totals index: 22.10
                        Totals totals index: 39.20
      Convective Available Potential Energy: 1085.59
             CAPE using virtual temperature: 1286.48
                      Convective Inhibition: -28.34
             CINS using virtual temperature: -12.20
                           Equilibrum Level: 158.33
 Equilibrum Level using virtual temperature: 157.71
                   Level of Free Convection: 862.98
             LFCT using virtual temperature: 897.87
                     Bulk Richardson Number: 78.76
          Bulk Richardson Number using CAPV: 93.34
  Temp [K] of the Lifted Condensation Level: 295.34
Pres [hPa] of the Lifted Condensation Level: 941.30
   Equivalent potential temp [K] of the LCL: 354.28
     Mean mixed layer potential temperature: 300.50
              Mean mixed layer mixing ratio: 18.29
              1000 hPa to 500 hPa thickness: 5795.00
Precipitable water [mm] for entire sounding: 51.94
</PRE>
<P>Description of the 
<A HREF="/upperair/columns.html">data columns</A>
or <A HREF="/upperair/indices.html">sounding indices</A>.

<P>
<FORM>
<INPUT CLASS="button" TYPE="button" VALUE=" Close this window " 
 onClick="window.close();">
<INPUT CLASS="button" TYPE="button" VALUE=" Select another map " 
 onClick="window.blur();">
</FORM>
<HR SIZE="1">
<I>Interested in graduate studies in atmospheric science?
Check out our program at the
<a href="http://www.uwyo.edu/atsc/howtoapply/"
target=_top>University of Wyoming
</a></I>
<HR SIZE="1"><FONT SIZE="-1">
Questions about the weather data provided by this site can be
addressed to <A HREF="mailto:ldoolman@uwyo.edu">
Larry Oolman (ldoolman@uwyo.edu)</A></FONT>
<HR SIZE="1">
<SCRIPT TYPE="text/javascript">
<!--
window.focus();
// -->
</SCRIPT>
</BODY>
</HTML>
