2020-04-04 12
<HTML>
<TITLE>University of Wyoming - Radiosonde Data</TITLE>
<BODY BGCOLOR="white">
<H2>96749 WIII Jakarta Observations at 00Z 04 Apr 2020</H2>
<PRE>
-----------------------------------------------------------------------------
   PRES   HGHT   TEMP   DWPT   RELH   MIXR   DRCT   SKNT   THTA   THTE   THTV
    hPa     m      C      C      %    g/kg    deg   knot     K      K      K 
-----------------------------------------------------------------------------
 1009.0      8   26.0   23.9     88  18.92    180      2  298.4  353.6  301.8
 1000.0     90   26.2   22.5     80  17.50    165      7  299.4  350.7  302.5
  985.0    224   26.2   22.5     80  17.77    153      4  300.6  353.1  303.8
  976.0    305   25.7   22.0     80  17.42    145      2  301.0  352.4  304.1
  944.0    598   24.0   20.3     80  16.20      0      1  302.1  350.2  305.1
  925.0    777   23.0   19.3     80  15.48    280      1  302.8  348.9  305.6
  912.0    900   22.1   18.9     82  15.27    300      3  303.1  348.6  305.9
  881.0   1201   20.0   17.8     87  14.76    325      5  303.9  348.0  306.6
  862.0   1391   18.6   17.1     91  14.44    322      6  304.4  347.6  307.0
  850.0   1512   18.8   16.5     86  14.09    320      6  305.8  348.3  308.4
  794.0   2093   16.5   13.0     80  12.01    310      5  309.4  346.2  311.7
  740.0   2694   14.2    9.4     73  10.12    250      4  313.2  344.8  315.1
  731.0   2799   13.8    8.8     72   9.82    264      5  313.8  344.6  315.7
  714.0   2996   12.5    8.0     74   9.54    290      7  314.5  344.5  316.3
  700.0   3163   11.4    7.4     76   9.31    295      8  315.1  344.5  316.8
  689.0   3293   10.7    6.6     76   8.96    300      8  315.7  344.1  317.4
  664.0   3596    8.9    4.8     75   8.18    265      5  317.1  343.2  318.6
  641.0   3885    7.3    3.0     75   7.49    315      4  318.4  342.5  319.9
  595.0   4496    3.8   -0.6     73   6.18    315      3  321.2  341.5  322.4
  574.0   4790    2.1   -2.4     72   5.62    120      1  322.6  341.1  323.6
  553.0   5096    0.3   -4.2     71   5.08     30      2  323.9  340.9  324.9
  549.0   5156    0.0   -4.6     71   4.98     30      2  324.2  340.9  325.2
  532.0   5406   -1.2   -7.3     63   4.17     30      1  325.6  339.8  326.4
  513.0   5696   -2.7  -10.5     55   3.38     80      4  327.3  338.9  328.0
  500.0   5900   -3.7  -12.7     50   2.90     85      5  328.5  338.6  329.0
  482.0   6189   -5.5  -15.5     45   2.39     87      5  329.7  338.2  330.2
  471.0   6370   -6.7  -15.7     49   2.40     88      5  330.4  338.9  330.9
  460.0   6554   -7.7  -18.7     41   1.91     90      5  331.4  338.3  331.8
  457.0   6605   -7.9  -19.9     38   1.73     90      5  331.8  338.1  332.1
  437.0   6952   -9.7  -24.7     28   1.19    122      5  333.8  338.2  334.0
  423.0   7201  -11.2  -23.6     35   1.36    145      5  335.0  340.0  335.3
  400.0   7630  -13.7  -21.7     51   1.70    160     10  337.1  343.4  337.4
  391.0   7802  -15.1  -20.9     61   1.86    160     11  337.5  344.4  337.9
  387.0   7880  -15.7  -20.5     67   1.95    151     10  337.7  344.9  338.1
  378.0   8058  -16.5  -27.5     38   1.06    130      9  338.9  343.0  339.1
  376.0   8097  -16.8  -29.1     34   0.92    125      9  339.1  342.6  339.2
  375.0   8117  -16.9  -29.9     31   0.86    125      9  339.1  342.5  339.3
  361.0   8402  -19.3  -27.3     49   1.14    125     11  339.6  344.0  339.9
  356.0   8505  -20.3  -25.3     64   1.38    134     11  339.6  344.9  339.9
  347.0   8694  -21.8  -25.4     72   1.40    150     10  340.1  345.5  340.4
  339.0   8866  -23.1  -25.5     81   1.43    149     11  340.6  346.0  340.9
  306.0   9607  -28.5  -32.6     67   0.81    145     13  343.2  346.4  343.4
  300.0   9750  -29.5  -34.0     65   0.72    155     12  343.7  346.6  343.8
  294.0   9891  -30.6  -35.4     63   0.64    160     12  344.1  346.7  344.2
  258.0  10801  -37.8  -44.3     50   0.29    125      7  346.6  347.9  346.7
  250.0  11020  -39.5  -46.5     47   0.24     95      8  347.2  348.2  347.2
  248.0  11075  -40.1  -47.1     47   0.22     95      9  347.1  348.1  347.1
  247.0  11101  -40.3                          95      9  347.2         347.2
  206.0  12304  -50.3                         105     12  350.0         350.0
  200.0  12500  -51.9                         100     13  350.4         350.4
  161.0  13870  -64.3                          96      9  351.9         351.9
  150.0  14300  -67.9                          95      8  352.9         352.9
  148.0  14380  -68.5                          95     10  353.2         353.2
  145.0  14503  -69.5                          85     12  353.6         353.6
  133.0  15004  -72.0                          45     23  357.9         357.9
  127.0  15272  -73.3                          30     15  360.3         360.3
  120.0  15602  -75.0                         310      4  363.1         363.1
  114.0  15899  -76.5                         235      7  365.7         365.7
  109.0  16160  -77.8                         205      2  368.0         368.0
  103.0  16488  -79.4                         295     18  370.9         370.9
  100.0  16660  -80.3                         280     25  372.3         372.3
   93.0  17066  -81.7                         260     28  377.4         377.4
   82.3  17749  -84.1                         275     27  385.9         385.9
   79.0  17977  -83.5                         275     24  391.6         391.6
   71.0  18571  -82.1                         280     22  406.8         406.8
   70.0  18650  -81.9                         280     21  408.9         408.9
   68.7  18755  -82.1                         269     20  410.6         410.6
   67.0  18896  -80.1                         255     18  418.0         418.0
   65.4  19033  -78.1                         227     18  425.2         425.2
   60.1  19517  -77.3                         127     17  437.3         437.3
   60.0  19526  -77.2                         125     17  437.9         437.9
   57.1  19813  -72.9                          99     22  453.8         453.8
   56.4  19886  -69.7                          93     23  462.6         462.6
   55.7  19961  -67.3                          86     24  469.8         469.8
   54.0  20147  -67.6                          70     27  473.3         473.3
   52.0  20374  -67.9                          90     25  477.6         477.6
   50.0  20610  -68.3                          90     27  482.1         482.1
   47.1  20966  -69.5                          90     22  487.6         487.6
   45.0  21241  -65.6                          90     19  503.4         503.4
   44.1  21363  -63.9                          91     20  510.5         510.5
   39.0  22117  -62.6                          95     24  531.9         531.9
   35.6  22677  -61.7                          95     18  548.4         548.4
   35.0  22782  -61.8                          95     17  550.7         550.7
   33.0  23144  -62.3                         130     16  558.7         558.7
   30.0  23730  -63.1                         150     25  572.0         572.0
   29.6  23812  -63.7                         147     24  572.6         572.6
   27.4  24290  -59.3                         128     21  597.7         597.7
   25.0  24868  -56.7                         105     17  620.9         620.9
   23.4  25285  -54.9                         105     21  638.1         638.1
   21.0  25978  -53.7                         105     28  661.9         661.9
   20.0  26290  -53.1                         100     33  672.9         672.9
   19.0  26621  -52.2                          90     47  685.7         685.7
   18.5  26794  -51.7                                     692.4         692.4
</PRE><H3>Station information and sounding indices</H3><PRE>
                         Station identifier: WIII
                             Station number: 96749
                           Observation time: 200404/0000
                           Station latitude: -6.11
                          Station longitude: 106.65
                          Station elevation: 8.0
                            Showalter index: -0.02
                               Lifted index: -1.30
    LIFT computed using virtual temperature: -1.88
                                SWEAT index: 215.00
                                    K index: 35.00
                         Cross totals index: 20.20
                      Vertical totals index: 22.50
                        Totals totals index: 42.70
      Convective Available Potential Energy: 506.39
             CAPE using virtual temperature: 606.27
                      Convective Inhibition: -92.04
             CINS using virtual temperature: -28.00
                           Equilibrum Level: 173.46
 Equilibrum Level using virtual temperature: 170.61
                   Level of Free Convection: 668.44
             LFCT using virtual temperature: 869.01
                     Bulk Richardson Number: 134.80
          Bulk Richardson Number using CAPV: 161.39
  Temp [K] of the Lifted Condensation Level: 294.44
Pres [hPa] of the Lifted Condensation Level: 931.41
   Equivalent potential temp [K] of the LCL: 351.85
     Mean mixed layer potential temperature: 300.50
              Mean mixed layer mixing ratio: 17.46
              1000 hPa to 500 hPa thickness: 5810.00
Precipitable water [mm] for entire sounding: 59.60
</PRE>
<P>Description of the 
<A HREF="/upperair/columns.html">data columns</A>
or <A HREF="/upperair/indices.html">sounding indices</A>.

<P>
<FORM>
<INPUT CLASS="button" TYPE="button" VALUE=" Close this window " 
 onClick="window.close();">
<INPUT CLASS="button" TYPE="button" VALUE=" Select another map " 
 onClick="window.blur();">
</FORM>
<HR SIZE="1">
<I>Interested in graduate studies in atmospheric science?
Check out our program at the
<a href="http://www.uwyo.edu/atsc/howtoapply/"
target=_top>University of Wyoming
</a></I>
<HR SIZE="1"><FONT SIZE="-1">
Questions about the weather data provided by this site can be
addressed to <A HREF="mailto:ldoolman@uwyo.edu">
Larry Oolman (ldoolman@uwyo.edu)</A></FONT>
<HR SIZE="1">
<SCRIPT TYPE="text/javascript">
<!--
window.focus();
// -->
</SCRIPT>
</BODY>
</HTML>
