2017-06-19 00
<HTML>
<TITLE>University of Wyoming - Radiosonde Data</TITLE>
<BODY BGCOLOR="white">
<H2>96749 WIII Jakarta Observations at 00Z 19 Jun 2017</H2>
<PRE>
-----------------------------------------------------------------------------
   PRES   HGHT   TEMP   DWPT   RELH   MIXR   DRCT   SKNT   THTA   THTE   THTV
    hPa     m      C      C      %    g/kg    deg   knot     K      K      K 
-----------------------------------------------------------------------------
 1009.0      8   25.2   21.3     79  16.08    170      6  297.6  344.4  300.4
 1008.0     17   24.8   18.8     69  13.74    172      6  297.3  337.2  299.7
 1000.0     91   24.8   18.8     69  13.85    185      8  297.9  338.4  300.4
  981.0    259   25.6   19.6     69  14.86    165      7  300.4  344.2  303.1
  976.0    304   25.3   19.4     70  14.79    160      7  300.5  344.1  303.2
  944.0    595   23.2   18.4     74  14.34    105      5  301.3  343.7  303.9
  925.0    772   22.0   17.8     77  14.06     95      5  301.8  343.5  304.3
  911.0    904   20.9   17.5     81  14.00    105      4  302.0  343.6  304.6
  889.0   1116   19.2   17.0     87  13.91    128      4  302.3  343.6  304.9
  850.0   1501   16.8   15.2     90  12.94    170      5  303.7  342.4  306.1
  828.0   1725   15.6   14.1     91  12.36    200      5  304.8  341.9  307.0
  821.0   1798   15.3   13.6     89  12.02    210      5  305.2  341.4  307.4
  792.0   2104   14.2   11.2     82  10.67    220      6  307.1  339.6  309.1
  782.0   2212   13.8   10.4     80  10.23    207      8  307.8  339.1  309.7
  767.0   2376   13.4    8.5     72   9.16    188     11  309.1  337.4  310.8
  764.0   2409   13.2    8.2     72   9.01    184     11  309.2  337.0  310.9
  756.0   2498   13.8   -1.2     36   4.66    174     13  310.8  325.7  311.7
  749.0   2576   14.4   -2.6     31   4.24    165     14  312.3  326.0  313.1
  738.0   2701   13.7   -7.4     22   2.99    150     16  312.9  322.7  313.4
  733.0   2759   13.4   -9.6     19   2.53    151     16  313.1  321.6  313.6
  700.0   3145   10.2   -1.8     43   4.81    160     17  313.8  329.3  314.7
  698.0   3169    9.8   -2.2     43   4.69    161     17  313.6  328.7  314.4
  667.0   3544    6.4   -2.6     53   4.76    173     14  313.8  329.2  314.7
  662.0   3606    6.2   -3.8     49   4.38    175     13  314.3  328.6  315.2
  648.0   3781    5.8   -7.2     39   3.45    172      7  315.8  327.2  316.4
  643.0   3845    5.6   -8.4     36   3.17    171      4  316.2  326.8  316.8
  641.0   3870    5.6   -5.4     45   4.01    171      3  316.5  329.7  317.3
  639.0   3896    5.2   -2.8     56   4.90    170      2  316.4  332.3  317.3
  638.0   3909    5.1   -2.9     56   4.88    170      2  316.4  332.3  317.4
  636.0   3934    5.0   -3.0     56   4.85    160      2  316.5  332.3  317.5
  635.0   3947    5.0   -3.0     56   4.85    155      2  316.7  332.5  317.6
  632.0   3986    5.6  -10.4     31   2.75    140      3  317.8  327.1  318.3
  631.0   3999    5.8  -13.2     24   2.20    135      3  318.2  325.7  318.6
  625.0   4077    5.8   -8.2     36   3.31    106      4  319.0  330.1  319.7
  624.0   4090    5.8   -6.2     42   3.87    101      4  319.2  332.1  319.9
  616.0   4196    5.2   -3.8     52   4.71     60      5  319.7  335.2  320.6
  615.0   4209    5.1   -4.1     51   4.61     55      5  319.7  335.0  320.6
  593.0   4504    3.5  -10.9     34   2.82     70      3  321.1  330.7  321.7
  572.0   4796    1.8  -17.7     22   1.68    115      3  322.5  328.4  322.9
  550.0   5113    0.0  -25.0     13   0.92    110      8  324.0  327.4  324.2
  530.0   5407   -1.8  -29.2     10   0.65    105     13  325.3  327.7  325.4
  500.0   5870   -4.7  -35.7      7   0.37    125     13  327.2  328.7  327.3
  491.0   6011   -5.7  -36.7      7   0.34    130     11  327.7  329.0  327.8
  484.0   6123   -6.5  -37.5      7   0.32    118     11  328.1  329.3  328.1
  473.0   6301   -7.4  -30.7     14   0.63    100     10  329.1  331.5  329.2
  463.0   6467   -8.3  -24.3     26   1.16    107     13  330.0  334.3  330.3
  438.0   6889  -11.0  -26.6     26   1.00    125     20  331.9  335.7  332.1
  400.0   7580  -15.3  -30.3     27   0.77    100     21  335.0  338.0  335.2
  373.0   8105  -18.5  -33.5     26   0.61     78     21  337.5  339.9  337.7
  358.0   8404  -20.9  -35.7     25   0.51     65     21  338.3  340.4  338.4
  300.0   9690  -31.1  -45.1     24   0.23    115     20  341.4  342.4  341.5
  291.0   9901  -32.9  -46.1     26   0.21    125     21  341.8  342.7  341.9
  259.0  10710  -39.9  -49.9     34   0.15    125     20  343.1  343.8  343.2
  250.0  10950  -42.1                         125     20  343.3         343.3
  234.0  11389  -45.4                         120     15  344.9         344.9
  214.0  11981  -49.8                          55     19  347.0         347.0
  200.0  12430  -53.1                          40     26  348.5         348.5
  171.0  13414  -61.9                          35     27  349.9         349.9
  169.0  13486  -62.4                          35     27  350.2         350.2
  153.0  14090  -66.7                          45     25  353.1         353.1
  150.0  14210  -67.5                          40     26  353.6         353.6
  138.0  14705  -71.6                          25     33  354.9         354.9
  136.0  14791  -72.3                          27     31  355.2         355.2
  125.0  15286  -72.4                          40     21  363.6         363.6
  120.0  15525  -72.5                          30     16  367.7         367.7
  107.0  16189  -75.6                           0      1  374.0         374.0
  102.0  16465  -77.0                         165      7  376.6         376.6
  100.0  16580  -77.5                         175     12  377.7         377.7
   92.0  17058  -79.3                         200     29  383.3         383.3
   82.0  17728  -73.8                         190     22  407.3         407.3
   78.4  17989  -71.7                         221     15  416.9         416.9
   78.0  18019  -71.7                         225     14  417.5         417.5
   70.0  18660  -72.5                         255     25  428.9         428.9
   69.7  18685  -72.7                         256     26  429.1         429.1
   64.7  19120  -72.1                         268     35  439.6         439.6
   64.0  19184  -71.3                         270     36  442.7         442.7
   61.6  19410  -68.5                         268     37  453.8         453.8
   50.0  20660  -66.1                         255     42  487.3         487.3
   45.1  21287  -65.3                         248     30  503.8         503.8
   43.0  21581  -63.3                         245     24  515.7         515.7
   39.3  22137  -59.5                         333      9  538.6         538.6
   39.0  22185  -59.2                         340      8  540.5         540.5
   37.2  22482  -57.7                          61      7  551.8         551.8
   37.0  22516  -57.8                          70      7  552.3         552.3
   35.0  22865  -59.1                         105     19  557.9         557.9
   33.7  23102  -59.9                         103     22  561.8         561.8
   31.9  23446  -58.7                          99     27  573.9         573.9
   30.0  23830  -61.1                          95     33  577.5         577.5
   29.6  23913  -61.7                          96     34  578.1         578.1
   28.0  24256  -61.3                         100     40  588.4         588.4
   27.5  24369  -58.7                          98     40  598.7         598.7
   22.0  25785  -52.7                          79     44  656.0         656.0
   20.0  26400  -51.7                          70     46  677.2         677.2
   16.0  27860  -48.3                         100     37  732.9         732.9
   15.4  28110  -47.7                                     742.9         742.9
</PRE><H3>Station information and sounding indices</H3><PRE>
                         Station identifier: WIII
                             Station number: 96749
                           Observation time: 170619/0000
                           Station latitude: -6.11
                          Station longitude: 106.65
                          Station elevation: 8.0
                            Showalter index: 1.21
                               Lifted index: 1.36
    LIFT computed using virtual temperature: 0.63
                                SWEAT index: 205.38
                                    K index: 24.70
                         Cross totals index: 19.90
                      Vertical totals index: 21.50
                        Totals totals index: 41.40
      Convective Available Potential Energy: 0.00
             CAPE using virtual temperature: 4.35
                      Convective Inhibition: 0.00
             CINS using virtual temperature: -139.52
 Equilibrum Level using virtual temperature: 642.45
             LFCT using virtual temperature: 679.14
                     Bulk Richardson Number: 0.00
          Bulk Richardson Number using CAPV: 12.67
  Temp [K] of the Lifted Condensation Level: 290.93
Pres [hPa] of the Lifted Condensation Level: 901.59
   Equivalent potential temp [K] of the LCL: 342.00
     Mean mixed layer potential temperature: 299.69
              Mean mixed layer mixing ratio: 14.44
              1000 hPa to 500 hPa thickness: 5779.00
Precipitable water [mm] for entire sounding: 42.32
</PRE>
<P>Description of the 
<A HREF="/upperair/columns.html">data columns</A>
or <A HREF="/upperair/indices.html">sounding indices</A>.

<P>
<FORM>
<INPUT CLASS="button" TYPE="button" VALUE=" Close this window " 
 onClick="window.close();">
<INPUT CLASS="button" TYPE="button" VALUE=" Select another map " 
 onClick="window.blur();">
</FORM>
<HR SIZE="1">
<I>Interested in graduate studies in atmospheric science?
Check out our program at the
<a href="http://www.uwyo.edu/atsc/howtoapply/"
target=_top>University of Wyoming
</a></I>
<HR SIZE="1"><FONT SIZE="-1">
Questions about the weather data provided by this site can be
addressed to <A HREF="mailto:ldoolman@uwyo.edu">
Larry Oolman (ldoolman@uwyo.edu)</A></FONT>
<HR SIZE="1">
<SCRIPT TYPE="text/javascript">
<!--
window.focus();
// -->
</SCRIPT>
</BODY>
</HTML>
