2021-08-24 00
<HTML>
<TITLE>University of Wyoming - Radiosonde Data</TITLE>
<BODY BGCOLOR="white">
<H2>96749 WIII Jakarta Observations at 00Z 24 Aug 2021</H2>
<PRE>
-----------------------------------------------------------------------------
   PRES   HGHT   TEMP   DWPT   RELH   MIXR   DRCT   SKNT   THTA   THTE   THTV
    hPa     m      C      C      %    g/kg    deg   knot     K      K      K 
-----------------------------------------------------------------------------
 1010.0      8   25.0   24.2     95  19.25    190      2  297.3  353.3  300.7
 1000.0    102   25.6   22.8     85  17.83    135      3  298.8  350.9  301.9
  991.0    181   25.4   22.3     83  17.44    149      3  299.3  350.4  302.4
  978.0    296   24.6   21.9     85  17.26    170      4  299.6  350.3  302.7
  945.0    595   22.5   20.9     91  16.80    185      2  300.5  349.9  303.5
  928.0    753   21.4   20.4     94  16.55    334      1  300.9  349.7  303.9
  925.0    781   21.2   20.3     95  16.50      0      1  301.0  349.7  303.9
  913.0    894   20.7   19.1     91  15.53     80      4  301.6  347.5  304.4
  881.0   1204   19.2   16.0     81  13.13     85      9  303.2  342.3  305.6
  852.0   1495   17.9   13.0     73  11.17     95     13  304.7  338.3  306.7
  850.0   1515   17.8   12.8     73  11.04    100     13  304.8  338.1  306.8
  837.0   1647   17.6    8.6     56   8.44     99     13  305.9  331.7  307.5
  807.0   1958   15.6    3.6     45   6.18     98     13  307.0  326.2  308.1
  800.0   2032   14.8    7.8     63   8.36     97     12  306.9  332.5  308.4
  766.0   2398   12.8    2.1     48   5.85     95     12  308.6  326.9  309.6
  763.0   2431   12.6    1.6     47   5.66     93     12  308.7  326.5  309.8
  755.0   2520   12.2    5.2     62   7.40     87     11  309.2  332.2  310.6
  754.0   2531   12.2    6.2     67   7.95     86     11  309.3  333.9  310.8
  753.0   2542   12.2    6.2     67   7.96     85     11  309.4  334.1  310.9
  749.0   2587   12.6    1.6     47   5.77     82     11  310.4  328.5  311.4
  748.0   2598   13.0   -4.0     30   3.82     82     11  310.9  323.2  311.6
  739.0   2699   12.4   -1.6     38   4.63     75     10  311.3  326.1  312.2
  733.0   2768   11.4    4.4     62   7.20     76     10  311.0  333.5  312.3
  700.0   3151    8.6    2.6     66   6.64     80     12  312.0  332.9  313.2
  677.0   3426    6.6    2.2     73   6.67     81     13  312.7  333.8  314.0
  656.0   3684    4.8    0.7     75   6.18     82     14  313.5  333.2  314.7
  627.0   4052    3.6  -11.4     32   2.56     83     15  316.2  324.9  316.7
  593.0   4501    0.7  -13.5     34   2.29     85     16  317.9  325.7  318.4
  585.0   4611    0.0  -14.0     34   2.23     80     16  318.4  326.0  318.8
  557.0   5001   -2.5  -10.5     54   3.10     60     14  319.9  330.4  320.5
  550.0   5102   -2.7  -14.7     39   2.24     55     14  320.8  328.5  321.3
  539.0   5261   -4.1  -11.1     58   3.06     74     10  321.0  331.4  321.6
  530.0   5394   -4.4  -18.8     32   1.65     90      7  322.2  328.0  322.5
  528.0   5424   -4.5  -20.5     27   1.43     93      7  322.4  327.5  322.7
  511.0   5680   -6.7  -21.7     29   1.33    118      9  322.8  327.5  323.1
  510.0   5695   -6.8  -21.8     29   1.31    120      9  322.8  327.5  323.1
  508.0   5726   -7.1  -22.1     29   1.29    120     11  322.9  327.5  323.1
  502.0   5819   -5.7  -38.7      5   0.27    120     16  325.6  326.7  325.7
  500.0   5850   -5.1  -47.1      2   0.11    120     18  326.8  327.2  326.8
  498.0   5881   -5.1  -47.1      2   0.11    119     19  327.1  327.6  327.1
  491.0   5992   -5.8  -47.5      2   0.11    115     24  327.6  328.0  327.6
  472.0   6299   -7.8  -48.7      2   0.10    115     27  328.8  329.2  328.8
  453.0   6618   -9.9  -49.9      2   0.09    107     29  330.1  330.5  330.1
  437.0   6895  -10.5  -52.3      2   0.07    100     30  332.8  333.1  332.8
  436.0   6913  -10.5  -52.5      2   0.07    100     30  332.9  333.2  333.0
  404.0   7494  -14.6  -51.3      3   0.08    115     21  335.0  335.4  335.0
  400.0   7570  -15.1  -51.1      3   0.09    120     21  335.3  335.6  335.3
  388.0   7798  -16.6  -51.4      3   0.09    125     24  336.3  336.7  336.3
  373.0   8093  -18.5  -51.9      4   0.09    115     22  337.6  338.0  337.6
  359.0   8379  -20.3  -52.3      4   0.08    115     22  338.8  339.2  338.8
  318.0   9264  -27.7  -53.7      7   0.08    115     22  340.5  340.9  340.5
  309.0   9470  -29.5  -55.5      6   0.07    115     22  340.8  341.1  340.8
  305.0   9563  -30.1  -44.1     24   0.25    115     22  341.2  342.3  341.3
  300.0   9680  -31.3  -41.3     37   0.34    115     22  341.1  342.6  341.2
  291.0   9892  -33.1  -41.4     43   0.35    120     23  341.6  343.0  341.6
  264.0  10570  -38.9  -41.8     74   0.37    110     23  342.7  344.2  342.8
  250.0  10940  -42.3  -45.1     74   0.27    105     23  343.0  344.2  343.1
  200.0  12410  -54.7  -59.7     54   0.06     90     21  346.0  346.3  346.0
  177.0  13176  -61.8  -66.6     52   0.03     85     26  346.7  346.9  346.7
  167.0  13541  -65.1  -69.9     51   0.02     82     31  346.9  347.0  346.9
  160.0  13800  -67.2  -72.8     44   0.01     80     35  347.7  347.8  347.7
  150.0  14190  -70.3  -77.3     35   0.01     75     40  348.8  348.8  348.8
  145.0  14390  -72.1  -79.1     34   0.01     70     42  349.1  349.1  349.1
  138.0  14678  -74.1  -82.2     28   0.00     75     49  350.5  350.5  350.5
  132.0  14937  -75.9  -84.9     23   0.00     75     49  351.8  351.8  351.8
  124.0  15299  -74.5  -86.0     15   0.00     75     48  360.8  360.8  360.8
  118.0  15587  -73.3  -86.9     11   0.00     55     40  368.0  368.0  368.0
  117.0  15637  -73.1  -87.1     10   0.00     57     37  369.3  369.3  369.3
  109.0  16049  -74.9  -88.9     10   0.00     70     16  373.4  373.5  373.4
  106.0  16211  -74.4  -88.7     10   0.00     75      7  377.4  377.4  377.4
  100.0  16550  -73.3  -88.3      9   0.00     80      9  385.9  385.9  385.9
   96.0  16789  -74.2  -88.3     10   0.00     80     13  388.7  388.7  388.7
   95.3  16832  -74.3  -88.3     10   0.00     73     12  389.2  389.2  389.2
   92.6  17001  -71.3  -88.3      6   0.00     46     10  398.4  398.4  398.4
   91.0  17104  -71.6  -88.6      6   0.00     30      9  399.8  399.8  399.8
   87.0  17369  -72.2  -89.2      6   0.00    260     11  403.6  403.6  403.6
   84.4  17548  -72.7  -89.7      6   0.00    245     10  406.2  406.2  406.2
   82.0  17720  -72.1  -89.5      6   0.00    230      9  410.9  410.9  410.9
   78.0  18017  -71.0  -89.3      5   0.00    290     18  419.0  419.0  419.0
   70.0  18660  -68.7  -88.7      4   0.00    280     24  437.1  437.1  437.1
   64.0  19199  -68.4  -89.1      4   0.00    270     15  449.1  449.1  449.1
   54.7  20143  -67.9  -89.9      3   0.00    285     12  470.8  470.8  470.8
   52.0  20451  -65.3  -90.1      2   0.00    290     11  483.7  483.7  483.7
   50.0  20690  -63.3  -90.3      1   0.00    275     12  493.9  493.9  493.9
   48.0  20942  -61.2  -90.1      1   0.00    275     11  504.7  504.7  504.7
   47.9  20955  -61.1  -90.1      1   0.00    274     11  505.2  505.2  505.2
   45.0  21339  -61.5  -91.2      1   0.00    230      8  513.3  513.3  513.3
   41.0  21913  -62.1  -92.7      1   0.00     95     15  525.6  525.6  525.6
   36.0  22714  -63.0  -94.9      1   0.00     75     21  543.3  543.3  543.3
   32.4  23363  -63.7  -96.7      0   0.00     97     27  558.0  558.0  558.0
   32.0  23440  -62.9  -96.1      0   0.00    100     28  562.2  562.2  562.2
   30.7  23696  -60.1  -94.1      0   0.00    110     42  576.4  576.4  576.4
   30.0  23840  -59.7  -93.7      0   0.00    115     49  581.3  581.3  581.3
   29.0  24055  -58.7  -92.9      1   0.00    110     52  589.7  589.7  589.7
   25.8  24795  -55.3  -90.3      1   0.00    102     56  619.4  619.5  619.4
   21.9  25840  -56.5  -91.5      1   0.00     91     62  645.5  645.6  645.5
   20.0  26420  -54.1  -89.1      1   0.01     85     65  669.8  669.9  669.8
   17.0  27461  -54.6  -95.7      0   0.00     90     66  700.0  700.0  700.0
   16.6  27613  -54.7  -96.7      0   0.00                704.5  704.5  704.5
</PRE><H3>Station information and sounding indices</H3><PRE>
                         Station identifier: WIII
                             Station number: 96749
                           Observation time: 210824/0000
                           Station latitude: -6.11
                          Station longitude: 106.65
                          Station elevation: 8.0
                            Showalter index: 2.61
                               Lifted index: -2.25
    LIFT computed using virtual temperature: -3.25
                                SWEAT index: 197.60
                                    K index: 29.70
                         Cross totals index: 17.90
                      Vertical totals index: 22.90
                        Totals totals index: 40.80
      Convective Available Potential Energy: 1260.69
             CAPE using virtual temperature: 1498.42
                      Convective Inhibition: -14.92
             CINS using virtual temperature: -7.51
                           Equilibrum Level: 138.04
 Equilibrum Level using virtual temperature: 138.03
                   Level of Free Convection: 819.57
             LFCT using virtual temperature: 901.74
                     Bulk Richardson Number: 107.38
          Bulk Richardson Number using CAPV: 127.63
  Temp [K] of the Lifted Condensation Level: 294.76
Pres [hPa] of the Lifted Condensation Level: 947.62
   Equivalent potential temp [K] of the LCL: 350.57
     Mean mixed layer potential temperature: 299.34
              Mean mixed layer mixing ratio: 17.50
              1000 hPa to 500 hPa thickness: 5748.00
Precipitable water [mm] for entire sounding: 43.73
</PRE>
<P>Description of the 
<A HREF="/upperair/columns.html">data columns</A>
or <A HREF="/upperair/indices.html">sounding indices</A>.

<P>
<FORM>
<INPUT CLASS="button" TYPE="button" VALUE=" Close this window " 
 onClick="window.close();">
<INPUT CLASS="button" TYPE="button" VALUE=" Select another map " 
 onClick="window.blur();">
</FORM>
<HR SIZE="1">
<I>Interested in graduate studies in atmospheric science?
Check out our program at the
<a href="http://www.uwyo.edu/atsc/howtoapply/"
target=_top>University of Wyoming
</a></I>
<HR SIZE="1"><FONT SIZE="-1">
Questions about the weather data provided by this site can be
addressed to <A HREF="mailto:ldoolman@uwyo.edu">
Larry Oolman (ldoolman@uwyo.edu)</A></FONT>
<HR SIZE="1">
<SCRIPT TYPE="text/javascript">
<!--
window.focus();
// -->
</SCRIPT>
</BODY>
</HTML>
