2022-11-13 12
<HTML>
<TITLE>University of Wyoming - Radiosonde Data</TITLE>
<BODY BGCOLOR="white">
<H2>96749 WIII Jakarta Observations at 00Z 13 Nov 2022</H2>
<PRE>
-----------------------------------------------------------------------------
   PRES   HGHT   TEMP   DWPT   RELH   MIXR   DRCT   SKNT   THTA   THTE   THTV
    hPa     m      C      C      %    g/kg    deg   knot     K      K      K 
-----------------------------------------------------------------------------
 1009.0      8   24.4   23.4     94  18.34    220      2  296.8  350.0  300.0
 1000.0     82   24.0   23.5     97  18.63    225      7  297.1  351.2  300.4
  996.0    117   23.6   23.3     98  18.47    224      6  297.1  350.7  300.4
  994.0    135   23.6   23.2     98  18.39    224      6  297.3  350.7  300.5
  989.0    179   24.6   22.5     88  17.70    223      5  298.7  350.4  301.9
  975.0    305   24.7   21.6     83  17.01    220      3  300.1  350.1  303.1
  968.0    368   24.8   21.2     80  16.67    194      3  300.7  349.9  303.7
  943.0    597   23.1   21.1     89  17.06    100      2  301.2  351.6  304.3
  925.0    766   21.8   21.1     96  17.36    150      3  301.6  352.9  304.7
  911.0    899   20.9   20.5     98  16.95    150      3  301.9  352.2  305.0
  907.0    937   20.6   20.3     98  16.84    145      4  302.1  352.0  305.1
  880.0   1198   19.4   18.4     94  15.37    110      7  303.4  349.2  306.2
  850.0   1498   18.0   16.2     89  13.82    130      5  305.0  346.5  307.5
  821.0   1792   16.5   14.3     87  12.65    140      6  306.4  344.7  308.7
  792.0   2097   14.9   12.4     85  11.53    105      6  307.9  343.0  310.0
  738.0   2696   11.8    8.5     81   9.55    115      5  310.8  340.3  312.5
  732.0   2765   11.4    8.1     80   9.34    109      5  311.1  340.1  312.8
  700.0   3138    9.4    7.8     90   9.57     75      7  312.9  342.8  314.7
  686.0   3304    8.4    7.0     91   9.23     60      7  313.6  342.6  315.3
  639.0   3888    5.0    4.1     94   8.11     70     12  316.1  341.9  317.7
  593.0   4503    1.4    1.1     98   7.04     63     11  318.8  341.5  320.1
  566.0   4880    0.0   -1.3     91   6.19     58     10  321.4  341.7  322.6
  550.0   5109   -1.1   -3.2     85   5.53     55     10  322.8  341.1  323.8
  530.0   5405   -2.5   -5.7     79   4.76     45      9  324.5  340.5  325.5
  507.0   5760   -4.1   -8.6     71   3.96     26      7  326.7  340.2  327.5
  500.0   5870   -4.7   -8.8     73   3.95     20      7  327.2  340.8  328.0
  493.0   5981   -5.5   -7.6     85   4.41     16      6  327.6  342.6  328.5
  492.0   5997   -5.6   -7.9     84   4.33     15      6  327.7  342.4  328.5
  475.0   6271   -7.3  -12.3     67   3.15     22      7  328.9  339.8  329.5
  455.0   6603   -9.1  -13.7     69   2.92     30      8  330.6  340.9  331.2
  438.0   6896  -10.7  -15.0     71   2.74      5     10  332.2  341.9  332.8
  424.0   7147  -12.1  -16.1     72   2.58     21      8  333.6  342.8  334.1
  421.0   7201  -12.3  -16.7     70   2.47     25      7  333.9  342.8  334.4
  405.0   7496  -13.7  -20.0     59   1.94     10      8  335.9  343.0  336.3
  400.0   7590  -14.1  -21.1     55   1.79     15      7  336.6  343.2  336.9
  389.0   7801  -15.3  -23.4     50   1.50     35      7  337.7  343.3  338.0
  380.0   7977  -16.3  -25.3     46   1.29     35      6  338.6  343.6  338.9
  374.0   8097  -17.2  -24.5     53   1.42     35      5  338.9  344.3  339.2
  370.0   8177  -17.9  -23.9     59   1.51     22      6  339.1  344.8  339.4
  359.0   8402  -19.1  -27.2     48   1.15    345      8  340.5  344.9  340.7
  355.0   8485  -19.5  -28.5     45   1.03    339      8  341.0  345.0  341.2
  331.0   8996  -23.6  -29.8     57   0.98    305      5  342.2  346.0  342.4
  308.0   9522  -27.9  -31.1     74   0.93    331      5  343.4  347.0  343.5
  300.0   9710  -29.3  -33.1     70   0.79    340      5  344.0  347.1  344.1
  292.0   9902  -30.8  -34.6     69   0.70      0      5  344.5  347.3  344.7
  280.0  10199  -33.1  -36.9     69   0.58     45      4  345.4  347.7  345.5
  271.0  10431  -34.9  -38.7     68   0.50     12      6  346.0  348.0  346.1
  269.0  10482  -35.3  -39.7     64   0.45      5      6  346.1  347.9  346.2
  260.0  10720  -37.3  -44.3     48   0.29    350      7  346.6  347.8  346.6
  257.0  10800  -38.1  -44.8     49   0.28    345      7  346.6  347.8  346.6
  250.0  10990  -39.9  -45.9     53   0.25    330      7  346.6  347.7  346.7
  235.0  11400  -43.5  -49.0     54   0.19    305      9  347.3  348.1  347.4
  200.0  12470  -52.9  -57.2     59   0.08    300      9  348.8  349.2  348.9
  170.0  13496  -62.3  -65.3     67   0.03    325      9  349.9  350.0  349.9
  167.0  13608  -63.3  -66.2     68   0.03    331     10  349.9  350.1  349.9
  162.0  13795  -65.1  -70.0     51   0.02    340     11  350.0  350.1  350.0
  150.0  14260  -69.1  -75.1     42   0.01    350     12  350.9  350.9  350.9
  146.0  14419  -70.6  -76.6     41   0.01      0     15  351.0  351.1  351.0
  141.0  14625  -72.5  -78.5     40   0.01      7     16  351.2  351.2  351.2
  139.0  14707  -73.2  -79.0     41   0.01     10     17  351.3  351.4  351.3
  122.0  15455  -79.9  -84.0     51   0.00     23     22  352.5  352.5  352.5
  119.0  15594  -81.0  -85.5     47   0.00     25     23  353.0  353.0  353.0
  115.0  15786  -82.5  -87.5     42   0.00     42     28  353.7  353.7  353.7
  113.0  15882  -83.2  -88.0     44   0.00     50     30  354.1  354.1  354.1
  101.0  16496  -87.9  -91.3     54   0.00     65     39  356.7  356.7  356.7
  100.0  16550  -88.3  -91.6     55   0.00     65     40  356.9  356.9  356.9
   98.9  16610  -88.7  -91.7     58   0.00     65     40  357.2  357.2  357.2
   93.6  16910  -88.5  -92.3     50   0.00     72     48  363.3  363.3  363.3
   91.0  17064  -86.5  -92.5     34   0.00     75     52  370.2  370.2  370.2
   89.7  17144  -82.3  -91.3     21   0.00     80     46  380.1  380.1  380.1
   87.6  17279  -77.5  -87.5     19   0.00     88     35  392.3  392.3  392.3
   86.0  17385  -77.5  -86.0     24   0.00     95     27  394.4  394.4  394.4
   81.9  17666  -77.5  -82.2     47   0.01    111     34  399.9  399.9  399.9
   81.0  17731  -76.5  -81.9     42   0.01    115     35  403.3  403.4  403.3
   77.0  18027  -71.6  -80.5     25   0.01     90     33  419.2  419.3  419.3
   76.9  18035  -71.5  -80.5     25   0.01     90     32  419.7  419.7  419.7
   74.0  18265  -68.6  -78.5     23   0.01    100      8  430.4  430.5  430.4
   73.5  18306  -68.1  -78.1     23   0.01    104      8  432.3  432.4  432.3
   70.0  18600  -69.1  -77.1     31   0.02    135      8  436.2  436.3  436.2
   66.8  18879  -70.9  -79.9     25   0.01    108     10  438.2  438.3  438.2
   63.0  19232  -68.1  -79.2     19   0.01     75     12  451.7  451.8  451.7
   60.0  19526  -65.8  -78.7     15   0.01     65     14  463.2  463.3  463.2
   58.1  19720  -64.3  -78.3     13   0.02     27     15  470.9  471.0  470.9
   57.0  19836  -64.6  -78.6     13   0.01      5     16  472.7  472.8  472.7
   55.5  19999  -65.1  -79.1     13   0.01    346     13  475.3  475.4  475.3
   55.0  20055  -64.9  -79.2     12   0.01    340     12  476.9  477.0  476.9
   52.0  20398  -63.8  -79.4     10   0.01    310     14  487.3  487.4  487.3
   51.3  20481  -63.5  -79.5     10   0.01    289     14  489.8  489.9  489.8
   50.0  20640  -60.5  -80.5      6   0.01    250     15  500.5  500.6  500.5
   49.8  20665  -60.1  -80.1      6   0.01    250     15  502.0  502.1  502.0
   47.0  21025  -60.3  -82.0      4   0.01    255     16  509.9  510.0  509.9
   41.0  21874  -60.8  -86.6      2   0.01    250     12  529.0  529.1  529.0
   39.0  22184  -60.9  -88.3      2   0.00    275     15  536.2  536.3  536.2
   37.0  22512  -61.1  -90.1      1   0.00    241     14  543.9  543.9  543.9
   35.0  22861  -59.6  -89.4      1   0.00    205     12  556.6  556.6  556.6
   34.0  23043  -58.8  -89.0      1   0.00    135      9  563.4  563.4  563.4
   31.0  23624  -56.2  -87.7      1   0.01     75     15  585.3  585.4  585.3
   30.0  23830  -55.3  -87.3      1   0.01     60      8  593.3  593.4  593.3
   29.0  24047  -54.5  -89.7      1   0.00     90      5  601.4  601.4  601.4
   27.9  24295  -53.5  -92.5      0   0.00                610.7  610.8  610.7
</PRE><H3>Station information and sounding indices</H3><PRE>
                         Station identifier: WIII
                             Station number: 96749
                           Observation time: 221113/0000
                           Station latitude: -6.11
                          Station longitude: 106.65
                          Station elevation: 8.0
                            Showalter index: -0.35
                               Lifted index: -1.76
    LIFT computed using virtual temperature: -2.13
                                SWEAT index: 211.38
                                    K index: 37.30
                         Cross totals index: 20.90
                      Vertical totals index: 22.70
                        Totals totals index: 43.60
      Convective Available Potential Energy: 524.50
             CAPE using virtual temperature: 614.95
                      Convective Inhibition: -27.63
             CINS using virtual temperature: -24.39
                           Equilibrum Level: 159.26
 Equilibrum Level using virtual temperature: 159.02
                   Level of Free Convection: 819.54
             LFCT using virtual temperature: 846.20
                     Bulk Richardson Number: 60.83
          Bulk Richardson Number using CAPV: 71.32
  Temp [K] of the Lifted Condensation Level: 294.80
Pres [hPa] of the Lifted Condensation Level: 950.04
   Equivalent potential temp [K] of the LCL: 350.33
     Mean mixed layer potential temperature: 299.16
              Mean mixed layer mixing ratio: 17.50
              1000 hPa to 500 hPa thickness: 5788.00
Precipitable water [mm] for entire sounding: 62.64
</PRE>
<P>Description of the 
<A HREF="/upperair/columns.html">data columns</A>
or <A HREF="/upperair/indices.html">sounding indices</A>.

<P>
<FORM>
<INPUT CLASS="button" TYPE="button" VALUE=" Close this window " 
 onClick="window.close();">
<INPUT CLASS="button" TYPE="button" VALUE=" Select another map " 
 onClick="window.blur();">
</FORM>
<HR SIZE="1">
<I>Interested in graduate studies in atmospheric science?
Check out our program at the
<a href="http://www.uwyo.edu/atsc/howtoapply/"
target=_top>University of Wyoming
</a></I>
<HR SIZE="1"><FONT SIZE="-1">
Questions about the weather data provided by this site can be
addressed to <A HREF="mailto:ldoolman@uwyo.edu">
Larry Oolman (ldoolman@uwyo.edu)</A></FONT>
<HR SIZE="1">
<SCRIPT TYPE="text/javascript">
<!--
window.focus();
// -->
</SCRIPT>
</BODY>
</HTML>
