2020-05-21 00
<HTML>
<TITLE>University of Wyoming - Radiosonde Data</TITLE>
<BODY BGCOLOR="white">
<H2>96749 WIII Jakarta Observations at 00Z 21 May 2020</H2>
<PRE>
-----------------------------------------------------------------------------
   PRES   HGHT   TEMP   DWPT   RELH   MIXR   DRCT   SKNT   THTA   THTE   THTV
    hPa     m      C      C      %    g/kg    deg   knot     K      K      K 
-----------------------------------------------------------------------------
 1008.0      8   24.6   23.1     91  18.02    160      2  297.1  349.4  300.3
 1000.0     82   24.8   21.3     81  16.23    120      7  297.9  345.2  300.8
  976.0    295   25.8   22.6     83  18.05     67      6  301.0  354.4  304.3
  975.0    304   25.7   22.5     83  17.98     65      6  301.0  354.1  304.3
  964.0    404   24.8   21.6     82  17.17     35      6  301.1  351.8  304.2
  958.0    459   24.8   20.7     78  16.33     19      6  301.6  350.0  304.6
  942.0    606   25.3   17.8     63  13.78    335      6  303.6  344.8  306.1
  926.0    757   25.8   14.8     51  11.56    311     12  305.6  340.5  307.7
  925.0    766   26.0   15.0     51  11.72    310     12  305.9  341.4  308.0
  924.0    776   26.0   15.0     51  11.73    310     12  306.0  341.5  308.1
  911.0    900   25.1   14.2     51  11.33    310     18  306.3  340.7  308.4
  850.0   1507   20.6   10.6     53   9.53    310     18  307.7  336.9  309.5
  843.0   1578   20.0   11.0     56   9.87    311     19  307.8  338.0  309.6
  793.0   2097   17.5    8.2     54   8.66    315     26  310.6  337.5  312.2
  700.0   3155   12.4    2.4     50   6.54    285     32  316.2  337.2  317.4
  693.0   3239   12.0    2.0     50   6.42    284     33  316.6  337.3  317.9
  664.0   3590    9.6    1.4     57   6.42    280     35  317.8  338.6  319.0
  573.0   4800    1.2   -0.7     87   6.39    305     16  321.7  342.6  322.9
  561.0   4974    0.0   -1.0     93   6.38    316     14  322.2  343.2  323.4
  532.0   5396   -2.1   -3.4     91   5.65    345      9  324.6  343.5  325.8
  512.0   5701   -3.6   -5.0     89   5.16    345      9  326.4  343.8  327.4
  500.0   5890   -4.5   -6.1     89   4.88      0      8  327.5  344.0  328.4
  493.0   6001   -4.8   -6.7     87   4.72     15      9  328.4  344.5  329.3
  492.0   6017   -4.9   -6.8     87   4.70     16      9  328.5  344.5  329.4
  445.0   6797  -10.1  -10.8     95   3.79     46      8  331.5  344.7  332.3
  439.0   6901  -10.5  -11.9     90   3.52     50      8  332.3  344.7  333.0
  427.0   7113  -11.3  -14.1     80   3.03     32      6  333.9  344.7  334.5
  406.0   7497  -13.9  -14.6     94   3.05      0      1  335.4  346.3  336.0
  403.0   7554  -14.3  -14.7     97   3.05     67      1  335.6  346.5  336.2
  400.0   7610  -14.7  -15.0     98   3.00    135      1  335.8  346.5  336.4
  390.0   7798  -15.9  -16.5     95   2.72    170      1  336.7  346.5  337.2
  375.0   8089  -17.8  -18.8     91   2.32      0      1  338.0  346.5  338.5
  360.0   8392  -19.7  -21.2     88   1.97    145      6  339.4  346.7  339.8
  332.0   8994  -23.5  -26.0     80   1.39    105     12  342.1  347.4  342.4
  309.0   9527  -26.9  -30.2     74   1.01    109      8  344.4  348.4  344.6
  300.0   9740  -28.5  -31.6     75   0.91    110      7  345.1  348.7  345.3
  293.0   9904  -29.9  -33.1     73   0.81    110      6  345.5  348.7  345.7
  281.0  10196  -32.2  -35.8     70   0.65    150     11  346.2  348.9  346.4
  250.0  11010  -38.9  -43.3     63   0.33    150     11  348.1  349.5  348.2
  245.0  11149  -40.1  -44.5     63   0.30    151     12  348.3  349.6  348.4
  200.0  12510  -51.3                         165     19  351.4         351.4
  197.0  12605  -52.1                         170     18  351.7         351.7
  179.0  13204  -56.9                         225     18  353.6         353.6
  155.0  14105  -64.1                         220     18  356.2         356.2
  150.0  14310  -65.7                         205     12  356.7         356.7
  148.0  14388  -66.3                         195      9  357.1         357.1
  141.0  14669  -68.3                          95      3  358.5         358.5
  134.0  14964  -70.5                          25      4  359.9         359.9
  127.0  15275  -72.8                         355      3  361.4         361.4
  121.0  15555  -74.8                         350      5  362.6         362.6
  115.0  15850  -77.0                          35     11  363.9         363.9
  103.0  16489  -81.7                         155     20  366.6         366.6
  100.0  16660  -82.9                         155     23  367.3         367.3
   93.0  17061  -85.9                         125     15  369.0         369.0
   90.9  17187  -86.9                         115     15  369.5         369.5
   88.0  17364  -86.8                          85     17  373.1         373.1
   83.0  17684  -86.7                          70     27  379.6         379.6
   81.6  17777  -86.7                          78     25  381.5         381.5
   77.8  18042  -80.3                          99     19  400.0         400.0
   74.2  18311  -79.1                         120     13  408.0         408.0
   72.2  18469  -74.7                         132     10  420.5         420.5
   71.0  18567  -73.2                         140      8  425.6         425.6
   70.4  18616  -72.5                         143      7  428.3         428.3
   70.0  18650  -72.7                         145      6  428.5         428.5
   67.0  18905  -74.0                         350      3  431.0         431.0
   64.0  19172  -75.5                         345     10  433.6         433.6
   63.1  19254  -75.9                         352     10  434.4         434.4
   61.0  19450  -76.1                          10      9  438.2         438.2
   60.8  19469  -76.1                          10      9  438.6         438.6
   58.1  19733  -72.5                           3      5  452.4         452.4
   57.0  19845  -72.9                           0      4  454.0         454.0
   55.0  20054  -73.6                          80      2  457.0         457.0
   53.2  20249  -74.3                         101      9  459.8         459.8
   52.0  20382  -74.2                         115     13  463.0         463.0
   50.0  20610  -74.1                         105     22  468.5         468.5
   49.9  20622  -74.1                         104     23  468.7         468.7
   48.4  20801  -71.7                          92     34  478.6         478.6
   47.3  20938  -67.1                          83     42  492.7         492.7
   47.0  20977  -67.0                          80     44  493.8         493.8
   38.2  22237  -63.9                          84     47  531.9         531.9
   37.0  22436  -61.0                          85     48  544.2         544.2
   35.3  22729  -56.7                          72     38  562.7         562.7
   35.0  22783  -56.7                          70     36  564.0         564.0
   33.0  23156  -56.9                          75     27  573.1         573.1
   30.9  23573  -57.1                          58     22  583.4         583.4
   30.0  23760  -56.1                          50     20  591.1         591.1
   29.0  23975  -55.2                          85     15  599.4         599.4
   28.5  24086  -54.7                          87     14  603.7         603.7
   28.0  24198  -54.8                          90     12  606.4         606.4
   26.0  24669  -55.4                          25      8  617.7         617.7
   25.0  24917  -55.7                         315     10  623.8         623.8
   23.2  25392  -56.3                         293      7  635.6         635.6
   23.0  25447  -56.0                         290      7  637.9         637.9
   21.0  26028  -53.4                         190      7  662.8         662.8
   20.0  26340  -51.9                         165      7  676.6         676.6
   19.1  26639  -51.1                         174     11  688.0         688.0
   19.0  26673  -51.0                         175     11  689.3         689.3
   18.0  27027  -50.2                         200      5  702.6         702.6
   17.0  27402  -49.3                         275      4  717.0         717.0
   15.3  28092  -47.7                         145      6  744.2         744.2
   15.0  28224  -46.1                         120      6  753.8         753.8
   14.5  28450  -43.3                         110      8  770.5         770.5
   14.0  28685  -43.7                         100     11  777.0         777.0
   13.0  29182  -44.5                         100     12  790.8         790.8
   12.5  29445  -44.9                                     798.3         798.3
</PRE><H3>Station information and sounding indices</H3><PRE>
                         Station identifier: WIII
                             Station number: 96749
                           Observation time: 200521/0000
                           Station latitude: -6.11
                          Station longitude: 106.65
                          Station elevation: 8.0
                            Showalter index: 3.70
                               Lifted index: -1.47
    LIFT computed using virtual temperature: -1.68
                                SWEAT index: 171.22
                                    K index: 25.70
                         Cross totals index: 15.10
                      Vertical totals index: 25.10
                        Totals totals index: 40.20
      Convective Available Potential Energy: 250.62
             CAPE using virtual temperature: 289.84
                      Convective Inhibition: -295.52
             CINS using virtual temperature: -199.18
                           Equilibrum Level: 263.59
 Equilibrum Level using virtual temperature: 262.62
                   Level of Free Convection: 624.61
             LFCT using virtual temperature: 646.49
                     Bulk Richardson Number: 4.23
          Bulk Richardson Number using CAPV: 4.90
  Temp [K] of the Lifted Condensation Level: 294.11
Pres [hPa] of the Lifted Condensation Level: 933.29
   Equivalent potential temp [K] of the LCL: 350.05
     Mean mixed layer potential temperature: 299.99
              Mean mixed layer mixing ratio: 17.08
              1000 hPa to 500 hPa thickness: 5808.00
Precipitable water [mm] for entire sounding: 52.82
</PRE>
<P>Description of the 
<A HREF="/upperair/columns.html">data columns</A>
or <A HREF="/upperair/indices.html">sounding indices</A>.

<P>
<FORM>
<INPUT CLASS="button" TYPE="button" VALUE=" Close this window " 
 onClick="window.close();">
<INPUT CLASS="button" TYPE="button" VALUE=" Select another map " 
 onClick="window.blur();">
</FORM>
<HR SIZE="1">
<I>Interested in graduate studies in atmospheric science?
Check out our program at the
<a href="http://www.uwyo.edu/atsc/howtoapply/"
target=_top>University of Wyoming
</a></I>
<HR SIZE="1"><FONT SIZE="-1">
Questions about the weather data provided by this site can be
addressed to <A HREF="mailto:ldoolman@uwyo.edu">
Larry Oolman (ldoolman@uwyo.edu)</A></FONT>
<HR SIZE="1">
<SCRIPT TYPE="text/javascript">
<!--
window.focus();
// -->
</SCRIPT>
</BODY>
</HTML>
