2021-04-23 00
<HTML>
<TITLE>University of Wyoming - Radiosonde Data</TITLE>
<BODY BGCOLOR="white">
<H2>96749 WIII Jakarta Observations at 00Z 23 Apr 2021</H2>
<PRE>
-----------------------------------------------------------------------------
   PRES   HGHT   TEMP   DWPT   RELH   MIXR   DRCT   SKNT   THTA   THTE   THTV
    hPa     m      C      C      %    g/kg    deg   knot     K      K      K 
-----------------------------------------------------------------------------
 1010.0      8   24.2   21.7     86  16.48    300      2  296.5  344.2  299.4
 1009.0     17   25.0   20.6     77  15.39    288      2  297.4  342.1  300.1
 1000.0     97   25.6   19.6     69  14.57    180      5  298.8  341.4  301.4
  998.0    115   26.0   20.0     70  14.98    174      5  299.3  343.2  302.0
  944.0    603   23.4   18.1     72  14.04      0      1  301.4  343.0  304.0
  925.0    781   22.4   17.4     73  13.70    295      1  302.2  342.9  304.7
  912.0    904   21.5   17.0     75  13.55    260      2  302.5  342.8  305.0
  893.0   1086   20.2   16.4     79  13.31    230      3  303.0  342.7  305.4
  881.0   1203   19.6   14.4     72  11.86    210      4  303.6  339.1  305.8
  850.0   1511   18.2    9.2     56   8.66    215      9  305.2  331.5  306.8
  793.0   2099   15.3    0.0     35   4.85    235     11  308.2  323.5  309.1
  787.0   2163   15.0   -1.0     33   4.54    238     11  308.6  322.9  309.4
  765.0   2400   13.7   -2.0     34   4.35    250     10  309.7  323.5  310.5
  721.0   2895   11.0   -4.0     35   3.96    267     13  312.0  324.8  312.7
  712.0   2999   10.6   -7.4     28   3.09    270     14  312.6  322.8  313.2
  700.0   3140   10.0  -12.0     20   2.19    275     15  313.5  320.9  313.9
  693.0   3224   10.2  -17.8     12   1.37    275     15  314.6  319.4  314.9
  642.0   3857    8.0  -20.0     12   1.22    272     13  319.1  323.4  319.3
  616.0   4193    5.8  -22.5     11   1.03    270     12  320.4  324.1  320.6
  572.0   4795    1.9  -26.9     10   0.74    280      3  322.6  325.4  322.8
  552.0   5085    0.0  -29.0      9   0.63    304      5  323.7  326.1  323.8
  531.0   5392   -1.9  -31.7      8   0.51    330      8  325.0  326.9  325.1
  511.0   5697   -3.8  -34.4      7   0.41    320      5  326.3  327.9  326.4
  500.0   5870   -4.9  -35.9      7   0.36    300      5  327.0  328.4  327.1
  473.0   6295   -7.7  -37.7      7   0.32    235      2  328.7  330.0  328.8
  455.0   6593   -9.7  -39.0      7   0.29     25      1  329.9  331.1  330.0
  421.0   7188  -13.7  -41.6      8   0.24     65      9  332.2  333.2  332.3
  400.0   7580  -16.3  -43.3      8   0.21     70     15  333.7  334.6  333.8
  388.0   7806  -17.8  -42.6      9   0.23     65     17  334.6  335.6  334.7
  368.0   8200  -20.5  -41.5     13   0.27     57     16  336.2  337.3  336.2
  352.0   8526  -21.7  -47.7      8   0.15     50     15  338.9  339.5  338.9
  330.0   8992  -24.9  -49.3      8   0.13     40     13  340.7  341.3  340.8
  300.0   9680  -29.7  -51.7     10   0.11     50     15  343.4  343.9  343.4
  291.0   9897  -31.2  -54.6      8   0.08     50     14  344.3  344.6  344.3
  281.0  10146  -32.9  -57.9      6   0.05     58      8  345.3  345.5  345.3
  279.0  10195  -33.3  -58.1      6   0.05     60      7  345.4  345.6  345.4
  267.0  10502  -35.9  -59.6      7   0.05     70     10  346.0  346.2  346.0
  256.0  10795  -38.3  -60.9      7   0.04     90      6  346.6  346.8  346.6
  250.0  10960  -39.7  -61.7      8   0.04     90      5  346.9  347.1  346.9
  224.0  11690  -46.0  -64.3     11   0.03     65      6  348.3  348.4  348.3
  214.0  11993  -48.7  -65.4     12   0.03    175      2  348.8  348.9  348.8
  204.0  12311  -51.4  -66.6     15   0.02    235      3  349.2  349.3  349.2
  203.0  12344  -51.7  -66.7     15   0.02    250      3  349.2  349.4  349.2
  200.0  12440  -52.3  -67.3     15   0.02    295      2  349.8  349.9  349.8
  195.0  12602  -53.7  -66.7     19   0.02    345      3  350.1  350.3  350.1
  186.0  12904  -56.2  -65.5     30   0.03    315     10  350.8  350.9  350.8
  183.0  13008  -57.1  -65.1     36   0.03    308     11  351.0  351.1  351.0
  178.0  13180  -58.4  -66.9     32   0.03    295     13  351.7  351.8  351.7
  169.0  13501  -60.7  -70.3     27   0.02    285      6  353.1  353.1  353.1
  161.0  13802  -62.9  -73.5     23   0.01     10      8  354.3  354.4  354.3
  154.0  14077  -64.9  -76.4     19   0.01     45     13  355.4  355.4  355.4
  150.0  14240  -66.1  -78.1     17   0.01     65     15  356.0  356.1  356.0
  139.0  14681  -69.2  -81.0     17   0.00     95     21  358.4  358.4  358.4
  100.0  16590  -82.7  -93.7     14   0.00     45     13  367.7  367.7  367.7
   97.2  16748  -84.1  -96.1     11   0.00     45     17  368.0  368.0  368.0
   96.0  16816  -84.1  -96.1     11   0.00     45     19  369.3  369.3  369.3
   91.0  17112  -84.1  -96.1     11   0.00     50     26  375.0  375.0  375.0
   90.0  17174  -84.1  -96.1     11   0.00     44     24  376.1  376.2  376.1
   87.0  17364  -81.3  -94.9      9   0.00     25     17  385.3  385.3  385.3
   84.2  17547  -78.7  -93.7      7   0.00     94     11  394.3  394.3  394.3
   82.0  17697  -79.4  -94.0      8   0.00    150      6  396.0  396.0  396.0
   77.7  18002  -80.7  -94.7      8   0.00    116      8  399.3  399.3  399.3
   72.1  18423  -81.1  -96.1      7   0.00     69     12  407.1  407.1  407.1
   70.0  18590  -79.7  -94.7      7   0.00     50     13  413.6  413.6  413.6
   66.0  18929  -76.7  -93.8      5   0.00    165     10  427.2  427.2  427.2
   63.0  19196  -74.3  -93.2      4   0.00    170     10  438.2  438.2  438.2
   62.8  19215  -74.1  -93.1      4   0.00    174     10  438.9  438.9  438.9
   60.5  19435  -69.7  -92.7      2   0.00    224     12  453.4  453.5  453.4
   60.0  19485  -69.4  -92.6      2   0.00    235     13  455.3  455.3  455.3
   57.0  19795  -67.3  -92.1      2   0.00    260     20  466.7  466.7  466.7
   53.2  20212  -64.5  -91.5      1   0.00    249     29  482.4  482.4  482.4
   52.0  20351  -64.9  -91.6      1   0.00    245     32  484.6  484.6  484.6
   50.0  20590  -65.7  -91.7      2   0.00    245     31  488.2  488.3  488.2
   49.0  20712  -66.3  -91.9      2   0.00    245     29  489.6  489.6  489.6
   47.4  20912  -67.3  -92.3      2   0.00    247     28  491.9  491.9  491.9
   43.7  21401  -66.5  -92.5      2   0.00    253     24  505.4  505.4  505.4
   40.2  21910  -61.7  -90.7      1   0.00    259     21  529.7  529.7  529.7
   37.0  22423  -61.1  -90.1      1   0.00    265     17  543.9  543.9  543.9
   35.0  22767  -60.7  -89.7      1   0.00    245     18  553.6  553.7  553.6
   33.0  23138  -57.7  -88.3      1   0.00    185     11  571.1  571.1  571.1
   32.0  23332  -56.1  -87.5      1   0.01     90     12  580.4  580.4  580.4
   30.2  23697  -53.1  -86.1      1   0.01     68     16  598.1  598.2  598.1
   30.0  23740  -52.5  -85.5      1   0.01     65     16  600.9  601.0  600.9
   29.0  23960  -51.6  -83.8      1   0.01     40     12  609.3  609.4  609.3
   28.7  24027  -51.3  -83.3      1   0.01     41     11  611.9  612.0  611.9
   26.7  24494  -54.1  -82.1      2   0.02     51      5  616.8  616.9  616.8
   26.0  24665  -54.3  -82.3      2   0.02     55      3  620.9  621.0  620.9
   25.4  24814  -54.5  -82.5      2   0.02     85     11  624.5  624.6  624.5
   25.0  24917  -53.2  -82.9      2   0.02    105     16  631.1  631.2  631.1
   24.5  25047  -51.5  -83.5      1   0.02    106     17  639.6  639.8  639.6
   21.0  26037  -55.6  -83.5      2   0.02    115     27  656.0  656.2  656.0
   20.3  26255  -56.5  -83.5      2   0.02    120     29  659.7  659.9  659.7
   20.0  26350  -55.3  -83.3      2   0.02    115     32  666.2  666.4  666.2
   19.3  26579  -51.9  -82.9      1   0.02    101     37  683.5  683.7  683.5
   19.0  26680  -51.9  -82.6      1   0.02     95     39  686.5  686.8  686.5
   17.1  27363  -51.9  -80.9      2   0.03     95     45  707.5  707.9  707.5
   17.0  27401  -51.6  -80.8      2   0.03     95     45  709.5  709.9  709.6
   16.0  27799  -49.0  -80.0      2   0.04     90     50  730.7  731.1  730.7
   15.0  28223  -46.1  -79.1      1   0.05     90     54  753.8  754.4  753.8
   12.0  29704  -46.5  -76.8      2   0.09     90     66  802.1  803.2  802.2
   11.7  29872  -46.5  -76.5      2   0.10     89     67  807.8  809.0  807.9
   11.0  30285  -44.9  -75.8      2   0.12     85     70  828.1  829.5  828.2
   10.5  30596  -43.6  -75.3      2   0.13     80     77  843.8  845.4  843.8
   10.3  30724  -43.1  -75.1      2   0.14                850.3  852.0  850.4
</PRE><H3>Station information and sounding indices</H3><PRE>
                         Station identifier: WIII
                             Station number: 96749
                           Observation time: 210423/0000
                           Station latitude: -6.11
                          Station longitude: 106.65
                          Station elevation: 8.0
                            Showalter index: 5.71
                               Lifted index: 0.85
    LIFT computed using virtual temperature: 0.09
                                SWEAT index: 133.38
                                    K index: 10.30
                         Cross totals index: 14.10
                      Vertical totals index: 23.10
                        Totals totals index: 37.20
      Convective Available Potential Energy: 0.00
             CAPE using virtual temperature: 7.27
                      Convective Inhibition: 0.00
             CINS using virtual temperature: -195.81
 Equilibrum Level using virtual temperature: 385.72
             LFCT using virtual temperature: 480.86
                     Bulk Richardson Number: 0.00
          Bulk Richardson Number using CAPV: 1.19
  Temp [K] of the Lifted Condensation Level: 291.26
Pres [hPa] of the Lifted Condensation Level: 904.73
   Equivalent potential temp [K] of the LCL: 342.78
     Mean mixed layer potential temperature: 299.74
              Mean mixed layer mixing ratio: 14.69
              1000 hPa to 500 hPa thickness: 5773.00
Precipitable water [mm] for entire sounding: 31.86
</PRE>
<P>Description of the 
<A HREF="/upperair/columns.html">data columns</A>
or <A HREF="/upperair/indices.html">sounding indices</A>.

<P>
<FORM>
<INPUT CLASS="button" TYPE="button" VALUE=" Close this window " 
 onClick="window.close();">
<INPUT CLASS="button" TYPE="button" VALUE=" Select another map " 
 onClick="window.blur();">
</FORM>
<HR SIZE="1">
<I>Interested in graduate studies in atmospheric science?
Check out our program at the
<a href="http://www.uwyo.edu/atsc/howtoapply/"
target=_top>University of Wyoming
</a></I>
<HR SIZE="1"><FONT SIZE="-1">
Questions about the weather data provided by this site can be
addressed to <A HREF="mailto:ldoolman@uwyo.edu">
Larry Oolman (ldoolman@uwyo.edu)</A></FONT>
<HR SIZE="1">
<SCRIPT TYPE="text/javascript">
<!--
window.focus();
// -->
</SCRIPT>
</BODY>
</HTML>
