2020-10-17 00
<HTML>
<TITLE>University of Wyoming - Radiosonde Data</TITLE>
<BODY BGCOLOR="white">
<H2>96749 WIII Jakarta Observations at 00Z 17 Oct 2020</H2>
<PRE>
-----------------------------------------------------------------------------
   PRES   HGHT   TEMP   DWPT   RELH   MIXR   DRCT   SKNT   THTA   THTE   THTV
    hPa     m      C      C      %    g/kg    deg   knot     K      K      K 
-----------------------------------------------------------------------------
 1008.0      8   25.4   23.5     89  18.47    200      3  297.9  351.7  301.1
 1000.0     74   25.6   21.0     76  15.93    200     17  298.8  345.3  301.6
  975.0    297   25.1   20.3     75  15.59    170      8  300.4  346.3  303.2
  960.0    434   24.8   19.8     74  15.39    168      8  301.4  347.0  304.2
  942.0    600   23.8   18.3     71  14.23    165      9  302.0  344.3  304.6
  925.0    760   22.8   16.8     69  13.18    145      9  302.6  341.9  305.0
  910.0    902   22.0   16.0     69  12.73    135      8  303.2  341.2  305.5
  880.0   1193   20.4   14.4     68  11.85    130      5  304.5  340.1  306.6
  855.0   1442   19.0   13.0     68  11.12     22      2  305.5  339.1  307.6
  850.0   1493   19.2   12.2     64  10.61      0      1  306.2  338.4  308.2
  849.0   1503   19.1   12.1     64  10.55    345      1  306.3  338.3  308.2
  820.0   1799   17.7    9.2     57   8.95      0      0  307.8  335.3  309.4
  792.0   2095   16.2    6.2     52   7.56    170      4  309.3  332.8  310.7
  738.0   2698   13.2    0.2     41   5.29    196      8  312.3  329.2  313.3
  700.0   3140    9.8   -3.2     40   4.34    215     11  313.3  327.3  314.1
  695.0   3200    9.6   -4.4     37   3.99    217     10  313.7  326.7  314.5
  686.0   3307    8.8   -1.8     48   4.92    220      8  313.9  329.8  314.9
  672.0   3478    7.4    2.4     71   6.82    214      5  314.3  336.0  315.6
  662.0   3601    6.5    2.2     74   6.82    210      2  314.6  336.3  315.9
  648.0   3777    5.2    1.9     79   6.82    172      2  315.1  336.8  316.4
  645.0   3815    5.4    0.4     70   6.15    164      2  315.7  335.5  316.9
  638.0   3904    4.9    0.2     71   6.11    145      2  316.2  335.8  317.4
  615.0   4204    3.4   -0.6     75   5.98    160      3  317.7  337.1  318.9
  610.0   4270    3.0   -0.8     76   5.95    155      3  318.0  337.4  319.2
  595.0   4472    2.0   -5.0     60   4.46    140      3  319.1  333.9  320.0
  583.0   4636    0.8   -8.2     51   3.55    128      3  319.6  331.5  320.3
  571.0   4803    0.4   -5.9     63   4.34    115      3  321.0  335.5  321.9
  561.0   4945    0.0   -3.9     75   5.14    174      3  322.2  339.2  323.2
  550.0   5103   -1.0   -4.2     79   5.11    240      3  322.9  339.9  323.9
  512.0   5673   -4.5   -5.4     93   5.03    159      4  325.3  342.2  326.3
  510.0   5704   -4.7   -5.8     92   4.91    155      4  325.4  341.9  326.4
  500.0   5860   -5.7   -7.5     87   4.38    150      4  326.0  340.9  326.9
  472.0   6310   -7.9  -11.3     77   3.43    205      7  328.7  340.6  329.4
  470.0   6343   -8.1  -11.6     76   3.37    200      7  328.9  340.6  329.5
  455.0   6593  -10.0  -12.4     82   3.25    165      5  329.6  340.9  330.2
  437.0   6905  -12.3  -13.5     91   3.11    140      5  330.4  341.3  331.1
  433.0   6975  -12.9  -13.7     94   3.08    125      5  330.6  341.4  331.2
  430.0   7028  -13.3  -14.5     91   2.91    114      4  330.7  340.9  331.3
  427.0   7082  -11.7  -15.7     72   2.65    102      4  333.4  342.9  333.9
  425.0   7118  -11.3  -15.8     69   2.64     94      4  334.4  343.8  334.9
  420.0   7208  -11.9  -16.5     69   2.52     75      3  334.7  343.8  335.2
  404.0   7504  -14.0  -18.9     66   2.14     75      3  335.8  343.6  336.2
  400.0   7580  -14.5  -19.5     66   2.05    100      2  336.1  343.6  336.5
  388.0   7810  -15.2  -22.5     54   1.63    200      6  338.0  344.1  338.4
  384.0   7888  -15.5  -23.5     50   1.51    197      6  338.7  344.3  339.0
  358.0   8407  -20.1  -25.4     63   1.36    180      6  339.4  344.5  339.6
  344.0   8703  -22.7  -26.5     71   1.28    190      3  339.7  344.6  339.9
  339.0   8811  -23.7  -26.9     75   1.25    250      2  339.8  344.6  340.1
  330.0   9005  -25.1  -28.6     73   1.10      0      1  340.5  344.7  340.7
  317.0   9294  -27.2  -31.1     70   0.91     15      4  341.5  345.0  341.7
  304.0   9595  -29.4  -33.7     66   0.74     65      6  342.5  345.4  342.7
  300.0   9690  -30.1  -34.5     65   0.69     65      7  342.8  345.6  343.0
  276.0  10278  -34.9  -39.9     60   0.43     54     16  344.2  345.9  344.3
  260.0  10691  -38.3  -42.3     66   0.36     47     22  345.1  346.6  345.2
  256.0  10798  -39.1  -43.5     63   0.32     45     24  345.5  346.8  345.5
  250.0  10960  -40.3  -45.3     59   0.27     55     25  346.0  347.1  346.1
  227.0  11610  -45.5  -58.5     22   0.06     53     32  347.7  348.0  347.8
  201.0  12408  -52.3  -68.3     13   0.02     50     41  349.3  349.4  349.3
  200.0  12440  -52.5  -68.5     13   0.02     50     41  349.5  349.6  349.5
  188.0  12839  -55.9  -69.9     16   0.02     47     41  350.2  350.3  350.2
  182.0  13045  -57.9  -65.9     35   0.03     45     41  350.2  350.4  350.2
  163.0  13734  -63.9  -69.9     44   0.02     39     42  351.4  351.5  351.4
  150.0  14240  -68.3  -76.3     31   0.01     35     42  352.2  352.3  352.2
  146.0  14400  -69.7  -77.4     32   0.01     40     38  352.6  352.6  352.6
  137.0  14776  -72.9  -79.9     34   0.00     49     30  353.4  353.4  353.4
  132.0  14993  -74.5  -81.5     33   0.00     55     25  354.3  354.3  354.3
  128.0  15171  -75.5  -86.5     17   0.00     71     24  355.6  355.6  355.6
  119.0  15581  -78.5  -88.9     17   0.00    110     22  357.7  357.7  357.7
  101.0  16504  -85.1  -94.2     19   0.00     75     34  362.0  362.1  362.0
  100.0  16560  -85.5  -94.5     19   0.00     70     33  362.3  362.3  362.3
   96.0  16789  -83.2  -92.2     20   0.00     65     24  371.1  371.1  371.1
   91.0  17088  -80.2  -89.2     22   0.00    115     13  382.8  382.8  382.8
   89.3  17194  -79.1  -88.1     22   0.00    122     13  387.0  387.0  387.0
   88.5  17246  -76.5  -88.5     14   0.00    125     13  393.2  393.2  393.2
   86.0  17412  -74.5  -86.5     14   0.00    135     12  400.4  400.4  400.4
   85.5  17446  -74.1  -86.1     14   0.00    146     11  401.9  401.9  401.9
   82.0  17689  -75.4  -87.4     14   0.00    225      5  404.1  404.1  404.1
   81.2  17746  -75.7  -87.7     14   0.00    225      5  404.6  404.6  404.6
   78.0  17981  -74.7  -89.0      9   0.00    225      4  411.4  411.4  411.4
   74.6  18240  -73.5  -90.5      6   0.00    115      5  419.1  419.1  419.1
   74.0  18288  -72.5  -89.9      6   0.00     95      5  422.1  422.1  422.1
   71.3  18509  -68.1  -87.1      5   0.00    212      8  436.1  436.1  436.1
   70.0  18620  -67.7  -85.7      6   0.00    270     10  439.2  439.2  439.2
   67.0  18882  -68.6  -86.8      6   0.00    255     14  442.8  442.8  442.8
   60.0  19543  -70.8  -89.7      5   0.00    270     13  451.9  452.0  451.9
   58.7  19674  -71.3  -90.3      5   0.00    280      9  453.8  453.8  453.8
   55.0  20059  -72.0  -90.3      5   0.00    325      9  460.7  460.7  460.7
   53.6  20212  -72.3  -90.3      5   0.00    320     10  463.4  463.4  463.4
   51.8  20416  -67.7  -89.7      3   0.00    312     10  478.7  478.7  478.7
   50.0  20630  -66.1  -88.1      3   0.00    305     11  487.3  487.3  487.3
   43.0  21550  -63.3  -86.2      3   0.01    185     20  515.7  515.7  515.7
   42.1  21679  -62.9  -85.9      3   0.01    178     15  519.8  519.8  519.8
   41.0  21842  -60.7  -85.9      2   0.01    170      8  529.1  529.2  529.2
   40.6  21903  -59.9  -85.9      2   0.01    192      8  532.7  532.7  532.7
   39.0  22155  -59.5  -85.5      2   0.01    280      8  539.7  539.8  539.7
   37.0  22485  -59.1  -85.1      2   0.01    270     20  549.0  549.1  549.0
   34.0  23015  -58.4  -84.4      2   0.01    215     14  564.4  564.5  564.4
   32.0  23395  -57.9  -83.8      2   0.01    245     10  575.6  575.7  575.6
   31.0  23594  -57.6  -83.6      2   0.01    200      8  581.6  581.7  581.6
   30.0  23800  -57.3  -83.3      2   0.01    205      9  587.8  588.0  587.9
   29.0  24014  -57.1  -83.4      2   0.01    210      9  594.1  594.2  594.1
   28.0  24236  -56.9  -83.6      2   0.01    180     13  600.7  600.8  600.7
   27.1  24443  -56.7  -83.7      2   0.01    143     13  606.9  607.0  606.9
   25.7  24781  -52.7  -82.7      1   0.02     82     12  627.5  627.7  627.5
   25.0  24960  -52.6  -82.4      2   0.02     50     12  632.7  632.8  632.7
   24.0  25223  -52.5  -82.0      2   0.02    355     11  640.4  640.6  640.4
   23.0  25498  -52.4  -81.5      2   0.02    305     13  648.5  648.7  648.5
   20.0  26400  -52.1  -80.1      2   0.03    275     19  675.9  676.3  676.0
   19.0  26733  -51.8  -80.2      2   0.03    280     18  686.8  687.2  686.9
   17.4  27303  -51.3  -80.3      2   0.04    327      8  705.9  706.3  705.9
   17.0  27455  -50.9  -80.2      2   0.04    340      5  712.1  712.5  712.1
   16.0  27852  -49.7  -80.1      2   0.04     55      9  728.4  728.8  728.4
   15.0  28274  -48.4  -80.0      1   0.04     55     16  746.0  746.5  746.1
   14.6  28451  -47.9  -79.9      1   0.05     55     17  753.6  754.1  753.6
   13.2  29112  -50.3  -79.3      2   0.06     55     20  767.4  768.0  767.4
   13.0  29213  -49.8  -79.3      2   0.06     55     21  772.6  773.2  772.6
   12.0  29740  -46.9  -79.6      1   0.06    110     37  800.5  801.2  800.6
   11.6  29964  -45.7  -79.7      1   0.06                812.6  813.4  812.7
</PRE><H3>Station information and sounding indices</H3><PRE>
                         Station identifier: WIII
                             Station number: 96749
                           Observation time: 201017/0000
                           Station latitude: -6.11
                          Station longitude: 106.65
                          Station elevation: 8.0
                            Showalter index: 1.84
                               Lifted index: -1.34
    LIFT computed using virtual temperature: -1.53
                                SWEAT index: 152.38
                                    K index: 24.10
                         Cross totals index: 17.90
                      Vertical totals index: 24.90
                        Totals totals index: 42.80
      Convective Available Potential Energy: 143.97
             CAPE using virtual temperature: 199.71
                      Convective Inhibition: -179.70
             CINS using virtual temperature: -112.36
                           Equilibrum Level: 320.64
 Equilibrum Level using virtual temperature: 315.82
                   Level of Free Convection: 684.39
             LFCT using virtual temperature: 720.87
                     Bulk Richardson Number: 34.34
          Bulk Richardson Number using CAPV: 47.64
  Temp [K] of the Lifted Condensation Level: 292.58
Pres [hPa] of the Lifted Condensation Level: 915.76
   Equivalent potential temp [K] of the LCL: 346.39
     Mean mixed layer potential temperature: 300.05
              Mean mixed layer mixing ratio: 15.80
              1000 hPa to 500 hPa thickness: 5786.00
Precipitable water [mm] for entire sounding: 48.55
</PRE>
<P>Description of the 
<A HREF="/upperair/columns.html">data columns</A>
or <A HREF="/upperair/indices.html">sounding indices</A>.

<P>
<FORM>
<INPUT CLASS="button" TYPE="button" VALUE=" Close this window " 
 onClick="window.close();">
<INPUT CLASS="button" TYPE="button" VALUE=" Select another map " 
 onClick="window.blur();">
</FORM>
<HR SIZE="1">
<I>Interested in graduate studies in atmospheric science?
Check out our program at the
<a href="http://www.uwyo.edu/atsc/howtoapply/"
target=_top>University of Wyoming
</a></I>
<HR SIZE="1"><FONT SIZE="-1">
Questions about the weather data provided by this site can be
addressed to <A HREF="mailto:ldoolman@uwyo.edu">
Larry Oolman (ldoolman@uwyo.edu)</A></FONT>
<HR SIZE="1">
<SCRIPT TYPE="text/javascript">
<!--
window.focus();
// -->
</SCRIPT>
</BODY>
</HTML>
