2016-07-31 12
<HTML>
<TITLE>University of Wyoming - Radiosonde Data</TITLE>
<BODY BGCOLOR="white">
<H2>96749 WIII Jakarta Observations at 00Z 31 Jul 2016</H2>
<PRE>
-----------------------------------------------------------------------------
   PRES   HGHT   TEMP   DWPT   RELH   MIXR   DRCT   SKNT   THTA   THTE   THTV
    hPa     m      C      C      %    g/kg    deg   knot     K      K      K 
-----------------------------------------------------------------------------
 1008.0      8   25.0   23.0     89  17.91    170      4  297.5  349.5  300.6
 1002.0     65   26.0   22.0     79  16.93    148      5  299.0  348.5  302.0
 1000.0     84   26.2   22.1     78  17.07    140      5  299.4  349.4  302.4
  976.0    295   25.4   18.4     65  13.87    105      9  300.7  341.6  303.2
  944.0    585   24.4   13.4     50  10.33     96     13  302.5  333.4  304.4
  927.0    741   24.0   11.0     44   8.97     91     16  303.7  330.7  305.3
  925.0    760   23.8   10.8     44   8.86     90     16  303.6  330.4  305.3
  908.0    922   21.8   14.8     64  11.79     89     15  303.2  338.4  305.3
  851.0   1482   17.6   13.1     75  11.25     85     11  304.5  338.3  306.5
  850.0   1492   17.4   13.4     77  11.49     85     11  304.4  338.9  306.5
  849.0   1502   17.4   13.3     77  11.47     85     11  304.4  338.9  306.5
  799.0   2020   15.4   10.8     74  10.28     85      8  307.7  339.1  309.6
  764.0   2398   12.5    9.1     80   9.59     85      5  308.5  337.9  310.2
  740.0   2667   10.4    7.9     84   9.11    107      3  309.0  337.1  310.7
  737.0   2701   10.2    7.5     84   8.93    110      3  309.2  336.7  310.8
  728.0   2804    9.6    6.5     81   8.41    105      5  309.6  335.6  311.2
  724.0   2850    9.2    5.9     80   8.11    103      6  309.6  334.8  311.2
  723.0   2861    9.2    6.0     80   8.17    103      6  309.8  335.1  311.3
  718.0   2919   10.6   -0.4     46   5.20    100      7  311.9  328.5  312.9
  714.0   2965   11.4   -3.6     35   4.12     98      8  313.3  326.7  314.1
  711.0   3001   11.8   -6.2     28   3.40     96      9  314.1  325.3  314.8
  700.0   3131   11.2   -8.8     24   2.82     90     11  314.9  324.2  315.4
  686.0   3298   10.3  -10.7     22   2.48     95     11  315.7  324.1  316.2
  607.0   4306    5.0  -22.0     12   1.09     99     15  320.8  324.7  321.0
  595.0   4469    5.2  -25.8      9   0.79    100     16  322.9  325.8  323.0
  544.0   5192    0.0  -28.0     10   0.71    102     18  325.1  327.7  325.2
  500.0   5860   -5.7  -34.7      8   0.40    105     21  326.0  327.6  326.1
  491.0   6001   -6.8  -35.4      8   0.38    105     21  326.3  327.8  326.4
  478.0   6210   -8.5  -36.5      8   0.35    105     19  326.8  328.2  326.9
  454.0   6604  -10.4  -40.6      6   0.25    105     15  329.2  330.2  329.3
  420.0   7200  -13.4  -46.8      4   0.14    105     24  332.9  333.4  332.9
  414.0   7310  -13.9  -47.9      4   0.12    104     23  333.5  334.1  333.6
  400.0   7570  -15.7  -48.7      4   0.11    100     21  334.5  335.0  334.5
  358.0   8390  -20.9  -53.3      4   0.07    105     19  338.4  338.7  338.4
  324.0   9128  -25.5  -57.5      3   0.05    125     17  341.7  342.0  341.7
  316.0   9307  -27.1  -56.8      4   0.06    130     17  342.0  342.3  342.0
  300.0   9680  -30.3  -55.3      7   0.07    125     20  342.6  342.9  342.6
  255.0  10805  -39.9  -58.0     13   0.06    110     23  344.7  345.0  344.7
  254.0  10833  -40.1  -58.1     13   0.06    110     23  344.7  345.0  344.8
  250.0  10940  -40.7                         110     24  345.4         345.4
  200.0  12420  -53.1                          80     34  348.5         348.5
  194.0  12611  -54.8                          80     32  348.8         348.8
  169.0  13478  -62.7                          69     44  349.8         349.8
  150.0  14200  -68.3                          60     54  352.2         352.2
  138.0  14691  -71.5                          55     54  355.1         355.1
  123.0  15369  -75.9                          83     44  359.0         359.0
  116.0  15705  -78.7                          97     39  359.8         359.8
  112.0  15904  -80.9                         105     36  359.4         359.4
  109.0  16056  -81.9                          95     31  360.3         360.3
  106.0  16216  -79.1                          85     26  368.4         368.4
  101.0  16493  -74.3                          20     24  382.8         382.8
  100.0  16550  -73.3                          15     26  385.9         385.9
   91.0  17098  -75.9                          15     13  391.3         391.3
   86.0  17426  -77.4                         110      1  394.6         394.6
   82.0  17702  -78.7                         150      6  397.3         397.3
   81.4  17745  -78.9                         150      6  397.8         397.8
   78.0  17989  -79.2                         100      8  402.0         402.0
   77.0  18063  -79.3                         104      9  403.3         403.3
   73.9  18301  -73.7                         115     13  419.8         419.8
   70.0  18620  -72.9                         130     18  428.1         428.1
   65.6  19001  -73.3                         119     19  435.2         435.2
   62.0  19336  -68.1                         110     20  453.8         453.8
   60.0  19533  -68.0                         105     20  458.2         458.2
   57.0  19841  -67.9                         125     20  465.3         465.3
   51.2  20487  -67.7                          92     32  480.3         480.3
   50.0  20630  -67.1                          85     35  484.9         484.9
   45.0  21267  -66.0                          65     31  502.4         502.4
   44.4  21348  -65.9                          59     28  504.6         504.6
   41.0  21837  -62.6                          20     13  524.4         524.4
   39.5  22066  -61.1                         272      6  533.8         533.8
   39.0  22145  -59.5                         235      4  539.7         539.7
   38.6  22210  -58.3                         222      5  544.5         544.5
   37.0  22476  -58.1                         170      9  551.5         551.5
   35.0  22826  -58.0                         170      2  560.8         560.8
   34.0  23008  -57.9                         210      5  565.7         565.7
   32.4  23312  -57.7                         227      7  574.0         574.0
   30.0  23800  -55.1                         255     10  593.8         593.8
   29.0  24018  -52.2                         255     12  607.6         607.6
   28.9  24040  -51.9                         255     12  609.0         609.0
   24.4  25139  -51.5                         270     26  640.3         640.3
   23.0  25519  -52.5                         275     31  648.3         648.3
   20.0  26420  -54.9                         285     37  667.4         667.4
   19.7  26516  -55.5                         284     36  668.4         668.4
   19.1  26713  -56.1                         283     34  672.5         672.5
   18.0  27094  -52.6                         280     29  695.1         695.1
   17.8  27165  -51.9                         278     28  699.5         699.5
   17.0  27465  -50.3                         270     26  713.7         713.7
   16.1  27820  -48.5                                     730.9         730.9
</PRE><H3>Station information and sounding indices</H3><PRE>
                         Station identifier: WIII
                             Station number: 96749
                           Observation time: 160731/0000
                           Station latitude: -6.11
                          Station longitude: 106.65
                          Station elevation: 8.0
                            Showalter index: 1.65
                               Lifted index: 0.17
    LIFT computed using virtual temperature: -0.57
                                SWEAT index: 203.79
                                    K index: 16.50
                         Cross totals index: 19.10
                      Vertical totals index: 23.10
                        Totals totals index: 42.20
      Convective Available Potential Energy: 7.45
             CAPE using virtual temperature: 34.14
                      Convective Inhibition: -139.41
             CINS using virtual temperature: -109.28
                           Equilibrum Level: 453.20
 Equilibrum Level using virtual temperature: 433.81
                   Level of Free Convection: 742.28
             LFCT using virtual temperature: 750.91
                     Bulk Richardson Number: 2.56
          Bulk Richardson Number using CAPV: 11.72
  Temp [K] of the Lifted Condensation Level: 290.64
Pres [hPa] of the Lifted Condensation Level: 891.49
   Equivalent potential temp [K] of the LCL: 342.46
     Mean mixed layer potential temperature: 300.35
              Mean mixed layer mixing ratio: 14.48
              1000 hPa to 500 hPa thickness: 5776.00
Precipitable water [mm] for entire sounding: 36.51
</PRE>
<P>Description of the 
<A HREF="/upperair/columns.html">data columns</A>
or <A HREF="/upperair/indices.html">sounding indices</A>.

<P>
<FORM>
<INPUT CLASS="button" TYPE="button" VALUE=" Close this window " 
 onClick="window.close();">
<INPUT CLASS="button" TYPE="button" VALUE=" Select another map " 
 onClick="window.blur();">
</FORM>
<HR SIZE="1">
<I>Interested in graduate studies in atmospheric science?
Check out our program at the
<a href="http://www.uwyo.edu/atsc/howtoapply/"
target=_top>University of Wyoming
</a></I>
<HR SIZE="1"><FONT SIZE="-1">
Questions about the weather data provided by this site can be
addressed to <A HREF="mailto:ldoolman@uwyo.edu">
Larry Oolman (ldoolman@uwyo.edu)</A></FONT>
<HR SIZE="1">
<SCRIPT TYPE="text/javascript">
<!--
window.focus();
// -->
</SCRIPT>
</BODY>
</HTML>
