2021-04-16 12
<HTML>
<TITLE>University of Wyoming - Radiosonde Data</TITLE>
<BODY BGCOLOR="white">
<H2>96749 WIII Jakarta Observations at 00Z 16 Apr 2021</H2>
<PRE>
-----------------------------------------------------------------------------
   PRES   HGHT   TEMP   DWPT   RELH   MIXR   DRCT   SKNT   THTA   THTE   THTV
    hPa     m      C      C      %    g/kg    deg   knot     K      K      K 
-----------------------------------------------------------------------------
 1011.0      8   24.2   22.9     92  17.74    190      1  296.4  347.8  299.6
 1002.0     83   25.6   21.2     77  16.10    182      2  298.6  345.6  301.4
 1000.0    100   25.8   20.8     74  15.73    180      2  298.9  345.0  301.8
  978.0    295   24.8   20.0     75  15.29    190      3  299.9  344.8  302.6
  925.0    785   22.4   18.0     76  14.24     55      3  302.2  344.5  304.8
  913.0    899   21.9   17.5     76  13.96     75      4  302.9  344.4  305.4
  909.0    938   21.8   17.3     76  13.86     78      4  303.1  344.4  305.6
  852.0   1502   18.5   14.3     76  12.18    130      3  305.3  342.0  307.6
  850.0   1522   18.4   14.2     77  12.12    130      2  305.4  341.9  307.6
  794.0   2098   14.8   11.5     81  10.87    145      4  307.6  340.7  309.6
  767.0   2391   13.0   10.2     83  10.27    185      3  308.6  340.1  310.6
  740.0   2694   11.1    8.8     86   9.68    125      4  309.8  339.6  311.6
  714.0   2996    9.2    7.4     89   9.11    130      3  310.9  339.1  312.6
  709.0   3056    8.8    7.1     89   9.00    146      3  311.1  339.0  312.8
  700.0   3162    9.2    5.6     78   8.21    175      3  312.6  338.4  314.2
  689.0   3293    8.3    4.9     79   7.93    195      5  313.0  337.9  314.5
  679.0   3413    7.4    4.2     80   7.67    185      6  313.4  337.6  314.8
  662.0   3622    7.4    1.4     66   6.44    168      7  315.6  336.3  316.9
  653.0   3734    7.2   -5.8     39   3.82    159      8  316.6  329.2  317.4
  649.0   3784    6.8   -9.2     31   2.95    154      8  316.8  326.6  317.3
  643.0   3860    6.0   -2.0     56   5.17    148      9  316.7  333.5  317.7
  640.0   3898    5.7   -2.0     57   5.18    145      9  316.8  333.6  317.8
  596.0   4475    1.6   -2.5     74   5.37    119      8  318.5  336.1  319.6
  573.0   4791    0.6   -6.7     58   4.05    105      8  320.9  334.4  321.7
  561.0   4960    0.0   -9.0     51   3.47     98      9  322.2  333.9  322.9
  552.0   5089   -1.1   -9.1     55   3.50     93      9  322.4  334.2  323.1
  542.0   5235   -1.5  -17.5     28   1.80     87     10  323.6  329.9  323.9
  536.0   5323   -2.1  -20.1     24   1.45     83     11  323.9  329.1  324.2
  531.0   5397   -2.7  -13.7     43   2.51     80     11  324.1  332.8  324.6
  512.0   5684   -4.1  -14.1     46   2.52     99     15  325.8  334.6  326.3
  511.0   5699   -4.2  -15.3     42   2.28    100     15  325.9  333.9  326.3
  506.0   5777   -4.5  -21.5     25   1.36     98     14  326.4  331.3  326.6
  500.0   5870   -5.3  -19.3     32   1.67     95     13  326.5  332.5  326.8
  496.0   5933   -5.9  -16.9     42   2.06     95     13  326.5  333.8  326.9
  477.0   6239   -7.5  -23.5     27   1.21     94     13  328.2  332.7  328.5
  473.0   6304   -7.9  -21.9     32   1.41     93     13  328.5  333.6  328.8
  468.0   6387   -8.3  -28.3     18   0.80     93     13  329.0  332.0  329.2
  458.0   6555   -9.5  -31.5     15   0.60     92     12  329.6  331.9  329.7
  445.0   6777  -11.3  -18.3     56   2.04     92     12  330.0  337.3  330.4
  444.0   6794  -11.5  -16.5     66   2.38     92     12  330.0  338.4  330.4
  443.0   6812  -11.5  -16.5     66   2.39     91     12  330.2  338.7  330.7
  442.0   6829  -11.5  -20.5     47   1.70     91     12  330.4  336.6  330.7
  441.0   6846  -11.3  -27.3     25   0.93     91     12  330.9  334.4  331.0
  436.0   6934  -11.9  -21.9     43   1.53     91     12  331.2  336.8  331.5
  429.0   7058  -12.7  -19.7     56   1.88     91     12  331.7  338.5  332.1
  423.0   7166  -13.3  -26.3     33   1.06     90     12  332.3  336.2  332.5
  421.0   7202  -13.5  -27.1     31   1.00     90     12  332.4  336.2  332.6
  412.0   7366  -14.5  -30.5     24   0.74     96     10  333.2  336.1  333.4
  405.0   7496  -15.3  -28.4     32   0.91    100      9  333.8  337.3  334.0
  400.0   7590  -15.9  -26.9     38   1.06    100      9  334.2  338.2  334.4
  392.0   7742  -17.1  -23.1     60   1.53    112      8  334.6  340.3  334.9
  374.0   8092  -19.4  -27.1     50   1.12    140      7  336.1  340.3  336.3
  359.0   8397  -21.4  -30.6     43   0.84    120      7  337.4  340.6  337.5
  351.0   8565  -22.5  -32.5     40   0.71    137      7  338.1  340.8  338.2
  345.0   8691  -23.4  -33.4     39   0.66    150      7  338.5  341.1  338.6
  337.0   8863  -24.7  -34.7     39   0.60    149      7  339.0  341.4  339.1
  328.0   9060  -26.5  -31.0     66   0.88    147      7  339.2  342.6  339.3
  317.0   9306  -28.7  -31.4     78   0.88    145      7  339.4  342.9  339.6
  316.0   9329  -28.9  -31.4     79   0.88    146      7  339.4  342.9  339.6
  304.0   9605  -30.8  -34.5     70   0.68    155      3  340.5  343.2  340.6
  300.0   9700  -31.5  -35.6     67   0.62    160      3  340.9  343.3  341.0
  268.0  10491  -37.5  -43.3     54   0.31    100      3  343.3  344.6  343.4
  265.0  10570  -38.1  -44.1     53   0.29     83      3  343.5  344.7  343.6
  256.0  10807  -40.0  -46.0     53   0.24     30      3  344.1  345.1  344.2
  250.0  10970  -41.3  -47.3     52   0.22     35      5  344.5  345.4  344.6
  242.0  11189  -43.3  -48.1     59   0.20     32      5  344.7  345.6  344.8
  226.0  11645  -46.9  -55.9     35   0.09     25      4  346.0  346.4  346.1
  214.0  12000  -49.9  -58.5     36   0.07     20      4  346.8  347.1  346.8
  205.0  12279  -52.3  -60.5     36   0.05    355      4  347.3  347.5  347.3
  200.0  12440  -53.7  -61.7     37   0.05    345      4  347.6  347.8  347.6
  186.0  12894  -57.3  -64.7     38   0.03    310      2  349.0  349.2  349.0
  177.0  13204  -59.8  -66.8     40   0.03    330      7  350.0  350.1  350.0
  169.0  13494  -62.0  -68.7     41   0.02    340     11  350.8  350.9  350.8
  161.0  13797  -64.5  -70.7     42   0.02    305      6  351.7  351.8  351.7
  157.0  13954  -65.7  -71.7     43   0.02    294      7  352.1  352.2  352.1
  150.0  14230  -68.1  -74.1     42   0.01    275      8  352.6  352.6  352.6
  146.0  14385  -69.1  -75.3     41   0.01    280      8  353.5  353.6  353.5
  132.0  14965  -73.0  -79.6     36   0.01    280      9  357.0  357.1  357.0
  119.0  15560  -76.9  -84.0     31   0.00    280     18  360.5  360.6  360.5
  107.0  16171  -80.9  -88.6     27   0.00    280     13  364.0  364.0  364.0
  101.0  16503  -83.1  -91.1     25   0.00    275      5  365.8  365.9  365.9
  100.0  16560  -83.5  -91.5     24   0.00    260      5  366.2  366.2  366.2
   99.7  16577  -83.7  -91.7     24   0.00    265      4  366.1  366.1  366.1
   96.0  16789  -82.2  -92.1     18   0.00      5      7  373.0  373.0  373.0
   93.8  16919  -81.3  -92.3     15   0.00     33     10  377.2  377.2  377.2
   91.0  17089  -81.8  -92.8     14   0.00     70     13  379.6  379.6  379.6
   86.0  17406  -82.6  -93.6     14   0.00     95     27  384.1  384.1  384.1
   84.4  17511  -82.9  -93.9     14   0.00     91     29  385.6  385.6  385.6
   82.0  17673  -82.6  -93.6     14   0.00     85     31  389.4  389.4  389.4
   79.6  17839  -82.3  -93.3     14   0.00     97     19  393.3  393.3  393.3
   77.4  17999  -77.5  -91.5      9   0.00    108      7  406.4  406.4  406.4
   77.0  18029  -77.4  -91.5      9   0.00    110      5  407.3  407.3  407.3
   74.0  18258  -76.4  -91.3      8   0.00    240     10  413.9  413.9  413.9
   70.0  18580  -75.1  -91.1      7   0.00    270     16  423.4  423.4  423.4
   66.0  18922  -74.3  -91.9      5   0.00    275     19  432.3  432.3  432.3
   64.9  19019  -74.1  -92.1      5   0.00    272     21  434.8  434.8  434.8
   60.5  19433  -69.1  -90.1      3   0.00    261     30  454.8  454.8  454.8
   60.0  19483  -69.0  -90.1      3   0.00    260     31  456.2  456.2  456.2
   57.0  19792  -68.0  -90.0      3   0.00    265     26  465.0  465.0  465.0
   54.0  20117  -67.1  -89.9      3   0.00    290     24  474.5  474.5  474.5
   50.0  20580  -65.7  -89.7      2   0.00    280     24  488.2  488.3  488.2
   49.0  20703  -64.4  -89.0      2   0.00    280     22  494.2  494.2  494.2
   48.5  20766  -63.7  -88.7      2   0.00    275     21  497.3  497.3  497.3
   45.0  21227  -63.4  -87.1      3   0.00    235     10  508.7  508.7  508.7
   40.0  21951  -63.0  -84.5      4   0.01    270      9  527.2  527.2  527.2
   38.9  22122  -62.9  -83.9      4   0.01    281      9  531.6  531.7  531.6
   37.0  22431  -62.6  -83.6      4   0.01    300      9  540.0  540.1  540.0
   36.3  22549  -62.5  -83.5      4   0.01    273     10  543.3  543.4  543.3
   35.0  22776  -59.4  -83.0      3   0.01    220     12  557.1  557.2  557.1
   34.8  22811  -58.9  -82.9      3   0.01    216     12  559.3  559.4  559.3
   32.0  23336  -59.7  -82.0      4   0.02    155     10  570.7  570.8  570.7
   30.0  23740  -60.3  -81.3      5   0.02     50     12  579.7  579.8  579.7
   29.6  23824  -60.7  -81.7      5   0.02     43     14  580.8  581.0  580.8
   28.0  24176  -55.7  -79.2      4   0.03     15     24  603.9  604.1  603.9
   27.0  24407  -52.5  -77.5      3   0.04    358     22  619.3  619.6  619.3
   26.0  24650  -52.7  -77.4      4   0.04    340     19  625.3  625.7  625.4
   25.0  24902  -53.0  -77.3      4   0.04     10     12  631.7  632.1  631.7
   24.0  25165  -53.2  -77.2      4   0.04     95     10  638.4  638.8  638.4
   23.0  25440  -53.5  -77.1      4   0.05    135     16  645.4  645.9  645.4
   21.5  25874  -53.9  -76.9      4   0.05    120     26  656.7  657.2  656.8
   21.0  26026  -53.4  -77.0      4   0.05    115     29  662.7  663.2  662.8
   20.0  26340  -52.3  -77.3      3   0.05    110     33  675.3  675.8  675.4
   17.0  27400  -50.4  -76.4      3   0.07     90     56  713.6  714.3  713.6
   14.5  28437  -48.5  -75.5      3   0.09     90     59  753.1  754.1  753.1
   14.0  28671  -47.5  -75.1      3   0.10     90     60  764.2  765.3  764.2
   13.0  29166  -45.3  -74.2      2   0.13     90     71  788.1  789.5  788.2
   12.6  29374  -44.4  -73.9      2   0.14     90     71  798.4  800.0  798.5
   12.0  29700  -42.9  -73.3      2   0.16     80     68  814.7  816.5  814.8
   11.6  29926  -41.9  -72.9      2   0.17                826.2  828.2  826.3
</PRE><H3>Station information and sounding indices</H3><PRE>
                         Station identifier: WIII
                             Station number: 96749
                           Observation time: 210416/0000
                           Station latitude: -6.11
                          Station longitude: 106.65
                          Station elevation: 8.0
                            Showalter index: 0.80
                               Lifted index: -0.42
    LIFT computed using virtual temperature: -1.02
                                SWEAT index: 187.40
                                    K index: 34.30
                         Cross totals index: 19.50
                      Vertical totals index: 23.70
                        Totals totals index: 43.20
      Convective Available Potential Energy: 112.78
             CAPE using virtual temperature: 206.43
                      Convective Inhibition: -118.21
             CINS using virtual temperature: -99.21
                           Equilibrum Level: 282.25
 Equilibrum Level using virtual temperature: 281.51
                   Level of Free Convection: 747.34
             LFCT using virtual temperature: 762.91
                     Bulk Richardson Number: 56.71
          Bulk Richardson Number using CAPV: 103.80
  Temp [K] of the Lifted Condensation Level: 292.42
Pres [hPa] of the Lifted Condensation Level: 919.98
   Equivalent potential temp [K] of the LCL: 345.02
     Mean mixed layer potential temperature: 299.49
              Mean mixed layer mixing ratio: 15.56
              1000 hPa to 500 hPa thickness: 5770.00
Precipitable water [mm] for entire sounding: 51.33
</PRE>
<P>Description of the 
<A HREF="/upperair/columns.html">data columns</A>
or <A HREF="/upperair/indices.html">sounding indices</A>.

<P>
<FORM>
<INPUT CLASS="button" TYPE="button" VALUE=" Close this window " 
 onClick="window.close();">
<INPUT CLASS="button" TYPE="button" VALUE=" Select another map " 
 onClick="window.blur();">
</FORM>
<HR SIZE="1">
<I>Interested in graduate studies in atmospheric science?
Check out our program at the
<a href="http://www.uwyo.edu/atsc/howtoapply/"
target=_top>University of Wyoming
</a></I>
<HR SIZE="1"><FONT SIZE="-1">
Questions about the weather data provided by this site can be
addressed to <A HREF="mailto:ldoolman@uwyo.edu">
Larry Oolman (ldoolman@uwyo.edu)</A></FONT>
<HR SIZE="1">
<SCRIPT TYPE="text/javascript">
<!--
window.focus();
// -->
</SCRIPT>
</BODY>
</HTML>
