2019-05-31 00
<HTML>
<TITLE>University of Wyoming - Radiosonde Data</TITLE>
<BODY BGCOLOR="white">
<H2>96749 WIII Jakarta Observations at 00Z 31 May 2019</H2>
<PRE>
-----------------------------------------------------------------------------
   PRES   HGHT   TEMP   DWPT   RELH   MIXR   DRCT   SKNT   THTA   THTE   THTV
    hPa     m      C      C      %    g/kg    deg   knot     K      K      K 
-----------------------------------------------------------------------------
 1008.0      8   25.0   22.6     87  17.47    200      4  297.5  348.2  300.6
 1000.0     77   25.2   21.1     78  16.03    170      4  298.4  345.1  301.2
  988.0    183   26.2   21.4     75  16.54    151      5  300.4  349.1  303.4
  975.0    299   25.6   20.4     73  15.73    130      6  301.0  347.4  303.8
  925.0    760   23.4   16.4     65  12.84    105     10  303.2  341.6  305.6
  911.0    894   23.0   14.2     57  11.27    100     12  304.2  338.0  306.2
  910.0    904   23.0   14.0     57  11.16    100     12  304.2  337.8  306.3
  850.0   1497   18.4   13.4     73  11.49     95     13  305.4  340.1  307.5
  848.0   1517   18.4   13.4     73  11.52     95     13  305.6  340.4  307.7
  792.0   2097   15.1   10.1     72   9.88     90      7  308.1  338.4  309.9
  738.0   2697   11.7    6.7     71   8.39     45      6  310.6  336.7  312.2
  731.0   2778   11.2    6.2     71   8.20     48      7  311.0  336.5  312.5
  712.0   2998   10.6    3.6     62   7.01     55      9  312.7  334.8  314.0
  703.0   3104   10.4    1.4     54   6.06     48     10  313.6  332.9  314.7
  701.0   3128   10.2    0.2     50   5.57     46     10  313.6  331.4  314.7
  700.0   3140   10.2   -0.8     46   5.18     45     10  313.8  330.4  314.7
  698.0   3164   10.2    1.2     54   6.02     45     10  314.0  333.2  315.1
  697.0   3176   10.0    5.5     74   8.19     44     10  313.9  339.7  315.5
  671.0   3492    7.8    5.1     83   8.28     39     10  314.9  341.1  316.4
  572.0   4793    1.5   -7.1     53   3.93     15      9  322.1  335.4  322.9
  551.0   5098    0.0  -10.0     47   3.26     10      6  323.9  335.0  324.5
  546.0   5171   -0.7   -9.7     51   3.37      1      6  323.9  335.4  324.5
  545.0   5186   -0.9   -9.9     50   3.33    359      5  323.8  335.1  324.5
  544.0   5201   -0.9   -8.9     55   3.60    357      5  324.0  336.2  324.7
  542.0   5230   -0.7  -15.7     31   2.09    353      5  324.6  331.9  325.0
  541.0   5245   -0.5  -22.5     17   1.17    351      5  325.0  329.2  325.2
  538.0   5289   -0.9  -22.9     17   1.13    345      5  325.0  329.1  325.2
  534.0   5349   -1.7  -12.7     43   2.71    338      4  324.7  334.1  325.3
  530.0   5409   -2.3   -9.3     59   3.57    330      4  324.7  336.9  325.4
  529.0   5424   -2.5   -8.5     63   3.83    329      4  324.6  337.6  325.4
  524.0   5499   -3.1   -6.9     75   4.38    325      5  324.8  339.6  325.7
  517.0   5606   -3.7   -7.6     74   4.20    319      6  325.3  339.6  326.2
  511.0   5698   -4.1  -14.1     46   2.53    314      7  325.9  334.8  326.4
  507.0   5760   -4.5  -17.5     36   1.92    311      7  326.2  333.0  326.6
  500.0   5870   -5.3  -16.3     42   2.15    305      8  326.5  334.1  326.9
  497.0   5917   -5.3  -16.3     42   2.17    305      8  327.1  334.7  327.5
  496.0   5933   -5.5  -17.5     38   1.96    305      8  327.0  334.0  327.4
  495.0   5949   -5.5  -12.5     58   2.97    305      7  327.2  337.5  327.8
  492.0   5996   -5.7  -13.7     53   2.71    305      7  327.5  337.0  328.1
  491.0   6012   -5.7  -18.7     35   1.79    307      7  327.7  334.1  328.1
  483.0   6140   -5.9  -22.9     25   1.26    321      7  329.0  333.6  329.3
  473.0   6303   -7.2  -20.5     34   1.59    340      8  329.4  335.2  329.7
  472.0   6320   -7.3  -20.3     35   1.62    339      8  329.4  335.3  329.8
  463.0   6469   -8.5  -23.5     29   1.25    334      6  329.8  334.4  330.0
  455.0   6604   -8.0  -37.2      8   0.35    330      4  332.1  333.5  332.2
  454.0   6621   -7.9  -38.9      6   0.29    323      4  332.4  333.6  332.4
  438.0   6896   -9.7  -38.2      8   0.33    215      3  333.5  334.8  333.6
  421.0   7198  -11.7  -37.4     10   0.37    150      5  334.7  336.2  334.8
  405.0   7495  -13.7  -36.6     13   0.42    135      6  335.9  337.6  336.0
  400.0   7590  -14.3  -36.3     14   0.43    145      5  336.3  338.0  336.4
  389.0   7801  -15.8  -42.4      8   0.24    145      3  337.1  338.0  337.1
  381.0   7957  -16.9  -46.9      6   0.15     97      3  337.6  338.2  337.6
  374.0   8096  -18.1  -40.3     12   0.31     55      3  337.8  339.0  337.9
  365.0   8278  -19.7  -31.7     34   0.74     28      4  338.0  340.9  338.2
  363.0   8319  -20.1  -31.1     37   0.79     22      4  338.0  341.1  338.2
  361.0   8360  -20.3  -31.3     37   0.78     16      5  338.3  341.3  338.4
  359.0   8401  -20.2  -43.1     11   0.24     10      5  339.0  340.0  339.1
  358.0   8421  -20.1  -49.1      6   0.12     11      5  339.4  339.9  339.4
  352.0   8547  -21.3  -40.3     16   0.33     15      5  339.4  340.7  339.5
  350.0   8589  -21.5  -37.5     22   0.44     16      5  339.7  341.4  339.8
  349.0   8610  -21.5  -32.5     36   0.72     17      5  339.9  342.8  340.1
  345.0   8695  -21.3  -40.3     16   0.33     20      5  341.4  342.7  341.4
  331.0   8996  -23.7  -43.9     14   0.24     75      2  342.2  343.2  342.2
  318.0   9287  -26.0  -47.3     12   0.17    170      1  342.9  343.6  342.9
  305.0   9590  -28.4  -50.9     10   0.12    215      4  343.7  344.2  343.7
  300.0   9710  -29.3  -52.3      9   0.10    225      5  344.0  344.4  344.0
  250.0  10980  -39.7  -59.7     10   0.05    205     19  346.9  347.1  346.9
  248.0  11035  -39.9  -59.9     10   0.05    207     19  347.4  347.6  347.4
  246.0  11089  -40.4                         210     19  347.5         347.5
  205.0  12305  -51.0                         245      9  349.3         349.3
  200.0  12470  -52.5                         270     10  349.5         349.5
  196.0  12596  -53.5                         285     11  349.9         349.9
  187.0  12891  -55.9                         295     12  350.8         350.8
  154.0  14105  -65.6                         265     13  354.2         354.2
  150.0  14270  -66.9                         250     12  354.6         354.6
  147.0  14387  -67.7                         240     10  355.2         355.2
  140.0  14668  -69.8                         270      8  356.7         356.7
  133.0  14964  -71.9                         330     13  358.2         358.2
  120.0  15558  -76.2                         350      7  361.1         361.1
  114.0  15854  -78.3                         205      4  362.4         362.4
  100.0  16610  -83.7                         170     15  365.8         365.8
   92.0  17069  -85.8                         155     17  370.3         370.3
   90.4  17166  -86.3                         145     14  371.3         371.3
   87.0  17379  -83.6                          80      7  380.8         380.8
   82.5  17675  -79.9                         328     11  394.2         394.2
   82.0  17709  -80.0                         315     12  394.7         394.7
   78.0  17990  -80.9                         280     12  398.5         398.5
   74.0  18287  -81.8                         215      6  402.6         402.6
   72.8  18379  -82.1                         234      8  403.9         403.9
   70.0  18600  -78.7                         280     12  415.7         415.7
   65.3  19006  -71.5                         270     21  439.7         439.7
   63.0  19221  -71.0                         265     26  445.3         445.3
   57.0  19820  -69.8                         270     35  461.1         461.1
   53.3  20221  -68.9                         274     28  472.0         472.0
   52.0  20371  -67.3                         275     26  478.9         478.9
   50.0  20610  -64.9                         290     26  490.1         490.1
   48.7  20770  -63.1                         292     32  498.1         498.1
   47.0  20989  -62.6                         295     41  504.3         504.3
   43.0  21535  -61.4                         275     43  520.2         520.2
   42.6  21592  -61.3                         275     43  522.0         522.0
   35.1  22778  -64.5                         265     40  543.3         543.3
   35.0  22795  -64.5                         265     40  543.8         543.8
   33.0  23153  -64.3                         257     38  553.5         553.5
   30.0  23740  -58.9                         245     35  583.5         583.5
   29.0  23955  -56.7                         245     36  595.1         595.1
   28.1  24154  -54.7                         248     37  606.1         606.1
   26.0  24653  -53.1                         255     38  624.4         624.4
   25.8  24703  -52.9                         254     37  626.2         626.2
   24.4  25060  -55.5                         243     28  628.8         628.8
   24.0  25166  -54.9                         240     26  633.5         633.5
   22.5  25581  -52.5                         285     18  652.4         652.4
   22.0  25725  -52.6                         300     15  656.1         656.1
   20.0  26340  -53.3                         315     27  672.3         672.3
   19.9  26372  -53.3                         315     26  673.2         673.2
   19.2  26604  -50.7                         319     20  688.2         688.2
   19.0  26672  -50.8                         320     18  690.1         690.1
   18.0  27024  -51.1                         340     16  699.8         699.8
   17.4  27244  -51.3                           1     17  705.9         705.9
   17.0  27396  -49.3                          15     18  717.0         717.0
   16.8  27474  -48.3                          20     19  722.7         722.7
   16.3  27673  -46.7                          33     21  734.1         734.1
   14.5  28443  -49.9                          85     30  748.4         748.4
   14.0  28672  -50.6                         100     33  753.4         753.4
   13.7  28813  -51.1                          91     39  756.5         756.5
   13.4  28957  -51.9                          82     45  758.6         758.6
   13.1  29104  -49.1                          73     52  773.2         773.2
   13.0  29155  -49.1                          70     54  774.8         774.8
   12.3  29518  -49.3                                     786.5         786.5
</PRE><H3>Station information and sounding indices</H3><PRE>
                         Station identifier: WIII
                             Station number: 96749
                           Observation time: 190531/0000
                           Station latitude: -6.11
                          Station longitude: 106.65
                          Station elevation: 8.0
                            Showalter index: 1.55
                               Lifted index: -1.06
    LIFT computed using virtual temperature: -1.62
                                SWEAT index: 194.79
                                    K index: 26.10
                         Cross totals index: 18.70
                      Vertical totals index: 23.70
                        Totals totals index: 42.40
      Convective Available Potential Energy: 34.30
             CAPE using virtual temperature: 108.34
                      Convective Inhibition: -122.56
             CINS using virtual temperature: -84.76
                           Equilibrum Level: 359.57
 Equilibrum Level using virtual temperature: 349.51
                   Level of Free Convection: 732.11
             LFCT using virtual temperature: 770.45
                     Bulk Richardson Number: 5.74
          Bulk Richardson Number using CAPV: 18.14
  Temp [K] of the Lifted Condensation Level: 292.52
Pres [hPa] of the Lifted Condensation Level: 912.11
   Equivalent potential temp [K] of the LCL: 346.72
     Mean mixed layer potential temperature: 300.33
              Mean mixed layer mixing ratio: 15.81
              1000 hPa to 500 hPa thickness: 5793.00
Precipitable water [mm] for entire sounding: 47.86
</PRE>
<P>Description of the 
<A HREF="/upperair/columns.html">data columns</A>
or <A HREF="/upperair/indices.html">sounding indices</A>.

<P>
<FORM>
<INPUT CLASS="button" TYPE="button" VALUE=" Close this window " 
 onClick="window.close();">
<INPUT CLASS="button" TYPE="button" VALUE=" Select another map " 
 onClick="window.blur();">
</FORM>
<HR SIZE="1">
<I>Interested in graduate studies in atmospheric science?
Check out our program at the
<a href="http://www.uwyo.edu/atsc/howtoapply/"
target=_top>University of Wyoming
</a></I>
<HR SIZE="1"><FONT SIZE="-1">
Questions about the weather data provided by this site can be
addressed to <A HREF="mailto:ldoolman@uwyo.edu">
Larry Oolman (ldoolman@uwyo.edu)</A></FONT>
<HR SIZE="1">
<SCRIPT TYPE="text/javascript">
<!--
window.focus();
// -->
</SCRIPT>
</BODY>
</HTML>
