2020-11-22 12
<HTML>
<TITLE>University of Wyoming - Radiosonde Data</TITLE>
<BODY BGCOLOR="white">
<H2>96749 WIII Jakarta Observations at 00Z 22 Nov 2020</H2>
<PRE>
-----------------------------------------------------------------------------
   PRES   HGHT   TEMP   DWPT   RELH   MIXR   DRCT   SKNT   THTA   THTE   THTV
    hPa     m      C      C      %    g/kg    deg   knot     K      K      K 
-----------------------------------------------------------------------------
 1009.0      8   25.6   23.7     89  18.69    200      2  298.0  352.5  301.3
 1005.0     42   26.0   22.1     79  16.98    184      4  298.7  348.4  301.8
 1000.0     85   26.2   21.4     75  16.33    165      6  299.4  347.2  302.3
  979.0    273   26.2   21.2     74  16.48    174      3  301.2  349.9  304.1
  976.0    300   26.0   21.0     74  16.35    175      3  301.2  349.6  304.2
  944.0    594   24.0   19.1     74  15.02    280      2  302.1  346.7  304.8
  925.0    773   22.8   18.0     74  14.24    350      2  302.6  345.0  305.2
  912.0    896   22.1   17.2     74  13.77     15      3  303.1  344.1  305.6
  881.0   1197   20.3   15.4     74  12.65      0      5  304.2  342.2  306.5
  851.0   1499   18.5   13.6     73  11.60     30      6  305.4  340.4  307.5
  850.0   1509   18.4   13.5     73  11.57     35      6  305.4  340.3  307.5
  822.0   1796   17.3   11.4     68  10.42     60      6  307.2  339.0  309.1
  819.0   1827   17.2   11.2     68  10.30     61      6  307.4  338.8  309.3
  779.0   2252   13.6   11.3     86  10.91     68      7  308.0  341.3  310.0
  739.0   2695   11.5    9.1     85   9.92     75      8  310.3  341.0  312.2
  730.0   2798   11.0    8.6     85   9.70     76      9  310.9  340.9  312.7
  717.0   2948   10.6    5.6     71   8.02     78     10  312.0  337.1  313.6
  700.0   3148   10.0    4.0     66   7.33     80     11  313.5  336.7  314.9
  688.0   3290    9.2    3.4     67   7.17     85     11  314.1  336.9  315.5
  663.0   3592    7.3    2.2     70   6.82     85      9  315.4  337.2  316.7
  594.0   4492    1.9   -1.4     79   5.85     90      7  319.2  338.3  320.4
  572.0   4801    0.1   -2.6     82   5.54    115      6  320.5  338.7  321.6
  571.0   4815    0.0   -2.7     82   5.52    114      6  320.6  338.7  321.6
  551.0   5098   -1.5   -4.8     78   4.87     90      9  322.1  338.3  323.1
  511.0   5698   -4.6   -9.4     69   3.69     85     14  325.3  337.9  326.1
  505.0   5792   -5.1  -10.1     68   3.53     85     13  325.8  337.9  326.5
  500.0   5870   -5.3  -11.3     63   3.24     85     12  326.5  337.7  327.1
  483.0   6141   -6.1  -17.1     41   2.08     69     12  328.8  336.2  329.2
  473.0   6304   -7.2  -15.4     52   2.44     60     12  329.4  338.0  329.9
  465.0   6437   -8.1  -14.1     62   2.78     53     11  329.9  339.6  330.4
  452.0   6656   -9.3  -19.3     44   1.85     42      9  331.1  337.7  331.4
  443.0   6811  -10.1  -22.1     37   1.48     34      8  331.9  337.4  332.2
  438.0   6899  -10.7  -25.7     28   1.08     30      7  332.3  336.3  332.5
  435.0   6952  -10.9  -23.9     33   1.28     38      7  332.7  337.4  332.9
  432.0   7005  -11.5  -21.5     43   1.60     47      7  332.6  338.4  332.9
  431.0   7022  -11.7  -17.7     61   2.22     50      7  332.5  340.5  333.0
  419.0   7238  -12.9  -22.9     43   1.46     84      6  333.7  339.1  334.0
  413.0   7348  -13.3  -31.3     20   0.68    101      6  334.5  337.2  334.7
  405.0   7496  -14.3  -39.3     10   0.31    125      6  335.1  336.4  335.2
  400.0   7590  -14.9  -38.9     11   0.33    125      6  335.5  336.9  335.6
  389.0   7800  -16.4  -31.0     27   0.74    115      7  336.3  339.2  336.5
  379.0   7996  -17.7  -23.7     59   1.50     72      6  337.1  342.6  337.4
  374.0   8094  -18.2  -24.8     57   1.38     50      6  337.6  342.8  337.9
  359.0   8397  -19.9  -28.0     49   1.07     40      5  339.4  343.5  339.6
  345.0   8692  -21.5  -31.1     42   0.83     90      4  341.1  344.4  341.3
  333.0   8954  -22.9  -33.9     36   0.66    326      3  342.6  345.2  342.8
  331.0   8998  -23.2  -34.1     36   0.65    305      3  342.8  345.4  342.9
  317.0   9311  -25.6  -35.2     40   0.61    260      4  343.7  346.1  343.8
  305.0   9590  -27.8  -36.3     44   0.57    285      3  344.5  346.8  344.6
  300.0   9710  -28.7  -36.7     46   0.55    295      3  344.8  347.1  344.9
  292.0   9901  -30.5  -37.1     52   0.54    285      3  344.9  347.1  345.0
  282.0  10148  -32.9  -37.7     62   0.53    261      4  344.9  347.1  345.0
  268.0  10500  -35.9  -40.7     62   0.41    225      6  345.6  347.3  345.6
  250.0  10980  -40.1  -44.7     61   0.29    240      5  346.3  347.5  346.4
  235.0  11396  -43.9  -48.1     63   0.21    235      7  346.8  347.7  346.9
  222.0  11779  -47.3  -51.2     64   0.16    267     10  347.2  347.9  347.2
  215.0  11988  -49.1  -53.7     59   0.12    285     12  347.5  348.1  347.6
  200.0  12460  -53.3  -59.3     48   0.06    275     11  348.2  348.5  348.2
  193.0  12689  -55.3  -62.3     41   0.05    264     12  348.6  348.8  348.6
  187.0  12888  -57.0  -63.2     45   0.04    255     12  349.0  349.2  349.0
  175.0  13307  -60.5  -65.0     55   0.03    273     13  349.9  350.1  349.9
  162.0  13779  -64.5  -69.8     48   0.02    295     15  351.0  351.1  351.0
  150.0  14250  -68.5  -74.5     42   0.01    275     11  351.9  351.9  351.9
  146.0  14410  -69.8  -75.8     41   0.01    260      8  352.5  352.5  352.5
  139.0  14700  -72.0  -78.0     40   0.01    210     12  353.5  353.5  353.5
  134.0  14916  -73.7  -79.7     40   0.01    206     12  354.2  354.2  354.2
  120.0  15550  -79.3  -87.3     26   0.00    192     13  355.3  355.3  355.3
  113.0  15886  -80.9  -89.5     23   0.00    185     13  358.5  358.5  358.5
  107.0  16192  -82.3  -91.6     20   0.00     80     12  361.4  361.4  361.4
  101.0  16514  -83.8  -93.7     17   0.00     70     16  364.5  364.5  364.5
  100.0  16570  -84.1  -94.1     16   0.00     75     16  365.0  365.0  365.0
   99.3  16609  -84.5  -94.5     16   0.00     80     17  365.0  365.0  365.0
   91.0  17096  -83.0  -93.0     17   0.00    105     30  377.1  377.2  377.1
   88.4  17258  -82.5  -92.5     17   0.00     97     30  381.3  381.3  381.3
   86.0  17417  -78.6  -90.6     13   0.00     90     30  392.2  392.2  392.2
   82.5  17656  -72.7  -87.7      9   0.00     56     21  408.9  408.9  408.9
   78.0  17988  -72.1  -88.8      7   0.00     10      9  416.8  416.8  416.8
   70.0  18630  -70.9  -90.9      4   0.00     50      6  432.4  432.4  432.4
   68.4  18766  -71.5  -91.5      4   0.00    355      6  433.9  434.0  433.9
   67.0  18889  -69.4  -91.5      3   0.00    305      6  441.1  441.1  441.1
   66.4  18942  -68.5  -91.5      2   0.00    301      8  444.2  444.2  444.2
   64.0  19160  -69.7  -92.0      3   0.00    285     14  446.2  446.2  446.2
   62.8  19273  -70.3  -92.3      3   0.00    279     15  447.3  447.3  447.3
   58.0  19746  -68.1  -92.8      2   0.00    255     17  462.6  462.6  462.6
   57.6  19787  -67.9  -92.9      2   0.00    255     17  463.9  463.9  463.9
   50.0  20630  -69.5  -93.5      2   0.00    255     18  479.3  479.3  479.3
   49.0  20751  -70.1  -94.1      2   0.00    255     16  480.6  480.7  480.6
   47.0  21002  -66.8  -92.8      2   0.00    265      5  494.3  494.3  494.3
   46.0  21132  -65.1  -92.1      1   0.00    198      7  501.5  501.5  501.5
   45.0  21268  -64.7  -91.7      1   0.00    130      9  505.6  505.6  505.6
   43.0  21549  -63.9  -90.8      1   0.00    115     13  514.3  514.3  514.3
   41.0  21843  -63.0  -90.0      2   0.00    135      9  523.5  523.6  523.5
   37.0  22477  -61.0  -88.0      2   0.00     95     12  544.0  544.1  544.0
   36.3  22595  -60.7  -87.7      2   0.01     88     10  547.9  548.0  547.9
   35.0  22824  -58.6  -86.3      2   0.01     75      7  559.2  559.3  559.2
   34.6  22896  -57.9  -85.9      2   0.01     87      7  562.8  562.9  562.8
   34.0  23007  -58.1  -85.8      2   0.01    105      8  565.0  565.1  565.0
   32.6  23272  -58.7  -85.7      2   0.01    102     10  570.3  570.4  570.3
   32.0  23390  -57.5  -85.5      2   0.01    100     11  576.5  576.6  576.5
   31.4  23509  -56.3  -85.3      1   0.01     55      9  582.9  583.0  582.9
   31.0  23591  -56.3  -86.1      1   0.01     25      7  585.1  585.1  585.1
   30.0  23800  -56.3  -88.3      1   0.01    345      9  590.6  590.6  590.6
   29.0  24014  -56.6  -88.0      1   0.01    315     16  595.5  595.6  595.5
   23.7  25291  -58.3  -86.3      2   0.01    235     22  625.9  626.0  625.9
   22.0  25761  -57.1  -85.9      1   0.01    205     24  642.8  642.9  642.8
   21.4  25936  -56.7  -85.7      1   0.01    178     26  649.2  649.3  649.2
   21.0  26057  -55.4  -85.2      1   0.01    160     27  656.8  656.9  656.8
   20.0  26370  -51.9  -83.9      1   0.02    140     35  676.6  676.7  676.6
   19.9  26403  -51.1  -84.1      1   0.02    139     35  680.0  680.1  680.0
   19.0  26706  -50.0  -82.7      1   0.02    125     33  692.6  692.8  692.6
   18.0  27061  -48.6  -81.0      1   0.03    110     27  707.6  707.9  707.6
   16.8  27514  -46.9  -78.9      1   0.05     90     26  727.2  727.7  727.2
   16.0  27835  -47.5  -78.9      2   0.05     75     26  735.4  736.0  735.4
   15.0  28260  -48.3  -78.8      2   0.05     75     34  746.5  747.0  746.5
   13.4  29002  -49.7  -78.7      2   0.06     80     39  766.1  766.8  766.1
   12.7  29352  -50.9  -78.9      2   0.06     82     41  773.8  774.5  773.8
   12.5  29455  -50.9  -78.9      2   0.06     83     42  777.3  778.0  777.3
   12.1  29669  -46.7  -79.7      1   0.06     85     44  799.4  800.1  799.4
   12.0  29724  -46.6  -79.5      1   0.06     85     44  801.7  802.4  801.7
   11.0  30305  -45.4  -77.9      1   0.08     95     46  826.1  827.2  826.2
   10.0  30940  -44.1  -76.1      2   0.12     95     52  853.8  855.3  853.9
    9.8  31076  -43.7  -75.7      2   0.13                860.2  861.9  860.3
</PRE><H3>Station information and sounding indices</H3><PRE>
                         Station identifier: WIII
                             Station number: 96749
                           Observation time: 201122/0000
                           Station latitude: -6.11
                          Station longitude: 106.65
                          Station elevation: 8.0
                            Showalter index: 1.46
                               Lifted index: -1.74
    LIFT computed using virtual temperature: -2.18
                                SWEAT index: 186.01
                                    K index: 31.20
                         Cross totals index: 18.80
                      Vertical totals index: 23.70
                        Totals totals index: 42.50
      Convective Available Potential Energy: 281.53
             CAPE using virtual temperature: 385.12
                      Convective Inhibition: -76.96
             CINS using virtual temperature: -51.91
                           Equilibrum Level: 209.00
 Equilibrum Level using virtual temperature: 208.15
                   Level of Free Convection: 789.98
             LFCT using virtual temperature: 802.39
                     Bulk Richardson Number: 41.77
          Bulk Richardson Number using CAPV: 57.14
  Temp [K] of the Lifted Condensation Level: 293.09
Pres [hPa] of the Lifted Condensation Level: 915.46
   Equivalent potential temp [K] of the LCL: 348.57
     Mean mixed layer potential temperature: 300.59
              Mean mixed layer mixing ratio: 16.32
              1000 hPa to 500 hPa thickness: 5785.00
Precipitable water [mm] for entire sounding: 53.59
</PRE>
<P>Description of the 
<A HREF="/upperair/columns.html">data columns</A>
or <A HREF="/upperair/indices.html">sounding indices</A>.

<P>
<FORM>
<INPUT CLASS="button" TYPE="button" VALUE=" Close this window " 
 onClick="window.close();">
<INPUT CLASS="button" TYPE="button" VALUE=" Select another map " 
 onClick="window.blur();">
</FORM>
<HR SIZE="1">
<I>Interested in graduate studies in atmospheric science?
Check out our program at the
<a href="http://www.uwyo.edu/atsc/howtoapply/"
target=_top>University of Wyoming
</a></I>
<HR SIZE="1"><FONT SIZE="-1">
Questions about the weather data provided by this site can be
addressed to <A HREF="mailto:ldoolman@uwyo.edu">
Larry Oolman (ldoolman@uwyo.edu)</A></FONT>
<HR SIZE="1">
<SCRIPT TYPE="text/javascript">
<!--
window.focus();
// -->
</SCRIPT>
</BODY>
</HTML>
