2018-08-29 00
<HTML>
<TITLE>University of Wyoming - Radiosonde Data</TITLE>
<BODY BGCOLOR="white">
<H2>96749 WIII Jakarta Observations at 00Z 29 Aug 2018</H2>
<PRE>
-----------------------------------------------------------------------------
   PRES   HGHT   TEMP   DWPT   RELH   MIXR   DRCT   SKNT   THTA   THTE   THTV
    hPa     m      C      C      %    g/kg    deg   knot     K      K      K 
-----------------------------------------------------------------------------
 1011.0      8   24.2   21.8     86  16.56    210      2  296.4  344.4  299.4
 1000.0    104   23.8   20.8     83  15.73    210      7  296.9  342.6  299.7
  996.0    139   23.8   20.7     83  15.69    208      7  297.3  342.9  300.1
  973.0    345   24.4   19.4     74  14.80    198      5  299.9  343.4  302.5
  945.0    601   22.7   18.2     76  14.16    185      3  300.6  342.4  303.2
  925.0    789   21.4   17.4     78  13.70    195      1  301.2  341.7  303.7
  913.0    901   20.8   16.7     78  13.29    350      1  301.6  341.0  304.1
  882.0   1198   19.0   14.9     77  12.24    350      4  302.9  339.4  305.1
  852.0   1496   17.3   13.1     76  11.26     50      1  304.1  337.9  306.1
  850.0   1516   17.2   13.0     76  11.19      0      1  304.1  337.8  306.2
  837.0   1648   16.2   13.1     82  11.44     39      3  304.4  338.8  306.5
  822.0   1801   15.3   12.1     81  10.89     85      5  305.0  337.9  307.0
  794.0   2093   13.5   10.1     80   9.90     85      6  306.2  336.2  308.0
  748.0   2597   10.4    6.8     78   8.35     39     10  308.1  333.8  309.6
  744.0   2642   10.2    4.2     66   7.00     35     11  308.3  330.0  309.6
  739.0   2698   10.5    1.0     52   5.60     30     11  309.2  326.9  310.3
  734.0   2755   10.8   -2.2     40   4.46     30     11  310.2  324.4  311.0
  715.0   2974   10.6  -10.4     22   2.43     30     12  312.3  320.4  312.8
  713.0   2997   10.5  -10.3     22   2.45     30     12  312.5  320.6  312.9
  700.0   3150   10.0  -10.0     23   2.57     50      9  313.5  322.1  314.0
  687.0   3304    9.1  -11.6     22   2.30     80     10  314.1  321.9  314.6
  616.0   4198    3.5  -20.9     15   1.18    145      8  317.7  321.9  318.0
  605.0   4346    2.6  -22.4     14   1.05    133      7  318.3  322.1  318.5
  593.0   4507    1.8  -19.7     19   1.37    120      5  319.2  324.0  319.4
  572.0   4797    0.2  -14.7     32   2.15     70      8  320.7  328.1  321.1
  569.0   4840    0.0  -14.0     34   2.29     67      8  320.9  328.8  321.3
  559.0   4981   -1.5   -8.5     59   3.62     58     10  320.8  332.9  321.5
  551.0   5096   -2.5   -8.6     63   3.64     50     11  320.9  333.1  321.6
  527.0   5448   -5.5   -9.0     76   3.69     62     13  321.4  333.8  322.1
  510.0   5705   -6.8  -11.8     67   3.05     70     15  322.9  333.3  323.5
  500.0   5860   -7.5  -13.5     62   2.71     65     15  323.8  333.2  324.4
  474.0   6274   -9.9  -15.9     62   2.35     62     19  325.8  334.1  326.3
  466.0   6405  -10.9  -15.9     67   2.39     61     20  326.2  334.5  326.7
  464.0   6438  -11.1  -17.1     61   2.17     61     20  326.3  334.0  326.8
  454.0   6605  -10.5  -26.4     26   0.98     60     22  329.1  332.8  329.3
  451.0   6656  -10.3  -29.3     19   0.75     61     22  330.0  332.9  330.1
  442.0   6811  -10.5  -39.5      7   0.28     64     21  331.6  332.8  331.7
  400.0   7570  -15.9  -33.9     20   0.55     80     18  334.2  336.4  334.4
  384.0   7875  -18.9  -33.9     25   0.57     84     22  334.2  336.4  334.3
  370.0   8150  -20.5  -41.5     13   0.27     87     25  335.6  336.8  335.7
  357.0   8412  -22.3  -42.6     14   0.25     90     28  336.6  337.7  336.7
  353.0   8495  -22.9  -42.9     14   0.25     90     29  337.0  338.0  337.0
  343.0   8704  -24.7  -35.7     35   0.53     89     31  337.3  339.4  337.4
  300.0   9660  -32.5  -45.5     26   0.22     85     41  339.4  340.4  339.5
  261.0  10627  -40.1  -53.1     24   0.11     70     43  342.1  342.5  342.1
  250.0  10920  -42.7                          65     43  342.4         342.4
  222.0  11697  -49.4                          55     44  344.0         344.0
  200.0  12380  -55.3                          50     43  345.0         345.0
  193.0  12602  -56.7                          55     48  346.4         346.4
  150.0  14170  -66.3                          75     36  355.7         355.7
  131.0  14965  -72.2                          80     22  359.1         359.1
  113.0  15834  -78.7                         151     14  362.5         362.5
  112.0  15884  -78.8                         155     14  363.3         363.3
  105.0  16251  -79.3                         109     13  369.1         369.1
  100.0  16530  -76.1                          75     13  380.4         380.4
   96.0  16766  -75.9                          50     10  385.4         385.4
   91.0  17075  -75.6                          85     12  391.9         391.9
   89.9  17145  -75.5                          66     11  393.4         393.4
   86.0  17406  -72.4                         355      9  404.6         404.6
   82.0  17686  -69.1                         310      9  416.9         416.9
   81.5  17722  -68.7                         310     10  418.5         418.5
   74.0  18298  -69.5                         315     26  428.6         428.6
   70.0  18630  -69.9                         315     17  434.5         434.5
   67.0  18890  -70.5                         290     11  438.7         438.7
   66.1  18971  -70.7                         271     11  439.9         439.9
   61.0  19450  -70.0                         155     11  451.8         451.8
   58.0  19750  -69.5                         100     20  459.5         459.5
   55.0  20067  -69.0                          80     34  467.6         467.6
   53.4  20243  -68.7                          83     36  472.2         472.2
   50.0  20640  -65.9                          90     41  487.8         487.8
   48.0  20889  -64.5                          91     44  496.8         496.8
   36.0  22658  -61.9                          94     64  546.1         546.1
   34.0  23015  -60.4                          95     68  559.0         559.0
   33.5  23108  -60.0                          95     68  562.4         562.4
   31.3  23532  -58.3                          89     70  578.1         578.1
   30.0  23800  -56.3                          85     71  590.6         590.6
   28.6  24103  -54.3                          82     63  604.2         604.2
   28.0  24240  -52.3                          80     60  613.4         613.4
   26.7  24548  -47.9                          84     49  634.2         634.2
   25.0  24976  -50.2                          90     34  639.5         639.5
   24.4  25134  -51.1                          93     36  641.5         641.5
   24.0  25242  -50.5                          95     37  646.4         646.4
   23.0  25519  -48.8                          70     25  659.1         659.1
   22.7  25604  -48.3                          49     21  663.1         663.1
   22.0  25809  -48.8                           0     12  667.6         667.6
   21.0  26112  -49.5                         315     17  674.3         674.3
   20.0  26430  -50.3                         295     19  681.5         681.5
   19.9  26463  -50.5                         293     19  681.8         681.8
   19.0  26766  -49.8                         270     15  693.2         693.2
   18.0  27119  -48.9                         220     13  706.8         706.8
   17.8  27192  -48.7                         229     13  709.6         709.6
   17.0  27493  -50.3                         265     12  713.9         713.9
   16.4  27727  -51.5                         348      5  717.3         717.3
   16.0  27888  -50.9                          45      1  724.3         724.3
   15.0  28310  -49.4                          35     11  743.0         743.0
   14.6  28486  -48.7                           9     12  750.9         750.9
   13.0  29249  -48.7                         255     17  776.2         776.2
   12.0  29775  -48.7                         280      6  794.2         794.2
   11.9  29830  -48.7                         284      6  796.1         796.1
   11.0  30349  -47.1                         320      7  820.1         820.1
   10.8  30470  -46.7                                     825.8         825.8
</PRE><H3>Station information and sounding indices</H3><PRE>
                         Station identifier: WIII
                             Station number: 96749
                           Observation time: 180829/0000
                           Station latitude: -6.11
                          Station longitude: 106.65
                          Station elevation: 8.0
                            Showalter index: 0.33
                               Lifted index: -1.85
    LIFT computed using virtual temperature: -2.23
                                SWEAT index: 172.98
                                    K index: 17.70
                         Cross totals index: 20.50
                      Vertical totals index: 24.70
                        Totals totals index: 45.20
      Convective Available Potential Energy: 120.69
             CAPE using virtual temperature: 213.22
                      Convective Inhibition: -78.13
             CINS using virtual temperature: -61.61
                           Equilibrum Level: 286.76
 Equilibrum Level using virtual temperature: 284.34
                   Level of Free Convection: 785.84
             LFCT using virtual temperature: 807.67
                     Bulk Richardson Number: 11.02
          Bulk Richardson Number using CAPV: 19.47
  Temp [K] of the Lifted Condensation Level: 292.23
Pres [hPa] of the Lifted Condensation Level: 927.50
   Equivalent potential temp [K] of the LCL: 343.05
     Mean mixed layer potential temperature: 298.60
              Mean mixed layer mixing ratio: 15.25
              1000 hPa to 500 hPa thickness: 5756.00
Precipitable water [mm] for entire sounding: 41.37
</PRE>
<P>Description of the 
<A HREF="/upperair/columns.html">data columns</A>
or <A HREF="/upperair/indices.html">sounding indices</A>.

<P>
<FORM>
<INPUT CLASS="button" TYPE="button" VALUE=" Close this window " 
 onClick="window.close();">
<INPUT CLASS="button" TYPE="button" VALUE=" Select another map " 
 onClick="window.blur();">
</FORM>
<HR SIZE="1">
<I>Interested in graduate studies in atmospheric science?
Check out our program at the
<a href="http://www.uwyo.edu/atsc/howtoapply/"
target=_top>University of Wyoming
</a></I>
<HR SIZE="1"><FONT SIZE="-1">
Questions about the weather data provided by this site can be
addressed to <A HREF="mailto:ldoolman@uwyo.edu">
Larry Oolman (ldoolman@uwyo.edu)</A></FONT>
<HR SIZE="1">
<SCRIPT TYPE="text/javascript">
<!--
window.focus();
// -->
</SCRIPT>
</BODY>
</HTML>
