2019-08-03 12
<HTML>
<TITLE>University of Wyoming - Radiosonde Data</TITLE>
<BODY BGCOLOR="white">
<H2>96749 WIII Jakarta Observations at 00Z 03 Aug 2019</H2>
<PRE>
-----------------------------------------------------------------------------
   PRES   HGHT   TEMP   DWPT   RELH   MIXR   DRCT   SKNT   THTA   THTE   THTV
    hPa     m      C      C      %    g/kg    deg   knot     K      K      K 
-----------------------------------------------------------------------------
 1012.0      8   23.8   19.2     75  14.04    225      6  295.9  336.5  298.4
 1001.0    101   24.6   20.3     77  15.22    156      2  297.7  342.0  300.4
 1000.0    109   24.6   20.4     77  15.33    150      2  297.8  342.4  300.5
  979.0    295   23.5   18.8     75  14.17     40      3  298.5  339.9  301.0
  946.0    595   21.8   16.3     71  12.45     90     10  299.6  336.2  301.9
  925.0    792   20.6   14.6     68  11.42    100     11  300.4  334.1  302.4
  882.0   1200   17.9   13.6     76  11.21    110     12  301.7  335.0  303.7
  850.0   1516   15.8   12.8     82  11.04    110     13  302.7  335.7  304.7
  845.0   1566   15.6   12.7     83  11.04    109     13  303.0  336.0  305.0
  822.0   1801   14.7   11.0     79  10.14    105     12  304.4  335.0  306.3
  819.0   1832   14.6   10.8     78  10.03    102     12  304.6  334.9  306.5
  801.0   2021   15.6    6.6     55   7.69     83     12  307.6  331.4  309.1
  793.0   2106   15.4    6.4     55   7.64     75     12  308.3  331.9  309.7
  787.0   2171   15.2    6.2     55   7.61     77     12  308.8  332.4  310.2
  781.0   2235   15.2    4.2     48   6.66     80     12  309.4  330.3  310.7
  770.0   2356   15.4   -7.6     20   2.82     84     12  310.9  320.2  311.4
  700.0   3156   10.4  -10.6     22   2.45    115     14  314.0  322.1  314.4
  688.0   3300   10.0  -17.4     13   1.42    125     11  315.1  320.0  315.4
  687.0   3312   10.0  -18.0     12   1.36    126     11  315.2  319.9  315.5
  663.0   3605    7.6  -11.2     25   2.46    155      6  315.8  324.0  316.2
  643.0   3857    5.6   -5.4     45   4.00     93      4  316.2  329.4  317.0
  639.0   3908    5.4   -7.3     39   3.47     80      4  316.6  328.1  317.3
  616.0   4207    4.4  -18.6     17   1.44     95      6  318.8  323.8  319.0
  594.0   4500    2.3  -18.8     19   1.47    135     12  319.7  324.9  320.0
  572.0   4805    0.2  -19.0     22   1.50    110     14  320.6  325.9  320.9
  570.0   4833    0.0  -19.0     22   1.50    110     14  320.7  326.0  321.0
  551.0   5101   -1.6  -18.0     27   1.69    110     12  321.9  327.9  322.3
  531.0   5394   -3.4  -17.0     34   1.91     70      8  323.2  329.9  323.6
  511.0   5698   -5.2  -15.9     43   2.18     50     13  324.6  332.1  325.0
  500.0   5870   -6.3  -15.3     49   2.34     50     18  325.3  333.5  325.8
  494.0   5964   -7.1  -15.1     53   2.41     57     19  325.4  333.8  325.9
  473.0   6302   -8.5  -28.9     18   0.75     80     23  327.8  330.6  327.9
  467.0   6401   -8.9  -32.9     12   0.52     88     23  328.5  330.5  328.6
  455.0   6601  -10.5  -35.0     11   0.43    105     22  329.0  330.6  329.0
  427.0   7088  -14.3  -40.3      9   0.27    103     22  330.1  331.2  330.1
  400.0   7580  -17.3  -43.3      8   0.21    100     21  332.4  333.3  332.5
  372.0   8116  -19.7  -47.7      6   0.14     98     27  336.2  336.8  336.2
  345.0   8664  -24.5  -50.5      7   0.11     95     33  337.0  337.5  337.0
  343.0   8706  -24.7  -50.7      7   0.11     95     33  337.3  337.7  337.3
  316.0   9293  -27.9  -53.9      6   0.08     95     42  340.8  341.2  340.9
  300.0   9660  -31.1  -53.1     10   0.09     95     48  341.4  341.8  341.4
  290.0   9896  -33.3  -53.0     12   0.10     90     47  341.6  342.0  341.6
  262.0  10601  -39.9  -52.9     24   0.11     69     44  342.0  342.5  342.0
  250.0  10920  -41.5                          60     43  344.2         344.2
  233.0  11390  -44.7                          50     48  346.4         346.4
  200.0  12410  -51.7                          60     61  350.7         350.7
  194.0  12606  -53.1                          70     58  351.6         351.6
  188.0  12808  -54.5                          77     57  352.5         352.5
  168.0  13507  -60.6                         100     54  353.8         353.8
  152.0  14130  -66.1                         100     54  354.7         354.7
  150.0  14210  -66.7                         100     54  355.0         355.0
  131.0  15005  -72.0                         100     40  359.6         359.6
  113.0  15873  -77.8                         100     18  364.3         364.3
  112.0  15925  -78.1                         103     18  364.6         364.6
  107.0  16185  -78.3                         120     19  368.9         368.9
  100.0  16570  -78.7                         110     20  375.4         375.4
   96.0  16803  -78.8                          95     14  379.7         379.7
   91.0  17109  -78.9                          50      3  385.3         385.3
   90.3  17153  -78.9                          34      4  386.1         386.1
   87.0  17368  -76.9                         315      7  394.4         394.4
   85.8  17448  -76.1                         306      8  397.5         397.5
   83.0  17639  -77.5                         285      9  398.4         398.4
   78.0  18002  -74.3                         245     12  412.1         412.1
   74.1  18302  -71.7                         270     19  423.7         423.7
   71.0  18556  -71.0                         290     24  430.5         430.5
   70.0  18640  -70.7                         290     26  432.8         432.8
   64.0  19173  -70.0                         260     39  445.5         445.5
   58.0  19758  -69.3                         270     39  459.8         459.8
   56.2  19945  -69.1                         258     36  464.5         464.5
   55.5  20020  -66.9                         253     35  471.2         471.2
   55.0  20075  -66.9                         250     34  472.4         472.4
   50.0  20650  -66.7                         255     31  485.9         485.9
   48.9  20785  -66.7                         256     30  489.0         489.0
   45.5  21228  -60.5                         259     27  514.1         514.1
   45.0  21297  -60.5                         260     27  515.6         515.6
   35.6  22755  -61.7                         268     35  548.4         548.4
   34.0  23041  -61.4                         270     37  556.3         556.3
   31.0  23616  -60.9                         250     20  572.7         572.7
   30.0  23820  -60.7                         255     20  578.6         578.6
   29.6  23903  -60.9                         258     20  580.3         580.3
   27.0  24479  -57.9                         280     22  604.0         604.0
   26.8  24526  -57.7                         279     22  606.0         606.0
   23.0  25485  -59.6                         250     13  627.4         627.4
   21.8  25821  -60.3                         176     11  635.0         635.0
   21.0  26055  -59.5                         125     10  644.2         644.2
   20.0  26360  -58.5                          90     10  656.4         656.4
   19.2  26617  -58.3                          54     20  664.7         664.7
   19.0  26683  -57.5                          45     22  669.1         669.1
   18.4  26886  -55.1                          33     17  682.9         682.9
   17.0  27393  -54.5                           5      3  700.5         700.5
   16.0  27782  -54.0                          90     13  714.4         714.4
   15.1  28152  -53.5                          90     25  727.8         727.8
   14.4  28456  -55.3                          90     35  731.7         731.7
   13.0  29118  -51.9                          90     57  765.0         765.0
   12.4  29423  -50.4                          80     60  780.9         780.9
   12.0  29635  -49.3                                     792.1         792.1
</PRE><H3>Station information and sounding indices</H3><PRE>
                         Station identifier: WIII
                             Station number: 96749
                           Observation time: 190803/0000
                           Station latitude: -6.11
                          Station longitude: 106.65
                          Station elevation: 8.0
                            Showalter index: 2.44
                               Lifted index: 0.74
    LIFT computed using virtual temperature: 0.39
                                SWEAT index: 197.60
                                    K index: 13.90
                         Cross totals index: 19.10
                      Vertical totals index: 22.10
                        Totals totals index: 41.20
      Convective Available Potential Energy: 0.00
             CAPE using virtual temperature: 0.00
                      Convective Inhibition: 0.00
             CINS using virtual temperature: 0.00
                     Bulk Richardson Number: 0.00
          Bulk Richardson Number using CAPV: 0.00
  Temp [K] of the Lifted Condensation Level: 291.00
Pres [hPa] of the Lifted Condensation Level: 918.52
   Equivalent potential temp [K] of the LCL: 339.58
     Mean mixed layer potential temperature: 298.17
              Mean mixed layer mixing ratio: 14.24
              1000 hPa to 500 hPa thickness: 5761.00
Precipitable water [mm] for entire sounding: 34.55
</PRE>
<P>Description of the 
<A HREF="/upperair/columns.html">data columns</A>
or <A HREF="/upperair/indices.html">sounding indices</A>.

<P>
<FORM>
<INPUT CLASS="button" TYPE="button" VALUE=" Close this window " 
 onClick="window.close();">
<INPUT CLASS="button" TYPE="button" VALUE=" Select another map " 
 onClick="window.blur();">
</FORM>
<HR SIZE="1">
<I>Interested in graduate studies in atmospheric science?
Check out our program at the
<a href="http://www.uwyo.edu/atsc/howtoapply/"
target=_top>University of Wyoming
</a></I>
<HR SIZE="1"><FONT SIZE="-1">
Questions about the weather data provided by this site can be
addressed to <A HREF="mailto:ldoolman@uwyo.edu">
Larry Oolman (ldoolman@uwyo.edu)</A></FONT>
<HR SIZE="1">
<SCRIPT TYPE="text/javascript">
<!--
window.focus();
// -->
</SCRIPT>
</BODY>
</HTML>
