2022-11-19 00
<HTML>
<TITLE>University of Wyoming - Radiosonde Data</TITLE>
<BODY BGCOLOR="white">
<H2>96749 WIII Jakarta Observations at 00Z 19 Nov 2022</H2>
<PRE>
-----------------------------------------------------------------------------
   PRES   HGHT   TEMP   DWPT   RELH   MIXR   DRCT   SKNT   THTA   THTE   THTV
    hPa     m      C      C      %    g/kg    deg   knot     K      K      K 
-----------------------------------------------------------------------------
 1007.0      8   24.4   23.4     94  18.38    220      1  297.0  350.3  300.2
 1006.0     18   25.6   23.8     90  18.86    221      1  298.2  353.3  301.6
 1000.0     75   25.4   23.1     87  18.17    225      4  298.6  351.6  301.8
  975.0    298   24.2   21.8     86  17.15    260     11  299.5  349.9  302.6
  925.0    762   21.8   19.0     84  15.19    275     22  301.6  346.5  304.3
  910.0    904   20.9   18.4     85  14.84    275     25  302.1  346.2  304.8
  850.0   1497   17.4   15.8     90  13.46    280     22  304.4  344.7  306.8
  830.0   1701   16.2   15.3     94  13.35    281     23  305.2  345.3  307.6
  817.0   1835   16.0   12.8     81  11.50    282     24  306.3  341.2  308.5
  805.0   1961   14.8   13.5     92  12.23    283     25  306.4  343.4  308.6
  781.0   2217   14.2    9.2     72   9.44    284     27  308.4  337.4  310.1
  764.0   2403   13.2   10.0     81  10.16    285     28  309.2  340.5  311.1
  761.0   2436   13.0   10.1     83  10.30    284     28  309.4  341.1  311.3
  745.0   2614   12.2    5.2     62   7.50    282     29  310.4  333.8  311.8
  729.0   2796   11.4    7.8     79   9.19    278     31  311.4  340.0  313.2
  711.0   3005   10.6    5.9     73   8.27    275     32  312.8  338.8  314.4
  706.0   3064   10.4    5.4     71   8.03    275     33  313.2  338.5  314.7
  700.0   3135   10.2    2.2     58   6.45    275     34  313.8  334.3  315.0
  686.0   3303    9.6   -8.4     27   2.97    276     34  314.9  324.8  315.5
  651.0   3735    7.2   -8.8     31   3.03    277     34  316.9  327.1  317.5
  638.0   3900    6.0   -1.0     61   5.61    278     35  317.4  335.6  318.5
  596.0   4454    2.6   -2.4     70   5.41    280     35  319.7  337.4  320.7
  573.0   4772    2.0   -8.0     48   3.67    281     35  322.6  335.0  323.3
  542.0   5219    0.0   -7.0     59   4.20    283     36  325.4  339.6  326.2
  513.0   5657   -2.5  -15.5     36   2.24    284     36  327.5  335.4  328.0
  500.0   5860   -4.3  -14.3     46   2.54    285     36  327.7  336.6  328.2
  492.0   5987   -5.0  -15.2     45   2.40    280     39  328.4  336.9  328.9
  467.0   6398   -7.1  -18.1     41   1.98    278     35  330.7  337.8  331.1
  438.0   6895  -11.1  -15.4     70   2.65    275     31  331.8  341.2  332.4
  432.0   7002  -11.9  -14.8     79   2.82    274     30  332.1  342.1  332.6
  405.0   7495  -15.1  -17.7     80   2.36    270     26  334.1  342.6  334.6
  400.0   7590  -15.7  -18.3     80   2.27    270     26  334.5  342.7  335.0
  385.0   7877  -17.9  -19.4     88   2.15    265     26  335.3  343.1  335.7
  331.0   8991  -24.9  -28.9     69   1.06    245     25  340.5  344.6  340.7
  328.0   9058  -25.3  -29.5     68   1.02    241     23  340.8  344.7  341.0
  304.0   9605  -29.4  -34.0     64   0.71    210     10  342.5  345.4  342.7
  300.0   9700  -30.1  -34.8     64   0.67    210     10  342.8  345.5  343.0
  256.0  10796  -39.7  -44.0     63   0.30    245      5  344.6  345.9  344.7
  250.0  10960  -41.1  -45.4     63   0.27    230      3  344.8  345.9  344.9
  245.0  11097  -42.1  -46.6     61   0.24    100      1  345.4  346.4  345.4
  235.0  11379  -44.1  -49.0     58   0.19     18     10  346.4  347.2  346.5
  234.0  11407  -44.4  -49.3     58   0.18     10     11  346.5  347.3  346.5
  205.0  12278  -52.2  -58.1     49   0.07     35     24  347.4  347.8  347.4
  200.0  12440  -53.7  -59.7     48   0.06     30     25  347.6  347.9  347.6
  195.0  12599  -55.2  -61.0     48   0.05     30     31  347.7  347.9  347.7
  186.0  12896  -58.0  -63.5     49   0.04     30     28  347.9  348.1  347.9
  169.0  13499  -63.7  -68.5     52   0.02     40     29  348.1  348.2  348.1
  161.0  13792  -66.4  -72.1     45   0.01     45     29  348.4  348.5  348.4
  153.0  14100  -69.2  -75.8     38   0.01     45     34  348.7  348.8  348.7
  150.0  14220  -70.3  -77.3     35   0.01     50     36  348.8  348.8  348.8
  145.0  14417  -71.7  -78.5     35   0.01     50     43  349.8  349.8  349.8
  138.0  14704  -73.7  -80.4     36   0.00     65     54  351.2  351.2  351.2
  120.0  15514  -79.5  -85.5     37   0.00     56     67  354.9  354.9  354.9
  118.0  15609  -80.2  -86.2     37   0.00     55     68  355.4  355.4  355.4
  114.0  15803  -81.5  -87.5     36   0.00     58     71  356.4  356.4  356.4
  112.0  15902  -81.9  -87.9     36   0.00     60     72  357.5  357.5  357.5
  110.0  16003  -82.3  -88.3     36   0.00     60     73  358.6  358.6  358.6
  107.0  16157  -82.9  -89.9     30   0.00     60     74  360.3  360.3  360.3
  106.0  16210  -82.0  -89.7     26   0.00     60     74  362.9  362.9  362.9
  101.0  16484  -77.4  -88.7     15   0.00     40     42  376.8  376.8  376.8
  100.0  16540  -76.5  -88.5     14   0.00     35     36  379.7  379.7  379.7
   96.0  16776  -76.3  -88.3     14   0.00    350     16  384.6  384.6  384.6
   91.0  17084  -76.0  -88.0     14   0.00    260     16  391.1  391.1  391.1
   89.8  17161  -75.9  -87.9     14   0.00    249     16  392.7  392.7  392.7
   83.5  17579  -78.7  -88.7     19   0.00    190     16  395.3  395.3  395.3
   82.0  17682  -79.1  -89.1     18   0.00    175     16  396.5  396.5  396.5
   81.2  17738  -79.3  -89.3     18   0.00    193     14  397.2  397.2  397.2
   79.4  17866  -74.7  -88.7     10   0.00    233     10  409.2  409.3  409.2
   78.0  17971  -73.9  -88.3      9   0.00    265      7  413.0  413.1  413.0
   74.0  18282  -71.5  -87.1      8   0.00    245     12  424.4  424.4  424.4
   70.0  18610  -68.9  -85.9      7   0.00    265      9  436.6  436.7  436.6
   67.0  18873  -66.1  -86.1      5   0.00    258     11  448.2  448.2  448.2
   64.0  19151  -65.2  -87.6      3   0.00    250     14  456.0  456.0  456.0
   59.6  19584  -63.9  -89.9      2   0.00    248     20  468.4  468.4  468.4
   55.0  20072  -65.1  -93.8      1   0.00    245     26  476.5  476.5  476.5
   52.0  20412  -65.9  -96.6      1   0.00    265     24  482.3  482.3  482.3
   50.0  20650  -66.5  -98.5      0   0.00    250     25  486.4  486.4  486.4
   49.3  20735  -67.1  -99.1      0   0.00    242     23  486.9  486.9  486.9
   47.0  21026  -66.0  -98.0      0   0.00    215     17  496.3  496.3  496.3
   46.1  21143  -65.5  -97.5      1   0.00    193     12  500.2  500.2  500.2
   45.0  21293  -63.0  -95.8      1   0.00    165      5  509.7  509.7  509.7
   43.4  21517  -59.3  -93.3      1   0.00    229      8  524.1  524.1  524.1
   43.0  21575  -59.1  -93.1      1   0.00    245      9  526.0  526.0  526.0
   41.0  21876  -57.9  -91.9      1   0.00    295     14  536.2  536.2  536.2
   39.7  22079  -57.1  -91.1      1   0.00    293     18  543.1  543.1  543.1
   37.0  22524  -58.5  -92.5      1   0.00    290     26  550.5  550.5  550.5
   35.3  22820  -59.5  -93.5      1   0.00    282     32  555.4  555.4  555.4
   35.0  22874  -59.2  -93.2      1   0.00    280     33  557.6  557.7  557.6
   34.0  23057  -58.0  -92.0      1   0.00    270     28  565.2  565.2  565.2
   33.0  23246  -56.9  -90.9      1   0.00    260     29  573.1  573.1  573.1
   32.0  23441  -57.1  -91.1      1   0.00    250     31  577.6  577.7  577.6
   31.0  23642  -57.3  -91.3      1   0.00    260     32  582.4  582.4  582.4
   30.0  23850  -57.5  -91.5      1   0.00    255     24  587.3  587.3  587.3
   29.0  24064  -57.3  -91.3      1   0.00    240     27  593.5  593.6  593.5
   28.0  24286  -57.1  -91.1      1   0.00    205     28  600.0  600.1  600.0
   27.9  24308  -57.1  -91.1      1   0.00    208     27  600.7  600.8  600.7
   27.0  24516  -56.8  -91.1      1   0.00    240     19  607.1  607.2  607.1
   24.7  25081  -56.1  -91.1      1   0.00    221      6  624.9  624.9  624.9
   24.0  25266  -54.6  -89.8      1   0.01    215      2  634.5  634.5  634.5
   23.0  25540  -52.3  -87.9      1   0.01    325     15  648.9  649.0  648.9
   21.9  25856  -49.7  -85.7      1   0.01    317     23  665.8  665.9  665.8
   21.0  26131  -49.6  -85.6      1   0.01    310     30  674.1  674.2  674.1
   20.0  26450  -49.5  -85.5      1   0.01    290     29  683.9  684.0  683.9
   19.0  26787  -48.7  -85.2      1   0.01    285     35  696.5  696.6  696.5
   17.8  27216  -47.7  -84.7      1   0.02    282     37  712.7  712.9  712.8
   15.2  28253  -49.9  -85.9      1   0.02    276     43  738.4  738.5  738.4
   15.0  28340  -49.7  -85.8      1   0.02    275     44  741.7  741.9  741.7
   13.0  29280  -47.9  -84.7      1   0.02    260     35  779.0  779.3  779.0
   12.6  29485  -47.5  -84.5      1   0.03                787.4  787.7  787.4
</PRE><H3>Station information and sounding indices</H3><PRE>
                         Station identifier: WIII
                             Station number: 96749
                           Observation time: 221119/0000
                           Station latitude: -6.11
                          Station longitude: 106.65
                          Station elevation: 8.0
                            Showalter index: 0.73
                               Lifted index: -1.30
    LIFT computed using virtual temperature: -1.90
                                SWEAT index: 269.61
                                    K index: 29.50
                         Cross totals index: 20.10
                      Vertical totals index: 21.70
                        Totals totals index: 41.80
      Convective Available Potential Energy: 698.21
             CAPE using virtual temperature: 846.93
                      Convective Inhibition: -21.45
             CINS using virtual temperature: -14.28
                           Equilibrum Level: 143.40
 Equilibrum Level using virtual temperature: 143.38
                   Level of Free Convection: 863.83
             LFCT using virtual temperature: 879.83
                     Bulk Richardson Number: 14.38
          Bulk Richardson Number using CAPV: 17.44
  Temp [K] of the Lifted Condensation Level: 294.60
Pres [hPa] of the Lifted Condensation Level: 945.74
   Equivalent potential temp [K] of the LCL: 350.16
     Mean mixed layer potential temperature: 299.35
              Mean mixed layer mixing ratio: 17.37
              1000 hPa to 500 hPa thickness: 5785.00
Precipitable water [mm] for entire sounding: 53.32
</PRE>
<P>Description of the 
<A HREF="/upperair/columns.html">data columns</A>
or <A HREF="/upperair/indices.html">sounding indices</A>.

<P>
<FORM>
<INPUT CLASS="button" TYPE="button" VALUE=" Close this window " 
 onClick="window.close();">
<INPUT CLASS="button" TYPE="button" VALUE=" Select another map " 
 onClick="window.blur();">
</FORM>
<HR SIZE="1">
<I>Interested in graduate studies in atmospheric science?
Check out our program at the
<a href="http://www.uwyo.edu/atsc/howtoapply/"
target=_top>University of Wyoming
</a></I>
<HR SIZE="1"><FONT SIZE="-1">
Questions about the weather data provided by this site can be
addressed to <A HREF="mailto:ldoolman@uwyo.edu">
Larry Oolman (ldoolman@uwyo.edu)</A></FONT>
<HR SIZE="1">
<SCRIPT TYPE="text/javascript">
<!--
window.focus();
// -->
</SCRIPT>
</BODY>
</HTML>
