2018-04-12 00
<HTML>
<TITLE>University of Wyoming - Radiosonde Data</TITLE>
<BODY BGCOLOR="white">
<H2>96749 WIII Jakarta Observations at 00Z 12 Apr 2018</H2>
<PRE>
-----------------------------------------------------------------------------
   PRES   HGHT   TEMP   DWPT   RELH   MIXR   DRCT   SKNT   THTA   THTE   THTV
    hPa     m      C      C      %    g/kg    deg   knot     K      K      K 
-----------------------------------------------------------------------------
 1008.0      8   26.6   23.8     85  18.82    110      2  299.1  354.2  302.4
 1000.0     80   27.2   21.2     70  16.13    100      7  300.4  347.9  303.2
  943.0    595   23.6   18.4     73  14.34     80     13  301.8  344.3  304.4
  925.0    764   22.4   17.5     74  13.79     80     14  302.2  343.2  304.7
  916.0    849   22.2   15.2     65  12.00     79     14  302.9  338.6  305.0
  859.0   1406   18.2   14.4     78  12.15     71     18  304.3  340.7  306.5
  850.0   1497   18.0   13.5     75  11.57     70     18  305.0  339.9  307.1
  827.0   1733   17.0   10.0     63   9.40     68     17  306.3  335.0  308.1
  784.0   2188   14.4   10.5     77  10.27     63     15  308.2  339.7  310.2
  713.0   2989   10.4    5.6     72   8.06     55     12  312.3  337.6  313.8
  712.0   3001   10.4    5.3     71   7.93     55     12  312.4  337.3  313.9
  700.0   3143   10.2    2.2     58   6.45     65     11  313.8  334.3  315.0
  683.0   3348    9.8   -1.2     46   5.16     72     11  315.5  332.2  316.5
  662.0   3603    8.2   -2.5     47   4.84     80     11  316.5  332.3  317.5
  564.0   4913    0.0   -9.0     51   3.45     55     10  321.7  333.4  322.4
  530.0   5408   -2.8  -14.3     41   2.39     45      9  324.2  332.5  324.6
  512.0   5683   -4.3  -17.3     36   1.93     51     10  325.5  332.4  325.9
  500.0   5870   -5.5  -16.5     42   2.12     55     10  326.3  333.7  326.7
  455.0   6600   -9.8  -18.9     48   1.91     85      8  329.8  336.6  330.2
  454.0   6618   -9.9  -18.9     48   1.90     83      8  329.9  336.7  330.3
  443.0   6806  -10.9  -24.9     31   1.15     64      9  330.9  335.2  331.2
  438.0   6892  -11.2  -25.2     30   1.13     55     10  331.6  335.8  331.9
  430.0   7033  -11.7  -25.7     30   1.10     52      8  332.8  336.9  333.0
  404.0   7505  -15.3  -24.1     47   1.35     40      2  334.0  339.1  334.3
  400.0   7580  -15.9  -23.9     50   1.40     50      1  334.2  339.4  334.5
  394.0   7693  -16.9  -22.9     60   1.55    359      2  334.4  340.1  334.7
  391.0   7750  -16.9  -24.9     50   1.30    332      2  335.1  340.0  335.4
  389.0   7788  -17.2  -24.8     52   1.32    315      2  335.2  340.1  335.5
  376.0   8041  -19.3  -24.3     65   1.43    311      5  335.7  341.0  336.0
  373.0   8100  -19.5  -25.6     59   1.29    310      6  336.1  341.0  336.4
  359.0   8381  -20.7  -31.7     37   0.75    347      7  338.3  341.2  338.4
  358.0   8402  -20.8  -32.1     36   0.73    350      7  338.4  341.3  338.6
  339.0   8801  -22.9  -39.9     20   0.35    337      6  340.9  342.3  340.9
  316.0   9308  -26.3  -45.0     15   0.22    320      4  343.1  344.0  343.1
  312.0   9400  -26.9  -45.9     15   0.20    308      3  343.5  344.3  343.5
  303.0   9609  -28.7  -41.7     28   0.33    280      1  343.8  345.2  343.9
  300.0   9680  -29.1  -41.1     30   0.35    320      1  344.2  345.7  344.3
  298.0   9728  -29.3  -48.3     14   0.16    324      2  344.6  345.3  344.7
  291.0   9893  -30.6  -48.8     15   0.16    340      5  345.1  345.8  345.1
  256.0  10785  -37.8  -51.6     22   0.13    300      6  347.4  348.0  347.4
  250.0  10950  -39.1  -52.1     24   0.12    310      5  347.8  348.4  347.8
  246.0  11060  -39.9  -54.9     19   0.09    310      5  348.2  348.6  348.2
  245.0  11088  -40.1                         310      5  348.3         348.3
  224.0  11685  -45.1                         265      3  349.6         349.6
  214.0  11989  -47.7                           0      1  350.2         350.2
  204.0  12308  -50.4                           0      0  350.8         350.8
  200.0  12440  -51.5                           0      1  351.1         351.1
  195.0  12598  -53.0                         180      2  351.3         351.3
  169.0  13494  -61.2                         175      7  352.2         352.2
  154.0  14075  -66.6                         135      4  352.5         352.5
  150.0  14240  -68.1                         140      5  352.6         352.6
  139.0  14692  -72.3                         120      4  353.0         353.0
  138.0  14735  -72.7                         118      4  353.0         353.0
  125.0  15295  -76.8                          85      6  355.6         355.6
  119.0  15574  -78.9                          35      6  356.9         356.9
  101.0  16504  -85.7                          45     29  360.9         360.9
  100.0  16560  -86.1                          45     30  361.1         361.1
   98.9  16620  -86.5                          45     30  361.5         361.5
   95.9  16789  -85.7                          38     26  366.3         366.3
   92.7  16978  -79.5                          31     23  382.1         382.1
   86.0  17402  -79.9                          15     14  389.5         389.5
   82.9  17609  -80.1                          23      9  393.2         393.2
   82.0  17672  -79.5                          25      7  395.7         395.7
   78.0  17957  -76.8                         315     14  406.9         406.9
   76.4  18076  -75.7                         307     16  411.7         411.7
   74.0  18260  -75.8                         295     20  415.2         415.2
   70.0  18580  -76.1                         260     12  421.3         421.3
   66.1  18909  -77.5                         197      9  425.2         425.2
   66.0  18917  -77.5                         195      9  425.4         425.4
   63.7  19120  -77.3                         226     10  430.1         430.1
   63.0  19184  -76.0                         235     10  434.4         434.4
   61.5  19323  -73.1                         210     12  443.8         443.8
   60.0  19469  -72.2                         185     14  448.9         448.9
   57.0  19772  -70.4                         155     10  459.6         459.6
   54.3  20059  -68.7                         317      2  470.0         470.0
   54.0  20092  -68.8                         335      1  470.4         470.4
   51.9  20328  -69.9                          10      7  473.3         473.3
   51.0  20432  -69.4                          25     10  476.8         476.8
   50.0  20550  -68.9                          15      7  480.7         480.7
   49.0  20671  -68.5                         335      2  484.4         484.4
   46.0  21050  -67.4                          50      6  495.9         495.9
   45.7  21089  -67.3                          50      7  497.1         497.1
   44.8  21210  -64.5                          51     11  506.7         506.7
   42.0  21602  -66.5                          55     22  511.2         511.2
   41.7  21645  -66.7                          59     22  511.8         511.8
   38.2  22173  -67.9                         102     26  521.7         521.7
   38.0  22205  -67.6                         105     26  523.1         523.1
   35.4  22634  -64.1                         101     33  543.0         543.0
   32.4  23175  -64.1                          95     41  556.9         556.9
   30.0  23650  -60.5                          90     48  579.1         579.1
   26.0  24550  -55.3                          90     61  618.0         618.0
   25.7  24623  -54.9                          90     61  621.2         621.2
   20.0  26230  -52.5                          90     66  674.7         674.7
   19.0  26561  -53.0                          90     69  683.1         683.1
   18.8  26629  -53.1                          90     69  684.9         684.9
   18.6  26698  -52.6                          90     69  688.6         688.6
   18.0  26911  -51.0                         100     52  700.1         700.1
   17.6  27057  -49.9                                     708.1         708.1
</PRE><H3>Station information and sounding indices</H3><PRE>
                         Station identifier: WIII
                             Station number: 96749
                           Observation time: 180412/0000
                           Station latitude: -6.11
                          Station longitude: 106.65
                          Station elevation: 8.0
                            Showalter index: 1.46
                               Lifted index: -1.30
    LIFT computed using virtual temperature: -1.87
                                SWEAT index: 208.02
                                    K index: 29.00
                         Cross totals index: 19.00
                      Vertical totals index: 23.50
                        Totals totals index: 42.50
      Convective Available Potential Energy: 158.94
             CAPE using virtual temperature: 251.05
                      Convective Inhibition: -104.63
             CINS using virtual temperature: -43.11
                           Equilibrum Level: 348.01
 Equilibrum Level using virtual temperature: 343.49
                   Level of Free Convection: 618.73
             LFCT using virtual temperature: 772.82
                     Bulk Richardson Number: 46.11
          Bulk Richardson Number using CAPV: 72.84
  Temp [K] of the Lifted Condensation Level: 292.25
Pres [hPa] of the Lifted Condensation Level: 904.68
   Equivalent potential temp [K] of the LCL: 346.82
     Mean mixed layer potential temperature: 300.76
              Mean mixed layer mixing ratio: 15.68
              1000 hPa to 500 hPa thickness: 5790.00
Precipitable water [mm] for entire sounding: 46.88
</PRE>
<P>Description of the 
<A HREF="/upperair/columns.html">data columns</A>
or <A HREF="/upperair/indices.html">sounding indices</A>.

<P>
<FORM>
<INPUT CLASS="button" TYPE="button" VALUE=" Close this window " 
 onClick="window.close();">
<INPUT CLASS="button" TYPE="button" VALUE=" Select another map " 
 onClick="window.blur();">
</FORM>
<HR SIZE="1">
<I>Interested in graduate studies in atmospheric science?
Check out our program at the
<a href="http://www.uwyo.edu/atsc/howtoapply/"
target=_top>University of Wyoming
</a></I>
<HR SIZE="1"><FONT SIZE="-1">
Questions about the weather data provided by this site can be
addressed to <A HREF="mailto:ldoolman@uwyo.edu">
Larry Oolman (ldoolman@uwyo.edu)</A></FONT>
<HR SIZE="1">
<SCRIPT TYPE="text/javascript">
<!--
window.focus();
// -->
</SCRIPT>
</BODY>
</HTML>
