2018-08-01 00
<HTML>
<TITLE>University of Wyoming - Radiosonde Data</TITLE>
<BODY BGCOLOR="white">
<H2>96749 WIII Jakarta Observations at 00Z 01 Aug 2018</H2>
<PRE>
-----------------------------------------------------------------------------
   PRES   HGHT   TEMP   DWPT   RELH   MIXR   DRCT   SKNT   THTA   THTE   THTV
    hPa     m      C      C      %    g/kg    deg   knot     K      K      K 
-----------------------------------------------------------------------------
 1012.0      8   23.4   21.8     91  16.55    180      4  295.5  343.2  298.5
 1011.0     17   24.6   22.3     87  17.09    178      4  296.8  346.4  299.9
 1000.0    112   24.6   21.5     83  16.44    160      5  297.8  345.6  300.7
  994.0    165   25.2   21.3     79  16.33    146      4  298.9  346.6  301.8
  979.0    299   24.4   20.4     78  15.66    110      3  299.4  345.3  302.2
  946.0    601   22.6   18.3     77  14.23    110      3  300.5  342.4  303.0
  925.0    798   21.4   17.0     76  13.35    130      1  301.2  340.7  303.6
  883.0   1200   18.6   15.2     80  12.44    200      5  302.4  339.4  304.6
  853.0   1500   16.6   13.8     84  11.79    185      5  303.2  338.5  305.4
  850.0   1530   16.4   13.7     84  11.72    190      5  303.3  338.4  305.4
  831.0   1723   15.8   11.7     77  10.50    209      5  304.6  336.3  306.6
  815.0   1889   16.0    6.0     51   7.24    225      6  306.6  328.8  307.9
  807.0   1973   15.0    8.0     63   8.41    233      6  306.4  332.1  307.9
  795.0   2099   14.2    6.8     61   7.85    245      6  306.8  330.9  308.3
  767.0   2400   12.3    3.9     57   6.64    245      5  307.9  328.5  309.1
  740.0   2701   10.3    1.0     52   5.59    280      4  308.9  326.5  310.0
  722.0   2908    9.0   -1.0     50   4.95    280      4  309.7  325.4  310.6
  716.0   2978    8.6   -0.4     53   5.22    280      4  310.0  326.5  310.9
  715.0   2989    8.6    0.6     57   5.62    280      4  310.1  327.8  311.1
  714.0   3001    8.6   -0.6     52   5.17    280      4  310.3  326.6  311.2
  710.0   3047    8.8   -5.2     37   3.67    330      3  310.9  322.8  311.6
  706.0   3094    8.6   -3.4     43   4.23     20      3  311.2  324.8  312.0
  700.0   3165    9.2   -9.8     25   2.61     95      2  312.6  321.3  313.1
  697.0   3201    9.2  -10.8     23   2.42    119      3  313.0  321.1  313.5
  689.0   3296    9.2  -12.6     20   2.11    185      5  314.1  321.2  314.5
  684.0   3357    9.2  -13.8     18   1.93    188      5  314.7  321.3  315.1
  664.0   3600    7.5  -17.1     15   1.51    200      6  315.5  320.7  315.8
  640.0   3902    5.4  -21.3     13   1.10     95      1  316.4  320.3  316.6
  617.0   4202    3.3  -25.4     10   0.79    115      5  317.3  320.2  317.5
  614.0   4242    3.0  -26.0     10   0.75    112      6  317.4  320.2  317.6
  594.0   4508    1.8  -28.4      9   0.62     95     14  319.1  321.3  319.2
  566.0   4897    0.0  -32.0      7   0.47    105     17  321.4  323.1  321.5
  551.0   5110   -1.3  -33.5      7   0.41    110     19  322.4  323.9  322.4
  531.0   5403   -3.0  -35.5      6   0.35     90     18  323.7  325.0  323.7
  511.0   5708   -4.9  -37.7      6   0.29    100     18  325.0  326.2  325.1
  500.0   5880   -5.9  -38.9      5   0.26     90     17  325.8  326.8  325.8
  476.0   6261   -7.7  -42.7      4   0.19     88     19  328.2  328.9  328.2
  429.0   7055  -13.7  -44.7      5   0.17     83     22  330.4  331.1  330.4
  400.0   7580  -16.5  -47.5      5   0.13     80     24  333.5  334.0  333.5
  355.0   8470  -22.5  -53.5      4   0.07     74     28  337.0  337.3  337.0
  333.0   8938  -25.5  -40.5     23   0.34     70     30  339.1  340.4  339.1
  300.0   9690  -30.7  -39.7     41   0.41     65     33  342.0  343.6  342.1
  291.0   9905  -32.5  -40.3     46   0.39     65     33  342.4  344.1  342.5
  285.0  10053  -33.7  -40.7     49   0.39     68     33  342.8  344.3  342.8
  282.0  10127  -34.5  -40.5     54   0.40     70     33  342.6  344.3  342.7
  277.0  10252  -35.1  -45.1     35   0.25     73     33  343.5  344.6  343.6
  253.0  10879  -40.1  -54.1     21   0.10     88     34  345.1  345.6  345.1
  250.0  10960  -40.7                          90     34  345.4         345.4
  245.0  11094  -41.9                          90     34  345.7         345.7
  204.0  12309  -52.5                          55     35  347.4         347.4
  200.0  12440  -53.7                          55     36  347.6         347.6
  153.0  14092  -69.1                          65     49  348.9         348.9
  150.0  14210  -69.7                          65     52  349.8         349.8
  118.0  15589  -77.6                         115     45  360.1         360.1
  101.0  16483  -82.8                          90     45  366.5         366.5
  100.0  16540  -83.1                          90     46  366.9         366.9
   97.9  16658  -83.7                          95     49  368.0         368.0
   92.2  16993  -82.5                         103     49  376.7         376.7
   91.0  17069  -81.3                         105     49  380.6         380.6
   82.0  17673  -71.5                          50     19  412.0         412.0
   80.1  17809  -69.3                          27     11  419.3         419.3
   78.0  17969  -68.9                           0      1  423.3         423.3
   74.0  18286  -68.1                         250      4  431.4         431.4
   70.0  18620  -67.3                         245      3  440.1         440.1
   67.0  18884  -66.5                         160      3  447.4         447.4
   65.0  19066  -65.9                         134      9  452.6         452.6
   64.0  19160  -66.2                         120     12  453.9         453.9
   59.7  19579  -67.5                         113     18  460.1         460.1
   55.0  20074  -66.1                         105     25  474.2         474.2
   50.0  20650  -64.5                          80     39  491.1         491.1
   44.7  21336  -64.9                          87     45  506.1         506.1
   39.6  22084  -60.7                          94     52  534.5         534.5
   39.0  22179  -60.8                          95     53  536.6         536.6
   35.0  22854  -61.3                         100     59  552.2         552.2
   34.8  22889  -61.3                         100     59  553.0         553.0
   30.0  23820  -57.9                          95     61  586.2         586.2
   26.3  24655  -55.1                          83     65  616.6         616.6
   25.3  24905  -52.8                          80     66  630.2         630.2
   25.0  24982  -52.0                          80     66  634.4         634.4
   24.7  25059  -51.3                          82     63  638.7         638.7
   23.0  25522  -51.4                          95     48  651.6         651.6
   21.0  26113  -51.5                         100     26  668.5         668.5
   20.1  26398  -51.5                         100     31  676.8         676.8
   20.0  26430  -51.5                         100     32  677.8         677.8
   19.0  26765  -49.6                          90     30  693.7         693.7
   18.0  27118  -47.6                         110     23  710.9         710.9
   17.4  27339  -46.3                          80     19  721.8         721.8
   17.0  27493  -45.8                          60     16  728.4         728.4
   16.0  27895  -44.3                          30     19  745.9         745.9
   15.0  28322  -45.6                         330     24  755.4         755.4
   14.0  28778  -47.0                         295     34  765.7         765.7
   13.8  28874  -47.3                         299     30  767.9         767.9
   13.0  29270  -44.6                         315     15  790.3         790.3
   12.4  29584  -42.5                         283     16  808.5         808.5
   12.0  29805  -42.2                         260     17  817.2         817.2
   11.1  30329  -41.5                         282     26  838.1         838.1
   11.0  30390  -41.7                         285     27  839.7         839.7
   10.0  31030  -43.3                         285     19  856.8         856.8
    9.0  31736  -44.7                         305     24  877.6         877.6
    8.6  32040  -45.3                                     886.7         886.7
</PRE><H3>Station information and sounding indices</H3><PRE>
                         Station identifier: WIII
                             Station number: 96749
                           Observation time: 180801/0000
                           Station latitude: -6.11
                          Station longitude: 106.65
                          Station elevation: 8.0
                            Showalter index: 1.67
                               Lifted index: -1.07
    LIFT computed using virtual temperature: -1.89
                                SWEAT index: 191.38
                                    K index: 17.00
                         Cross totals index: 19.60
                      Vertical totals index: 22.30
                        Totals totals index: 41.90
      Convective Available Potential Energy: 198.82
             CAPE using virtual temperature: 400.02
                      Convective Inhibition: -39.46
             CINS using virtual temperature: -27.69
                           Equilibrum Level: 316.06
 Equilibrum Level using virtual temperature: 312.22
                   Level of Free Convection: 850.98
             LFCT using virtual temperature: 866.30
                     Bulk Richardson Number: 2520.15
          Bulk Richardson Number using CAPV: 5070.37
  Temp [K] of the Lifted Condensation Level: 292.93
Pres [hPa] of the Lifted Condensation Level: 932.28
   Equivalent potential temp [K] of the LCL: 345.15
     Mean mixed layer potential temperature: 298.87
              Mean mixed layer mixing ratio: 15.86
              1000 hPa to 500 hPa thickness: 5768.00
Precipitable water [mm] for entire sounding: 36.35
</PRE>
<P>Description of the 
<A HREF="/upperair/columns.html">data columns</A>
or <A HREF="/upperair/indices.html">sounding indices</A>.

<P>
<FORM>
<INPUT CLASS="button" TYPE="button" VALUE=" Close this window " 
 onClick="window.close();">
<INPUT CLASS="button" TYPE="button" VALUE=" Select another map " 
 onClick="window.blur();">
</FORM>
<HR SIZE="1">
<I>Interested in graduate studies in atmospheric science?
Check out our program at the
<a href="http://www.uwyo.edu/atsc/howtoapply/"
target=_top>University of Wyoming
</a></I>
<HR SIZE="1"><FONT SIZE="-1">
Questions about the weather data provided by this site can be
addressed to <A HREF="mailto:ldoolman@uwyo.edu">
Larry Oolman (ldoolman@uwyo.edu)</A></FONT>
<HR SIZE="1">
<SCRIPT TYPE="text/javascript">
<!--
window.focus();
// -->
</SCRIPT>
</BODY>
</HTML>
