2019-09-11 12
<HTML>
<TITLE>University of Wyoming - Radiosonde Data</TITLE>
<BODY BGCOLOR="white">
<H2>96749 WIII Jakarta Observations at 00Z 11 Sep 2019</H2>
<PRE>
-----------------------------------------------------------------------------
   PRES   HGHT   TEMP   DWPT   RELH   MIXR   DRCT   SKNT   THTA   THTE   THTV
    hPa     m      C      C      %    g/kg    deg   knot     K      K      K 
-----------------------------------------------------------------------------
 1013.0      8   23.2   18.2     73  13.15     90      9  295.3  333.2  297.6
 1011.0     25   22.8   17.8     73  12.85    103      8  295.0  332.1  297.3
 1000.0    120   23.4   18.5     74  13.59    175      4  296.6  335.9  299.0
  992.0    190   24.2   18.2     69  13.44    163      5  298.0  337.3  300.4
  975.0    342   24.0   17.0     65  12.66    138      8  299.3  336.5  301.6
  953.0    541   22.8   14.8     61  11.22    104     12  300.1  333.2  302.1
  947.0    596   23.1   12.9     52   9.94     95     13  300.9  330.5  302.7
  937.0    689   23.6    9.6     41   8.07     93     14  302.3  326.6  303.8
  925.0    801   23.0   10.0     44   8.40     90     16  302.8  328.1  304.4
  886.0   1173   20.4   10.4     53   9.01     87     21  303.9  331.1  305.5
  869.0   1339   20.8    7.8     43   7.69     86     23  306.0  329.6  307.4
  850.0   1529   19.4    3.4     35   5.78     85     25  306.4  324.4  307.5
  795.0   2100   14.9   -0.3     35   4.72     85     23  307.6  322.4  308.4
  780.0   2262   13.6   -1.4     35   4.45     92     22  307.9  321.9  308.7
  769.0   2382   12.6   -1.4     38   4.51     97     22  308.0  322.3  308.9
  759.0   2492   13.2  -10.8     18   2.22    102     21  309.8  317.2  310.2
  714.0   3002    9.5  -11.4     22   2.25    125     19  311.2  318.7  311.6
  701.0   3155    8.4  -11.6     23   2.26    125     19  311.6  319.1  312.1
  700.0   3167    8.4  -13.6     20   1.92    125     19  311.8  318.2  312.1
  672.0   3502    7.8  -14.2     19   1.91    106     19  314.7  321.2  315.1
  664.0   3599    7.1  -14.4     20   1.89    100     19  315.0  321.5  315.4
  588.0   4582    0.0  -17.0     27   1.73    145     18  317.9  323.9  318.2
  572.0   4800   -1.4  -16.8     30   1.80    155     18  318.8  325.0  319.1
  558.0   4997   -2.7  -16.7     33   1.87    130     14  319.5  326.0  319.9
  532.0   5373   -2.9  -20.9     24   1.37     82      7  323.6  328.5  323.9
  531.0   5388   -3.0  -21.1     23   1.35     80      7  323.7  328.6  324.0
  500.0   5860   -5.5  -26.5     17   0.88    110      6  326.3  329.5  326.4
  473.0   6292   -8.0  -31.9     13   0.56    155      4  328.4  330.5  328.5
  446.0   6750  -10.7  -37.7      9   0.34    155      5  330.6  331.9  330.6
  404.0   7504  -15.8  -36.4     15   0.42    155      7  333.4  335.1  333.5
  400.0   7580  -16.3  -36.3     16   0.43    130      7  333.7  335.4  333.8
  388.0   7809  -17.3  -37.3     16   0.40     75     12  335.3  336.9  335.4
  386.0   7848  -17.5  -37.5     16   0.40     77     12  335.6  337.1  335.6
  330.0   9006  -26.2  -43.3     18   0.25    135     16  339.0  340.1  339.1
  328.0   9051  -26.5  -43.5     19   0.25    133     16  339.2  340.2  339.2
  300.0   9690  -32.3  -45.3     26   0.22    110     14  339.7  340.7  339.8
  291.0   9902  -34.4  -46.2     29   0.21    105     17  339.7  340.5  339.7
  285.0  10047  -35.9  -46.9     31   0.20     96     21  339.6  340.4  339.6
  260.0  10675  -40.1  -49.1     38   0.17     58     38  342.4  343.2  342.5
  255.0  10806  -40.9                          50     42  343.2         343.2
  250.0  10940  -41.7                          50     45  343.9         343.9
  213.0  12002  -49.6                          70     33  347.8         347.8
  200.0  12420  -52.7                          95     24  349.1         349.1
  186.0  12872  -56.8                         110     29  349.8         349.8
  159.0  13850  -65.7                         106     28  350.8         350.8
  153.0  14081  -67.4                         105     28  351.8         351.8
  150.0  14200  -68.3                         100     28  352.2         352.2
  131.0  14988  -72.6                          70     33  358.5         358.5
  125.0  15261  -74.1                          60     19  360.6         360.6
  118.0  15597  -75.9                          65     11  363.3         363.3
  112.0  15900  -77.5                         115     13  365.7         365.7
  101.0  16502  -80.8                         105     18  370.3         370.3
  100.0  16560  -81.1                         110     18  370.8         370.8
   96.9  16737  -81.5                         120     18  373.4         373.4
   93.3  16952  -77.7                         134     16  384.9         384.9
   82.0  17697  -75.5                         180      7  403.9         403.9
   78.0  17986  -74.7                         270      4  411.4         411.4
   76.4  18105  -74.3                         256      5  414.6         414.6
   74.0  18293  -72.3                         235      6  422.5         422.5
   72.5  18413  -71.1                         233      7  427.6         427.6
   70.0  18620  -72.1                         230      9  429.8         429.8
   67.0  18878  -72.3                         200      9  434.8         434.8
   63.0  19240  -72.5                         205     11  442.0         442.0
   60.0  19527  -72.7                         140      6  447.8         447.8
   57.4  19787  -72.9                         149      3  453.1         453.1
   57.0  19828  -72.9                         150      3  453.9         453.9
   54.0  20145  -73.1                         220      7  460.6         460.6
   53.8  20167  -73.1                         219      7  461.1         461.1
   50.0  20600  -70.1                         200     14  477.9         477.9
   49.0  20721  -68.8                         200     12  483.6         483.6
   46.3  21061  -65.3                         217     13  500.1         500.1
   42.0  21656  -64.2                         245     16  517.0         517.0
   39.6  22015  -63.5                         264     21  527.4         527.4
   37.0  22427  -64.5                         285     26  535.3         535.3
   31.6  23386  -66.7                         262     27  554.0         554.0
   30.0  23700  -66.3                         255     27  563.3         563.3
   29.0  23906  -65.9                         250     28  569.9         569.9
   27.0  24340  -65.1                         221     21  583.9         583.9
   26.0  24571  -62.3                         205     17  598.2         598.2
   24.0  25070  -60.6                         200      9  616.8         616.8
   22.0  25613  -58.9                         185     10  637.7         637.7
   21.2  25844  -58.1                         281      5  646.7         646.7
   21.0  25903  -58.2                         305      4  648.3         648.3
   20.0  26210  -58.5                         260      8  656.4         656.4
   19.0  26532  -58.7                         245     10  665.4         665.4
   18.2  26802  -58.9                         205      8  673.0         673.0
   18.0  26871  -58.9                         195      7  675.3         675.3
   17.0  27230  -58.6                         140      5  687.3         687.3
   15.9  27650  -58.3                         103      9  701.5         701.5
   15.0  28020  -55.8                          70     13  721.6         721.6
   14.7  28148  -54.9                          58     17  728.8         728.8
   14.0  28459  -55.5                          30     25  736.8         736.8
   13.4  28738  -56.1                                     744.2         744.2
</PRE><H3>Station information and sounding indices</H3><PRE>
                         Station identifier: WIII
                             Station number: 96749
                           Observation time: 190911/0000
                           Station latitude: -6.11
                          Station longitude: 106.65
                          Station elevation: 8.0
                            Showalter index: 8.61
                               Lifted index: 3.32
    LIFT computed using virtual temperature: 2.83
                                SWEAT index: 96.80
                                    K index: 6.30
                         Cross totals index: 8.90
                      Vertical totals index: 24.90
                        Totals totals index: 33.80
      Convective Available Potential Energy: 0.00
             CAPE using virtual temperature: 0.00
                      Convective Inhibition: 0.00
             CINS using virtual temperature: 0.00
                     Bulk Richardson Number: 0.00
          Bulk Richardson Number using CAPV: 0.00
  Temp [K] of the Lifted Condensation Level: 289.02
Pres [hPa] of the Lifted Condensation Level: 897.61
   Equivalent potential temp [K] of the LCL: 335.42
     Mean mixed layer potential temperature: 298.10
              Mean mixed layer mixing ratio: 12.82
              1000 hPa to 500 hPa thickness: 5740.00
Precipitable water [mm] for entire sounding: 26.76
</PRE>
<P>Description of the 
<A HREF="/upperair/columns.html">data columns</A>
or <A HREF="/upperair/indices.html">sounding indices</A>.

<P>
<FORM>
<INPUT CLASS="button" TYPE="button" VALUE=" Close this window " 
 onClick="window.close();">
<INPUT CLASS="button" TYPE="button" VALUE=" Select another map " 
 onClick="window.blur();">
</FORM>
<HR SIZE="1">
<I>Interested in graduate studies in atmospheric science?
Check out our program at the
<a href="http://www.uwyo.edu/atsc/howtoapply/"
target=_top>University of Wyoming
</a></I>
<HR SIZE="1"><FONT SIZE="-1">
Questions about the weather data provided by this site can be
addressed to <A HREF="mailto:ldoolman@uwyo.edu">
Larry Oolman (ldoolman@uwyo.edu)</A></FONT>
<HR SIZE="1">
<SCRIPT TYPE="text/javascript">
<!--
window.focus();
// -->
</SCRIPT>
</BODY>
</HTML>
