2019-09-29 12
<HTML>
<TITLE>University of Wyoming - Radiosonde Data</TITLE>
<BODY BGCOLOR="white">
<H2>96749 WIII Jakarta Observations at 00Z 29 Sep 2019</H2>
<PRE>
-----------------------------------------------------------------------------
   PRES   HGHT   TEMP   DWPT   RELH   MIXR   DRCT   SKNT   THTA   THTE   THTV
    hPa     m      C      C      %    g/kg    deg   knot     K      K      K 
-----------------------------------------------------------------------------
 1012.0      8   25.2   21.7     81  16.44    190      2  297.3  345.1  300.3
 1000.0    119   24.6   20.2     77  15.14    160      4  297.8  341.8  300.4
  987.0    234   25.0   20.4     76  15.54    138      5  299.3  344.8  302.1
  979.0    304   24.5   20.1     76  15.34    125      5  299.4  344.4  302.2
  946.0    603   22.2   18.6     80  14.50     95      9  300.1  342.8  302.7
  925.0    798   20.8   17.7     82  13.97     95     10  300.6  341.8  303.1
  918.0    864   20.2   17.5     84  13.90     95     10  300.6  341.6  303.1
  852.0   1504   17.3   13.8     80  11.79    100     12  304.0  339.4  306.2
  850.0   1524   17.2   13.7     80  11.72     95     13  304.1  339.3  306.3
  797.0   2072   14.4    9.7     73   9.57     71     19  306.8  336.0  308.6
  794.0   2104   14.3    8.1     67   8.63     70     19  307.0  333.4  308.6
  788.0   2168   14.0    5.0     55   6.99     69     18  307.4  329.0  308.7
  760.0   2472   11.8    6.8     71   8.22     67     15  308.2  333.5  309.7
  740.0   2694   10.2    4.4     68   7.16     65     13  308.8  331.0  310.1
  733.0   2774    9.6    3.6     66   6.81     69     14  309.0  330.2  310.3
  700.0   3156    9.2    0.2     53   5.58     90     16  312.6  330.4  313.7
  687.0   3311    8.8   -2.2     46   4.76     90     17  313.9  329.2  314.8
  678.0   3420    9.0  -13.0     20   2.08     90     18  315.3  322.4  315.7
  663.0   3603    7.4  -12.2     23   2.27     90     20  315.5  323.2  316.0
  616.0   4202    2.3   -9.7     41   2.98     95     17  316.3  326.3  316.9
  610.0   4282    1.6   -9.4     44   3.09    106     19  316.4  326.7  317.0
  597.0   4456    3.8  -32.2      5   0.43    129     24  320.9  322.6  321.0
  594.0   4496    3.5  -31.7      6   0.46    135     25  321.1  322.8  321.2
  553.0   5072    0.0  -25.0     13   0.91    140     28  323.5  326.9  323.7
  551.0   5101   -0.2  -25.1     13   0.91    140     28  323.7  327.0  323.8
  500.0   5870   -4.7  -27.7     15   0.79    120     14  327.2  330.2  327.4
  494.0   5965   -4.9  -34.9      7   0.40    118     15  328.1  329.7  328.2
  474.0   6284   -7.1  -36.9      7   0.34    110     18  329.3  330.7  329.4
  421.0   7199  -13.4  -42.5      7   0.22    105     13  332.6  333.5  332.7
  409.0   7422  -14.9  -43.9      6   0.19     94     15  333.4  334.2  333.4
  405.0   7496  -15.5  -44.1      7   0.19     90     16  333.6  334.3  333.6
  400.0   7590  -16.3  -44.3      7   0.19     95     16  333.7  334.5  333.8
  366.0   8251  -22.1  -39.1     20   0.35     83     18  334.6  336.0  334.6
  359.0   8393  -22.8  -38.6     22   0.38     80     19  335.5  337.0  335.6
  348.0   8621  -23.9  -37.9     26   0.42     74     17  337.0  338.7  337.1
  342.0   8748  -24.1  -43.1     16   0.25     71     16  338.4  339.4  338.4
  304.0   9595  -30.8  -46.2     21   0.20     50      7  340.6  341.5  340.7
  300.0   9690  -31.5  -46.5     21   0.20     45      5  340.9  341.7  340.9
  291.0   9901  -33.2  -48.6     20   0.16    285      3  341.4  342.1  341.4
  279.0  10193  -35.6  -51.6     18   0.12    240      9  342.1  342.6  342.1
  267.0  10498  -38.1  -54.7     16   0.09    235     11  342.7  343.1  342.7
  258.0  10736  -40.1  -57.1     15   0.07    261      8  343.2  343.5  343.2
  250.0  10950  -41.9                         285      6  343.6         343.6
  234.0  11386  -45.4                         325      8  344.9         344.9
  213.0  12005  -50.4                         340     14  346.6         346.6
  200.0  12420  -53.7                         315     11  347.6         347.6
  186.0  12872  -57.4                         305     10  348.8         348.8
  168.0  13505  -62.7                         325     13  350.4         350.4
  150.0  14210  -68.5                         320     11  351.9         351.9
  145.0  14410  -70.1                         330      9  352.5         352.5
  138.0  14701  -72.5                           0      9  353.4         353.4
  135.0  14831  -73.5                           9     10  353.8         353.8
  125.0  15272  -75.6                          40     13  357.9         357.9
  118.0  15602  -77.2                          15      9  360.9         360.9
  109.0  16057  -79.3                          60     26  365.2         365.2
  107.0  16162  -77.7                          67     25  370.1         370.1
  106.0  16216  -76.1                          70     25  374.2         374.2
  101.0  16493  -76.3                         105      9  379.0         379.0
  100.0  16550  -76.3                         110      8  380.1         380.1
   96.0  16784  -77.2                         295      1  382.7         382.7
   86.0  17414  -79.8                         260     21  389.8         389.8
   84.8  17495  -80.1                         261     20  390.7         390.7
   78.1  17964  -78.7                         266     17  402.9         402.9
   74.0  18276  -75.3                         270     14  416.2         416.2
   72.1  18427  -73.7                         263     14  422.8         422.8
   70.0  18600  -73.7                         255     13  426.4         426.4
   67.0  18857  -73.6                         275     13  432.0         432.0
   63.0  19217  -73.5                         255     14  439.9         439.9
   58.4  19661  -73.3                         259     22  449.9         449.9
   57.0  19805  -72.7                         260     24  454.4         454.4
   52.0  20348  -70.6                         265     19  471.4         471.4
   50.0  20580  -69.7                         280     18  478.8         478.8
   47.3  20913  -66.5                         298     19  494.1         494.1
   47.0  20951  -66.7                         300     19  494.7         494.7
   44.6  21267  -67.9                         304     23  499.1         499.1
   44.0  21349  -66.5                         305     24  504.4         504.4
   43.3  21446  -64.9                         302     25  510.7         510.7
   36.0  22567  -65.7                         265     35  536.3         536.3
   34.3  22861  -65.9                         254     28  543.2         543.2
   33.0  23096  -65.3                         245     22  550.8         550.8
   31.7  23340  -64.7                         268     19  558.8         558.8
   30.5  23578  -61.3                         290     17  574.2         574.2
   30.0  23680  -61.3                         300     16  577.0         577.0
   29.2  23847  -62.1                         320     15  579.2         579.2
   29.0  23890  -61.9                         325     15  580.9         580.9
   26.0  24570  -58.7                         310     35  608.4         608.4
   25.3  24740  -57.9                         301     33  615.5         615.5
   23.2  25282  -60.1                         272     27  624.4         624.4
   22.0  25614  -59.3                         255     23  636.3         636.3
   20.0  26210  -57.9                         155     15  658.2         658.2
   19.0  26534  -57.3                         145     14  669.7         669.7
   17.6  27018  -56.5                         109     18  687.1         687.1
   16.0  27629  -52.1                          65     24  720.4         720.4
   15.1  28005  -50.3                          29     28  738.4         738.4
   15.0  28048  -50.4                          25     28  739.6         739.6
   14.0  28495  -51.2                          35     23  751.5         751.5
   13.0  28975  -52.1                          90     12  764.6         764.6
   11.5  29769  -53.5                          90     41  786.7         786.7
   11.0  30057  -51.2                          90     51  804.9         804.9
   10.5  30360  -48.9                                     824.3         824.3
</PRE><H3>Station information and sounding indices</H3><PRE>
                         Station identifier: WIII
                             Station number: 96749
                           Observation time: 190929/0000
                           Station latitude: -6.11
                          Station longitude: 106.65
                          Station elevation: 8.0
                            Showalter index: 2.47
                               Lifted index: 0.70
    LIFT computed using virtual temperature: -0.00
                                SWEAT index: 204.40
                                    K index: 26.60
                         Cross totals index: 18.40
                      Vertical totals index: 21.90
                        Totals totals index: 40.30
      Convective Available Potential Energy: 54.08
             CAPE using virtual temperature: 119.96
                      Convective Inhibition: -67.70
             CINS using virtual temperature: -45.59
                           Equilibrum Level: 344.96
 Equilibrum Level using virtual temperature: 343.48
                   Level of Free Convection: 761.65
             LFCT using virtual temperature: 791.16
                     Bulk Richardson Number: 3.95
          Bulk Richardson Number using CAPV: 8.77
  Temp [K] of the Lifted Condensation Level: 292.28
Pres [hPa] of the Lifted Condensation Level: 924.82
   Equivalent potential temp [K] of the LCL: 343.67
     Mean mixed layer potential temperature: 298.89
              Mean mixed layer mixing ratio: 15.33
              1000 hPa to 500 hPa thickness: 5751.00
Precipitable water [mm] for entire sounding: 40.41
</PRE>
<P>Description of the 
<A HREF="/upperair/columns.html">data columns</A>
or <A HREF="/upperair/indices.html">sounding indices</A>.

<P>
<FORM>
<INPUT CLASS="button" TYPE="button" VALUE=" Close this window " 
 onClick="window.close();">
<INPUT CLASS="button" TYPE="button" VALUE=" Select another map " 
 onClick="window.blur();">
</FORM>
<HR SIZE="1">
<I>Interested in graduate studies in atmospheric science?
Check out our program at the
<a href="http://www.uwyo.edu/atsc/howtoapply/"
target=_top>University of Wyoming
</a></I>
<HR SIZE="1"><FONT SIZE="-1">
Questions about the weather data provided by this site can be
addressed to <A HREF="mailto:ldoolman@uwyo.edu">
Larry Oolman (ldoolman@uwyo.edu)</A></FONT>
<HR SIZE="1">
<SCRIPT TYPE="text/javascript">
<!--
window.focus();
// -->
</SCRIPT>
</BODY>
</HTML>
