2021-04-29 12
<HTML>
<TITLE>University of Wyoming - Radiosonde Data</TITLE>
<BODY BGCOLOR="white">
<H2>96749 WIII Jakarta Observations at 00Z 29 Apr 2021</H2>
<PRE>
-----------------------------------------------------------------------------
   PRES   HGHT   TEMP   DWPT   RELH   MIXR   DRCT   SKNT   THTA   THTE   THTV
    hPa     m      C      C      %    g/kg    deg   knot     K      K      K 
-----------------------------------------------------------------------------
 1012.0      8   23.8   22.7     94  17.50    200      2  295.9  346.5  299.0
 1011.0     16   25.2   23.0     88  17.85    188      2  297.4  349.3  300.6
 1000.0    110   26.0   21.7     77  16.64     60      3  299.1  347.9  302.1
  996.0    146   26.0   21.8     78  16.82     61      4  299.5  348.8  302.5
  979.0    297   25.2   20.9     77  16.21     65      9  300.2  347.9  303.1
  946.0    599   23.6   19.2     76  15.06     45      8  301.5  346.1  304.2
  925.0    797   22.6   18.1     76  14.34     45      6  302.4  345.0  305.0
  883.0   1200   20.1   16.9     82  13.90     85      3  303.8  345.4  306.4
  850.0   1530   18.0   15.9     88  13.55    160      1  305.0  345.7  307.5
  823.0   1804   16.2   14.4     89  12.72    200      3  306.0  344.4  308.3
  795.0   2098   14.4   12.9     91  11.88    210      4  307.0  343.1  309.2
  767.0   2403   12.4   11.3     93  11.05    260      7  308.1  341.8  310.1
  761.0   2470   12.0   10.9     93  10.87    255      6  308.3  341.5  310.3
  740.0   2704   11.1    9.1     87   9.87    235      4  309.8  340.2  311.7
  714.0   3003   10.0    6.7     80   8.70     15      2  311.8  338.9  313.4
  700.0   3168    9.4    5.4     76   8.10    340      2  312.9  338.3  314.4
  689.0   3299    8.9    4.8     75   7.89    355      2  313.8  338.7  315.3
  676.0   3457    8.4    4.1     74   7.65    351      2  314.9  339.2  316.3
  659.0   3667    7.4    0.4     61   6.01    346      1  316.1  335.4  317.2
  649.0   3793    7.0   -5.0     42   4.08    343      1  317.0  330.4  317.8
  646.0   3831    7.0  -10.0     29   2.78    342      1  317.4  326.8  317.9
  641.0   3895    6.3   -4.0     48   4.46    340      1  317.4  332.0  318.2
  640.0   3908    6.2   -2.8     53   4.89    344      1  317.3  333.3  318.3
  630.0   4037    5.4   -3.6     52   4.68     23      3  317.9  333.2  318.8
  622.0   4141    5.6  -14.4     22   2.03     55      4  319.2  326.2  319.6
  617.0   4207    5.1   -8.7     36   3.24     75      5  319.4  330.3  320.0
  614.0   4247    4.8   -5.2     48   4.25     71      5  319.5  333.6  320.3
  610.0   4300    4.4   -7.6     41   3.56     66      6  319.6  331.6  320.3
  603.0   4394    3.4   -1.3     71   5.80     56      7  319.6  338.5  320.7
  596.0   4488    2.8   -3.2     65   5.10     47      7  319.9  336.7  320.9
  592.0   4543    3.0  -12.0     32   2.59     41      8  320.8  329.6  321.3
  589.0   4584    2.6   -6.4     52   4.04     37      8  320.8  334.3  321.6
  577.0   4750    1.6   -5.4     60   4.46     21     10  321.5  336.3  322.4
  574.0   4792    1.8  -11.2     37   2.85     16     10  322.2  331.9  322.8
  573.0   4806    1.7  -11.0     38   2.90     15     10  322.3  332.2  322.8
  555.0   5062    0.0   -7.0     59   4.10     11     10  323.2  337.0  324.0
  552.0   5106   -0.3   -7.0     61   4.12     10     10  323.4  337.2  324.2
  532.0   5400   -2.2   -6.9     70   4.31     20      7  324.5  339.0  325.3
  529.0   5445   -2.5   -6.9     72   4.33     20      8  324.6  339.3  325.5
  512.0   5703   -4.0  -10.5     61   3.38     20     11  325.9  337.5  326.5
  500.0   5890   -5.1  -13.1     53   2.80     30     12  326.8  336.5  327.3
  497.0   5938   -5.3  -13.3     53   2.77     33     12  327.1  336.7  327.6
  482.0   6179   -5.9  -21.9     27   1.38     46     13  329.2  334.3  329.5
  459.0   6562   -8.9  -18.9     44   1.88     68     15  330.1  336.9  330.5
  457.0   6595   -9.1  -19.0     44   1.87     70     15  330.3  337.0  330.6
  439.0   6906  -10.8  -20.2     46   1.76     70     15  331.9  338.3  332.3
  426.0   7139  -12.1  -21.1     47   1.68     58     13  333.1  339.3  333.5
  417.0   7303  -12.9  -23.9     39   1.34     50     11  334.1  339.1  334.4
  406.0   7506  -14.4  -24.2     44   1.34     40      9  334.7  339.7  335.0
  400.0   7620  -15.3  -24.3     46   1.35     45      9  335.0  340.0  335.3
  360.0   8399  -21.1  -28.1     53   1.05     90      7  337.5  341.5  337.7
  341.0   8799  -24.1  -30.1     58   0.93     63      4  338.7  342.2  338.9
  332.0   8993  -25.0  -32.3     51   0.77     50      3  340.0  343.0  340.2
  320.0   9259  -26.3  -35.3     42   0.60    106      3  341.8  344.2  342.0
  318.0   9304  -26.6  -35.8     42   0.57    115      3  342.0  344.2  342.1
  305.0   9602  -29.0  -39.5     36   0.41     95      7  342.8  344.5  342.9
  300.0   9720  -29.9  -40.9     34   0.36    110      7  343.1  344.6  343.2
  295.0   9840  -31.1  -42.1     33   0.32    118      7  343.1  344.4  343.1
  286.0  10061  -32.7  -53.7     10   0.09    132      7  343.8  344.2  343.9
  275.0  10338  -34.9  -56.9      9   0.06    149      8  344.5  344.8  344.5
  269.0  10493  -36.5  -47.5     31   0.20    159      8  344.4  345.2  344.4
  257.0  10809  -39.2  -49.6     32   0.16    180      8  344.9  345.6  344.9
  250.0  11000  -40.9  -50.9     33   0.14    165      8  345.1  345.8  345.1
  246.0  11109  -41.9  -51.1     36   0.14    155      7  345.3  345.9  345.3
  245.0  11136  -42.1  -51.1     37   0.14    149      7  345.3  345.9  345.4
  237.0  11359  -43.5  -56.5     22   0.08     98      5  346.5  346.9  346.5
  235.0  11414  -44.0  -57.0     22   0.07     85      5  346.6  346.9  346.6
  225.0  11699  -46.5  -59.8     21   0.05     95      5  347.1  347.3  347.1
  215.0  11997  -49.1  -62.7     19   0.04      0      4  347.6  347.7  347.6
  205.0  12308  -51.9  -65.7     17   0.03     25      3  348.0  348.1  348.0
  200.0  12470  -53.3  -67.3     17   0.02     30      2  348.2  348.3  348.2
  196.0  12598  -54.4  -68.3     17   0.02    230      1  348.5  348.6  348.5
  187.0  12894  -56.9  -70.5     16   0.02    195      3  349.1  349.1  349.1
  170.0  13496  -62.1  -75.1     16   0.01    305      3  350.1  350.2  350.1
  162.0  13790  -64.3  -76.6     17   0.01     65      1  351.2  351.3  351.2
  154.0  14099  -66.7  -78.1     19   0.01    100      2  352.4  352.4  352.4
  150.0  14260  -67.9  -78.9     19   0.01     75      5  352.9  353.0  352.9
  146.0  14421  -69.4  -78.7     25   0.01     20      5  353.1  353.1  353.1
  143.0  14545  -70.5  -78.5     30   0.01     18      5  353.2  353.3  353.2
  132.0  15004  -73.8  -82.3     26   0.00     10      4  355.5  355.5  355.5
  119.0  15597  -78.1  -87.2     22   0.00    105      3  358.3  358.3  358.3
  113.0  15894  -80.3  -89.7     20   0.00     70      3  359.6  359.6  359.6
  107.0  16206  -82.5  -92.2     18   0.00    175      6  361.0  361.0  361.0
  102.0  16480  -84.5  -94.5     16   0.00                362.2  362.2  362.2
</PRE><H3>Station information and sounding indices</H3><PRE>
                         Station identifier: WIII
                             Station number: 96749
                           Observation time: 210429/0000
                           Station latitude: -6.11
                          Station longitude: 106.65
                          Station elevation: 8.0
                            Showalter index: -0.46
                               Lifted index: -1.27
    LIFT computed using virtual temperature: -1.76
                                SWEAT index: 204.79
                                    K index: 35.00
                         Cross totals index: 21.00
                      Vertical totals index: 23.10
                        Totals totals index: 44.10
      Convective Available Potential Energy: 253.97
             CAPE using virtual temperature: 374.92
                      Convective Inhibition: -66.29
             CINS using virtual temperature: -54.68
                           Equilibrum Level: 237.90
 Equilibrum Level using virtual temperature: 237.40
                   Level of Free Convection: 807.84
             LFCT using virtual temperature: 818.58
                     Bulk Richardson Number: 140.90
          Bulk Richardson Number using CAPV: 208.01
  Temp [K] of the Lifted Condensation Level: 293.38
Pres [hPa] of the Lifted Condensation Level: 927.49
   Equivalent potential temp [K] of the LCL: 347.83
     Mean mixed layer potential temperature: 299.77
              Mean mixed layer mixing ratio: 16.40
              1000 hPa to 500 hPa thickness: 5780.00
Precipitable water [mm] for entire sounding: 54.09
</PRE>
<P>Description of the 
<A HREF="/upperair/columns.html">data columns</A>
or <A HREF="/upperair/indices.html">sounding indices</A>.

<P>
<FORM>
<INPUT CLASS="button" TYPE="button" VALUE=" Close this window " 
 onClick="window.close();">
<INPUT CLASS="button" TYPE="button" VALUE=" Select another map " 
 onClick="window.blur();">
</FORM>
<HR SIZE="1">
<I>Interested in graduate studies in atmospheric science?
Check out our program at the
<a href="http://www.uwyo.edu/atsc/howtoapply/"
target=_top>University of Wyoming
</a></I>
<HR SIZE="1"><FONT SIZE="-1">
Questions about the weather data provided by this site can be
addressed to <A HREF="mailto:ldoolman@uwyo.edu">
Larry Oolman (ldoolman@uwyo.edu)</A></FONT>
<HR SIZE="1">
<SCRIPT TYPE="text/javascript">
<!--
window.focus();
// -->
</SCRIPT>
</BODY>
</HTML>
