2017-09-12 12
<HTML>
<TITLE>University of Wyoming - Radiosonde Data</TITLE>
<BODY BGCOLOR="white">
<H2>96749 WIII Jakarta Observations at 00Z 12 Sep 2017</H2>
<PRE>
-----------------------------------------------------------------------------
   PRES   HGHT   TEMP   DWPT   RELH   MIXR   DRCT   SKNT   THTA   THTE   THTV
    hPa     m      C      C      %    g/kg    deg   knot     K      K      K 
-----------------------------------------------------------------------------
 1011.0      8   26.0   23.6     87  18.53    200      5  298.2  352.3  301.5
 1000.0    108   25.6   21.5     78  16.44    185      5  298.8  346.8  301.7
  978.0    301   24.5   20.4     78  15.65    300      1  299.5  345.4  302.3
  945.0    599   22.7   18.6     78  14.48      0      4  300.7  343.4  303.3
  925.0    785   21.6   17.5     77  13.79     25      4  301.4  342.2  303.9
  918.0    851   21.2   16.2     73  12.78     25      5  301.6  339.5  303.9
  913.0    898   20.9   16.1     74  12.74     25      5  301.8  339.6  304.1
  882.0   1195   18.6   15.3     81  12.52     15      5  302.4  339.7  304.7
  857.0   1442   16.8   14.6     87  12.34    242      3  303.0  339.8  305.3
  851.0   1502   16.5   14.3     87  12.15    210      2  303.3  339.6  305.5
  850.0   1512   16.4   14.2     87  12.12    205      2  303.3  339.5  305.5
  822.0   1798   15.4   10.2     71   9.57     85      6  305.2  334.1  306.9
  806.0   1966   14.8    7.8     63   8.30     90     10  306.2  331.6  307.8
  779.0   2256   15.6   -7.4     20   2.83     98     16  310.1  319.4  310.6
  713.0   2999    9.6  -10.1     24   2.51    120     32  311.5  319.8  312.0
  700.0   3153    8.4  -10.6     25   2.45    120     31  311.8  319.9  312.2
  670.0   3512    5.6  -16.4     19   1.59    128     24  312.5  318.0  312.8
  663.0   3598    7.3  -25.1      8   0.75    130     22  315.4  318.2  315.6
  662.0   3611    7.6  -26.4      7   0.67    130     22  315.9  318.3  316.0
  644.0   3837    6.8  -31.2      5   0.44    124     18  317.5  319.1  317.5
  616.0   4196    4.9  -33.4      4   0.37    115     12  319.3  320.7  319.4
  572.0   4796    1.7  -37.1      4   0.28    100     18  322.4  323.5  322.5
  550.0   5113    0.0  -39.0      3   0.24    118     19  324.0  325.0  324.1
  531.0   5393   -1.3  -39.9      3   0.23    135     19  325.7  326.6  325.8
  506.0   5776   -3.1  -41.1      3   0.21    115     13  328.1  328.9  328.1
  500.0   5870   -3.7  -39.7      4   0.24    110     11  328.5  329.4  328.5
  474.0   6287   -7.5  -39.3      6   0.27     95     15  328.9  329.9  328.9
  463.0   6470   -9.1  -39.1      7   0.28    101     14  329.0  330.1  329.1
  455.0   6604   -9.5  -40.7      6   0.24    105     14  330.2  331.2  330.2
  438.0   6897  -10.3  -44.0      4   0.18     85      9  332.8  333.5  332.8
  430.0   7039  -10.7  -45.7      4   0.15    108      9  334.0  334.6  334.1
  421.0   7200  -11.8  -46.8      4   0.14    135      9  334.6  335.2  334.6
  405.0   7495  -13.8  -48.9      3   0.11    150     14  335.7  336.2  335.7
  400.0   7590  -14.5  -49.5      3   0.10    145     13  336.1  336.5  336.1
  374.0   8086  -17.7  -52.5      3   0.08    110      8  338.3  338.6  338.3
  344.0   8702  -21.8  -56.1      3   0.06    105     15  341.0  341.2  341.0
  317.0   9305  -25.7  -59.7      3   0.04     85     17  343.6  343.8  343.6
  304.0   9605  -28.3  -60.8      3   0.04     75     18  344.1  344.3  344.1
  300.0   9700  -29.1  -61.1      3   0.03     75     18  344.2  344.4  344.3
  291.0   9918  -30.9  -61.9      3   0.03     71     18  344.7  344.9  344.7
  284.0  10091  -32.3  -46.3     24   0.21     67     18  345.1  346.0  345.1
  250.0  10980  -39.9  -52.9     24   0.11     50     19  346.6  347.1  346.6
  249.0  11007  -39.9  -52.9     24   0.11     50     19  347.0  347.5  347.0
  246.0  11088  -40.6                          50     19  347.2         347.2
  205.0  12296  -50.7                         100     15  349.8         349.8
  200.0  12460  -52.1                         100     16  350.1         350.1
  187.0  12881  -56.0                         100     19  350.6         350.6
  170.0  13477  -61.5                         130     13  351.2         351.2
  150.0  14260  -68.7                          95     20  351.6         351.6
  146.0  14416  -70.0                          95     24  352.1         352.1
  111.0  15994  -82.9                          95     38  356.5         356.5
  110.0  16045  -81.7                          94     37  359.7         359.7
  107.0  16200  -79.7                          90     33  366.3         366.3
  102.0  16469  -81.3                          80     16  368.4         368.4
  100.0  16580  -81.9                          80     15  369.2         369.2
   97.0  16750  -81.9                          54     13  372.5         372.5
   95.1  16862  -78.5                          37     12  381.2         381.2
   91.0  17112  -78.8                           0     10  385.4         385.4
   88.0  17303  -79.1                          30     10  388.6         388.6
   87.0  17368  -78.4                          40     10  391.2         391.2
   82.0  17709  -75.0                         340     15  405.0         405.0
   80.0  17851  -73.5                         321     15  410.8         410.8
   74.7  18249  -75.3                         267     16  415.2         415.2
   74.0  18305  -74.6                         260     16  417.8         417.8
   70.0  18630  -70.3                         265     10  433.7         433.7
   69.5  18673  -69.9                         265     10  435.4         435.4
   60.8  19472  -67.3                         256     19  458.1         458.1
   55.0  20076  -67.2                         250     25  471.7         471.7
   50.0  20650  -67.1                         260     26  484.9         484.9
   47.5  20958  -68.5                         250     20  488.8         488.8
   45.0  21284  -65.4                         240     13  503.9         503.9
   44.6  21338  -64.9                         234     13  506.4         506.4
   41.0  21855  -62.6                         175      8  524.4         524.4
   39.0  22162  -61.3                          85     17  535.4         535.4
   38.2  22289  -60.7                          83     19  540.0         540.0
   37.0  22486  -61.1                          80     21  544.0         544.0
   34.0  23008  -62.0                         110     27  554.8         554.8
   30.9  23598  -63.1                          91     42  567.2         567.2
   30.0  23780  -62.1                          85     46  574.8         574.8
   28.0  24207  -60.3                          85     57  591.3         591.3
   27.2  24386  -59.5                          86     58  598.4         598.4
   25.9  24690  -61.1                          87     60  602.3         602.3
   23.0  25435  -54.3                          90     64  643.0         643.0
   22.8  25491  -54.2                          90     64  644.9         644.9
   20.0  26330  -52.7                          90     63  674.1         674.1
   16.1  27735  -51.1                          85     64  722.4         722.4
   16.0                                        85     64                     
</PRE><H3>Station information and sounding indices</H3><PRE>
                         Station identifier: WIII
                             Station number: 96749
                           Observation time: 170912/0000
                           Station latitude: -6.11
                          Station longitude: 106.65
                          Station elevation: 8.0
                            Showalter index: 3.39
                               Lifted index: 0.79
    LIFT computed using virtual temperature: -0.06
                                SWEAT index: 185.40
                                    K index: 15.30
                         Cross totals index: 17.90
                      Vertical totals index: 20.10
                        Totals totals index: 38.00
      Convective Available Potential Energy: 42.59
             CAPE using virtual temperature: 180.47
                      Convective Inhibition: -33.51
             CINS using virtual temperature: -22.82
                           Equilibrum Level: 443.08
 Equilibrum Level using virtual temperature: 433.34
                   Level of Free Convection: 861.79
             LFCT using virtual temperature: 874.50
                     Bulk Richardson Number: 2.25
          Bulk Richardson Number using CAPV: 9.54
  Temp [K] of the Lifted Condensation Level: 292.98
Pres [hPa] of the Lifted Condensation Level: 927.88
   Equivalent potential temp [K] of the LCL: 346.05
     Mean mixed layer potential temperature: 299.32
              Mean mixed layer mixing ratio: 15.99
              1000 hPa to 500 hPa thickness: 5762.00
Precipitable water [mm] for entire sounding: 32.95
</PRE>
<P>Description of the 
<A HREF="/upperair/columns.html">data columns</A>
or <A HREF="/upperair/indices.html">sounding indices</A>.

<P>
<FORM>
<INPUT CLASS="button" TYPE="button" VALUE=" Close this window " 
 onClick="window.close();">
<INPUT CLASS="button" TYPE="button" VALUE=" Select another map " 
 onClick="window.blur();">
</FORM>
<HR SIZE="1">
<I>Interested in graduate studies in atmospheric science?
Check out our program at the
<a href="http://www.uwyo.edu/atsc/howtoapply/"
target=_top>University of Wyoming
</a></I>
<HR SIZE="1"><FONT SIZE="-1">
Questions about the weather data provided by this site can be
addressed to <A HREF="mailto:ldoolman@uwyo.edu">
Larry Oolman (ldoolman@uwyo.edu)</A></FONT>
<HR SIZE="1">
<SCRIPT TYPE="text/javascript">
<!--
window.focus();
// -->
</SCRIPT>
</BODY>
</HTML>
