2022-07-08 12
<HTML>
<TITLE>University of Wyoming - Radiosonde Data</TITLE>
<BODY BGCOLOR="white">
<H2>96749 WIII Jakarta Observations at 00Z 08 Jul 2022</H2>
<PRE>
-----------------------------------------------------------------------------
   PRES   HGHT   TEMP   DWPT   RELH   MIXR   DRCT   SKNT   THTA   THTE   THTV
    hPa     m      C      C      %    g/kg    deg   knot     K      K      K 
-----------------------------------------------------------------------------
 1011.0      8   24.8   23.5     92  18.42    240      2  297.0  350.5  300.3
 1005.0     60   25.2   23.3     89  18.30    202      4  297.9  351.2  301.2
 1000.0    104   25.4   22.1     82  17.07    170      6  298.6  348.4  301.6
  985.0    237   26.2   20.2     70  15.38    190      6  300.6  346.0  303.4
  978.0    299   25.8   19.9     70  15.22    200      6  300.9  345.8  303.6
  925.0    785   22.8   17.8     73  14.06    190     11  302.6  344.4  305.2
  913.0    898   22.0   17.5     76  14.00    185     10  302.9  344.6  305.4
  882.0   1198   19.8   16.8     83  13.85    180      4  303.6  345.0  306.2
  852.0   1499   17.6   16.1     91  13.70    255      2  304.4  345.4  306.9
  850.0   1519   17.4   16.1     92  13.73    260      2  304.4  345.5  306.9
  823.0   1795   15.8   14.6     93  12.86    246      7  305.5  344.2  307.8
  822.0   1805   15.8   14.5     92  12.79    245      7  305.5  344.1  307.9
  808.0   1951   15.0   13.1     88  11.86    230      8  306.2  342.1  308.4
  802.0   2014   15.0   10.3     73   9.90    223      9  306.9  337.1  308.7
  791.0   2132   15.4    5.4     51   7.16    211     10  308.5  330.8  309.9
  739.0   2705   13.2   -4.1     30   3.85    150     14  312.2  324.7  312.9
  734.0   2762   13.0   -5.0     28   3.61    150     15  312.6  324.3  313.3
  700.0   3158   10.0  -10.0     23   2.57    150     24  313.5  322.1  314.0
  687.0   3313    8.4   -9.6     27   2.70    150     20  313.4  322.4  313.9
  663.0   3604    7.0  -13.5     22   2.05    150     12  315.1  322.0  315.4
  640.0   3894    5.6  -17.3     17   1.55    180      9  316.7  322.0  317.0
  630.0   4023    5.0  -19.0     16   1.36    182     11  317.4  322.2  317.7
  617.0   4191    3.8  -21.6     14   1.11    185     13  318.0  321.9  318.2
  576.0   4746    0.0  -30.0      8   0.55    171     14  319.8  321.8  319.9
  572.0   4801   -0.2  -27.5     11   0.70    170     14  320.2  322.8  320.4
  555.0   5042   -0.9  -16.9     29   1.84    166      7  322.1  328.6  322.5
  551.0   5100   -1.0  -18.7     25   1.60    165      5  322.6  328.3  322.9
  531.0   5394   -1.8  -27.9     12   0.73    110      9  325.2  327.9  325.3
  522.0   5530   -2.1  -32.1      8   0.50    109     11  326.4  328.3  326.5
  500.0   5870   -3.9  -39.9      4   0.24    105     15  328.2  329.2  328.3
  492.0   5997   -4.3  -40.3      4   0.23    100     16  329.2  330.2  329.3
  488.0   6062   -4.5  -40.5      4   0.23    100     16  329.8  330.7  329.8
  480.0   6192   -5.5  -22.5     25   1.32    100     16  330.1  334.9  330.4
  473.0   6307   -6.3  -28.3     16   0.79    100     17  330.5  333.5  330.6
  471.0   6340   -6.3  -34.3      9   0.45    100     17  330.9  332.6  331.0
  468.0   6390   -6.7  -19.7     35   1.72    100     17  331.0  337.3  331.4
  453.0   6644   -9.1  -17.1     52   2.22    100     18  331.1  339.0  331.5
  443.0   6817   -9.9  -23.9     31   1.26    100     18  332.2  336.9  332.4
  400.0   7600  -14.3  -40.3      9   0.29    100     20  336.3  337.5  336.4
  399.0   7619  -14.3  -40.3      9   0.29    100     20  336.6  337.7  336.6
  345.0   8700  -23.2  -42.6     15   0.26    100     25  338.8  339.9  338.9
  342.0   8765  -23.7  -42.7     16   0.26     98     25  338.9  340.0  339.0
  331.0   9003  -25.5  -36.5     35   0.51     93     26  339.6  341.7  339.8
  317.0   9315  -27.1  -41.6     24   0.32     85     28  341.7  343.0  341.8
  315.0   9361  -27.3  -42.3     23   0.29     86     28  342.0  343.2  342.1
  305.0   9592  -29.1  -42.8     25   0.29     90     31  342.6  343.8  342.6
  300.0   9710  -30.1  -43.1     27   0.28     95     30  342.8  344.0  342.9
  270.0  10451  -36.7  -44.7     43   0.27     86     33  343.7  344.8  343.8
  250.0  10980  -41.3  -49.3     42   0.17     80     35  344.5  345.3  344.6
  229.0  11571  -45.5  -59.5     19   0.05     72     41  346.9  347.1  346.9
  214.0  12016  -49.1  -62.1     20   0.04     65     45  348.1  348.2  348.1
  205.0  12298  -51.4  -63.8     21   0.04     65     50  348.8  348.9  348.8
  200.0  12460  -52.7  -64.7     22   0.03     60     52  349.1  349.3  349.2
  186.0  12912  -56.4  -68.2     21   0.02     55     50  350.4  350.5  350.4
  178.0  13185  -58.7  -70.3     21   0.02     60     46  351.2  351.2  351.2
  150.0  14250  -67.5  -78.5     20   0.01     80     39  353.6  353.6  353.6
  133.0  14963  -73.7  -82.7     24   0.00     77     44  354.9  355.0  354.9
  126.0  15277  -75.8  -85.7     20   0.00     75     46  356.7  356.7  356.7
  125.0  15324  -76.1  -86.1     20   0.00     74     46  356.9  357.0  356.9
  119.0  15609  -74.3  -87.3     12   0.00     70     49  365.3  365.3  365.3
  107.0  16221  -77.1  -89.5     12   0.00     35     22  371.2  371.2  371.2
  100.0  16610  -78.9  -90.9     13   0.00     55     11  375.0  375.0  375.0
   92.0  17078  -82.3  -92.8     16   0.00    100     18  377.3  377.3  377.3
   89.8  17214  -83.3  -93.3     17   0.00     90     18  378.0  378.0  378.0
   87.0  17390  -82.6  -93.5     15   0.00     85     17  382.7  382.8  382.7
   86.4  17429  -82.5  -93.5     14   0.00     89     18  383.8  383.8  383.8
   85.0  17521  -78.7  -91.7     11   0.00     99     20  393.3  393.3  393.3
   82.0  17725  -78.8  -90.8     13   0.00    120     25  397.1  397.1  397.1
   79.1  17929  -78.9  -89.9     15   0.00    119     24  401.0  401.0  401.0
   77.7  18031  -77.5  -90.5     11   0.00    118     23  406.0  406.0  406.0
   76.3  18136  -71.9  -88.9      6   0.00    118     23  419.8  419.8  419.8
   71.0  18565  -67.5  -87.0      5   0.00    115     20  437.9  437.9  437.9
   70.1  18641  -66.7  -86.7      4   0.00    106     21  441.2  441.2  441.2
   70.0  18650  -66.5  -86.5      5   0.00    105     21  441.8  441.8  441.8
   67.0  18913  -67.3  -86.7      5   0.00     70     29  445.7  445.7  445.7
   61.0  19477  -68.9  -87.0      6   0.00    125     29  454.2  454.2  454.2
   60.3  19546  -69.1  -87.1      6   0.00    120     29  455.2  455.2  455.2
   58.3  19747  -69.5  -88.5      5   0.00    107     28  458.7  458.7  458.7
   58.0  19778  -69.0  -88.4      5   0.00    105     28  460.6  460.6  460.6
   56.1  19978  -65.5  -87.5      3   0.00     86     32  472.9  472.9  472.9
   55.0  20099  -64.8  -87.2      3   0.00     75     34  477.1  477.1  477.1
   53.5  20268  -63.9  -86.9      3   0.00     73     35  483.1  483.1  483.1
   52.0  20441  -64.7  -87.2      3   0.00     70     37  485.2  485.3  485.2
   50.0  20680  -65.7  -87.7      3   0.00     95     38  488.2  488.3  488.2
   46.5  21121  -67.3  -87.3      4   0.00     98     37  494.6  494.7  494.6
   43.3  21555  -65.1  -87.1      3   0.00    101     36  510.2  510.2  510.2
   39.9  22066  -56.9  -82.9      2   0.01    104     34  542.9  542.9  542.9
   39.0  22212  -56.5  -82.3      3   0.01    105     34  547.4  547.5  547.4
   36.0  22727  -55.2  -80.1      3   0.02    120     18  563.5  563.7  563.5
   31.0  23689  -52.6  -76.0      4   0.04     65     11  594.9  595.2  594.9
   30.0  23900  -52.1  -75.1      5   0.05    335     10  602.0  602.4  602.0
   28.0  24344  -53.1  -75.0      5   0.05    315     26  611.3  611.8  611.3
   27.0  24578  -53.6  -74.9      6   0.05    285     25  616.2  616.7  616.3
   26.4  24723  -53.9  -74.9      6   0.06    281     25  619.3  619.8  619.3
   22.0  25896  -52.7  -74.4      6   0.07    250     21  656.0  656.6  656.0
   21.0  26196  -52.4  -74.2      5   0.08    270     28  665.6  666.4  665.7
   20.0  26510  -52.1  -74.1      5   0.08    265     32  675.9  676.8  676.0
   19.7  26608  -53.1  -74.1      6   0.08    265     31  675.8  676.6  675.8
   19.0  26844  -51.2  -74.1      5   0.09    265     29  688.6  689.5  688.6
   17.2  27496  -46.1  -74.1      3   0.10    261     38  724.9  725.9  724.9
   17.0  27574  -46.0  -73.9      3   0.10    260     39  727.5  728.6  727.6
   16.0  27978  -45.7  -72.8      3   0.13    250     29  741.4  742.8  741.5
   15.0  28409  -45.3  -71.6      4   0.16    255     27  756.5  758.3  756.6
   13.0  29365  -44.4  -69.0      5   0.27    300     20  791.1  794.1  791.3
   12.4  29680  -44.1  -68.1      5   0.32                802.9  806.5  803.1
</PRE><H3>Station information and sounding indices</H3><PRE>
                         Station identifier: WIII
                             Station number: 96749
                           Observation time: 220708/0000
                           Station latitude: -6.11
                          Station longitude: 106.65
                          Station elevation: 8.0
                            Showalter index: 0.82
                               Lifted index: 0.32
    LIFT computed using virtual temperature: -0.56
                                SWEAT index: 212.20
                                    K index: 17.40
                         Cross totals index: 20.00
                      Vertical totals index: 21.30
                        Totals totals index: 41.30
      Convective Available Potential Energy: 108.34
             CAPE using virtual temperature: 257.72
                      Convective Inhibition: -112.53
             CINS using virtual temperature: -55.00
                           Equilibrum Level: 243.61
 Equilibrum Level using virtual temperature: 243.07
                   Level of Free Convection: 693.69
             LFCT using virtual temperature: 823.98
                     Bulk Richardson Number: 46.24
          Bulk Richardson Number using CAPV: 109.99
  Temp [K] of the Lifted Condensation Level: 292.73
Pres [hPa] of the Lifted Condensation Level: 917.05
   Equivalent potential temp [K] of the LCL: 346.77
     Mean mixed layer potential temperature: 300.07
              Mean mixed layer mixing ratio: 15.95
              1000 hPa to 500 hPa thickness: 5766.00
Precipitable water [mm] for entire sounding: 39.73
</PRE>
<P>Description of the 
<A HREF="/upperair/columns.html">data columns</A>
or <A HREF="/upperair/indices.html">sounding indices</A>.

<P>
<FORM>
<INPUT CLASS="button" TYPE="button" VALUE=" Close this window " 
 onClick="window.close();">
<INPUT CLASS="button" TYPE="button" VALUE=" Select another map " 
 onClick="window.blur();">
</FORM>
<HR SIZE="1">
<I>Interested in graduate studies in atmospheric science?
Check out our program at the
<a href="http://www.uwyo.edu/atsc/howtoapply/"
target=_top>University of Wyoming
</a></I>
<HR SIZE="1"><FONT SIZE="-1">
Questions about the weather data provided by this site can be
addressed to <A HREF="mailto:ldoolman@uwyo.edu">
Larry Oolman (ldoolman@uwyo.edu)</A></FONT>
<HR SIZE="1">
<SCRIPT TYPE="text/javascript">
<!--
window.focus();
// -->
</SCRIPT>
</BODY>
</HTML>
