2020-09-03 00
<HTML>
<TITLE>University of Wyoming - Radiosonde Data</TITLE>
<BODY BGCOLOR="white">
<H2>96749 WIII Jakarta Observations at 00Z 03 Sep 2020</H2>
<PRE>
-----------------------------------------------------------------------------
   PRES   HGHT   TEMP   DWPT   RELH   MIXR   DRCT   SKNT   THTA   THTE   THTV
    hPa     m      C      C      %    g/kg    deg   knot     K      K      K 
-----------------------------------------------------------------------------
 1009.0      8   24.2   23.1     94  18.00    220      2  296.6  348.7  299.8
 1005.0     44   25.4   21.4     79  16.25    209      3  298.1  345.5  301.0
 1000.0     89   25.4   20.4     74  15.33    195      5  298.6  343.4  301.3
  998.0    107   25.4   20.4     74  15.37    193      5  298.7  343.6  301.5
  977.0    294   26.2   20.2     70  15.50    170      6  301.4  347.2  304.1
  944.0    596   24.6   18.6     69  14.47     95      6  302.7  345.7  305.3
  925.0    774   23.6   17.6     69  13.88     90     11  303.4  344.9  306.0
  860.0   1404   18.8   15.7     82  13.22     99     17  304.8  344.5  307.2
  850.0   1504   18.4   15.5     83  13.20    100     18  305.4  345.1  307.8
  832.0   1688   18.2   13.9     76  12.14     97     19  307.1  343.9  309.3
  821.0   1801   17.4   13.4     78  11.94     95     20  307.4  343.7  309.6
  737.0   2717   11.0    9.8     92  10.43     65     15  310.0  342.2  312.0
  712.0   3005   10.6    8.4     86   9.81     55     14  312.7  343.3  314.5
  700.0   3147    9.6    7.0     84   9.06     50     13  313.1  341.4  314.8
  687.0   3302    8.3    6.3     87   8.78     50     15  313.3  340.9  315.0
  666.0   3560    6.2    5.1     93   8.34     50     16  313.8  340.0  315.3
  563.0   4926    0.0   -1.8     88   5.99     50     19  321.9  341.6  323.0
  551.0   5099   -1.1   -3.2     86   5.50     50     19  322.6  340.8  323.6
  530.0   5409   -3.1   -5.8     82   4.71     62     18  323.8  339.5  324.7
  500.0   5870   -4.9  -14.9     45   2.42     80     17  327.0  335.5  327.5
  496.0   5933   -5.1  -20.1     30   1.57     80     17  327.5  333.2  327.8
  492.0   5997   -5.6  -23.8     22   1.15     80     17  327.7  331.9  327.9
  491.0   6013   -5.7  -24.7     21   1.06     80     17  327.7  331.6  327.9
  485.0   6109   -6.5  -16.5     45   2.18     80     18  327.9  335.6  328.3
  477.0   6239   -7.5  -15.5     53   2.41     80     18  328.2  336.7  328.7
  471.0   6337   -7.9  -19.9     38   1.68     80     19  328.9  335.0  329.2
  455.0   6605   -9.5  -15.5     62   2.53     80     20  330.2  339.1  330.7
  437.0   6916  -11.3  -19.3     52   1.91     80     22  331.7  338.6  332.1
  413.0   7348  -14.3  -17.7     75   2.32     80     24  333.3  341.6  333.7
  401.0   7571  -15.5  -17.8     83   2.37     80     25  334.5  343.1  335.0
  400.0   7590  -15.5  -17.8     83   2.37     80     25  334.8  343.3  335.2
  394.0   7704  -15.9  -18.7     79   2.23     80     25  335.7  343.8  336.1
  389.0   7801  -16.1  -22.7     57   1.60     80     25  336.7  342.6  337.0
  382.0   7938  -16.3  -28.3     35   0.98     83     23  338.1  341.9  338.3
  359.0   8394  -20.0  -30.1     40   0.87     95     17  339.2  342.6  339.4
  302.0   9663  -30.3  -35.3     62   0.63     85     19  341.9  344.4  342.0
  300.0   9710  -30.7  -35.7     61   0.61     85     19  342.0  344.4  342.1
  292.0   9902  -31.5  -39.5     45   0.43     85     22  343.5  345.2  343.6
  251.0  10953  -40.1  -43.9     67   0.31     85     36  345.9  347.2  346.0
  250.0  10980  -40.3                          85     36  346.0         346.0
  225.0  11679  -46.4                          70     34  347.2         347.2
  200.0  12460  -53.3                          65     33  348.2         348.2
  178.0  13201  -59.9                          58     45  349.2         349.2
  170.0  13483  -62.3                          55     50  349.9         349.9
  150.0  14250  -68.7                          75     37  351.6         351.6
  146.0  14409  -70.0                          85     35  352.1         352.1
  134.0  14915  -73.9                         102     37  353.8         353.8
  132.0  15001  -74.5                         105     37  354.4         354.4
  113.0  15891  -80.2                         115     45  359.8         359.8
  112.0  15942  -80.5                         112     45  360.1         360.1
  101.0  16524  -80.7                          80     43  370.5         370.5
  100.0  16580  -80.7                          75     42  371.6         371.6
   97.1  16746  -81.1                          82     41  373.9         373.9
   93.4  16967  -76.5                          90     40  387.1         387.1
   89.9  17186  -77.9                          99     38  388.6         388.6
   87.0  17375  -73.5                         107     37  401.1         401.1
   82.0  17720  -74.1                         120     35  406.8         406.8
   78.2  17997  -74.5                         111     35  411.4         411.4
   78.0  18012  -74.3                         110     35  412.2         412.2
   74.9  18250  -70.9                          78     25  424.1         424.1
   71.0  18566  -71.2                          35     11  429.9         429.9
   70.0  18650  -71.3                          30      9  431.5         431.5
   69.4  18701  -71.5                           2      8  432.1         432.1
   67.0  18909  -68.8                         245      5  442.4         442.4
   66.6  18945  -68.3                         239      5  444.2         444.2
   61.0  19465  -70.2                         145     10  451.4         451.4
   58.0  19763  -71.2                         235      4  455.5         455.5
   56.7  19898  -71.7                         230      5  457.4         457.4
   52.6  20344  -66.5                         213      9  479.4         479.4
   52.0  20413  -66.4                         210     10  481.3         481.3
   50.0  20650  -65.9                         190     21  487.8         487.8
   46.8  21053  -64.9                         149     13  499.5         499.5
   45.0  21292  -66.3                         125      9  501.7         501.7
   43.8  21456  -67.3                          92     11  503.1         503.1
   41.0  21858  -65.6                          10     15  516.9         516.9
   39.0  22163  -64.4                         340     17  527.5         527.5
   38.0  22321  -63.7                         308     19  533.2         533.2
   37.0  22488  -62.4                         275     21  540.7         540.7
   35.0  22836  -59.5                         245     15  556.7         556.7
   34.0  23018  -58.1                         265     11  565.2         565.2
   32.7  23262  -56.1                         265     24  576.7         576.7
   31.0  23601  -56.4                         265     42  584.9         584.9
   30.0  23810  -56.5                         265     40  590.0         590.0
   28.1  24223  -55.5                         253     33  603.9         603.9
   27.0  24474  -56.8                         245     28  607.3         607.3
   25.4  24858  -58.7                         255     23  612.5         612.5
   24.0  25214  -57.9                         260     13  624.7         624.7
   22.0  25761  -56.8                         295     16  643.9         643.9
   21.0  26053  -56.1                         290      9  654.4         654.4
   20.0  26360  -55.5                         320      6  665.5         665.5
   19.0  26686  -56.0                         270      7  673.6         673.6
   17.9  27065  -56.7                         259     10  683.2         683.2
   17.0  27395  -55.4                         250     12  697.6         697.6
   15.1  28154  -52.3                         188      6  731.8         731.8
   15.0  28196  -52.4                         185      6  733.0         733.0
   14.1  28596  -52.9                         185     11  744.2         744.2
   14.0  28642  -52.6                         185     12  746.7         746.7
   13.0  29124  -49.7                         110     19  772.7         772.7
   12.8  29225  -49.1                                     778.3         778.3
</PRE><H3>Station information and sounding indices</H3><PRE>
                         Station identifier: WIII
                             Station number: 96749
                           Observation time: 200903/0000
                           Station latitude: -6.11
                          Station longitude: 106.65
                          Station elevation: 8.0
                            Showalter index: -0.05
                               Lifted index: -0.32
    LIFT computed using virtual temperature: -0.81
                                SWEAT index: 239.01
                                    K index: 36.20
                         Cross totals index: 20.40
                      Vertical totals index: 23.30
                        Totals totals index: 43.70
      Convective Available Potential Energy: 111.69
             CAPE using virtual temperature: 158.82
                      Convective Inhibition: -134.37
             CINS using virtual temperature: -118.21
                           Equilibrum Level: 394.20
 Equilibrum Level using virtual temperature: 299.73
                   Level of Free Convection: 746.45
             LFCT using virtual temperature: 753.19
                     Bulk Richardson Number: 3.99
          Bulk Richardson Number using CAPV: 5.67
  Temp [K] of the Lifted Condensation Level: 292.08
Pres [hPa] of the Lifted Condensation Level: 906.70
   Equivalent potential temp [K] of the LCL: 345.80
     Mean mixed layer potential temperature: 300.39
              Mean mixed layer mixing ratio: 15.46
              1000 hPa to 500 hPa thickness: 5781.00
Precipitable water [mm] for entire sounding: 56.99
</PRE>
<P>Description of the 
<A HREF="/upperair/columns.html">data columns</A>
or <A HREF="/upperair/indices.html">sounding indices</A>.

<P>
<FORM>
<INPUT CLASS="button" TYPE="button" VALUE=" Close this window " 
 onClick="window.close();">
<INPUT CLASS="button" TYPE="button" VALUE=" Select another map " 
 onClick="window.blur();">
</FORM>
<HR SIZE="1">
<I>Interested in graduate studies in atmospheric science?
Check out our program at the
<a href="http://www.uwyo.edu/atsc/howtoapply/"
target=_top>University of Wyoming
</a></I>
<HR SIZE="1"><FONT SIZE="-1">
Questions about the weather data provided by this site can be
addressed to <A HREF="mailto:ldoolman@uwyo.edu">
Larry Oolman (ldoolman@uwyo.edu)</A></FONT>
<HR SIZE="1">
<SCRIPT TYPE="text/javascript">
<!--
window.focus();
// -->
</SCRIPT>
</BODY>
</HTML>
