2020-07-11 00
<HTML>
<TITLE>University of Wyoming - Radiosonde Data</TITLE>
<BODY BGCOLOR="white">
<H2>96749 WIII Jakarta Observations at 00Z 11 Jul 2020</H2>
<PRE>
-----------------------------------------------------------------------------
   PRES   HGHT   TEMP   DWPT   RELH   MIXR   DRCT   SKNT   THTA   THTE   THTV
    hPa     m      C      C      %    g/kg    deg   knot     K      K      K 
-----------------------------------------------------------------------------
 1010.0      8   24.0   23.1     95  17.98    210      2  296.3  348.3  299.5
 1009.0     16   25.4   24.3     94  19.39    209      3  297.8  354.3  301.2
 1000.0     92   25.8   23.5     87  18.63    195     11  298.9  353.5  302.3
  986.0    217   25.6   22.1     81  17.31    153      9  300.0  350.9  303.1
  977.0    298   25.1   21.7     82  17.03    125      7  300.2  350.3  303.2
  925.0    780   21.8   19.2     85  15.38     95      8  301.6  347.1  304.4
  912.0    902   21.3   18.0     81  14.45    100      7  302.3  345.2  304.9
  850.0   1511   19.0   12.0     64  10.47    105     14  306.0  337.8  308.0
  808.0   1945   16.4    9.4     63   9.24     98     11  307.7  336.1  309.4
  793.0   2105   15.2    9.9     70   9.73     95     10  308.1  337.9  309.9
  783.0   2213   14.4   10.2     76  10.08     92     10  308.4  339.2  310.2
  754.0   2532   13.2    3.2     51   6.43     84     11  310.4  330.6  311.6
  750.0   2577   12.6    6.6     67   8.21     83     12  310.2  335.8  311.8
  739.0   2700   12.2    6.2     67   8.09     80     12  311.1  336.3  312.6
  700.0   3155   10.6    4.6     66   7.65    105     12  314.2  338.4  315.6
  689.0   3287   10.0    2.0     58   6.46    119     11  314.9  335.6  316.2
  688.0   3299    9.9    2.0     58   6.48    120     11  314.9  335.7  316.2
  665.0   3580    7.2    2.8     74   7.09    111     10  315.0  337.6  316.4
  663.0   3605    7.0    2.7     74   7.06    110     10  315.1  337.6  316.4
  640.0   3895    5.0    1.4     77   6.66     80     12  316.0  337.4  317.3
  635.0   3959    4.6    1.1     78   6.57     81     12  316.2  337.3  317.5
  626.0   4075    4.2   -2.8     60   5.00     82     12  317.1  333.4  318.0
  617.0   4193    3.2   -0.3     78   6.11     83     12  317.2  336.9  318.4
  604.0   4366    2.4   -4.6     60   4.52     85     13  318.2  333.1  319.1
  586.0   4610    0.8   -3.3     74   5.15     87     13  319.1  336.0  320.1
  578.0   4720    1.6  -14.4     29   2.18     88     13  321.3  328.9  321.8
  561.0   4960    0.0  -15.0     31   2.14     91     14  322.2  329.6  322.6
  513.0   5669   -5.3  -18.3     35   1.77     98     15  324.1  330.4  324.5
  500.0   5870   -5.5  -23.5     23   1.16    100     15  326.3  330.5  326.5
  491.0   6012   -5.7  -26.7     17   0.88    101     14  327.7  331.0  327.9
  456.0   6588   -8.9  -26.3     23   0.98    105     12  330.7  334.4  330.9
  452.0   6657   -9.3  -26.3     24   0.99    100     12  331.1  334.8  331.2
  441.0   6846  -11.1  -16.1     67   2.48     84     14  331.1  339.9  331.6
  438.0   6899  -11.5  -16.7     65   2.38     80     14  331.3  339.7  331.7
  426.0   7111  -13.1  -19.1     61   1.99     86     14  331.9  339.0  332.2
  421.0   7201  -13.3  -19.3     61   1.98     89     14  332.7  339.9  333.1
  418.0   7256  -13.3  -24.3     39   1.29     90     15  333.4  338.2  333.6
  417.0   7274  -13.3  -27.3     30   0.98     91     15  333.6  337.3  333.8
  415.0   7311  -13.3  -31.3     20   0.68     92     15  334.1  336.7  334.2
  413.0   7347  -13.7  -26.7     33   1.05     93     15  334.0  338.0  334.2
  411.0   7384  -13.9  -25.9     36   1.13     94     15  334.2  338.5  334.5
  410.0   7403  -13.9  -32.9     18   0.59     95     15  334.5  336.8  334.6
  409.0   7421  -13.9  -25.9     36   1.14     95     15  334.7  339.0  334.9
  400.0   7590  -14.9  -27.9     32   0.97    100     15  335.5  339.2  335.7
  399.0   7609  -15.1  -29.1     29   0.87    101     15  335.5  338.8  335.7
  388.0   7820  -16.7  -23.7     55   1.46    107     15  336.1  341.6  336.4
  374.0   8094  -19.2  -23.6     68   1.54    115     15  336.4  342.1  336.7
  359.0   8399  -21.9  -23.4     88   1.63    107     15  336.7  342.7  337.0
  354.0   8503  -22.9  -23.5     95   1.63    104     15  336.7  342.8  337.0
  347.0   8649  -23.5  -27.1     72   1.20    100     16  337.8  342.4  338.1
  300.0   9700  -30.9  -35.9     61   0.60     70     17  341.7  344.1  341.8
  296.0   9795  -31.5  -37.5     55   0.52     69     18  342.2  344.3  342.3
  282.0  10134  -34.7  -39.2     64   0.46     65     20  342.4  344.2  342.4
  268.0  10484  -37.5  -44.4     49   0.28     60     23  343.2  344.4  343.3
  256.0  10799  -40.1  -49.1     38   0.17     57     25  344.0  344.7  344.0
  250.0  10960  -41.1                          55     26  344.8         344.8
  214.0  11984  -50.0                          50     27  346.6         346.6
  200.0  12430  -53.9                          55     26  347.2         347.2
  174.0  13309  -61.7                          61     27  348.5         348.5
  161.0  13788  -63.6                          65     28  353.1         353.1
  159.0  13865  -63.9                          70     26  353.9         353.9
  150.0  14220  -67.1                          95     17  354.3         354.3
  125.0  15284  -75.3                         135     13  358.4         358.4
  117.0  15670  -78.3                          80     17  359.7         359.7
  112.0  15918  -78.5                          60     18  363.9         363.9
  107.0  16177  -78.6                          65      7  368.4         368.4
  101.0  16504  -78.9                          30      8  374.1         374.1
  100.0  16560  -78.9                          25      8  375.0         375.0
   93.8  16926  -80.5                          52      5  378.8         378.8
   91.0  17100  -78.4                          65      4  386.2         386.2
   88.2  17280  -76.3                         126      7  393.9         393.9
   86.0  17426  -76.2                         175      9  397.1         397.1
   82.0  17704  -75.9                         115      9  403.0         403.0
   81.5  17739  -75.9                         115     10  403.8         403.8
   75.9  18157  -72.9                         115     22  418.3         418.3
   75.0  18228  -70.3                         115     24  425.2         425.2
   74.0  18308  -70.5                         115     26  426.4         426.4
   70.0  18640  -71.3                          85     31  431.5         431.5
   67.0  18897  -71.9                          75     28  435.7         435.7
   65.8  19003  -72.1                          78     28  437.5         437.5
   62.2  19333  -72.1                          86     29  444.6         444.6
   60.9  19458  -67.5                          90     29  457.5         457.5
   55.7  19993  -66.9                         103     31  470.7         470.7
   55.0  20070  -66.3                         105     31  473.8         473.8
   50.0  20650  -61.7                          95     37  497.7         497.7
   49.6  20700  -60.9                          95     37  500.7         500.7
   43.8  21470  -61.3                          91     38  517.8         517.8
   43.0  21585  -60.8                          90     38  521.9         521.9
   39.0  22195  -58.0                          90     19  543.7         543.7
   38.1  22341  -57.3                          74     16  549.0         549.0
   37.0  22525  -57.7                          55     13  552.6         552.6
   35.0  22874  -58.4                         345     18  559.6         559.6
   32.8  23282  -59.3                         309     20  567.7         567.7
   32.0  23436  -59.1                         295     21  572.2         572.2
   30.0  23840  -58.7                         285     22  584.0         584.0
   29.0  24052  -58.8                         290     23  589.5         589.5
   27.0  24500  -58.9                         300     27  601.2         601.2
   23.0  25504  -59.3                         245     20  628.4         628.4
   22.8  25559  -59.3                         246     18  629.9         629.9
   22.0  25782  -59.3                         250     12  636.4         636.4
   21.9  25811  -59.3                         253     12  637.2         637.2
   21.0  26078  -55.2                         280      8  657.4         657.4
   20.4  26262  -52.3                         256     10  671.5         671.5
   20.0  26390  -51.3                         240     12  678.4         678.4
   19.0  26721  -53.0                         245      8  683.2         683.2
   18.7  26824  -53.5                         241      7  684.7         684.7
   18.0  27072  -52.2                         230      4  696.2         696.2
   17.0  27443  -50.3                         270      4  713.8         713.8
   16.4  27677  -49.1                         276      8  725.1         725.1
   16.0  27838  -49.7                         280     11  728.2         728.2
   15.0  28259  -51.3                         269     19  736.5         736.5
   13.0  29201  -45.6                         245     38  786.9         786.9
   12.9  29252  -45.3                                     789.7         789.7
</PRE><H3>Station information and sounding indices</H3><PRE>
                         Station identifier: WIII
                             Station number: 96749
                           Observation time: 200711/0000
                           Station latitude: -6.11
                          Station longitude: 106.65
                          Station elevation: 8.0
                            Showalter index: 2.32
                               Lifted index: -2.79
    LIFT computed using virtual temperature: -3.64
                                SWEAT index: 187.01
                                    K index: 30.50
                         Cross totals index: 17.50
                      Vertical totals index: 24.50
                        Totals totals index: 42.00
      Convective Available Potential Energy: 1033.52
             CAPE using virtual temperature: 1203.12
                      Convective Inhibition: -47.63
             CINS using virtual temperature: -19.99
                           Equilibrum Level: 167.52
 Equilibrum Level using virtual temperature: 167.48
                   Level of Free Convection: 797.27
             LFCT using virtual temperature: 835.33
                     Bulk Richardson Number: 110.28
          Bulk Richardson Number using CAPV: 128.38
  Temp [K] of the Lifted Condensation Level: 294.62
Pres [hPa] of the Lifted Condensation Level: 941.38
   Equivalent potential temp [K] of the LCL: 350.98
     Mean mixed layer potential temperature: 299.77
              Mean mixed layer mixing ratio: 17.48
              1000 hPa to 500 hPa thickness: 5778.00
Precipitable water [mm] for entire sounding: 49.71
</PRE>
<P>Description of the 
<A HREF="/upperair/columns.html">data columns</A>
or <A HREF="/upperair/indices.html">sounding indices</A>.

<P>
<FORM>
<INPUT CLASS="button" TYPE="button" VALUE=" Close this window " 
 onClick="window.close();">
<INPUT CLASS="button" TYPE="button" VALUE=" Select another map " 
 onClick="window.blur();">
</FORM>
<HR SIZE="1">
<I>Interested in graduate studies in atmospheric science?
Check out our program at the
<a href="http://www.uwyo.edu/atsc/howtoapply/"
target=_top>University of Wyoming
</a></I>
<HR SIZE="1"><FONT SIZE="-1">
Questions about the weather data provided by this site can be
addressed to <A HREF="mailto:ldoolman@uwyo.edu">
Larry Oolman (ldoolman@uwyo.edu)</A></FONT>
<HR SIZE="1">
<SCRIPT TYPE="text/javascript">
<!--
window.focus();
// -->
</SCRIPT>
</BODY>
</HTML>
