2020-10-01 12
<HTML>
<TITLE>University of Wyoming - Radiosonde Data</TITLE>
<BODY BGCOLOR="white">
<H2>96749 WIII Jakarta Observations at 00Z 01 Oct 2020</H2>
<PRE>
-----------------------------------------------------------------------------
   PRES   HGHT   TEMP   DWPT   RELH   MIXR   DRCT   SKNT   THTA   THTE   THTV
    hPa     m      C      C      %    g/kg    deg   knot     K      K      K 
-----------------------------------------------------------------------------
 1008.0      8   26.0   23.2     85  18.13    210      3  298.5  351.4  301.7
 1000.0     82   26.6   21.8     75  16.75    185      5  299.8  348.9  302.8
  998.0    100   26.6   22.1     76  17.10    177      5  299.9  350.2  303.0
  976.0    296   25.5   21.0     76  16.31     90      6  300.8  348.9  303.7
  943.0    598   23.9   19.3     75  15.15     80     12  302.1  347.0  304.8
  925.0    767   23.0   18.3     75  14.52     90     14  302.8  346.1  305.5
  850.0   1501   18.2   15.0     82  12.77     95     22  305.2  343.6  307.5
  810.0   1914   15.2   13.4     89  12.07     81     20  306.2  342.8  308.5
  719.0   2921   11.6    5.6     67   7.99     48     15  312.9  338.0  314.4
  700.0   3145   10.0    5.0     71   7.87     40     14  313.5  338.4  315.0
  687.0   3300    9.2    4.0     70   7.50     35     14  314.3  338.1  315.8
  624.0   4092    5.2   -0.8     65   5.82     79     13  318.5  337.4  319.6
  616.0   4197    4.4   -1.3     67   5.68     85     13  318.8  337.3  319.9
  574.0   4768    0.0   -4.0     74   4.98     63     13  320.1  336.5  321.1
  557.0   5008   -1.9   -4.3     84   5.02     53     13  320.6  337.2  321.6
  551.0   5094   -2.3   -5.3     80   4.70     50     13  321.1  336.7  322.1
  513.0   5659   -4.9  -11.9     58   3.01     59     12  324.6  335.0  325.2
  510.0   5705   -5.1  -13.0     54   2.78     60     12  324.9  334.5  325.5
  503.0   5813   -5.5  -15.5     45   2.29     57     12  325.7  333.7  326.2
  500.0   5860   -5.9  -16.9     42   2.05     55     12  325.8  333.0  326.2
  487.0   6066   -7.5  -14.5     57   2.57     55     12  326.3  335.2  326.8
  477.0   6228   -8.1  -19.1     41   1.78     55     12  327.5  333.8  327.8
  459.0   6526   -8.9  -16.9     52   2.23     55     13  330.1  338.1  330.5
  437.0   6902  -11.2  -22.0     40   1.51     55     13  331.9  337.4  332.2
  400.0   7580  -15.3  -31.3     24   0.70     90     13  335.0  337.7  335.2
  397.0   7637  -15.5  -32.5     22   0.63     90     14  335.5  337.9  335.6
  394.0   7694  -15.9  -33.9     20   0.56     90     14  335.7  337.9  335.8
  391.0   7752  -16.5  -33.5     22   0.58     90     15  335.6  337.9  335.8
  389.0   7791  -16.7  -32.7     24   0.63     90     15  335.9  338.3  336.0
  387.0   7829  -17.1  -31.1     29   0.74     90     15  335.8  338.7  336.0
  384.0   7888  -17.7  -22.3     67   1.68     91     15  335.8  342.0  336.1
  383.0   7908  -17.9  -20.8     78   1.92     91     16  335.8  342.8  336.2
  362.0   8329  -19.5  -25.5     59   1.33     94     17  339.1  344.1  339.4
  357.0   8433  -20.3  -24.4     70   1.49     94     18  339.4  345.0  339.7
  345.0   8686  -22.3  -27.3     64   1.19     96     19  340.0  344.5  340.2
  325.0   9123  -25.5  -29.9     67   0.99     99     21  341.4  345.3  341.6
  317.0   9303  -26.9  -31.6     64   0.86    100     22  341.9  345.3  342.1
  309.0   9488  -28.3  -33.3     62   0.75     88     20  342.5  345.4  342.6
  304.0   9605  -29.3  -34.3     62   0.69     80     18  342.7  345.4  342.8
  302.0   9652  -29.5  -33.9     66   0.72     78     19  343.0  345.9  343.2
  300.0   9700  -29.7  -35.7     56   0.61     75     19  343.4  345.9  343.5
  299.0   9724  -29.7  -39.7     37   0.41     75     19  343.7  345.4  343.8
  250.0  10970  -40.3  -53.3     24   0.11     85     26  346.0  346.5  346.0
  245.0  11106  -41.5  -55.4     21   0.09     85     27  346.2  346.6  346.2
  238.0  11301  -43.3  -58.3     18   0.06     82     28  346.4  346.7  346.4
  208.0  12188  -51.3  -60.3     33   0.05     69     30  347.4  347.7  347.5
  200.0  12440  -53.3  -63.3     29   0.04     65     31  348.2  348.4  348.2
  195.0  12603  -54.3  -66.3     21   0.03     68     30  349.1  349.3  349.1
  186.0  12897  -56.9  -67.9     24   0.02     75     29  349.7  349.8  349.7
  154.0  14072  -67.3  -74.3     36   0.01     84     34  351.3  351.4  351.3
  150.0  14230  -68.7  -75.7     36   0.01     85     35  351.6  351.6  351.6
  146.0  14391  -70.1  -77.1     35   0.01     85     32  351.9  351.9  351.9
  142.0  14557  -71.5  -78.5     35   0.01     84     31  352.2  352.2  352.2
  141.0  14598  -71.7  -79.7     29   0.00     84     31  352.6  352.6  352.6
  137.0  14768  -73.1  -79.1     40   0.01     83     30  353.0  353.0  353.0
  132.0  14985  -75.1  -80.1     46   0.00     83     29  353.2  353.2  353.2
  124.0  15346  -77.7  -83.7     38   0.00     81     27  354.9  354.9  354.9
  120.0  15534  -78.7  -85.7     31   0.00     80     26  356.4  356.4  356.4
  119.0  15581  -78.8  -87.6     23   0.00     80     26  356.9  357.0  356.9
  116.0  15727  -79.3  -93.3      9   0.00     82     27  358.7  358.7  358.7
  113.0  15877  -77.5  -90.3     11   0.00     85     29  364.8  364.8  364.8
  111.0  15979  -76.3  -88.3     14   0.00     95     26  368.9  368.9  368.9
  107.0  16191  -76.8  -88.1     15   0.00    115     21  371.9  371.9  371.9
  100.0  16580  -77.7  -87.7     19   0.00    105     22  377.4  377.4  377.4
   95.4  16849  -79.3  -88.3     22   0.00     85     18  379.3  379.4  379.3
   88.2  17296  -78.9  -88.9     18   0.00     68     21  388.7  388.8  388.7
   87.0  17374  -78.3  -88.5     18   0.00     65     22  391.5  391.5  391.5
   83.1  17638  -76.3  -87.3     16   0.00     69     19  400.7  400.7  400.7
   82.5  17680  -73.9  -87.9     10   0.00     70     19  406.4  406.4  406.4
   78.0  18008  -74.0  -88.3     10   0.00     75     15  412.9  412.9  412.9
   74.0  18315  -74.0  -88.7      9   0.00     55     17  419.0  419.0  419.0
   71.0  18557  -74.1  -89.0      9   0.00     70     16  423.9  423.9  423.9
   70.0  18640  -74.1  -89.1      8   0.00     75     16  425.5  425.6  425.5
   68.3  18783  -74.1 -100.1      1   0.00     97     17  428.5  428.5  428.5
   67.0  18894  -74.6  -94.7      3   0.00    115     17  429.8  429.8  429.8
   65.7  19008  -75.1  -89.1     10   0.00    121     16  431.1  431.1  431.1
   61.0  19448  -67.4  -87.3      5   0.00    145     10  457.4  457.4  457.4
   60.1  19536  -65.9  -86.9      4   0.00    180      9  462.8  462.8  462.8
   58.0  19753  -63.4  -85.8      3   0.00    265      6  473.2  473.2  473.2
   57.1  19848  -62.3  -85.3      3   0.00    262      9  477.8  477.8  477.8
   52.0  20420  -64.5  -85.4      4   0.01    245     28  485.5  485.5  485.5
   50.0  20660  -65.5  -85.5      5   0.01    230     26  488.7  488.8  488.7
   48.7  20820  -66.1  -86.1      5   0.00    224     19  491.0  491.0  491.0
   47.0  21037  -65.8  -86.1      4   0.01    215     10  496.8  496.9  496.8
   43.0  21579  -64.9  -86.2      4   0.01    265      7  511.8  511.8  511.8
   40.6  21929  -64.3  -86.3      3   0.01    306      9  521.7  521.7  521.7
   39.0  22177  -62.6  -85.4      3   0.01    335     11  532.0  532.1  532.0
   36.8  22536  -60.1  -84.1      3   0.01    340     10  547.3  547.4  547.3
   35.0  22848  -60.8  -84.3      3   0.01    345      9  553.4  553.5  553.4
   33.2  23177  -61.5  -84.5      3   0.01    321      9  560.0  560.0  560.0
   31.0  23605  -59.5  -83.8      3   0.01    290      9  576.5  576.6  576.5
   30.0  23810  -58.5  -83.5      3   0.01    280      9  584.6  584.7  584.6
   29.0  24025  -57.4  -82.8      3   0.01    300      4  593.2  593.3  593.2
   28.0  24247  -56.4  -82.0      3   0.02    345      9  602.2  602.3  602.2
   26.9  24501  -55.1  -81.1      3   0.02    317     10  612.6  612.8  612.6
   25.0  24969  -54.9  -80.5      3   0.02    265     12  626.2  626.4  626.2
   23.0  25502  -54.7  -79.9      3   0.03    225     22  642.0  642.2  642.0
   22.0  25786  -54.5  -79.6      3   0.03    225     12  650.5  650.8  650.5
   21.7  25873  -54.5  -79.5      3   0.03    247      9  653.2  653.5  653.2
   21.0  26085  -53.0  -78.8      3   0.04    300      3  664.0  664.3  664.0
   20.0  26400  -50.7  -77.7      3   0.05     35      4  680.2  680.7  680.2
   19.1  26701  -48.5  -77.5      2   0.05     75      4  696.0  696.6  696.1
   19.0  26736  -48.5  -77.5      2   0.05     80      4  697.0  697.6  697.0
   18.0  27091  -48.8  -77.0      2   0.06     70      9  707.1  707.7  707.1
   17.0  27466  -49.0  -76.4      3   0.07     30     11  717.9  718.6  717.9
   16.0  27863  -49.3  -75.9      3   0.08     65      8  729.5  730.3  729.5
   15.4  28114  -49.5  -75.5      3   0.09     62      8  736.9  737.9  737.0
   15.0  28288  -48.4  -75.6      3   0.09     60      8  746.2  747.2  746.3
   14.1  28696  -45.7  -75.7      2   0.09     66     18  768.6  769.6  768.6
   13.0  29240  -44.8  -74.8      2   0.12     75     30  789.8  791.1  789.8
   12.0  29775  -43.9  -73.9      2   0.14    120     23  811.2  812.9  811.3
   11.6  30002  -43.5  -73.5      2   0.16                820.5  822.4  820.6
</PRE><H3>Station information and sounding indices</H3><PRE>
                         Station identifier: WIII
                             Station number: 96749
                           Observation time: 201001/0000
                           Station latitude: -6.11
                          Station longitude: 106.65
                          Station elevation: 8.0
                            Showalter index: -0.47
                               Lifted index: -2.48
    LIFT computed using virtual temperature: -3.13
                                SWEAT index: 236.02
                                    K index: 34.10
                         Cross totals index: 20.90
                      Vertical totals index: 24.10
                        Totals totals index: 45.00
      Convective Available Potential Energy: 449.19
             CAPE using virtual temperature: 570.42
                      Convective Inhibition: -59.81
             CINS using virtual temperature: -46.26
                           Equilibrum Level: 199.06
 Equilibrum Level using virtual temperature: 198.95
                   Level of Free Convection: 823.41
             LFCT using virtual temperature: 834.73
                     Bulk Richardson Number: 34.71
          Bulk Richardson Number using CAPV: 44.08
  Temp [K] of the Lifted Condensation Level: 293.29
Pres [hPa] of the Lifted Condensation Level: 918.45
   Equivalent potential temp [K] of the LCL: 348.96
     Mean mixed layer potential temperature: 300.52
              Mean mixed layer mixing ratio: 16.48
              1000 hPa to 500 hPa thickness: 5778.00
Precipitable water [mm] for entire sounding: 54.00
</PRE>
<P>Description of the 
<A HREF="/upperair/columns.html">data columns</A>
or <A HREF="/upperair/indices.html">sounding indices</A>.

<P>
<FORM>
<INPUT CLASS="button" TYPE="button" VALUE=" Close this window " 
 onClick="window.close();">
<INPUT CLASS="button" TYPE="button" VALUE=" Select another map " 
 onClick="window.blur();">
</FORM>
<HR SIZE="1">
<I>Interested in graduate studies in atmospheric science?
Check out our program at the
<a href="http://www.uwyo.edu/atsc/howtoapply/"
target=_top>University of Wyoming
</a></I>
<HR SIZE="1"><FONT SIZE="-1">
Questions about the weather data provided by this site can be
addressed to <A HREF="mailto:ldoolman@uwyo.edu">
Larry Oolman (ldoolman@uwyo.edu)</A></FONT>
<HR SIZE="1">
<SCRIPT TYPE="text/javascript">
<!--
window.focus();
// -->
</SCRIPT>
</BODY>
</HTML>
