2016-03-11 00
<HTML>
<TITLE>University of Wyoming - Radiosonde Data</TITLE>
<BODY BGCOLOR="white">
<H2>96749 WIII Jakarta Observations at 00Z 11 Mar 2016</H2>
<PRE>
-----------------------------------------------------------------------------
   PRES   HGHT   TEMP   DWPT   RELH   MIXR   DRCT   SKNT   THTA   THTE   THTV
    hPa     m      C      C      %    g/kg    deg   knot     K      K      K 
-----------------------------------------------------------------------------
 1010.0      8   26.0   24.3     90  19.37    180      4  298.3  354.9  301.8
 1001.0     87   26.8   22.7     78  17.70    113      4  299.9  351.9  303.0
 1000.0     96   27.0   23.0     79  18.05    105      4  300.1  353.3  303.4
  977.0    300   25.7   22.8     84  18.28     35      5  300.9  354.8  304.2
  944.0    602   23.9   22.5     92  18.61     30      5  302.0  357.2  305.3
  939.0    648   23.6   22.5     94  18.67     33      5  302.1  357.5  305.5
  925.0    779   23.2   21.3     89  17.58     40      4  303.0  355.4  306.2
  913.0    893   22.5   20.6     89  17.07     60      2  303.5  354.4  306.6
  850.0   1518   18.8   16.9     89  14.46     80      2  305.8  349.4  308.5
  794.0   2097   15.7   13.9     89  12.72     85      5  308.5  347.3  310.9
  767.0   2391   14.1   12.3     89  11.89    110      5  309.9  346.4  312.1
  740.0   2696   12.5   10.8     89  11.08     95      6  311.3  345.6  313.4
  700.0   3168   10.0    8.3     89   9.91    105     10  313.5  344.5  315.4
  689.0   3300    8.8    7.8     93   9.73    107     10  313.6  344.1  315.4
  663.0   3618    8.2    4.4     77   7.97    112     10  316.4  341.8  317.9
  638.0   3935    6.4    4.3     86   8.23    117      9  317.9  344.2  319.4
  596.0   4492    4.2   -0.4     72   6.28    125      9  321.5  342.1  322.8
  589.0   4589    3.8   -1.2     70   5.99    118     10  322.2  341.9  323.3
  575.0   4784    3.0   -7.0     48   3.95    103     12  323.4  336.8  324.2
  553.0   5098    0.9   -9.1     47   3.49     80     15  324.6  336.5  325.3
  544.0   5231    0.0  -10.0     47   3.30     82     15  325.1  336.4  325.7
  512.0   5713   -3.7   -9.7     63   3.60     88     16  326.2  338.6  327.0
  500.0   5900   -4.3  -15.3     42   2.34     90     16  327.7  336.0  328.2
  494.0   5995   -4.5  -17.3     36   2.00     85     17  328.6  335.7  329.0
  490.0   6059   -4.7  -18.7     33   1.79     82     18  329.1  335.6  329.5
  475.0   6302   -6.5  -15.3     50   2.47     70     20  329.9  338.6  330.4
  470.0   6385   -7.1  -14.1     57   2.75     70     20  330.1  339.8  330.6
  457.0   6602   -8.1  -20.1     37   1.71     70     21  331.5  337.7  331.9
  444.0   6825  -10.3  -17.3     57   2.23     70     21  331.5  339.5  331.9
  440.0   6894  -10.8  -17.8     56   2.16     70     21  331.8  339.5  332.2
  412.0   7396  -14.1  -21.1     55   1.73     70     20  333.7  340.1  334.1
  404.0   7545  -14.1  -23.1     46   1.48     70     20  335.6  341.1  335.9
  402.0   7582  -14.1  -26.1     36   1.14     70     20  336.1  340.4  336.3
  400.0   7620  -14.3  -27.3     32   1.02     70     20  336.3  340.2  336.5
  397.0   7677  -14.7  -24.7     42   1.31     73     20  336.5  341.4  336.8
  396.0   7696  -14.9  -21.9     55   1.68     74     20  336.5  342.7  336.8
  391.0   7792  -15.5  -24.5     46   1.35     80     21  336.9  342.0  337.2
  390.0   7811  -15.5  -28.5     32   0.94     80     21  337.2  340.8  337.4
  387.0   7869  -15.9  -28.9     32   0.91     82     21  337.4  340.9  337.6
  386.0   7889  -16.1  -25.1     46   1.30     82     21  337.4  342.3  337.7
  385.0   7908  -16.1  -26.1     42   1.19     83     21  337.6  342.1  337.9
  383.0   7947  -15.9  -32.9     22   0.63     84     20  338.4  340.9  338.5
  364.0   8328  -18.3  -37.3     17   0.43     93     19  340.2  341.9  340.2
  361.0   8390  -18.8  -37.3     18   0.43     95     19  340.3  342.0  340.4
  347.0   8682  -21.3  -37.3     22   0.45     90     19  340.8  342.6  340.9
  341.0   8810  -22.7  -31.7     44   0.79     88     18  340.6  343.7  340.7
  340.0   8832  -22.7  -29.7     53   0.96     88     18  340.9  344.6  341.1
  339.0   8854  -22.9  -27.8     64   1.15     87     18  340.9  345.3  341.1
  338.0   8875  -22.9  -27.9     64   1.15     87     18  341.2  345.6  341.4
  337.0   8897  -22.9  -33.9     36   0.65     87     18  341.5  344.0  341.6
  336.0   8919  -22.9  -26.9     70   1.27     86     18  341.8  346.6  342.0
  333.0   8984  -23.1  -27.3     68   1.23     85     18  342.4  347.1  342.6
  332.0   9006  -23.1  -27.4     68   1.22     85     18  342.6  347.4  342.9
  331.0   9028  -23.1  -32.1     44   0.79     87     18  342.9  346.1  343.1
  330.0   9050  -22.7  -37.7     24   0.45     89     18  343.8  345.6  343.9
  319.0   9296  -24.8  -39.4     24   0.39    110     15  344.3  345.9  344.4
  300.0   9740  -28.5  -42.5     25   0.30    125     11  345.1  346.4  345.2
  293.0   9910  -29.6  -47.3     16   0.18    130     12  345.9  346.7  345.9
  285.0  10108  -30.9  -52.9     10   0.10    113     10  346.8  347.2  346.8
  270.0  10489  -34.0  -52.7     13   0.11     80      6  347.6  348.1  347.6
  250.0  11030  -38.5  -52.5     21   0.12    130      5  348.7  349.2  348.7
  247.0  11113  -39.2  -53.2     21   0.11    125      5  348.9  349.4  348.9
  244.0  11196  -39.9  -53.9     21   0.10    124      5  349.0  349.5  349.0
  237.0  11390  -41.6                         120      6  349.4         349.4
  226.0  11706  -44.4                          95      9  349.9         349.9
  207.0  12291  -49.5                         110      8  350.8         350.8
  200.0  12520  -51.5                         100      9  351.1         351.1
  156.0  14075  -64.8                          45      7  354.3         354.3
  150.0  14320  -66.9                          50      6  354.6         354.6
  141.0  14677  -69.5                          75      4  356.4         356.4
  121.0  15560  -76.0                          55      5  360.4         360.4
  115.0  15853  -78.2                         140      5  361.7         361.7
  100.0  16660  -84.1                         125     21  365.0         365.0
   98.0  16771  -84.7                         120     19  366.0         366.0
   97.3  16811  -84.9                         120     19  366.3         366.3
   92.0  17118  -85.1                         105     10  371.7         371.7
   88.0  17362  -85.3                          75      5  376.1         376.1
   84.6  17578  -85.5                          14      5  380.0         380.0
   83.0  17683  -85.4                         345      5  382.3         382.3
   78.4  17996  -85.1                          40      5  389.2         389.2
   78.0  18024  -85.0                          45      5  390.1         390.1
   75.7  18189  -84.1                         139      6  395.2         395.2
   74.0  18316  -80.4                         210      6  405.6         405.6
   73.7  18338  -79.7                         213      6  407.5         407.5
   70.0  18630  -78.7                         250     10  415.7         415.7
   67.0  18878  -79.0                         245      9  420.4         420.4
   63.5  19182  -79.3                         219      6  426.1         426.1
   63.0  19227  -78.7                         215      5  428.4         428.4
   60.0  19507  -75.2                         115     10  442.3         442.3
   59.3  19574  -74.3                         112     10  445.7         445.7
   57.0  19803  -75.3                         100      8  448.4         448.4
   54.6  20051  -76.5                         124      7  451.3         451.3
   54.0  20115  -76.1                         130      7  453.7         453.7
   51.0  20445  -74.0                         115     11  466.0         466.0
   50.0  20560  -73.3                         125     12  470.4         470.4
   49.0  20679  -72.8                         145     15  474.4         474.4
   45.8  21077  -70.9                         132     19  488.1         488.1
   44.0  21314  -71.2                         125     21  493.1         493.1
   42.9  21464  -71.3                         125     19  496.3         496.3
   42.0  21590  -71.0                         125     18  500.0         500.0
   40.4  21820  -70.5                         117     17  506.9         506.9
   39.5  21954  -67.5                         113     16  517.7         517.7
   38.0  22191  -66.2                         105     15  526.8         526.8
   36.0  22520  -64.3                         130     23  539.8         539.8
   33.9  22887  -62.3                         106     28  554.5         554.5
   33.4  22980  -58.9                         100     29  565.9         565.9
   33.0  23055  -59.1                          95     30  567.2         567.2
   30.0  23650  -61.1                          90     13  577.5         577.5
   29.5  23754  -61.5                         134     11  579.2         579.2
   28.0  24078  -61.4                         270      3  588.1         588.1
   27.0  24303  -61.4                         165      6  594.4         594.4
   26.0  24537  -61.3                         115     14  601.0         601.0
   25.0  24782  -59.9                         105     11  611.8         611.8
   23.6  25142  -57.9                                     627.8         627.8
</PRE><H3>Station information and sounding indices</H3><PRE>
                         Station identifier: WIII
                             Station number: 96749
                           Observation time: 160311/0000
                           Station latitude: -6.11
                          Station longitude: 106.65
                          Station elevation: 8.0
                            Showalter index: -1.02
                               Lifted index: -2.79
    LIFT computed using virtual temperature: -3.55
                                SWEAT index: 222.81
                                    K index: 38.30
                         Cross totals index: 21.20
                      Vertical totals index: 23.10
                        Totals totals index: 44.30
      Convective Available Potential Energy: 928.30
             CAPE using virtual temperature: 1082.07
                      Convective Inhibition: -33.36
             CINS using virtual temperature: -28.92
                           Equilibrum Level: 155.37
 Equilibrum Level using virtual temperature: 155.38
                   Level of Free Convection: 839.20
             LFCT using virtual temperature: 857.81
                     Bulk Richardson Number: 349.15
          Bulk Richardson Number using CAPV: 406.98
  Temp [K] of the Lifted Condensation Level: 295.37
Pres [hPa] of the Lifted Condensation Level: 940.73
   Equivalent potential temp [K] of the LCL: 354.49
     Mean mixed layer potential temperature: 300.58
              Mean mixed layer mixing ratio: 18.31
              1000 hPa to 500 hPa thickness: 5804.00
Precipitable water [mm] for entire sounding: 61.92
</PRE>
<P>Description of the 
<A HREF="/upperair/columns.html">data columns</A>
or <A HREF="/upperair/indices.html">sounding indices</A>.

<P>
<FORM>
<INPUT CLASS="button" TYPE="button" VALUE=" Close this window " 
 onClick="window.close();">
<INPUT CLASS="button" TYPE="button" VALUE=" Select another map " 
 onClick="window.blur();">
</FORM>
<HR SIZE="1">
<I>Interested in graduate studies in atmospheric science?
Check out our program at the
<a href="http://www.uwyo.edu/atsc/howtoapply/"
target=_top>University of Wyoming
</a></I>
<HR SIZE="1"><FONT SIZE="-1">
Questions about the weather data provided by this site can be
addressed to <A HREF="mailto:ldoolman@uwyo.edu">
Larry Oolman (ldoolman@uwyo.edu)</A></FONT>
<HR SIZE="1">
<SCRIPT TYPE="text/javascript">
<!--
window.focus();
// -->
</SCRIPT>
</BODY>
</HTML>
