2019-11-25 12
<HTML>
<TITLE>University of Wyoming - Radiosonde Data</TITLE>
<BODY BGCOLOR="white">
<H2>96749 WIII Jakarta Observations at 00Z 25 Nov 2019</H2>
<PRE>
-----------------------------------------------------------------------------
   PRES   HGHT   TEMP   DWPT   RELH   MIXR   DRCT   SKNT   THTA   THTE   THTV
    hPa     m      C      C      %    g/kg    deg   knot     K      K      K 
-----------------------------------------------------------------------------
 1010.0      8   26.6   23.0     81  17.87    105      3  298.9  351.2  302.1
 1000.0     99   26.2   22.4     80  17.39    175      3  299.4  350.3  302.5
  994.0    153   27.0   22.4     76  17.50    184      3  300.7  352.3  303.8
  978.0    296   26.0   21.8     78  17.10    210      3  301.0  351.5  304.1
  945.0    600   23.8   20.4     82  16.28    170      2  301.8  350.0  304.7
  925.0    789   22.4   19.6     84  15.78     85      3  302.2  349.0  305.1
  913.0    902   21.6   19.2     86  15.57     70      4  302.5  348.7  305.3
  875.0   1270   18.8   17.8     94  14.88     76      6  303.3  347.7  306.0
  850.0   1519   17.6   16.2     92  13.82     80      8  304.6  346.0  307.1
  794.0   2099   14.9   11.0     77  10.46     80      9  307.7  339.6  309.6
  772.0   2338   13.8    8.8     72   9.29     64      7  309.0  337.6  310.7
  766.0   2403   13.6    7.0     64   8.24     60      7  309.4  334.9  311.0
  761.0   2459   13.4    5.4     58   7.44     61      7  309.8  333.0  311.2
  749.0   2592   12.2    8.4     78   9.32     62      7  309.9  338.7  311.6
  700.0   3157    9.6    5.9     78   8.39     70      6  313.1  339.4  314.7
  663.0   3604    7.3    2.4     71   6.91     75      5  315.4  337.4  316.7
  640.0   3895    5.8    0.1     67   6.07     55      6  316.9  336.5  318.1
  631.0   4011    5.2   -0.8     65   5.75     55      6  317.5  336.1  318.6
  616.0   4206    3.7   -1.5     69   5.61     55      7  317.9  336.2  319.0
  598.0   4447    1.8   -2.3     74   5.43     74      6  318.5  336.2  319.5
  592.0   4528    1.6   -4.4     64   4.69     80      6  319.1  334.6  320.1
  570.0   4832    0.0   -3.8     76   5.10    104      6  320.7  337.6  321.7
  563.0   4931   -0.7   -4.4     76   4.93    111      5  321.1  337.4  322.0
  561.0   4959   -0.9   -3.1     85   5.46    114      5  321.1  339.1  322.2
  558.0   5002   -0.9   -3.4     83   5.36    117      5  321.6  339.4  322.7
  556.0   5031   -1.1   -3.9     81   5.19    119      5  321.7  338.9  322.7
  555.0   5045   -1.3   -5.4     74   4.63    120      5  321.6  337.1  322.6
  554.0   5059   -1.1  -10.1     50   3.22    122      5  322.1  333.0  322.7
  553.0   5074   -1.1  -12.1     43   2.75    123      5  322.2  331.6  322.8
  552.0   5088   -1.3   -8.3     59   3.72    124      5  322.1  334.7  322.9
  551.0   5103   -1.4   -7.9     61   3.85    125      5  322.2  335.1  322.9
  550.0   5117   -1.5   -7.5     64   3.98    125      5  322.2  335.6  323.0
  547.0   5161   -1.5   -7.5     64   4.00    123      5  322.8  336.2  323.5
  544.0   5204   -1.3  -11.3     47   2.98    122      5  323.5  333.7  324.1
  535.0   5337   -2.3   -9.3     59   3.55    117      5  323.9  335.9  324.6
  527.0   5456   -3.3   -9.3     63   3.61    113      6  324.0  336.3  324.8
  511.0   5699   -4.3  -17.3     36   1.94    105      6  325.7  332.6  326.1
  500.0   5870   -5.3  -17.3     38   1.98     95      7  326.5  333.5  326.9
  490.0   6028   -6.3  -17.3     41   2.02     86      8  327.2  334.3  327.6
  485.0   6108   -6.9  -12.9     62   2.94     81      9  327.4  337.6  328.0
  483.0   6141   -6.9  -10.9     73   3.47     79      9  327.8  339.8  328.5
  473.0   6304   -7.6  -14.5     58   2.64     70     10  328.9  338.2  329.4
  466.0   6420   -8.1  -17.1     48   2.16     73      9  329.7  337.4  330.1
  464.0   6453   -8.3  -19.3     41   1.80     73      9  329.8  336.3  330.2
  460.0   6520   -8.9  -15.9     57   2.42     75      9  329.9  338.5  330.4
  456.0   6588   -9.1  -13.1     73   3.07     76      9  330.5  341.2  331.1
  445.0   6777   -9.7  -18.7     48   1.98     80      8  332.0  339.2  332.4
  421.0   7201  -12.9  -21.1     50   1.70     90      6  333.2  339.4  333.5
  417.0   7275  -13.5  -21.5     51   1.65     97      6  333.4  339.4  333.7
  400.0   7590  -15.3  -30.3     27   0.77    130      4  335.0  338.0  335.2
  398.0   7628  -15.5  -32.5     22   0.63    132      4  335.2  337.7  335.4
  389.0   7800  -16.4  -31.6     26   0.70    140      5  336.3  339.0  336.4
  388.0   7819  -16.5  -31.5     26   0.71    140      5  336.4  339.1  336.5
  382.0   7936  -16.9  -38.9     13   0.35    141      6  337.4  338.8  337.4
  338.0   8838  -24.9  -42.9     17   0.26    147     13  338.4  339.5  338.5
  324.0   9143  -27.5  -42.5     23   0.28    149     15  339.0  340.1  339.0
  317.0   9299  -29.0  -41.4     29   0.32    150     16  339.0  340.3  339.0
  306.0   9550  -31.5  -39.5     45   0.41    133     11  338.9  340.6  339.0
  304.0   9596  -31.5  -37.5     55   0.50    130     10  339.6  341.6  339.7
  300.0   9690  -31.5  -35.4     68   0.63    120      7  340.9  343.4  341.0
  291.0   9904  -33.5  -36.2     76   0.60     15      4  341.0  343.4  341.1
  290.0   9928  -33.7  -36.3     77   0.59     12      4  341.1  343.4  341.2
  279.0  10195  -35.7  -38.7     74   0.48    335      8  342.0  343.9  342.1
  257.0  10762  -39.9  -43.8     66   0.31    346     20  343.9  345.2  343.9
  250.0  10950  -41.5                         350     24  344.2         344.2
  234.0  11389  -44.8                         355     23  345.8         345.8
  224.0  11678  -47.0                           0     23  346.8         346.8
  200.0  12430  -52.7                          15     20  349.1         349.1
  195.0  12588  -54.0                          10     16  349.6         349.6
  186.0  12882  -56.4                         335     12  350.5         350.5
  161.0  13780  -63.7                         265      5  352.9         352.9
  153.0  14097  -66.3                         200      2  353.7         353.7
  150.0  14220  -67.3                          70      2  354.0         354.0
  146.0  14380  -68.7                          35      4  354.3         354.3
  139.0  14671  -71.2                         350      5  354.8         354.8
  132.0  14978  -73.9                         330      5  355.4         355.4
  125.0  15293  -76.5                         355     11  356.2         356.2
  124.0  15340  -76.9                         352     11  356.3         356.3
  113.0  15871  -77.6                         315     11  364.6         364.6
  107.0  16183  -78.0                         325     17  369.6         369.6
  100.0  16570  -78.5                         250     16  375.8         375.8
   96.0  16800  -79.5                         225     21  378.3         378.3
   91.0  17101  -80.8                         230     14  381.5         381.5
   82.0  17687  -83.4                         325     18  387.8         387.8
   81.6  17715  -83.5                         325     18  388.1         388.1
   78.0  17968  -80.4                         290     16  399.5         399.5
   77.0  18040  -79.5                         289     18  402.9         402.9
   72.2  18404  -80.7                         283     25  407.8         407.8
   70.7  18523  -78.5                         281     28  414.9         414.9
   70.0  18580  -78.5                         280     29  416.1         416.1
   63.2  19161  -80.1                         251     25  424.9         424.9
   63.0  19179  -80.1                         250     25  425.4         425.4
   62.2  19252  -79.9                         243     23  427.3         427.3
   61.1  19354  -75.9                         234     21  438.4         438.4
   60.0  19460  -73.2                         225     19  446.8         446.8
   59.9  19470  -72.9                         226     19  447.6         447.6
   51.0  20423  -69.9                         285     11  475.7         475.7
   50.0  20540  -69.5                         280     12  479.3         479.3
   48.1  20770  -70.1                         257     12  483.2         483.2
   46.0  21039  -67.0                         230     11  496.8         496.8
   43.7  21348  -63.5                         253     12  512.8         512.8
   42.0  21591  -63.6                         270     13  518.4         518.4
   38.0  22203  -63.9                         245     18  532.8         532.8
   37.2  22333  -63.9                         249     13  535.9         535.9
   36.1  22517  -63.7                         254      7  541.0         541.0
   36.0  22534  -63.3                         255      6  542.5         542.5
   35.0  22708  -59.3                         249      7  557.3         557.3
   33.0  23075  -59.5                         235      9  566.2         566.2
   31.1  23445  -59.7                          41      7  575.4         575.4
   31.0  23465  -59.7                          50      7  575.8         575.8
   30.4  23587  -59.9                          62      9  578.6         578.6
   30.1  23649  -58.1                          68     10  585.1         585.1
   30.0  23670  -57.1                          70     10  588.4         588.4
   29.0  23886  -56.0                         115      1  597.1         597.1
   27.7  24178  -54.5                         163      2  609.2         609.2
   27.0  24340  -55.4                         190      3  611.3         611.3
   25.0  24829  -57.9                         190      7  617.5         617.5
   23.6  25191  -59.5                         128     20  623.1         623.1
   23.0  25352  -60.0                         100     26  626.2         626.2
   22.9  25379  -60.1                         100     26  626.8         626.8
   22.6  25462  -57.5                         100     27  636.8         636.8
   21.0  25928  -55.1                         100     32  657.5         657.5
   20.0  26240  -55.1                         100     35  666.8         666.8
   19.6  26369  -56.3                         100     36  666.9         666.9
   18.1  26875  -55.3                         100     41  685.4         685.4
   17.7  27018  -55.1                         100     43  690.5         690.5
   17.2  27202  -50.7                         100     44  710.2         710.2
   17.0  27279  -50.5                         100     45  713.1         713.1
   16.3  27553  -49.9                                     723.8         723.8
</PRE><H3>Station information and sounding indices</H3><PRE>
                         Station identifier: WIII
                             Station number: 96749
                           Observation time: 191125/0000
                           Station latitude: -6.11
                          Station longitude: 106.65
                          Station elevation: 8.0
                            Showalter index: -0.77
                               Lifted index: -2.66
    LIFT computed using virtual temperature: -3.37
                                SWEAT index: 217.40
                                    K index: 35.40
                         Cross totals index: 21.50
                      Vertical totals index: 22.90
                        Totals totals index: 44.40
      Convective Available Potential Energy: 1009.29
             CAPE using virtual temperature: 1167.96
                      Convective Inhibition: -22.41
             CINS using virtual temperature: -17.84
                           Equilibrum Level: 183.81
 Equilibrum Level using virtual temperature: 183.63
                   Level of Free Convection: 878.91
             LFCT using virtual temperature: 885.10
                     Bulk Richardson Number: 194.63
          Bulk Richardson Number using CAPV: 225.22
  Temp [K] of the Lifted Condensation Level: 294.08
Pres [hPa] of the Lifted Condensation Level: 926.08
   Equivalent potential temp [K] of the LCL: 351.15
     Mean mixed layer potential temperature: 300.62
              Mean mixed layer mixing ratio: 17.17
              1000 hPa to 500 hPa thickness: 5771.00
Precipitable water [mm] for entire sounding: 55.01
</PRE>
<P>Description of the 
<A HREF="/upperair/columns.html">data columns</A>
or <A HREF="/upperair/indices.html">sounding indices</A>.

<P>
<FORM>
<INPUT CLASS="button" TYPE="button" VALUE=" Close this window " 
 onClick="window.close();">
<INPUT CLASS="button" TYPE="button" VALUE=" Select another map " 
 onClick="window.blur();">
</FORM>
<HR SIZE="1">
<I>Interested in graduate studies in atmospheric science?
Check out our program at the
<a href="http://www.uwyo.edu/atsc/howtoapply/"
target=_top>University of Wyoming
</a></I>
<HR SIZE="1"><FONT SIZE="-1">
Questions about the weather data provided by this site can be
addressed to <A HREF="mailto:ldoolman@uwyo.edu">
Larry Oolman (ldoolman@uwyo.edu)</A></FONT>
<HR SIZE="1">
<SCRIPT TYPE="text/javascript">
<!--
window.focus();
// -->
</SCRIPT>
</BODY>
</HTML>
