2016-11-24 12
<HTML>
<TITLE>University of Wyoming - Radiosonde Data</TITLE>
<BODY BGCOLOR="white">
<H2>96749 WIII Jakarta Observations at 00Z 24 Nov 2016</H2>
<PRE>
-----------------------------------------------------------------------------
   PRES   HGHT   TEMP   DWPT   RELH   MIXR   DRCT   SKNT   THTA   THTE   THTV
    hPa     m      C      C      %    g/kg    deg   knot     K      K      K 
-----------------------------------------------------------------------------
 1008.0      8   26.8   24.6     88  19.78    220      1  299.3  357.3  302.8
 1003.0     54   25.6   22.2     82  17.12    232      2  298.5  348.5  301.6
 1000.0     82   25.6   22.3     82  17.28    240      3  298.8  349.3  301.8
  980.0    260   26.4   20.4     70  15.65    242      5  301.3  347.6  304.1
  943.0    599   24.1   18.1     69  14.09    245      8  302.3  344.2  304.9
  925.0    768   23.0   17.0     69  13.35    240     11  302.8  342.6  305.2
  880.0   1202   19.8   15.4     76  12.64    235     10  303.8  341.6  306.1
  862.0   1382   18.4   14.7     79  12.35    241     11  304.2  341.2  306.4
  850.0   1503   17.6   14.3     81  12.20    245     11  304.6  341.2  306.8
  792.0   2099   14.4   11.4     82  10.82    280      6  307.4  340.3  309.4
  738.0   2694   11.2    8.6     84   9.56    275      4  310.1  339.7  311.9
  712.0   2997    9.6    7.1     85   8.96    250      2  311.5  339.4  313.2
  700.0   3140    8.8    6.4     85   8.69    225      4  312.2  339.3  313.8
  662.0   3599    6.0    4.6     91   8.11    280      7  314.0  339.6  315.6
  647.0   3787    4.8    3.9     94   7.89    280      6  314.8  339.7  316.3
  638.0   3901    4.8    2.8     87   7.40    280      5  316.0  339.6  317.4
  633.0   3965    4.8    2.2     83   7.14    289      5  316.7  339.6  318.1
  615.0   4198    3.5    1.0     84   6.74    320      4  317.9  339.6  319.2
  593.0   4493    1.9   -0.5     84   6.26    335      6  319.4  339.7  320.6
  571.0   4798    0.2   -2.1     84   5.79    305      6  320.9  339.8  322.0
  568.0   4841    0.0   -2.3     84   5.72    305      6  321.1  339.9  322.2
  543.0   5199   -2.9   -3.9     93   5.31    308      7  321.8  339.3  322.8
  529.0   5405   -3.5   -5.5     86   4.82    310      8  323.5  339.6  324.4
  510.0   5694   -4.3   -7.8     77   4.20    275     12  325.9  340.1  326.7
  505.0   5772   -4.5   -8.4     74   4.04    275     12  326.6  340.3  327.4
  500.0   5850   -4.9   -8.3     77   4.11    275     12  327.0  341.0  327.8
  451.0   6654   -8.9  -13.7     68   2.96    294     14  331.8  342.2  332.4
  437.0   6896  -10.8  -13.5     80   3.11    300     14  332.4  343.4  333.0
  430.0   7021  -11.7  -13.4     87   3.18    293     14  332.8  344.0  333.4
  404.0   7494  -14.8  -16.9     84   2.53    265     12  334.7  343.8  335.2
  400.0   7570  -15.3  -17.5     83   2.43    265     12  335.0  343.8  335.5
  330.0   9004  -23.8  -27.0     74   1.27    270     19  342.3  347.2  342.6
  323.0   9164  -24.7  -28.1     73   1.18    271     19  343.1  347.7  343.4
  300.0   9700  -28.7  -31.7     75   0.90    275     17  344.8  348.4  345.0
  294.0   9843  -29.9  -32.1     81   0.89    274     16  345.1  348.6  345.3
  289.0   9965  -30.9  -33.1     81   0.82    273     16  345.4  348.6  345.6
  286.0  10038  -31.5  -34.1     78   0.75    272     15  345.6  348.6  345.7
  281.0  10162  -32.1  -42.1     36   0.34    271     14  346.4  347.9  346.5
  277.0  10262  -32.7  -49.7     17   0.15    271     14  347.0  347.6  347.0
  250.0  10970  -39.1  -56.1     15   0.08    265     10  347.8  348.1  347.8
  247.0  11053  -39.9  -56.9     15   0.07    265     10  347.8  348.1  347.8
  215.0  11978  -47.7                         265     12  349.8         349.8
  200.0  12460  -51.7                         275     11  350.7         350.7
  162.0  13778  -64.0                         275     11  351.8         351.8
  154.0  14095  -67.0                         305      5  351.9         351.9
  150.0  14260  -68.5                         345      6  351.9         351.9
  147.0  14375  -69.4                           0      9  352.4         352.4
  119.0  15579  -78.7                          25     26  357.3         357.3
  100.0  16570  -86.3                          45     36  360.8         360.8
   98.7  16642  -86.7                          45     39  361.3         361.3
   96.0  16793  -86.7                          45     39  364.2         364.2
   91.0  17085  -86.7                          60     29  369.8         369.8
   86.0  17394  -86.7                         100     27  375.8         375.8
   84.6  17483  -86.7                         100     26  377.6         377.6
   79.3  17844  -79.1                         100     22  400.3         400.3
   77.0  18013  -76.9                         100     20  408.3         408.3
   75.8  18103  -75.7                         104     17  412.6         412.6
   73.0  18319  -76.9                         115     10  414.6         414.6
   70.3  18536  -78.1                         151      9  416.5         416.5
   70.0  18560  -78.1                         155      9  417.0         417.0
   67.7  18752  -75.1                         121     16  427.5         427.5
   66.0  18901  -74.4                          95     22  432.1         432.1
   60.0  19460  -71.8                          40      6  449.8         449.8
   58.0  19659  -70.9                         321     10  456.2         456.2
   57.0  19761  -71.3                         280     12  457.7         457.7
   54.7  20005  -72.1                         249     11  461.2         461.2
   50.0  20540  -67.1                         180      8  484.9         484.9
   49.0  20663  -65.8                         170      6  490.9         490.9
   46.2  21022  -61.9                         179      3  508.5         508.5
   46.0  21049  -61.7                         180      3  509.6         509.6
   44.0  21326  -59.7                         290      6  521.0         521.0
   43.2  21440  -58.9                         296      6  525.8         525.8
   42.0  21616  -59.1                         305      6  529.5         529.5
   40.0  21922  -59.5                         160      7  536.0         536.0
   38.8  22112  -59.7                         129      5  540.1         540.1
   37.0  22411  -57.9                          80      3  552.0         552.0
   35.8  22618  -56.7                         181      3  560.5         560.5
   35.0  22760  -57.1                         250      3  563.1         563.1
   33.0  23130  -58.0                         305     17  570.2         570.2
   30.0  23730  -59.5                         280     26  581.9         581.9
   28.6  24027  -60.9                         280     25  586.0         586.0
   27.3  24317  -57.5                         270     23  603.3         603.3
   26.0  24623  -58.1                         260     21  610.1         610.1
   25.2  24819  -58.5                         272     21  614.4         614.4
   24.0  25126  -56.7                         290     20  628.3         628.3
   23.0  25395  -55.1                         275     17  640.7         640.7
   22.0  25676  -55.7                         260     14  647.0         647.0
   20.8  26032  -56.5                         260     20  655.1         655.1
   20.0  26280  -55.1                         260     25  666.8         666.8
   19.0  26612  -52.3                         250     18  685.4         685.4
   18.0  26961  -49.3                         255      8  705.4         705.4
   17.0  27335  -49.9                         315      9  715.1         715.1
   16.4  27570  -50.3                                     721.2         721.2
</PRE><H3>Station information and sounding indices</H3><PRE>
                         Station identifier: WIII
                             Station number: 96749
                           Observation time: 161124/0000
                           Station latitude: -6.11
                          Station longitude: 106.65
                          Station elevation: 8.0
                            Showalter index: 1.50
                               Lifted index: -0.99
    LIFT computed using virtual temperature: -1.26
                                SWEAT index: 205.59
                                    K index: 34.40
                         Cross totals index: 19.20
                      Vertical totals index: 22.50
                        Totals totals index: 41.70
      Convective Available Potential Energy: 236.72
             CAPE using virtual temperature: 301.02
                      Convective Inhibition: -59.82
             CINS using virtual temperature: -40.99
                           Equilibrum Level: 350.92
 Equilibrum Level using virtual temperature: 352.59
                   Level of Free Convection: 797.31
             LFCT using virtual temperature: 836.27
                     Bulk Richardson Number: 257.75
          Bulk Richardson Number using CAPV: 327.77
  Temp [K] of the Lifted Condensation Level: 292.65
Pres [hPa] of the Lifted Condensation Level: 910.15
   Equivalent potential temp [K] of the LCL: 347.60
     Mean mixed layer potential temperature: 300.65
              Mean mixed layer mixing ratio: 16.00
              1000 hPa to 500 hPa thickness: 5768.00
Precipitable water [mm] for entire sounding: 57.03
</PRE>
<P>Description of the 
<A HREF="/upperair/columns.html">data columns</A>
or <A HREF="/upperair/indices.html">sounding indices</A>.

<P>
<FORM>
<INPUT CLASS="button" TYPE="button" VALUE=" Close this window " 
 onClick="window.close();">
<INPUT CLASS="button" TYPE="button" VALUE=" Select another map " 
 onClick="window.blur();">
</FORM>
<HR SIZE="1">
<I>Interested in graduate studies in atmospheric science?
Check out our program at the
<a href="http://www.uwyo.edu/atsc/howtoapply/"
target=_top>University of Wyoming
</a></I>
<HR SIZE="1"><FONT SIZE="-1">
Questions about the weather data provided by this site can be
addressed to <A HREF="mailto:ldoolman@uwyo.edu">
Larry Oolman (ldoolman@uwyo.edu)</A></FONT>
<HR SIZE="1">
<SCRIPT TYPE="text/javascript">
<!--
window.focus();
// -->
</SCRIPT>
</BODY>
</HTML>
