2022-02-10 00
<HTML>
<TITLE>University of Wyoming - Radiosonde Data</TITLE>
<BODY BGCOLOR="white">
<H2>96749 WIII Jakarta Observations at 00Z 10 Feb 2022</H2>
<PRE>
-----------------------------------------------------------------------------
   PRES   HGHT   TEMP   DWPT   RELH   MIXR   DRCT   SKNT   THTA   THTE   THTV
    hPa     m      C      C      %    g/kg    deg   knot     K      K      K 
-----------------------------------------------------------------------------
 1008.0      8   23.8   22.7     94  17.58    250      3  296.3  347.1  299.4
 1000.0     78   23.8   22.6     93  17.61    235     10  296.9  348.0  300.1
  974.0    307   23.8   20.6     82  15.95    246     20  299.2  345.9  302.1
  942.0    596   22.2   19.3     83  15.20    260     33  300.5  345.3  303.2
  925.0    754   21.4   18.6     84  14.80    260     37  301.2  344.9  303.9
  909.0    906   20.2   17.9     87  14.41    262     37  301.5  344.1  304.1
  889.0   1100   19.6   15.7     78  12.78    265     37  302.8  340.8  305.1
  863.0   1358   20.2   11.2     56   9.77    268     37  306.0  335.6  307.8
  850.0   1490   19.4   11.4     60  10.05    270     37  306.4  337.1  308.3
  820.0   1794   17.6   10.5     63   9.82    270     32  307.7  337.7  309.5
  764.0   2393   13.9    8.8     71   9.36    270     26  310.0  338.9  311.8
  737.0   2697   12.1    7.9     76   9.13    265     27  311.2  339.6  312.9
  700.0   3133    9.4    6.6     83   8.81    260     32  312.9  340.4  314.5
  686.0   3299    8.3    5.9     85   8.55    255     32  313.4  340.3  315.0
  635.0   3935    4.0    3.1     94   7.59    255     28  315.6  339.7  317.0
  615.0   4193    2.9    2.1     95   7.32    255     26  317.1  340.6  318.6
  567.0   4850    0.0   -0.3     98   6.65    248     18  321.2  342.9  322.5
  550.0   5093   -1.0   -1.9     93   6.10    245     15  322.9  343.0  324.1
  529.0   5404   -2.2   -3.9     88   5.45    230      9  325.0  343.2  326.1
  524.0   5480   -2.5   -4.4     87   5.30    194      8  325.5  343.3  326.6
  510.0   5694   -4.2   -5.7     90   4.94     90      4  326.0  342.6  326.9
  500.0   5850   -5.5   -6.6     92   4.69     95      6  326.3  342.1  327.2
  458.0   6534  -10.3  -11.1     94   3.60     54     19  328.6  341.0  329.3
  454.0   6601  -10.6  -11.4     93   3.53     50     20  329.0  341.3  329.7
  420.0   7199  -13.0  -14.4     89   2.99     70     12  333.3  343.9  333.9
  416.0   7272  -13.3  -14.8     88   2.93     81     11  333.9  344.3  334.4
  404.0   7494  -14.9  -16.0     92   2.73    115      6  334.5  344.3  335.1
  400.0   7570  -15.5  -16.4     93   2.67    130      5  334.8  344.3  335.3
  397.0   7627  -16.1  -16.7     95   2.62    144      5  334.7  344.1  335.2
  388.0   7799  -16.8  -18.9     84   2.23    185      7  335.9  344.0  336.4
  375.0   8056  -17.9  -22.2     69   1.73    198     12  337.8  344.2  338.2
  373.0   8096  -18.1  -22.5     69   1.70    200     13  338.1  344.4  338.4
  357.0   8423  -19.7  -24.7     64   1.45    202     13  340.2  345.7  340.5
  304.0   9594  -29.3  -31.9     78   0.87    210     12  342.7  346.1  342.8
  300.0   9690  -30.1  -32.5     80   0.84    200     11  342.8  346.1  343.0
  265.0  10553  -37.3  -39.3     82   0.48    163     14  344.7  346.6  344.8
  250.0  10950  -40.7  -43.3     76   0.33    145     15  345.4  346.8  345.5
  222.0  11749  -48.1  -52.6     60   0.13    116     16  346.0  346.6  346.0
  204.0  12301  -53.0  -56.2     67   0.09     95     16  346.8  347.2  346.8
  200.0  12430  -54.1  -57.1     69   0.08     95     17  346.9  347.3  346.9
  198.0  12494  -54.7  -57.6     70   0.08     95     18  347.0  347.3  347.0
  169.0  13473  -63.4  -66.7     64   0.03     90     26  348.6  348.8  348.6
  153.0  14088  -68.8  -72.5     59   0.01     80     39  349.4  349.4  349.4
  150.0  14210  -69.9  -73.6     58   0.01     80     41  349.5  349.6  349.5
  131.0  14991  -76.8  -82.0     44   0.00     80     46  350.9  350.9  350.9
  121.0  15448  -80.9  -86.9     36   0.00     80     59  351.5  351.5  351.5
  112.0  15875  -83.3  -89.7     33   0.00     80     71  354.8  354.8  354.8
  100.0  16500  -86.9  -93.9     28   0.00     80     80  359.6  359.6  359.6
   98.1  16605  -86.5  -94.5     23   0.00     75     69  362.4  362.4  362.4
   97.0  16667  -84.3  -93.3     20   0.00     73     62  367.8  367.8  367.8
   95.1  16779  -75.1  -89.1     10   0.00     68     50  387.9  387.9  387.9
   92.4  16947  -71.7  -83.7     15   0.00     61     33  397.8  397.9  397.8
   90.0  17102  -72.2  -84.0     16   0.00     55     18  399.9  399.9  399.9
   86.0  17368  -73.0  -84.4     16   0.00      0      7  403.4  403.5  403.4
   81.8  17662  -73.9  -84.9     17   0.00    297     10  407.4  407.4  407.4
   81.0  17720  -73.2  -84.6     16   0.00    285     11  410.0  410.0  410.0
   78.0  17942  -70.5  -83.5     13   0.00    264     13  420.0  420.1  420.0
   74.0  18252  -71.9  -84.9     13   0.00    235     15  423.5  423.6  423.5
   70.0  18580  -73.3  -86.3     12   0.00    255     10  427.2  427.3  427.2
   69.4  18630  -73.7  -86.7     12   0.00    265     10  427.4  427.5  427.4
   66.0  18926  -72.9  -85.9     12   0.00    295      4  435.3  435.3  435.3
   63.0  19199  -72.2  -85.2     13   0.00    140      3  442.7  442.8  442.7
   62.6  19236  -72.1  -85.1     13   0.00    138      4  443.8  443.8  443.8
   60.0  19486  -73.1  -86.1     12   0.00    125     10  446.9  446.9  446.9
   58.1  19675  -73.9  -86.9     12   0.00    117     16  449.2  449.3  449.2
   56.9  19797  -74.1  -86.1     14   0.00    112     20  451.5  451.5  451.5
   54.9  20008  -69.3  -85.3      8   0.01    104     26  467.1  467.2  467.1
   54.0  20108  -69.0  -84.6      9   0.01    100     29  470.1  470.1  470.1
   50.0  20570  -67.5  -81.5     12   0.01     95     22  484.0  484.1  484.0
   49.0  20691  -67.7  -81.5     12   0.01    100     21  486.4  486.5  486.4
   45.4  21149  -68.3  -81.3     14   0.01     98     31  495.6  495.7  495.6
   42.6  21534  -64.7  -81.7      8   0.01     97     39  513.6  513.7  513.6
   40.0  21917  -64.9  -80.3     10   0.02     95     47  522.4  522.5  522.4
   37.9  22246  -65.1  -79.1     13   0.02     95     47  530.0  530.1  530.0
   36.0  22561  -61.7  -81.7      5   0.01     95     47  546.6  546.7  546.6
   32.1  23268  -62.7  -91.7      1   0.00     95     48  562.2  562.2  562.2
   32.0  23288  -62.4  -91.8      1   0.00     95     48  563.4  563.4  563.4
   30.5  23586  -58.5  -92.5      1   0.00     91     50  581.8  581.8  581.8
   30.0  23690  -58.1  -92.1      1   0.00     90     51  585.7  585.7  585.7
   29.0  23903  -58.9  -92.8      1   0.00     90     49  589.3  589.3  589.3
   27.9  24145  -59.7  -93.7      0   0.00     89     53  593.5  593.5  593.5
   24.0  25100  -54.4  -97.8      0   0.00     85     68  635.0  635.0  635.0
   23.4  25260  -53.5  -98.5      0   0.00                642.2  642.2  642.2
</PRE><H3>Station information and sounding indices</H3><PRE>
                         Station identifier: WIII
                             Station number: 96749
                           Observation time: 220210/0000
                           Station latitude: -6.11
                          Station longitude: 106.65
                          Station elevation: 8.0
                            Showalter index: 2.64
                               Lifted index: -1.15
    LIFT computed using virtual temperature: -1.29
                                SWEAT index: 216.81
                                    K index: 33.50
                         Cross totals index: 16.90
                      Vertical totals index: 24.90
                        Totals totals index: 41.80
      Convective Available Potential Energy: 178.24
             CAPE using virtual temperature: 207.82
                      Convective Inhibition: -127.03
             CINS using virtual temperature: -86.46
                           Equilibrum Level: 379.53
 Equilibrum Level using virtual temperature: 377.60
                   Level of Free Convection: 704.40
             LFCT using virtual temperature: 726.09
                     Bulk Richardson Number: 17.22
          Bulk Richardson Number using CAPV: 20.08
  Temp [K] of the Lifted Condensation Level: 293.75
Pres [hPa] of the Lifted Condensation Level: 945.71
   Equivalent potential temp [K] of the LCL: 346.44
     Mean mixed layer potential temperature: 298.49
              Mean mixed layer mixing ratio: 16.46
              1000 hPa to 500 hPa thickness: 5772.00
Precipitable water [mm] for entire sounding: 57.25
</PRE>
<P>Description of the 
<A HREF="/upperair/columns.html">data columns</A>
or <A HREF="/upperair/indices.html">sounding indices</A>.

<P>
<FORM>
<INPUT CLASS="button" TYPE="button" VALUE=" Close this window " 
 onClick="window.close();">
<INPUT CLASS="button" TYPE="button" VALUE=" Select another map " 
 onClick="window.blur();">
</FORM>
<HR SIZE="1">
<I>Interested in graduate studies in atmospheric science?
Check out our program at the
<a href="http://www.uwyo.edu/atsc/howtoapply/"
target=_top>University of Wyoming
</a></I>
<HR SIZE="1"><FONT SIZE="-1">
Questions about the weather data provided by this site can be
addressed to <A HREF="mailto:ldoolman@uwyo.edu">
Larry Oolman (ldoolman@uwyo.edu)</A></FONT>
<HR SIZE="1">
<SCRIPT TYPE="text/javascript">
<!--
window.focus();
// -->
</SCRIPT>
</BODY>
</HTML>
