2018-08-04 12
<HTML>
<TITLE>University of Wyoming - Radiosonde Data</TITLE>
<BODY BGCOLOR="white">
<H2>96749 WIII Jakarta Observations at 00Z 04 Aug 2018</H2>
<PRE>
-----------------------------------------------------------------------------
   PRES   HGHT   TEMP   DWPT   RELH   MIXR   DRCT   SKNT   THTA   THTE   THTV
    hPa     m      C      C      %    g/kg    deg   knot     K      K      K 
-----------------------------------------------------------------------------
 1012.0      8   23.4   17.4     69  12.51    160      4  295.5  331.7  297.8
 1000.0    112   23.2   15.2     61  10.97    130     10  296.4  328.3  298.3
  979.0    297   22.4   14.4     61  10.66    135     12  297.4  328.5  299.3
  973.0    350   22.2   14.2     60  10.57    143     11  297.7  328.6  299.6
  945.0    603   20.8   16.1     75  12.36    180      5  298.8  335.0  301.0
  933.0    714   20.2   17.0     82  13.24    201      4  299.2  338.1  301.6
  925.0    788   19.8   17.2     85  13.53    215      4  299.6  339.3  302.0
  913.0    901   19.4   15.7     79  12.42    200      4  300.3  336.9  302.5
  889.0   1130   18.6   12.6     68  10.41     77      2  301.7  332.8  303.6
  882.0   1198   18.0   12.2     69  10.25     40      2  301.8  332.3  303.6
  851.0   1503   15.1   10.7     75   9.55    325      2  301.8  330.4  303.6
  850.0   1513   15.0   10.6     75   9.53    320      2  301.9  330.3  303.6
  814.0   1877   11.8    9.4     85   9.17    320      9  302.2  329.7  303.9
  800.0   2022   10.6    8.7     88   8.90    320     12  302.4  329.1  304.1
  796.0   2064   10.4    8.3     87   8.70    320     12  302.6  328.8  304.2
  793.0   2095   10.8    8.2     84   8.68    320     13  303.4  329.6  305.0
  791.0   2116   11.0    8.3     83   8.76    319     13  303.8  330.3  305.4
  785.0   2180   13.8    0.8     41   5.19    317     12  307.5  323.8  308.5
  783.0   2201   14.8   -3.2     29   3.87    316     12  308.8  321.2  309.5
  739.0   2687   13.4  -21.6      7   0.93    300      9  312.4  315.7  312.6
  712.0   2997   11.9  -27.2      5   0.58    290      7  314.1  316.2  314.2
  700.0   3139   11.2  -29.8      4   0.46    255      6  314.9  316.6  314.9
  687.0   3293   10.4  -30.9      4   0.43    250      9  315.7  317.2  315.8
  638.0   3899    7.3  -35.2      3   0.30    275      9  318.9  320.0  318.9
  593.0   4498    4.2  -39.4      2   0.21    215      4  322.0  322.9  322.1
  579.0   4694    3.2  -40.8      2   0.19    268      2  323.1  323.8  323.1
  572.0   4791    2.5  -38.6      3   0.24    295      1  323.3  324.3  323.4
  551.0   5092    0.2  -31.7      7   0.49    310      2  324.1  326.0  324.2
  549.0   5121    0.0  -31.0      8   0.53    304      2  324.2  326.2  324.3
  530.0   5399   -1.9  -30.7      9   0.56    245      1  325.2  327.3  325.3
  511.0   5688   -3.9  -30.3     11   0.61    245      4  326.2  328.5  326.3
  500.0   5860   -5.1  -30.1     12   0.63    275      6  326.8  329.1  326.9
  492.0   5986   -6.1  -30.3     13   0.63    290      7  327.1  329.4  327.2
  473.0   6292   -8.5  -30.7     15   0.63    280      7  327.7  330.1  327.9
  455.0   6594  -10.9  -31.1     17   0.63    305      3  328.4  330.8  328.5
  445.0   6768  -12.3  -31.3     19   0.63    242      2  328.8  331.2  328.9
  437.0   6907  -12.9  -38.9      9   0.30    190      1  329.8  331.0  329.8
  428.0   7066  -13.5  -47.5      4   0.12    143      4  330.9  331.4  330.9
  421.0   7191  -14.3  -43.5      6   0.19    105      7  331.5  332.3  331.5
  405.0   7486  -16.1  -34.1     20   0.53     77     10  332.8  334.9  332.9
  404.0   7505  -16.3  -34.1     20   0.53     75     10  332.8  334.9  332.9
  400.0   7580  -16.9  -33.9     21   0.55     80      9  332.9  335.1  333.1
  388.0   7807  -17.6  -41.9     10   0.25    105     14  335.0  336.0  335.0
  379.0   7983  -18.1  -48.1      5   0.13    104     16  336.5  337.1  336.6
  358.0   8401  -21.2  -51.2      5   0.10    100     22  337.9  338.3  337.9
  331.0   8977  -25.5  -55.5      4   0.06    119     27  339.6  339.9  339.7
  317.0   9286  -28.0  -51.4      9   0.11    130     30  340.4  340.9  340.5
  300.0   9680  -31.1  -46.1     21   0.20    110     33  341.4  342.3  341.5
  267.0  10490  -38.8  -47.0     42   0.21    105     36  341.7  342.6  341.7
  262.0  10622  -40.1  -47.1     47   0.21    101     35  341.7  342.6  341.8
  250.0  10940  -42.5                          90     31  342.7         342.7
  213.0  11995  -51.1                          60     46  345.4         345.4
  200.0  12410  -54.5                          55     50  346.3         346.3
  187.0  12836  -58.3                          59     54  346.9         346.9
  152.0  14109  -67.3                          70     65  352.6         352.6
  150.0  14190  -67.9                          75     65  352.9         352.9
  125.0  15261  -76.1                          94     56  356.9         356.9
  118.0  15590  -78.9                         100     53  357.8         357.8
  116.0  15687  -79.7                          99     52  358.0         358.0
  112.0  15885  -79.9                          98     49  361.2         361.2
  111.0  15936  -79.9                          97     48  362.1         362.1
  109.0  16039  -79.3                          96     46  365.2         365.2
  107.0  16144  -77.3                          95     45  370.9         370.9
  106.0  16198  -76.4                          95     44  373.6         373.6
  105.0  16253  -75.5                          96     40  376.3         376.3
  104.0  16308  -71.7                          97     36  384.6         384.6
  100.0  16540  -70.3                         100     21  391.6         391.6
   96.0  16780  -71.1                         100     19  394.7         394.7
   87.0  17360  -73.0                          45      4  402.0         402.0
   82.0  17708  -74.2                         295      9  406.5         406.5
   74.5  18273  -76.1                         200     10  413.8         413.8
   74.0  18313  -75.5                         195      9  416.0         416.0
   70.1  18631  -70.3                         117      4  433.5         433.5
   70.0  18640  -70.1                         115      4  434.1         434.1
   67.0  18900  -70.9                          10      5  437.8         437.8
   65.5  19034  -71.3                          42      6  439.8         439.8
   64.0  19173  -70.5                          75      7  444.5         444.5
   58.0  19763  -67.0                          90     24  465.1         465.1
   56.9  19877  -66.3                          85     26  469.2         469.2
   55.0  20083  -66.6                          75     29  473.1         473.1
   51.3  20504  -67.1                          90     39  481.4         481.4
   50.0  20660  -65.5                          95     43  488.7         488.7
   46.1  21153  -65.5                          95     46  500.2         500.2
   41.3  21828  -60.1                          95     49  529.6         529.6
   31.7  23483  -58.1                          95     57  576.5         576.5
   30.0  23830  -56.9                          95     59  588.9         588.9
   27.0  24497  -55.6                          95     56  610.6         610.6
   26.4  24639  -55.3                          95     54  615.4         615.4
   22.0  25819  -49.0                          95     34  667.0         667.0
   21.0  26120  -47.4                         110     21  680.8         680.8
   20.7  26213  -46.9                         104     17  685.1         685.1
   20.0  26440  -46.3                          90      8  693.7         693.7
   19.0  26777  -48.9                         315      3  695.9         695.9
   18.4  26989  -50.5                         256      2  697.2         697.2
   18.0  27131  -50.8                         215      2  700.8         700.8
   17.0  27503  -51.4                         220      2  710.2         710.2
   16.9  27542  -51.5                         222      2  711.2         711.2
   16.0  27900  -50.4                         245      5  726.0         726.0
   15.0  28322  -49.1                         230     31  744.0         744.0
   14.0  28774  -47.6                         225     24  763.5         763.5
   13.9  28821  -47.5                                     765.6         765.6
</PRE><H3>Station information and sounding indices</H3><PRE>
                         Station identifier: WIII
                             Station number: 96749
                           Observation time: 180804/0000
                           Station latitude: -6.11
                          Station longitude: 106.65
                          Station elevation: 8.0
                            Showalter index: 6.08
                               Lifted index: 6.53
    LIFT computed using virtual temperature: 6.14
                                SWEAT index: 137.20
                                    K index: -10.30
                         Cross totals index: 15.70
                      Vertical totals index: 20.10
                        Totals totals index: 35.80
      Convective Available Potential Energy: 0.00
             CAPE using virtual temperature: 0.00
                      Convective Inhibition: 0.00
             CINS using virtual temperature: 0.00
                     Bulk Richardson Number: 0.00
          Bulk Richardson Number using CAPV: 0.00
  Temp [K] of the Lifted Condensation Level: 286.51
Pres [hPa] of the Lifted Condensation Level: 880.96
   Equivalent potential temp [K] of the LCL: 329.31
     Mean mixed layer potential temperature: 297.09
              Mean mixed layer mixing ratio: 11.08
              1000 hPa to 500 hPa thickness: 5748.00
Precipitable water [mm] for entire sounding: 27.60
</PRE>
<P>Description of the 
<A HREF="/upperair/columns.html">data columns</A>
or <A HREF="/upperair/indices.html">sounding indices</A>.

<P>
<FORM>
<INPUT CLASS="button" TYPE="button" VALUE=" Close this window " 
 onClick="window.close();">
<INPUT CLASS="button" TYPE="button" VALUE=" Select another map " 
 onClick="window.blur();">
</FORM>
<HR SIZE="1">
<I>Interested in graduate studies in atmospheric science?
Check out our program at the
<a href="http://www.uwyo.edu/atsc/howtoapply/"
target=_top>University of Wyoming
</a></I>
<HR SIZE="1"><FONT SIZE="-1">
Questions about the weather data provided by this site can be
addressed to <A HREF="mailto:ldoolman@uwyo.edu">
Larry Oolman (ldoolman@uwyo.edu)</A></FONT>
<HR SIZE="1">
<SCRIPT TYPE="text/javascript">
<!--
window.focus();
// -->
</SCRIPT>
</BODY>
</HTML>
