2016-09-16 12
<HTML>
<TITLE>University of Wyoming - Radiosonde Data</TITLE>
<BODY BGCOLOR="white">
<H2>96749 WIII Jakarta Observations at 00Z 16 Sep 2016</H2>
<PRE>
-----------------------------------------------------------------------------
   PRES   HGHT   TEMP   DWPT   RELH   MIXR   DRCT   SKNT   THTA   THTE   THTV
    hPa     m      C      C      %    g/kg    deg   knot     K      K      K 
-----------------------------------------------------------------------------
 1010.0      8   24.8   23.3     91  18.21    180      3  297.1  350.0  300.3
 1000.0     94   24.4   22.1     87  17.07    200      7  297.6  347.2  300.6
  994.0    147   25.4   22.3     83  17.39    191      7  299.1  350.0  302.2
  925.0    780   22.2   19.6     85  15.78     85      6  302.0  348.8  304.9
  850.0   1511   17.6   15.7     89  13.37     20      5  304.6  344.7  307.0
  846.0   1551   17.2   15.4     89  13.18     23      5  304.6  344.1  307.0
  749.0   2584   12.6    6.6     67   8.23     98      5  310.4  335.9  311.9
  723.0   2880   10.8    8.0     83   9.39    120      5  311.5  340.7  313.3
  700.0   3149   10.0    5.2     72   7.98    140      5  313.5  338.7  315.0
  651.0   3751    7.0    1.0     66   6.36    137      6  316.7  337.2  317.9
  612.0   4257    3.6   -4.4     56   4.53    134      7  318.4  333.4  319.3
  584.0   4635    0.6   -5.4     64   4.40    132      8  319.2  333.8  320.1
  573.0   4788    0.0   -5.0     69   4.63    131      8  320.3  335.6  321.1
  550.0   5116   -1.7  -11.7     46   2.85    129      9  322.0  331.8  322.6
  536.0   5321   -2.5  -14.5     39   2.33    128      9  323.4  331.5  323.9
  531.0   5396   -3.1  -12.1     50   2.86    128      9  323.6  333.4  324.1
  517.0   5607   -4.5  -14.5     46   2.42    126     10  324.4  332.8  324.9
  509.0   5730   -5.1  -12.1     58   2.99    126     10  325.1  335.4  325.7
  500.0   5870   -5.9  -11.9     63   3.09    125     10  325.8  336.4  326.4
  493.0   5980   -6.7  -11.0     71   3.37    123     11  326.1  337.7  326.8
  476.0   6253   -7.5  -17.5     45   2.04    118     13  328.4  335.7  328.8
  450.0   6686  -11.1  -16.1     67   2.43    111     16  329.2  337.8  329.7
  447.0   6738  -11.5  -16.5     66   2.37    110     16  329.3  337.7  329.8
  444.0   6789  -11.1  -21.1     44   1.61    109     16  330.5  336.3  330.8
  440.0   6859  -11.5  -24.5     33   1.20    108     17  330.8  335.3  331.1
  424.0   7140  -13.9  -22.9     47   1.44    103     19  331.3  336.6  331.6
  417.0   7266  -14.5  -26.5     35   1.06    101     20  332.1  336.0  332.3
  400.0   7580  -16.1  -25.1     46   1.25     95     22  334.0  338.6  334.2
  389.0   7789  -17.7  -25.7     50   1.22     94     24  334.6  339.1  334.8
  388.0   7808  -17.9  -22.9     65   1.57     94     24  334.5  340.3  334.9
  383.0   7905  -18.1  -29.1     38   0.91     93     25  335.5  339.0  335.7
  370.0   8161  -20.5  -31.5     37   0.75     92     27  335.6  338.5  335.8
  360.0   8363  -22.3  -27.3     64   1.14     91     29  335.9  340.2  336.1
  358.0   8404  -22.5  -27.5     64   1.12     91     29  336.1  340.4  336.4
  356.0   8445  -22.7  -29.7     53   0.92     91     29  336.4  339.9  336.6
  354.0   8486  -22.3  -37.3     24   0.44     91     30  337.5  339.3  337.6
  334.0   8910  -25.5  -42.5     19   0.27     89     33  338.8  339.9  338.8
  327.0   9063  -26.5  -39.5     28   0.38     88     35  339.4  341.0  339.5
  322.0   9174  -27.1  -47.1     13   0.17     87     36  340.1  340.9  340.2
  306.0   9539  -29.3  -50.3     11   0.13     86     39  342.0  342.6  342.1
  300.0   9680  -30.5  -45.5     22   0.22     85     40  342.3  343.2  342.3
  287.0   9994  -33.3  -42.3     40   0.32     80     40  342.6  344.0  342.7
  256.0  10788  -39.9  -48.9     38   0.18     68     40  344.3  345.0  344.3
  250.0  10950  -41.3                          65     40  344.5         344.5
  200.0  12420  -54.3                          85     47  346.6         346.6
  168.0  13513  -63.9                          72     58  348.3         348.3
  153.0  14080  -67.9                          65     64  351.0         351.0
  150.0  14200  -68.7                          70     66  351.6         351.6
  121.0  15460  -76.7                          83     47  359.2         359.2
  106.0  16217  -78.5                          91     36  369.6         369.6
  100.0  16550  -76.7                          95     31  379.3         379.3
   96.0  16786  -76.8                          95     23  383.6         383.6
   91.0  17096  -76.8                          80     22  389.4         389.4
   86.0  17423  -76.9                          35     23  395.5         395.5
   82.0  17698  -77.0                          10     19  400.8         400.8
   78.0  17988  -77.1                          10      7  406.4         406.4
   77.6  18017  -77.1                          16      7  407.0         407.0
   74.0  18294  -74.2                          70      6  418.7         418.7
   73.9  18302  -74.1                          69      6  419.0         419.0
   70.0  18620  -74.1                          40      8  425.5         425.5
   65.3  19020  -76.3                          47     12  429.3         429.3
   60.4  19472  -71.5                          54     17  449.6         449.6
   60.0  19511  -71.5                          55     17  450.5         450.5
   57.0  19812  -71.5                         100     14  457.1         457.1
   55.6  19957  -71.5                         109     14  460.4         460.4
   54.0  20130  -68.8                         120     13  470.4         470.4
   53.1  20230  -67.3                         145     12  476.2         476.2
   50.0  20590  -67.1                         235      9  484.9         484.9
   49.0  20712  -66.8                         230      7  488.5         488.5
   48.7  20749  -66.7                         244      7  489.6         489.6
   47.0  20967  -64.3                         325      6  500.2         500.2
   45.6  21152  -62.3                         310     11  509.5         509.5
   42.0  21660  -62.5                         270     24  521.2         521.2
   40.0  21961  -62.6                         260     18  528.2         528.2
   39.0  22117  -62.6                         230     14  531.9         531.9
   37.7  22327  -62.7                         235     18  536.9         536.9
   35.0  22786  -61.9                         245     26  550.5         550.5
   34.9  22804  -61.9                         245     26  551.0         551.0
   32.5  23250  -57.1                         245     19  575.1         575.1
   32.0  23349  -56.6                         245     18  579.0         579.0
   30.8  23592  -55.3                         266     22  588.8         588.8
   30.0  23760  -55.7                         280     25  592.2         592.2
   29.0  23974  -56.7                         290     37  595.3         595.3
   27.2  24380  -58.5                         275     34  601.2         601.2
   25.0  24910  -58.5                         255     31  615.8         615.8
   24.0  25170  -57.1                         245     29  627.1         627.1
   23.0  25441  -55.6                         240     20  639.1         639.1
   22.0  25724  -54.1                         210     20  651.8         651.8
   21.0  26020  -52.5                                     665.4         665.4
</PRE><H3>Station information and sounding indices</H3><PRE>
                         Station identifier: WIII
                             Station number: 96749
                           Observation time: 160916/0000
                           Station latitude: -6.11
                          Station longitude: 106.65
                          Station elevation: 8.0
                            Showalter index: -0.87
                               Lifted index: -2.57
    LIFT computed using virtual temperature: -3.06
                                SWEAT index: 208.39
                                    K index: 34.40
                         Cross totals index: 21.60
                      Vertical totals index: 23.50
                        Totals totals index: 45.10
      Convective Available Potential Energy: 787.16
             CAPE using virtual temperature: 935.57
                      Convective Inhibition: -39.28
             CINS using virtual temperature: -32.64
                           Equilibrum Level: 163.87
 Equilibrum Level using virtual temperature: 163.78
                   Level of Free Convection: 847.20
             LFCT using virtual temperature: 855.05
                     Bulk Richardson Number: 242.76
          Bulk Richardson Number using CAPV: 288.53
  Temp [K] of the Lifted Condensation Level: 294.30
Pres [hPa] of the Lifted Condensation Level: 943.34
   Equivalent potential temp [K] of the LCL: 349.24
     Mean mixed layer potential temperature: 299.27
              Mean mixed layer mixing ratio: 17.08
              1000 hPa to 500 hPa thickness: 5776.00
Precipitable water [mm] for entire sounding: 53.69
</PRE>
<P>Description of the 
<A HREF="/upperair/columns.html">data columns</A>
or <A HREF="/upperair/indices.html">sounding indices</A>.

<P>
<FORM>
<INPUT CLASS="button" TYPE="button" VALUE=" Close this window " 
 onClick="window.close();">
<INPUT CLASS="button" TYPE="button" VALUE=" Select another map " 
 onClick="window.blur();">
</FORM>
<HR SIZE="1">
<I>Interested in graduate studies in atmospheric science?
Check out our program at the
<a href="http://www.uwyo.edu/atsc/howtoapply/"
target=_top>University of Wyoming
</a></I>
<HR SIZE="1"><FONT SIZE="-1">
Questions about the weather data provided by this site can be
addressed to <A HREF="mailto:ldoolman@uwyo.edu">
Larry Oolman (ldoolman@uwyo.edu)</A></FONT>
<HR SIZE="1">
<SCRIPT TYPE="text/javascript">
<!--
window.focus();
// -->
</SCRIPT>
</BODY>
</HTML>
