2022-09-02 00
<HTML>
<TITLE>University of Wyoming - Radiosonde Data</TITLE>
<BODY BGCOLOR="white">
<H2>96749 WIII Jakarta Observations at 00Z 02 Sep 2022</H2>
<PRE>
-----------------------------------------------------------------------------
   PRES   HGHT   TEMP   DWPT   RELH   MIXR   DRCT   SKNT   THTA   THTE   THTV
    hPa     m      C      C      %    g/kg    deg   knot     K      K      K 
-----------------------------------------------------------------------------
 1010.0      8   24.2   23.6     96  18.55    230      2  296.5  350.2  299.8
 1009.0     17   25.0   23.1     89  18.00    225      2  297.4  349.7  300.6
 1007.0     34   26.0   23.1     84  18.04    214      2  298.6  351.3  301.8
 1000.0     94   26.0   22.7     82  17.72    175      3  299.1  351.1  302.3
  977.0    300   24.9   21.2     80  16.56    105     10  300.1  348.7  303.0
  925.0    785   22.4   17.8     75  14.06     80     14  302.2  344.0  304.8
  850.0   1517   17.8   14.1     79  12.04     75     17  304.8  341.0  307.0
  766.0   2394   13.2    9.5     79   9.85     40     10  309.0  339.3  310.8
  739.0   2697   11.6    8.0     78   9.17     55      9  310.4  338.9  312.2
  700.0   3154    9.2    5.6     78   8.21     50     13  312.6  338.4  314.2
  688.0   3297    8.4    5.0     79   7.99     55     13  313.3  338.4  314.8
  640.0   3893    4.9    2.3     83   7.10     80     14  315.9  338.6  317.2
  625.0   4088    3.8    1.4     84   6.82     74     15  316.8  338.6  318.1
  606.0   4340    2.6   -2.4     70   5.32     65     17  318.2  335.5  319.2
  598.0   4447    1.6   -1.3     81   5.85     62     18  318.2  337.2  319.4
  594.0   4501    1.4   -1.8     79   5.67     60     18  318.7  337.1  319.8
  556.0   5035    0.0   -7.0     59   4.09     67     14  323.0  336.8  323.8
  548.0   5151   -0.3  -13.3     37   2.52     68     14  324.0  332.7  324.5
  535.0   5343   -1.7   -8.7     59   3.72     70     12  324.6  337.2  325.3
  511.0   5707   -3.9  -10.9     58   3.28     75     10  326.2  337.5  326.9
  500.0   5880   -4.9  -11.9     58   3.09     65     10  327.0  337.7  327.6
  496.0   5943   -5.1  -12.1     58   3.06     61      9  327.5  338.1  328.1
  474.0   6296   -8.0  -10.7     81   3.60     40      5  328.2  340.6  328.9
  473.0   6312   -8.1  -10.6     82   3.63     39      5  328.3  340.8  329.0
  457.0   6577   -9.7  -11.8     85   3.41     22      3  329.5  341.4  330.2
  443.0   6816  -11.1  -17.1     61   2.27      6      1  330.7  338.8  331.1
  438.0   6902  -11.5  -16.2     68   2.47      0      0  331.2  340.0  331.7
  436.0   6937  -11.7  -15.9     71   2.55     12      0  331.4  340.5  331.9
  421.0   7203  -13.0  -19.6     58   1.94    100      3  333.1  340.1  333.4
  418.0   7258  -13.3  -20.3     56   1.83     99      3  333.4  340.1  333.8
  415.0   7312  -13.1  -23.1     43   1.44     97      3  334.3  339.7  334.6
  400.0   7590  -15.3  -26.3     38   1.12     90      4  335.0  339.2  335.2
  374.0   8094  -18.1  -33.4     25   0.62    100      6  337.8  340.2  337.9
  359.0   8401  -19.9  -37.6     19   0.42     85      9  339.4  341.1  339.5
  352.0   8548  -20.7  -39.7     17   0.35     89      9  340.2  341.6  340.3
  331.0   8999  -25.0  -41.1     21   0.32    100     10  340.3  341.6  340.4
  323.0   9178  -26.7  -41.7     23   0.31     99     11  340.4  341.6  340.4
  305.0   9591  -28.6  -49.8     11   0.13     95     13  343.4  344.0  343.4
  300.0   9710  -29.1  -52.1      9   0.10    105     12  344.2  344.7  344.3
  298.0   9758  -29.3  -52.3      9   0.10    110     11  344.6  345.1  344.6
  292.0   9899  -30.5  -53.0      9   0.10    125      9  344.9  345.3  344.9
  280.0  10191  -33.1  -54.3     10   0.09    135     10  345.4  345.8  345.4
  257.0  10788  -38.2  -57.0     12   0.07    120     13  346.3  346.6  346.4
  250.0  10980  -39.9  -57.9     13   0.06    125     12  346.6  346.9  346.6
  246.0  11087  -40.9  -58.4     13   0.06    130     10  346.7  347.0  346.8
  225.0  11679  -46.3  -61.0     17   0.05    135      8  347.4  347.6  347.4
  205.0  12296  -52.0  -63.8     23   0.04    180      6  347.8  348.0  347.8
  200.0  12460  -53.5  -64.5     25   0.03    180      4  347.9  348.0  347.9
  196.0  12588  -54.6  -66.4     22   0.03    150      2  348.2  348.3  348.2
  187.0  12887  -57.0  -70.8     16   0.01     75      4  348.9  349.0  348.9
  186.0  12921  -57.3  -71.3     15   0.01     74      4  349.0  349.1  349.0
  170.0  13481  -62.3  -75.3     16   0.01     65      7  349.8  349.9  349.8
  161.0  13813  -64.5  -72.5     32   0.01     71     10  351.6  351.7  351.6
  154.0  14081  -66.9  -76.1     26   0.01     75     12  352.0  352.1  352.0
  150.0  14240  -68.3  -78.3     23   0.01     80      9  352.2  352.3  352.2
  146.0  14400  -69.6  -80.3     20   0.00     90      9  352.8  352.8  352.8
  139.0  14692  -71.9  -83.9     15   0.00     85     11  353.7  353.7  353.7
  125.0  15297  -75.7  -87.4     15   0.00     55     24  357.7  357.7  357.7
  119.0  15578  -77.5  -89.0     14   0.00     50     33  359.5  359.5  359.5
  107.0  16184  -81.3  -92.5     14   0.00     60     40  363.4  363.4  363.4
  101.0  16513  -83.3  -94.4     14   0.00     80     29  365.4  365.4  365.4
  100.0  16570  -83.7  -94.7     14   0.00     80     28  365.8  365.8  365.8
   96.4  16773  -85.5 -101.5      5   0.00     75     30  366.1  366.1  366.1
   96.0  16796  -85.2 -101.0      5   0.00     75     31  367.2  367.2  367.2
   93.8  16925  -83.3  -98.3      6   0.00     74     32  373.3  373.3  373.3
   92.7  16991  -79.5  -95.5      6   0.00     73     33  382.1  382.1  382.1
   89.5  17191  -79.1  -93.1      9   0.00     72     35  386.7  386.7  386.7
   86.0  17424  -74.4  -94.8      3   0.00     70     38  400.6  400.6  400.6
   82.5  17667  -69.5  -96.5      1   0.00     61     25  415.4  415.4  415.4
   82.0  17703  -69.5  -96.7      1   0.00     60     23  416.1  416.1  416.1
   73.6  18349  -69.9 -100.9      0   0.00     98     26  428.3  428.3  428.3
   71.0  18565  -68.6 -100.3      0   0.00    110     27  435.5  435.5  435.5
   70.0  18650  -68.1 -100.1      0   0.00    110     27  438.4  438.4  438.4
   69.2  18719  -66.7  -98.7      0   0.00    107     28  442.8  442.8  442.8
   67.0  18916  -66.4  -98.5      0   0.00    100     31  447.6  447.6  447.6
   61.0  19488  -65.5  -97.8      0   0.00    110     24  461.8  461.8  461.8
   53.0  20345  -64.1  -96.9      0   0.00    125     11  483.9  483.9  483.9
   50.0  20700  -63.5  -96.5      0   0.00    140      7  493.4  493.4  493.4
   49.2  20799  -63.7  -96.7      0   0.00    142      9  495.2  495.2  495.2
   48.0  20951  -62.7  -96.0      0   0.00    145     12  501.1  501.1  501.1
   45.5  21281  -60.5  -94.5      0   0.00    121     11  514.1  514.2  514.1
   41.0  21923  -63.7  -96.7      0   0.00     75     10  521.7  521.7  521.7
   39.0  22230  -62.6  -95.6      1   0.00     95     11  532.0  532.0  532.0
   36.7  22604  -61.3  -94.3      1   0.00     84     13  544.7  544.7  544.7
   36.0  22726  -59.6  -93.1      1   0.00     80     14  552.0  552.0  552.0
   34.0  23086  -54.7  -89.5      1   0.00      0      8  574.0  574.0  574.0
   33.6  23160  -53.7  -88.7      1   0.00    346      9  578.6  578.6  578.6
   32.0  23474  -51.8  -87.8      1   0.01    290     12  591.8  591.8  591.8
   31.9  23495  -51.7  -87.7      1   0.01    287     12  592.6  592.7  592.6
   30.0  23890  -53.7  -88.7      1   0.01    225     20  597.6  597.7  597.6
   27.2  24516  -56.1  -91.1      1   0.00    255     17  607.9  607.9  607.9
   26.0  24803  -56.0  -91.0      1   0.00    260     21  616.1  616.1  616.1
   24.9  25078  -55.9  -90.9      1   0.00    238     16  624.0  624.0  624.0
   24.0  25314  -54.5  -89.9      1   0.01    220     12  634.8  634.8  634.8
   23.0  25586  -52.8  -88.7      1   0.01    315     12  647.4  647.5  647.4
   22.7  25671  -52.3  -88.3      1   0.01    316     13  651.3  651.4  651.3
   21.0  26173  -52.7  -90.6      0   0.01    325     19  664.9  664.9  664.9
   20.9  26204  -52.7  -90.7      0   0.01                665.7  665.7  665.7
</PRE><H3>Station information and sounding indices</H3><PRE>
                         Station identifier: WIII
                             Station number: 96749
                           Observation time: 220902/0000
                           Station latitude: -6.11
                          Station longitude: 106.65
                          Station elevation: 8.0
                            Showalter index: 1.59
                               Lifted index: -1.51
    LIFT computed using virtual temperature: -1.98
                                SWEAT index: 213.20
                                    K index: 33.20
                         Cross totals index: 19.00
                      Vertical totals index: 22.70
                        Totals totals index: 41.70
      Convective Available Potential Energy: 419.44
             CAPE using virtual temperature: 545.03
                      Convective Inhibition: -48.00
             CINS using virtual temperature: -30.45
                           Equilibrum Level: 191.58
 Equilibrum Level using virtual temperature: 191.29
                   Level of Free Convection: 807.89
             LFCT using virtual temperature: 854.47
                     Bulk Richardson Number: 45.15
          Bulk Richardson Number using CAPV: 58.66
  Temp [K] of the Lifted Condensation Level: 293.86
Pres [hPa] of the Lifted Condensation Level: 932.76
   Equivalent potential temp [K] of the LCL: 349.05
     Mean mixed layer potential temperature: 299.78
              Mean mixed layer mixing ratio: 16.82
              1000 hPa to 500 hPa thickness: 5786.00
Precipitable water [mm] for entire sounding: 54.07
</PRE>
<P>Description of the 
<A HREF="/upperair/columns.html">data columns</A>
or <A HREF="/upperair/indices.html">sounding indices</A>.

<P>
<FORM>
<INPUT CLASS="button" TYPE="button" VALUE=" Close this window " 
 onClick="window.close();">
<INPUT CLASS="button" TYPE="button" VALUE=" Select another map " 
 onClick="window.blur();">
</FORM>
<HR SIZE="1">
<I>Interested in graduate studies in atmospheric science?
Check out our program at the
<a href="http://www.uwyo.edu/atsc/howtoapply/"
target=_top>University of Wyoming
</a></I>
<HR SIZE="1"><FONT SIZE="-1">
Questions about the weather data provided by this site can be
addressed to <A HREF="mailto:ldoolman@uwyo.edu">
Larry Oolman (ldoolman@uwyo.edu)</A></FONT>
<HR SIZE="1">
<SCRIPT TYPE="text/javascript">
<!--
window.focus();
// -->
</SCRIPT>
</BODY>
</HTML>
