2018-03-28 00
<HTML>
<TITLE>University of Wyoming - Radiosonde Data</TITLE>
<BODY BGCOLOR="white">
<H2>96749 WIII Jakarta Observations at 00Z 28 Mar 2018</H2>
<PRE>
-----------------------------------------------------------------------------
   PRES   HGHT   TEMP   DWPT   RELH   MIXR   DRCT   SKNT   THTA   THTE   THTV
    hPa     m      C      C      %    g/kg    deg   knot     K      K      K 
-----------------------------------------------------------------------------
 1010.0      8   23.8   22.2     91  17.00    220      3  296.1  345.2  299.1
 1000.0     94   24.0   21.7     87  16.64    225      7  297.1  345.5  300.1
  996.0    129   23.8   21.3     86  16.30    218      7  297.3  344.6  300.2
  971.0    353   25.2   20.2     74  15.60    174      4  300.9  346.9  303.7
  967.0    389   25.4   20.4     74  15.87    167      4  301.4  348.4  304.3
  944.0    600   24.2   18.1     69  14.06    125      2  302.3  344.1  304.8
  925.0    779   23.2   16.2     65  12.68    195      3  303.0  340.9  305.3
  912.0    902   22.5   15.5     65  12.26    210      5  303.5  340.2  305.7
  851.0   1501   18.9   11.9     64  10.36    225      7  305.8  337.2  307.7
  850.0   1511   18.8   11.8     64  10.33    220      8  305.8  337.1  307.7
  798.0   2050   15.2   10.2     72   9.88    211      8  307.6  337.8  309.4
  771.0   2341   14.6    5.6     55   7.45    206      8  309.9  333.2  311.3
  739.0   2698   12.1    6.7     70   8.39    200      8  310.9  337.1  312.5
  736.0   2732   11.8    6.8     71   8.49    201      8  311.0  337.5  312.6
  718.0   2939   11.6    2.6     54   6.47    205      7  313.0  333.5  314.2
  700.0   3151   10.6    4.6     66   7.65    210      6  314.2  338.4  315.6
  688.0   3293    9.6    4.1     68   7.50    210      7  314.6  338.4  316.1
  663.0   3597    7.4    2.9     73   7.17    245      9  315.5  338.4  316.9
  616.0   4201    3.1    0.6     83   6.54    250     11  317.3  338.4  318.6
  602.0   4390    1.8   -0.1     87   6.35    256     12  317.9  338.4  319.1
  572.0   4801    0.2   -2.8     80   5.46    270     15  320.7  338.6  321.7
  568.0   4858    0.0   -3.2     79   5.35    270     14  321.1  338.7  322.1
  550.0   5115   -2.1   -4.3     85   5.09    270     11  321.5  338.4  322.5
  541.0   5246   -2.7   -4.9     85   4.94    270     10  322.3  338.8  323.3
  534.0   5350   -1.9   -7.9     64   3.97    270      9  324.5  338.0  325.3
  531.0   5394   -2.2   -8.5     62   3.80    270      8  324.7  337.6  325.5
  518.0   5591   -3.3  -11.3     54   3.13    299      7  325.6  336.4  326.3
  511.0   5698   -4.2  -10.8     60   3.30    315      7  325.9  337.2  326.5
  500.0   5870   -5.5  -10.0     71   3.60    330      7  326.3  338.6  327.0
  497.0   5917   -5.9  -10.0     73   3.62    333      7  326.3  338.7  327.1
  481.0   6174   -7.7  -13.7     62   2.78    347      8  327.2  336.9  327.7
  473.0   6304   -8.3  -12.6     71   3.09    355      9  328.0  338.7  328.6
  468.0   6387   -8.7  -11.9     78   3.30      3      9  328.5  340.0  329.2
  455.0   6605  -10.1  -13.0     79   3.10     25      8  329.5  340.3  330.1
  440.0   6864  -11.7  -14.4     80   2.87     25      5  330.6  340.7  331.1
  438.0   6899  -11.8  -14.9     78   2.75     25      5  330.8  340.5  331.4
  424.0   7148  -12.9  -18.9     61   2.04    344      4  332.6  339.9  333.0
  421.0   7201  -13.3  -19.4     60   1.96    335      4  332.7  339.8  333.1
  405.0   7496  -15.5  -22.4     56   1.58    325      6  333.5  339.3  333.9
  401.0   7571  -16.1  -23.1     55   1.49    317      6  333.7  339.2  334.0
  400.0   7590  -16.1  -24.1     50   1.37    315      6  334.0  339.1  334.2
  389.0   7798  -17.8  -23.1     64   1.55    265      7  334.4  340.1  334.7
  376.0   8052  -19.9  -21.8     85   1.79    233     10  334.9  341.5  335.3
  373.0   8112  -20.2  -22.1     85   1.76    225     11  335.2  341.7  335.6
  362.0   8333  -21.5  -23.0     88   1.67    216     10  336.4  342.6  336.8
  356.0   8456  -22.1  -25.3     75   1.38    212      9  337.2  342.4  337.5
  330.0   9007  -26.6  -28.9     81   1.07    190      5  338.4  342.5  338.6
  322.0   9185  -28.1  -30.1     83   0.98    162      5  338.7  342.5  338.9
  316.0   9320  -29.3  -30.7     88   0.94    140      6  338.9  342.5  339.1
  314.0   9365  -29.7  -30.8     90   0.94    132      6  339.0  342.6  339.1
  312.0   9411  -30.1  -31.9     84   0.85    125      6  339.0  342.3  339.2
  311.0   9434  -29.3  -33.7     66   0.72    121      6  340.4  343.3  340.6
  310.0   9457  -29.3  -34.3     62   0.68    118      6  340.8  343.4  340.9
  304.0   9596  -30.2  -35.9     58   0.59     95      6  341.3  343.7  341.4
  300.0   9690  -30.9  -36.9     56   0.54    105      7  341.7  343.9  341.8
  279.0  10197  -35.0  -41.0     54   0.38    165      6  342.9  344.5  343.0
  256.0  10798  -39.9  -45.9     53   0.25    170      9  344.3  345.3  344.3
  250.0  10960  -41.3                         165     10  344.5         344.5
  245.0  11093  -42.4                         160      9  344.9         344.9
  224.0  11683  -47.3                          95      6  346.3         346.3
  200.0  12430  -53.5                          85     12  347.9         347.9
  195.0  12589  -55.0                          90     12  348.1         348.1
  166.0  13598  -64.3                          87     23  348.9         348.9
  150.0  14210  -69.1                          85     30  350.9         350.9
  145.0  14412  -70.3                          80     37  352.3         352.3
  144.0  14453  -70.5                          79     39  352.5         352.5
  131.0  15012  -71.8                          65     63  359.9         359.9
  126.0  15241  -72.3                          61     47  363.0         363.0
  119.0  15570  -74.5                          55     24  365.0         365.0
  113.0  15867  -76.5                          25     13  366.7         366.7
  107.0  16181  -78.5                         295     14  368.6         368.6
  101.0  16513  -80.7                         275     12  370.5         370.5
  100.0  16570  -81.1                         275     11  370.8         370.8
   91.9  17043  -83.7                         165     14  374.7         374.7
   91.0  17097  -83.7                         160     16  375.8         375.8
   82.0  17676  -83.7                         110     12  387.1         387.1
   80.4  17785  -83.7                         108     11  389.3         389.3
   77.0  18026  -82.3                         105      8  396.9         396.9
   75.9  18107  -81.9                          96     10  399.5         399.5
   73.0  18328  -77.5                          70     14  413.3         413.3
   70.0  18570  -75.1                          85     14  423.4         423.4
   66.4  18876  -75.3                          72     16  429.4         429.4
   66.0  18912  -74.8                          70     16  431.2         431.2
   63.0  19185  -71.2                           0      4  444.9         444.9
   61.8  19298  -69.7                         317      8  450.7         450.7
   60.0  19473  -70.4                         250     13  453.0         453.0
   55.3  19956  -72.3                         227      8  459.3         459.3
   54.0  20096  -72.2                         220      7  462.8         462.8
   51.0  20433  -71.8                         110     11  471.2         471.2
   50.0  20550  -71.7                         105     17  474.1         474.1
   49.0  20669  -71.7                          95     17  476.9         476.9
   46.0  21047  -70.4                          55     14  488.6         488.6
   44.0  21313  -69.5                          55      4  497.1         497.1
   42.0  21592  -68.6                         110     13  506.1         506.1
   38.7  22081  -66.9                         105     25  522.3         522.3
   37.7  22241  -64.3                         103     29  532.8         532.8
   36.0  22525  -63.8                         100     36  541.3         541.3
   31.0  23448  -62.1                          85     50  569.5         569.5
   30.0  23650  -61.7                          85     53  575.9         575.9
   28.5  23969  -59.5                                     590.4         590.4
</PRE><H3>Station information and sounding indices</H3><PRE>
                         Station identifier: WIII
                             Station number: 96749
                           Observation time: 180328/0000
                           Station latitude: -6.11
                          Station longitude: 106.65
                          Station elevation: 8.0
                            Showalter index: 2.59
                               Lifted index: -0.99
    LIFT computed using virtual temperature: -1.30
                                SWEAT index: 164.60
                                    K index: 30.10
                         Cross totals index: 17.30
                      Vertical totals index: 24.30
                        Totals totals index: 41.60
      Convective Available Potential Energy: 258.55
             CAPE using virtual temperature: 312.44
                      Convective Inhibition: -177.61
             CINS using virtual temperature: -116.00
                           Equilibrum Level: 263.97
 Equilibrum Level using virtual temperature: 261.82
                   Level of Free Convection: 656.27
             LFCT using virtual temperature: 672.14
                     Bulk Richardson Number: 131.28
          Bulk Richardson Number using CAPV: 158.65
  Temp [K] of the Lifted Condensation Level: 293.00
Pres [hPa] of the Lifted Condensation Level: 928.98
   Equivalent potential temp [K] of the LCL: 346.00
     Mean mixed layer potential temperature: 299.26
              Mean mixed layer mixing ratio: 15.99
              1000 hPa to 500 hPa thickness: 5776.00
Precipitable water [mm] for entire sounding: 51.43
</PRE>
<P>Description of the 
<A HREF="/upperair/columns.html">data columns</A>
or <A HREF="/upperair/indices.html">sounding indices</A>.

<P>
<FORM>
<INPUT CLASS="button" TYPE="button" VALUE=" Close this window " 
 onClick="window.close();">
<INPUT CLASS="button" TYPE="button" VALUE=" Select another map " 
 onClick="window.blur();">
</FORM>
<HR SIZE="1">
<I>Interested in graduate studies in atmospheric science?
Check out our program at the
<a href="http://www.uwyo.edu/atsc/howtoapply/"
target=_top>University of Wyoming
</a></I>
<HR SIZE="1"><FONT SIZE="-1">
Questions about the weather data provided by this site can be
addressed to <A HREF="mailto:ldoolman@uwyo.edu">
Larry Oolman (ldoolman@uwyo.edu)</A></FONT>
<HR SIZE="1">
<SCRIPT TYPE="text/javascript">
<!--
window.focus();
// -->
</SCRIPT>
</BODY>
</HTML>
