2016-03-19 12
<HTML>
<TITLE>University of Wyoming - Radiosonde Data</TITLE>
<BODY BGCOLOR="white">
<H2>96749 WIII Jakarta Observations at 00Z 19 Mar 2016</H2>
<PRE>
-----------------------------------------------------------------------------
   PRES   HGHT   TEMP   DWPT   RELH   MIXR   DRCT   SKNT   THTA   THTE   THTV
    hPa     m      C      C      %    g/kg    deg   knot     K      K      K 
-----------------------------------------------------------------------------
 1008.0      8   26.4   24.3     88  19.41    160      4  298.9  355.7  302.3
 1000.0     81   26.4   22.4     79  17.39    205      3  299.6  350.6  302.7
  990.0    170   26.8   23.1     80  18.36    219      4  300.8  355.0  304.1
  975.0    304   26.0   22.4     81  17.88    240      6  301.3  354.2  304.5
  943.0    598   24.2   20.9     82  16.86    275     10  302.4  352.5  305.4
  925.0    767   23.2   20.1     83  16.29    270     12  303.0  351.5  306.0
  893.0   1072   20.8   18.4     86  15.15    270     11  303.6  348.8  306.4
  850.0   1497   18.6   16.9     90  14.46    270      9  305.6  349.1  308.3
  832.0   1681   18.0   15.7     86  13.67    282      7  306.9  348.2  309.4
  821.0   1795   17.9   13.6     76  12.03    290      6  307.9  344.6  310.2
  807.0   1942   17.8   10.8     64  10.18    288      6  309.3  340.6  311.2
  792.0   2101   17.0    9.9     63   9.76    285      7  310.2  340.4  312.0
  712.0   3003   12.7    4.8     59   7.64    325      5  315.0  339.2  316.4
  700.0   3147   12.0    4.0     58   7.33    320      5  315.7  339.1  317.1
  687.0   3303   11.2    3.5     59   7.21    325      4  316.5  339.6  317.9
  664.0   3587    9.6    2.6     62   7.00     32      5  317.8  340.4  319.2
  663.0   3599    9.5    2.5     62   6.99     35      5  317.9  340.4  319.2
  639.0   3900    7.6    1.4     65   6.66    200      3  319.1  340.7  320.4
  594.0   4495    3.9   -1.0     71   6.03    190      7  321.5  341.3  322.6
  552.0   5093    0.1   -3.3     78   5.45    120     10  323.8  341.9  324.9
  551.0   5108    0.0   -3.4     78   5.43    121     10  323.9  341.9  324.9
  536.0   5329   -0.5   -4.0     77   5.34    132      9  325.8  343.8  326.9
  512.0   5692   -3.1   -5.7     83   4.93    150      8  326.9  343.6  327.9
  500.0   5880   -4.5   -6.5     86   4.73    130      8  327.5  343.6  328.4
  493.0   5990   -5.2   -7.1     87   4.58    120     10  327.9  343.5  328.8
  474.0   6297   -7.4   -8.8     90   4.18    135      7  329.0  343.3  329.8
  456.0   6599   -9.4  -10.4     92   3.81    175      2  330.1  343.2  330.8
  447.0   6755  -10.5  -11.3     94   3.63    225      4  330.6  343.2  331.3
  444.0   6807  -10.9  -11.5     95   3.59    242      5  330.7  343.2  331.4
  440.0   6877  -10.1  -13.2     78   3.16    264      6  332.6  343.8  333.2
  439.0   6895   -9.9  -13.5     75   3.10    270      6  333.1  344.0  333.7
  436.0   6948   -9.3  -14.3     67   2.92    270      6  334.5  344.9  335.1
  435.0   6965   -9.3  -14.3     67   2.92    270      6  334.7  345.1  335.3
  406.0   7496  -12.9  -19.6     57   2.01    270      9  336.7  344.1  337.1
  400.0   7610  -13.7  -20.7     56   1.85    280      9  337.1  343.9  337.5
  395.0   7706  -14.1  -23.1     46   1.52    289      8  337.8  343.5  338.1
  375.0   8097  -17.4  -25.4     50   1.30    325      6  338.5  343.4  338.7
  356.0   8488  -20.7  -27.7     53   1.11    335     11  339.1  343.4  339.3
  352.0   8572  -21.1  -28.1     53   1.08    337     12  339.7  343.8  339.9
  349.0   8636  -21.5  -25.0     73   1.45    338     12  339.9  345.4  340.2
  346.0   8699  -21.9  -25.9     70   1.35    340     13  340.3  345.4  340.6
  332.0   9002  -23.7  -29.9     57   0.97     20      8  341.8  345.5  342.0
  319.0   9295  -25.5  -33.9     46   0.69     15      8  343.2  345.9  343.4
  315.0   9388  -26.1  -35.1     43   0.62      9      7  343.7  346.1  343.8
  306.0   9597  -27.8  -36.8     42   0.54    355      6  344.2  346.4  344.3
  300.0   9740  -28.9  -37.9     42   0.49    345      5  344.5  346.5  344.6
  293.0   9904  -30.2  -39.6     40   0.42    290      4  345.0  346.8  345.1
  269.0  10500  -34.9  -45.7     32   0.24    265      1  346.7  347.8  346.8
  250.0  11010  -38.9  -50.9     27   0.14    220      7  348.1  348.7  348.1
  245.0  11148  -39.9  -51.9     27   0.13    208      8  348.6  349.2  348.6
  236.0  11397  -41.9                         185     11  349.3         349.3
  200.0  12500  -50.9                         170     21  352.0         352.0
  171.0  13486  -59.5                         145     27  353.9         353.9
  150.0  14310  -66.7                         120     22  355.0         355.0
  134.0  14980  -72.5                         100     30  356.3         356.3
  127.0  15286  -74.3                          90     34  358.5         358.5
  114.0  15902  -78.0                          60     14  362.9         362.9
  103.0  16481  -81.5                         100      9  366.9         366.9
  100.0  16650  -82.5                          90      3  368.1         368.1
   98.0  16762  -83.0                         235      2  369.3         369.3
   92.0  17111  -84.5                         170      5  373.0         373.0
   87.0  17420  -85.8                          80     11  376.3         376.3
   83.3  17661  -86.9                          80     13  378.9         378.9
   83.0  17680  -86.7                          80     13  379.6         379.6
   78.0  18024  -83.5                         330      3  393.2         393.2
   76.9  18102  -82.7                         300      7  396.4         396.4
   74.0  18318  -82.0                         220     16  402.1         402.1
   70.0  18630  -81.1                         290     13  410.6         410.6
   66.8  18892  -81.3                         292     13  415.7         415.7
   63.0  19223  -77.9                         295     14  430.2         430.2
   61.5  19360  -76.5                         278     16  436.2         436.2
   60.0  19503  -75.9                         260     18  440.6         440.6
   57.0  19800  -74.7                         245      2  449.8         449.8
   54.0  20114  -73.5                          80     12  459.7         459.7
   50.0  20560  -71.7                         110      9  474.1         474.1
   46.2  21028  -70.9                         138      5  486.9         486.9
   46.0  21054  -70.6                         140      5  488.2         488.2
   44.0  21320  -67.6                          80     17  501.8         501.8
   43.3  21416  -66.5                          89     21  506.8         506.8
   42.0  21600  -66.8                         105     29  510.4         510.4
   38.4  22142  -67.7                         108     28  521.4         521.4
   36.0  22533  -66.7                         110     27  533.8         533.8
   33.0  23060  -65.3                         113     27  550.9         550.9
   31.0  23445  -60.5                         115     27  573.7         573.7
   30.0  23650  -59.3                         125     18  582.4         582.4
   28.0  24082  -58.5                         115     19  596.3         596.3
   27.0  24310  -58.0                          75     20  603.8         603.8
   26.7  24380  -57.9                          57     16  606.0         606.0
   26.0  24546  -58.4                          15      8  609.2         609.2
   25.0  24791  -59.2                         325     10  613.9         613.9
   24.1  25020  -59.9                         326     11  618.3         618.3
   22.0  25589  -58.8                         330     14  637.8         637.8
   21.8  25646  -58.7                         325     14  639.8         639.8
   21.0  25882  -57.1                         305     13  651.5         651.5
   20.5  26033  -56.1                         327     13  659.0         659.0
   20.0  26190  -55.1                         350     13  666.8         666.8
   19.0  26520  -54.4                         345     11  679.0         679.0
   18.0  26867  -53.5                         335      5  692.0         692.0
   17.0  27234  -52.7                         285      9  706.1         706.1
   16.3  27505  -52.1                                     716.6         716.6
</PRE><H3>Station information and sounding indices</H3><PRE>
                         Station identifier: WIII
                             Station number: 96749
                           Observation time: 160319/0000
                           Station latitude: -6.11
                          Station longitude: 106.65
                          Station elevation: 8.0
                            Showalter index: -1.13
                               Lifted index: -2.68
    LIFT computed using virtual temperature: -3.01
                                SWEAT index: 228.79
                                    K index: 32.00
                         Cross totals index: 21.40
                      Vertical totals index: 23.10
                        Totals totals index: 44.50
      Convective Available Potential Energy: 684.66
             CAPE using virtual temperature: 783.64
                      Convective Inhibition: -80.43
             CINS using virtual temperature: -22.80
                           Equilibrum Level: 184.59
 Equilibrum Level using virtual temperature: 183.89
                   Level of Free Convection: 656.50
             LFCT using virtual temperature: 862.91
                     Bulk Richardson Number: 1352.64
          Bulk Richardson Number using CAPV: 1548.18
  Temp [K] of the Lifted Condensation Level: 294.81
Pres [hPa] of the Lifted Condensation Level: 931.17
   Equivalent potential temp [K] of the LCL: 353.55
     Mean mixed layer potential temperature: 300.89
              Mean mixed layer mixing ratio: 17.87
              1000 hPa to 500 hPa thickness: 5799.00
Precipitable water [mm] for entire sounding: 58.82
</PRE>
<P>Description of the 
<A HREF="/upperair/columns.html">data columns</A>
or <A HREF="/upperair/indices.html">sounding indices</A>.

<P>
<FORM>
<INPUT CLASS="button" TYPE="button" VALUE=" Close this window " 
 onClick="window.close();">
<INPUT CLASS="button" TYPE="button" VALUE=" Select another map " 
 onClick="window.blur();">
</FORM>
<HR SIZE="1">
<I>Interested in graduate studies in atmospheric science?
Check out our program at the
<a href="http://www.uwyo.edu/atsc/howtoapply/"
target=_top>University of Wyoming
</a></I>
<HR SIZE="1"><FONT SIZE="-1">
Questions about the weather data provided by this site can be
addressed to <A HREF="mailto:ldoolman@uwyo.edu">
Larry Oolman (ldoolman@uwyo.edu)</A></FONT>
<HR SIZE="1">
<SCRIPT TYPE="text/javascript">
<!--
window.focus();
// -->
</SCRIPT>
</BODY>
</HTML>
