2020-06-24 12
<HTML>
<TITLE>University of Wyoming - Radiosonde Data</TITLE>
<BODY BGCOLOR="white">
<H2>96749 WIII Jakarta Observations at 00Z 24 Jun 2020</H2>
<PRE>
-----------------------------------------------------------------------------
   PRES   HGHT   TEMP   DWPT   RELH   MIXR   DRCT   SKNT   THTA   THTE   THTV
    hPa     m      C      C      %    g/kg    deg   knot     K      K      K 
-----------------------------------------------------------------------------
 1009.0      8   23.6   22.3     92  17.12    220      2  296.0  345.4  299.0
 1000.0     87   24.8   22.6     88  17.61    205      5  297.9  349.3  301.1
  997.0    114   25.2   22.3     84  17.34    206      5  298.6  349.3  301.7
  976.0    300   24.4   20.6     79  15.89    215      4  299.6  346.2  302.4
  943.0    602   23.0   17.8     73  13.76     60      3  301.1  341.8  303.6
  925.0    771   22.2   16.2     69  12.68     60      4  302.0  339.7  304.3
  911.0    904   21.5   14.8     65  11.72     55      4  302.6  337.6  304.7
  870.0   1306   19.4   10.4     56   9.18     85      5  304.4  332.2  306.1
  855.0   1456   17.8   13.9     78  11.81     97      6  304.3  339.7  306.4
  851.0   1497   17.6   14.1     80  12.06    100      6  304.5  340.7  306.7
  850.0   1507   17.6   14.2     80  12.12    100      6  304.6  341.0  306.8
  820.0   1814   16.0   11.5     75  10.50    100      8  306.0  337.9  307.9
  788.0   2151   15.0    1.0     39   5.25    100     11  308.4  324.9  309.4
  765.0   2401   13.8   -1.0     36   4.68    100     13  309.8  324.7  310.7
  760.0   2456   13.6   -1.4     35   4.57    103     13  310.1  324.7  311.0
  749.0   2578   12.4    4.4     58   7.05    109     12  310.1  332.1  311.4
  721.0   2897   10.6    6.6     76   8.55    125     10  311.6  338.2  313.1
  712.0   3001   10.6    5.5     71   8.04    130      9  312.7  337.9  314.2
  704.0   3096   10.6    4.6     66   7.61    120     10  313.7  337.7  315.1
  700.0   3143   10.4    4.4     66   7.55    115     10  314.0  337.8  315.4
  639.0   3893    5.2    0.9     74   6.43     85     11  316.4  337.0  317.6
  621.0   4129    3.6   -0.2     76   6.11     90     12  317.1  336.8  318.3
  604.0   4354    3.0   -5.0     56   4.39     95     12  318.9  333.4  319.8
  572.0   4792    0.6   -8.2     52   3.63    105     13  321.1  333.3  321.9
  564.0   4906    0.0   -9.0     51   3.45    101     13  321.7  333.4  322.4
  535.0   5327   -2.7  -11.7     50   2.93     88     11  323.4  333.4  323.9
  517.0   5597   -4.1  -12.1     54   2.94     79     10  324.9  335.0  325.4
  511.0   5689   -4.7  -10.7     63   3.33     76     10  325.2  336.6  325.9
  500.0   5860   -5.9  -11.9     63   3.09     70      9  325.8  336.4  326.4
  487.0   6066   -7.3  -10.7     77   3.49     65     10  326.5  338.5  327.2
  473.0   6293   -7.8  -13.2     65   2.95     60     12  328.7  339.0  329.3
  469.0   6359   -7.9  -13.9     62   2.80     64     12  329.3  339.1  329.9
  461.0   6492   -8.3  -28.3     18   0.81     71     13  330.4  333.5  330.6
  445.0   6766   -9.1  -36.1      9   0.40     87     14  332.8  334.4  332.9
  437.0   6905  -10.1  -34.2     12   0.49     95     15  333.2  335.2  333.3
  426.0   7101  -11.5  -31.5     17   0.65     92     12  333.9  336.4  334.0
  413.0   7338  -13.5  -20.5     56   1.82     88      9  334.3  340.9  334.6
  406.0   7467  -14.5  -18.3     73   2.24     86      7  334.6  342.7  335.1
  404.0   7505  -14.6  -19.2     68   2.09     85      6  334.9  342.5  335.4
  400.0   7580  -14.9  -20.9     60   1.82     80      5  335.5  342.2  335.9
  389.0   7790  -16.0  -23.7     51   1.46     45      5  336.8  342.2  337.1
  373.0   8106  -17.7  -28.0     40   1.03     50      5  338.6  342.6  338.8
  369.0   8187  -18.1  -29.1     38   0.94     60      5  339.1  342.7  339.3
  359.0   8390  -19.6  -29.7     40   0.91     85      4  339.8  343.4  340.0
  344.0   8706  -21.8  -30.6     45   0.87     60      8  340.9  344.3  341.1
  336.0   8880  -23.1  -31.1     48   0.85     66      9  341.5  344.8  341.6
  317.0   9301  -26.2  -36.8     36   0.52     80     13  342.9  345.0  343.0
  300.0   9700  -29.1  -42.1     27   0.32     55      7  344.2  345.6  344.3
  268.0  10492  -35.7  -50.5     20   0.14     35      8  346.0  346.6  346.0
  250.0  10980  -39.7  -55.7     17   0.08     30     11  346.9  347.3  346.9
  249.0  11007  -39.9  -55.9     16   0.08     30     11  347.0  347.4  347.0
  200.0  12460  -53.3                          15     15  348.2         348.2
  178.0  13181  -59.5                           5     13  349.9         349.9
  154.0  14077  -67.1                          30     17  351.6         351.6
  150.0  14240  -68.5                          30     17  351.9         351.9
  143.0  14525  -71.1                          32     19  352.2         352.2
  132.0  14990  -75.0                          35     22  353.4         353.4
  125.0  15308  -77.7                          47     24  354.1         354.1
  113.0  15879  -81.9                          68     26  356.6         356.6
  108.0  16131  -83.9                          78     28  357.4         357.4
  107.0  16183  -84.0                          80     28  358.1         358.1
  105.0  16287  -84.3                          83     29  359.6         359.6
  100.0  16560  -79.9                          90     33  373.1         373.1
   96.0  16791  -80.5                         100     41  376.3         376.3
   93.5  16940  -80.9                          86     35  378.4         378.4
   87.1  17347  -73.5                          47     20  401.0         401.0
   86.0  17421  -73.6                          40     17  402.2         402.2
   82.0  17699  -74.1                         270      8  406.7         406.7
   78.0  17990  -74.6                         265      5  411.5         411.5
   74.0  18297  -75.2                          40      4  416.6         416.6
   71.7  18481  -75.5                          68      4  419.6         419.6
   70.0  18620  -74.7                          90      4  424.2         424.2
   67.0  18875  -74.7                         125      7  429.6         429.6
   63.2  19214  -74.7                         125     16  436.8         436.8
   63.0  19233  -74.5                         125     17  437.7         437.7
   60.0  19521  -71.4                         100     27  450.8         450.8
   56.8  19845  -67.9                          96     35  465.8         465.8
   52.0  20375  -68.7                          90     47  475.9         475.9
   51.9  20387  -68.7                          90     47  476.1         476.1
   50.0  20610  -68.7                         100     46  481.2         481.2
   48.5  20793  -68.5                          99     47  485.9         485.9
   47.1  20970  -63.9                          97     49  501.0         501.0
   45.0  21251  -63.0                          95     51  509.6         509.6
   43.3  21488  -62.3                          87     44  517.1         517.1
   41.0  21829  -57.5                          75     33  537.1         537.1
   40.8  21860  -57.1                          74     32  538.9         538.9
   37.0  22474  -58.7                          45      5  550.0         550.0
   35.0  22823  -59.6                         210      7  556.5         556.5
   34.0  23005  -60.1                         205     11  559.8         559.8
   33.6  23080  -60.3                         198     11  561.2         561.2
   32.0  23385  -59.3                         170     13  571.7         571.7
   30.4  23707  -58.3                         174      8  582.9         582.9
   30.0  23790  -58.5                         175      7  584.6         584.6
   29.0  24002  -59.8                         245      8  586.8         586.8
   28.3  24155  -60.7                         238      8  588.3         588.3
   28.0  24222  -60.6                         235      8  590.5         590.5
   26.0  24686  -59.6                         260      4  605.9         605.9
   25.0  24932  -59.1                           0      6  614.2         614.2
   24.7  25007  -58.9                         353      9  616.8         616.8
   24.0  25191  -57.8                         335     15  625.1         625.1
   23.0  25463  -56.1                         305     17  637.6         637.6
   20.6  26167  -51.9                         277     15  670.9         670.9
   20.0  26360  -48.7                         270     15  686.3         686.3
   19.8  26426  -47.9                         268     15  690.8         690.8
   19.0  26700  -46.9                         260     15  702.0         702.0
   18.0  27060  -45.6                         260     15  716.9         716.9
   17.0  27439  -44.3                         290     14  733.1         733.1
   15.3  28142  -46.5                         261     15  748.2         748.2
   15.0  28274  -46.3                         255     15  753.2         753.2
   14.0  28734  -45.4                         280     20  771.1         771.1
   12.6  29437  -44.1                         280     25  799.2         799.2
   12.0  29763  -44.8                         280     28  808.0         808.0
   11.6  29990  -45.3                                     814.1         814.1
</PRE><H3>Station information and sounding indices</H3><PRE>
                         Station identifier: WIII
                             Station number: 96749
                           Observation time: 200624/0000
                           Station latitude: -6.11
                          Station longitude: 106.65
                          Station elevation: 8.0
                            Showalter index: 0.59
                               Lifted index: -1.51
    LIFT computed using virtual temperature: -1.91
                                SWEAT index: 191.40
                                    K index: 31.70
                         Cross totals index: 20.10
                      Vertical totals index: 23.50
                        Totals totals index: 43.60
      Convective Available Potential Energy: 100.65
             CAPE using virtual temperature: 175.75
                      Convective Inhibition: -109.63
             CINS using virtual temperature: -45.77
                           Equilibrum Level: 400.19
 Equilibrum Level using virtual temperature: 393.12
                   Level of Free Convection: 663.73
             LFCT using virtual temperature: 814.42
                     Bulk Richardson Number: 8.67
          Bulk Richardson Number using CAPV: 15.14
  Temp [K] of the Lifted Condensation Level: 293.24
Pres [hPa] of the Lifted Condensation Level: 933.02
   Equivalent potential temp [K] of the LCL: 346.32
     Mean mixed layer potential temperature: 299.12
              Mean mixed layer mixing ratio: 16.18
              1000 hPa to 500 hPa thickness: 5773.00
Precipitable water [mm] for entire sounding: 46.30
</PRE>
<P>Description of the 
<A HREF="/upperair/columns.html">data columns</A>
or <A HREF="/upperair/indices.html">sounding indices</A>.

<P>
<FORM>
<INPUT CLASS="button" TYPE="button" VALUE=" Close this window " 
 onClick="window.close();">
<INPUT CLASS="button" TYPE="button" VALUE=" Select another map " 
 onClick="window.blur();">
</FORM>
<HR SIZE="1">
<I>Interested in graduate studies in atmospheric science?
Check out our program at the
<a href="http://www.uwyo.edu/atsc/howtoapply/"
target=_top>University of Wyoming
</a></I>
<HR SIZE="1"><FONT SIZE="-1">
Questions about the weather data provided by this site can be
addressed to <A HREF="mailto:ldoolman@uwyo.edu">
Larry Oolman (ldoolman@uwyo.edu)</A></FONT>
<HR SIZE="1">
<SCRIPT TYPE="text/javascript">
<!--
window.focus();
// -->
</SCRIPT>
</BODY>
</HTML>
