2016-07-04 00
<HTML>
<TITLE>University of Wyoming - Radiosonde Data</TITLE>
<BODY BGCOLOR="white">
<H2>96749 WIII Jakarta Observations at 00Z 04 Jul 2016</H2>
<PRE>
-----------------------------------------------------------------------------
   PRES   HGHT   TEMP   DWPT   RELH   MIXR   DRCT   SKNT   THTA   THTE   THTV
    hPa     m      C      C      %    g/kg    deg   knot     K      K      K 
-----------------------------------------------------------------------------
 1010.0      8   24.2   23.1     94  17.98    140      2  296.5  348.6  299.7
 1006.0     43   24.0   21.2     84  16.03    142      4  296.6  343.1  299.5
 1002.0     77   26.0   21.9     78  16.82    144      7  299.0  348.2  302.0
 1000.0     95   26.4   22.2     78  17.17    145      8  299.6  349.9  302.6
  983.0    246   26.4   19.4     65  14.64    137      9  301.0  344.3  303.7
  925.0    777   23.4   16.4     65  12.84    110     12  303.2  341.6  305.6
  881.0   1200   20.9   15.2     70  12.52    100     11  304.9  342.5  307.1
  850.0   1511   19.0   14.4     75  12.28     75      9  306.0  343.1  308.3
  822.0   1797   17.1   13.2     78  11.76     65      7  307.0  342.7  309.1
  798.0   2049   15.4   12.2     81  11.31     64      8  307.8  342.2  309.9
  743.0   2651   13.2    8.2     72   9.27     60     10  311.7  340.6  313.4
  739.0   2696   12.9    7.8     71   9.04     60     10  311.9  340.1  313.6
  700.0   3149   10.4    3.4     62   7.03     15      6  314.0  336.3  315.3
  687.0   3305    9.1    3.5     68   7.24     20      6  314.2  337.2  315.6
  682.0   3365    8.6    3.6     71   7.32     31      6  314.3  337.5  315.7
  663.0   3598    7.8    0.9     62   6.20     75      5  315.9  335.8  317.1
  639.0   3901    6.7   -2.6     52   4.96    110      9  318.0  334.2  318.9
  613.0   4243    5.4   -6.6     42   3.83     99      9  320.4  333.1  321.1
  572.0   4803    0.9   -8.6     49   3.51     80      9  321.5  333.3  322.2
  564.0   4917    0.0   -9.0     51   3.45     83      9  321.7  333.4  322.4
  545.0   5190   -1.7  -14.7     36   2.26     91     10  322.9  330.7  323.3
  514.0   5653   -4.7  -17.7     35   1.86    104     11  324.7  331.2  325.0
  511.0   5699   -5.0  -17.8     36   1.86    105     11  324.9  331.4  325.2
  500.0   5870   -6.1  -18.1     38   1.85    110      8  325.5  332.1  325.9
  498.0   5901   -6.3  -18.3     38   1.83    109      8  325.7  332.1  326.0
  486.0   6091   -7.7  -15.7     53   2.33    106      9  326.2  334.4  326.7
  484.0   6124   -7.9  -13.9     62   2.71    105      9  326.4  335.8  326.9
  480.0   6188   -8.5  -14.5     62   2.60    104      9  326.4  335.5  326.9
  476.0   6253   -8.5  -21.5     34   1.45    103      9  327.2  332.4  327.5
  449.0   6703  -11.1  -29.1     21   0.77     94     10  329.4  332.3  329.6
  437.0   6910  -12.7  -28.6     25   0.83     90     11  329.9  333.1  330.1
  427.0   7086  -14.1  -28.1     30   0.89     94     14  330.4  333.7  330.5
  418.0   7248  -14.5  -25.5     39   1.16     98     17  331.9  336.2  332.1
  411.0   7375  -15.3  -20.2     66   1.88    102     20  332.4  339.2  332.8
  406.0   7468  -15.1  -19.1     71   2.09    104     21  333.9  341.4  334.3
  404.0   7505  -15.4  -21.0     62   1.78    105     22  334.0  340.5  334.3
  400.0   7580  -15.9  -24.9     46   1.28    105     20  334.2  339.0  334.5
  397.0   7637  -16.5  -26.5     42   1.11    104     21  334.2  338.4  334.4
  393.0   7713  -16.1  -37.1     15   0.40    103     21  335.7  337.3  335.8
  358.0   8408  -20.3  -37.3     20   0.44     93     28  339.1  340.9  339.2
  349.0   8595  -21.9  -37.9     22   0.42     91     29  339.4  341.1  339.5
  345.0   8680  -22.1  -50.1      6   0.11     90     30  340.3  340.8  340.3
  330.0   9001  -24.5  -51.6      6   0.10     85     33  341.3  341.7  341.3
  300.0   9690  -29.7  -54.7      7   0.08     90     24  343.4  343.7  343.4
  256.0  10796  -39.2  -55.1     17   0.09     85     24  345.4  345.7  345.4
  252.0  10906  -40.1  -55.1     19   0.09     78     24  345.5  345.9  345.5
  250.0  10960  -40.5                          75     24  345.7         345.7
  200.0  12440  -51.7                          60     27  350.7         350.7
  186.0  12894  -55.6                          65     31  351.7         351.7
  161.0  13797  -63.5                          85     25  353.3         353.3
  150.0  14240  -67.3                         105     22  354.0         354.0
  146.0  14401  -68.6                         105     21  354.4         354.4
  140.0  14651  -70.7                         105     20  355.0         355.0
  121.0  15502  -75.1                         105     18  362.1         362.1
  119.0  15598  -75.2                         105     18  363.6         363.6
  117.0  15696  -75.3                          92     15  365.2         365.2
  113.0  15894  -76.5                          65      8  366.7         366.7
  107.0  16205  -78.3                          55      6  369.1         369.1
  102.0  16477  -79.8                          90      3  371.1         371.1
  100.0  16590  -80.5                         150      3  371.9         371.9
   99.9  16596  -80.5                         151      3  372.1         372.1
   97.0  16764  -79.7                         180     11  376.8         376.8
   92.0  17066  -78.3                         155     11  385.3         385.3
   87.0  17385  -76.8                          60     12  394.5         394.5
   85.5  17484  -76.3                          36     12  397.4         397.4
   83.0  17654  -77.3                         355     13  398.7         398.7
   79.9  17873  -78.7                         343     14  400.3         400.3
   78.0  18010  -78.4                         335     14  403.6         403.6
   74.0  18311  -77.8                         340      7  410.9         410.9
   71.7  18492  -77.5                         326      5  415.4         415.4
   70.0  18630  -76.3                         315      4  420.8         420.8
   67.0  18885  -74.0                         345      2  431.2         431.2
   66.2  18955  -73.3                         310      2  434.1         434.1
   64.0  19153  -73.9                         210      3  437.1         437.1
   61.7  19367  -74.5                         145      3  440.3         440.3
   60.0  19532  -73.5                          95      3  445.9         445.9
   55.0  20046  -70.6                          65     24  463.9         463.9
   54.2  20132  -70.1                          74     25  467.0         467.0
   52.2  20359  -66.3                          98     26  480.9         480.9
   52.0  20382  -66.3                         100     26  481.3         481.3
   50.0  20620  -66.7                         105     33  485.9         485.9
   49.0  20742  -66.4                         105     34  489.4         489.4
   46.1  21112  -65.5                          84     39  500.2         500.2
   45.0  21261  -63.8                          75     41  507.7         507.7
   43.0  21540  -60.7                          83     34  522.0         522.0
   39.0  22145  -62.2                         100     20  533.0         533.0
   38.8  22177  -62.3                         100     20  533.5         533.5
   35.0  22820  -59.6                          95     10  556.4         556.4
   32.7  23244  -57.9                         148      5  572.0         572.0
   32.0  23381  -56.3                         165      4  579.7         579.7
   31.2  23542  -54.5                                     588.8         588.8
</PRE><H3>Station information and sounding indices</H3><PRE>
                         Station identifier: WIII
                             Station number: 96749
                           Observation time: 160704/0000
                           Station latitude: -6.11
                          Station longitude: 106.65
                          Station elevation: 8.0
                            Showalter index: -0.47
                               Lifted index: -1.19
    LIFT computed using virtual temperature: -1.76
                                SWEAT index: 198.79
                                    K index: 32.50
                         Cross totals index: 20.50
                      Vertical totals index: 25.10
                        Totals totals index: 45.60
      Convective Available Potential Energy: 109.03
             CAPE using virtual temperature: 164.32
                      Convective Inhibition: -248.55
             CINS using virtual temperature: -183.55
                           Equilibrum Level: 394.51
 Equilibrum Level using virtual temperature: 392.45
                   Level of Free Convection: 571.65
             LFCT using virtual temperature: 588.08
                     Bulk Richardson Number: 21.90
          Bulk Richardson Number using CAPV: 33.01
  Temp [K] of the Lifted Condensation Level: 291.65
Pres [hPa] of the Lifted Condensation Level: 901.17
   Equivalent potential temp [K] of the LCL: 344.93
     Mean mixed layer potential temperature: 300.47
              Mean mixed layer mixing ratio: 15.17
              1000 hPa to 500 hPa thickness: 5775.00
Precipitable water [mm] for entire sounding: 48.03
</PRE>
<P>Description of the 
<A HREF="/upperair/columns.html">data columns</A>
or <A HREF="/upperair/indices.html">sounding indices</A>.

<P>
<FORM>
<INPUT CLASS="button" TYPE="button" VALUE=" Close this window " 
 onClick="window.close();">
<INPUT CLASS="button" TYPE="button" VALUE=" Select another map " 
 onClick="window.blur();">
</FORM>
<HR SIZE="1">
<I>Interested in graduate studies in atmospheric science?
Check out our program at the
<a href="http://www.uwyo.edu/atsc/howtoapply/"
target=_top>University of Wyoming
</a></I>
<HR SIZE="1"><FONT SIZE="-1">
Questions about the weather data provided by this site can be
addressed to <A HREF="mailto:ldoolman@uwyo.edu">
Larry Oolman (ldoolman@uwyo.edu)</A></FONT>
<HR SIZE="1">
<SCRIPT TYPE="text/javascript">
<!--
window.focus();
// -->
</SCRIPT>
</BODY>
</HTML>
