2020-10-04 00
<HTML>
<TITLE>University of Wyoming - Radiosonde Data</TITLE>
<BODY BGCOLOR="white">
<H2>96749 WIII Jakarta Observations at 00Z 04 Oct 2020</H2>
<PRE>
-----------------------------------------------------------------------------
   PRES   HGHT   TEMP   DWPT   RELH   MIXR   DRCT   SKNT   THTA   THTE   THTV
    hPa     m      C      C      %    g/kg    deg   knot     K      K      K 
-----------------------------------------------------------------------------
 1010.0      8   24.2   23.1     94  17.98    220      2  296.5  348.6  299.7
 1000.0     99   25.0   22.2     84  17.17    165      6  298.1  348.2  301.2
  985.0    232   26.4   20.4     70  15.57    159     10  300.9  346.8  303.6
  982.0    258   26.6   20.6     70  15.82    157     11  301.3  348.1  304.2
  977.0    303   26.2   20.4     70  15.67    155     12  301.4  347.7  304.2
  925.0    780   22.2   17.9     77  14.15    130      6  302.0  344.0  304.6
  921.0    818   21.8   18.3     81  14.59    130      6  302.0  345.2  304.6
  912.0    903   21.4   17.7     80  14.20    130      5  302.4  344.6  305.0
  850.0   1516   18.6   13.6     73  11.65    130     12  305.6  340.8  307.8
  837.0   1648   17.6   12.6     72  11.07    125     12  305.9  339.4  307.9
  822.0   1803   16.8   11.8     72  10.69    120     12  306.7  339.2  308.6
  818.0   1845   16.6   11.6     72  10.59    119     12  306.9  339.1  308.8
  813.0   1897   16.2   11.5     74  10.59    117     12  307.0  339.2  308.9
  811.0   1918   16.0   11.6     75  10.69    116     12  307.0  339.5  309.0
  805.0   1981   16.6    4.6     45   6.65    114     12  308.3  328.9  309.5
  794.0   2098   15.9    2.6     41   5.87    110     12  308.7  327.1  309.8
  787.0   2173   15.4    1.4     39   5.41    113     12  309.0  326.0  310.0
  779.0   2260   15.2    1.2     39   5.39    117     11  309.7  326.7  310.7
  773.0   2325   14.4    7.4     63   8.42    119     11  309.5  335.6  311.1
  755.0   2524   12.4    8.1     75   9.05    128     10  309.4  337.4  311.1
  739.0   2704   11.4    6.2     70   8.14    135      9  310.3  335.6  311.8
  725.0   2864   10.6    4.6     66   7.39    130      8  311.1  334.2  312.4
  714.0   2991    9.8    3.8     66   7.09    125      8  311.5  333.8  312.9
  713.0   3003    9.7    4.8     71   7.59    125      8  311.6  335.3  313.0
  712.0   3015    9.6    5.7     77   8.13    126      8  311.6  337.0  313.1
  710.0   3038    9.6    5.5     76   8.04    127      8  311.8  337.0  313.3
  705.0   3097   10.2   -0.8     46   5.15    131      8  313.1  329.6  314.1
  700.0   3156   10.4   -3.6     37   4.21    135      8  314.0  327.6  314.8
  699.0   3168   10.4   -3.6     37   4.21    136      8  314.1  327.8  314.9
  688.0   3299    9.5   -4.5     37   4.00    150      7  314.5  327.6  315.3
  658.0   3668    7.0   -7.0     36   3.45    138      7  315.7  327.1  316.4
  652.0   3743    6.8   -9.2     31   2.94    135      7  316.3  326.1  316.9
  650.0   3768    6.8   -8.2     33   3.19    135      8  316.6  327.2  317.2
  649.0   3781    6.4   -3.6     49   4.54    134      8  316.3  331.1  317.2
  645.0   3832    6.0   -4.0     49   4.43    132      8  316.4  330.9  317.3
  642.0   3870    6.2  -10.8     28   2.63    131      8  317.1  325.9  317.6
  627.0   4063    5.4  -11.6     28   2.52    125      8  318.3  326.9  318.8
  616.0   4207    4.3   -8.9     38   3.19    120      8  318.6  329.3  319.2
  596.0   4475    2.2   -3.8     65   4.87     93      8  319.2  335.2  320.2
  595.0   4489    2.2   -2.2     73   5.50     92      8  319.4  337.4  320.4
  593.0   4516    2.6   -2.4     70   5.44     89      8  320.1  338.0  321.2
  589.0   4571    2.8   -8.2     44   3.52     84      8  321.0  332.8  321.7
  582.0   4668    3.0  -14.0     27   2.24     74      8  322.3  330.1  322.8
  572.0   4808    2.2  -16.6     23   1.83     60      8  323.1  329.5  323.4
  566.0   4893    1.8  -18.2     21   1.62     71      8  323.5  329.2  323.8
  551.0   5109    0.4  -12.5     37   2.66    100      9  324.3  333.5  324.8
  547.0   5167    0.0  -11.0     43   3.04    101      9  324.5  335.0  325.1
  523.0   5524   -3.5  -13.5     46   2.59    110     10  324.5  333.5  325.0
  518.0   5600   -4.1   -9.1     68   3.73    112     11  324.7  337.4  325.4
  517.0   5615   -4.3   -7.9     76   4.10    113     11  324.6  338.5  325.4
  515.0   5646   -4.3   -9.3     68   3.69    113     11  325.0  337.5  325.7
  514.0   5661   -4.5   -8.9     71   3.82    114     11  324.9  337.9  325.7
  513.0   5677   -4.3   -9.3     68   3.71    114     11  325.3  338.0  326.1
  512.0   5692   -3.3  -15.3     39   2.28    115     11  326.7  334.8  327.2
  511.0   5707   -3.0  -17.4     32   1.93    115     11  327.2  334.1  327.6
  509.0   5739   -2.5  -21.5     22   1.36    112     12  328.2  333.2  328.5
  502.0   5848   -2.3  -31.3      9   0.56    103     13  329.8  332.0  329.9
  500.0   5880   -2.5  -33.5      7   0.46    100     14  329.9  331.7  330.0
  474.0   6292   -5.6  -36.9      6   0.34     95     16  331.1  332.5  331.2
  405.0   7504  -14.8  -46.7      5   0.14    100     24  334.5  335.1  334.5
  400.0   7600  -15.5  -47.5      5   0.13     95     25  334.8  335.3  334.8
  331.0   8995  -25.5  -53.7      5   0.08     85     29  339.7  340.1  339.7
  327.0   9084  -26.1  -54.1      5   0.07     86     30  340.0  340.3  340.0
  300.0   9700  -30.7  -56.7      6   0.06     95     35  342.0  342.3  342.0
  269.0  10467  -37.3  -60.3      7   0.04    100     35  343.2  343.4  343.2
  268.0  10492  -37.5  -59.8      8   0.04    100     35  343.3  343.5  343.3
  250.0  10970  -41.3  -51.3     33   0.14     90     40  344.5  345.1  344.6
  242.0  11189  -43.5  -49.5     51   0.17     89     40  344.4  345.2  344.5
  200.0  12440  -52.9  -57.6     57   0.08     85     37  348.8  349.2  348.9
  186.0  12896  -57.0  -61.6     56   0.05     70     35  349.6  349.8  349.6
  162.0  13764  -64.7  -69.1     54   0.02     67     43  350.6  350.7  350.6
  150.0  14230  -68.7  -74.7     42   0.01     65     47  351.6  351.6  351.6
  139.0  14680  -72.7  -80.3     31   0.00     65     48  352.2  352.2  352.2
  136.0  14809  -73.9  -81.9     28   0.00     67     48  352.3  352.4  352.3
  125.0  15298  -76.7  -83.7     32   0.00     75     50  355.9  355.9  355.9
  111.0  15974  -81.1  -92.1     15   0.00     86     52  359.9  359.9  359.9
  107.0  16180  -81.4  -91.7     17   0.00     90     53  363.2  363.2  363.2
  100.0  16560  -81.9  -90.9     21   0.00     80     44  369.2  369.2  369.2
   97.9  16679  -82.1  -90.1     25   0.00     80     42  371.1  371.1  371.1
   93.5  16940  -76.7  -87.7     16   0.00     80     39  386.6  386.6  386.6
   86.0  17424  -76.0  -87.9     14   0.00     80     32  397.5  397.5  397.5
   78.1  17981  -75.1  -88.1     12   0.00     85     25  410.4  410.4  410.4
   78.0  17989  -75.0  -88.1     12   0.00     85     25  410.6  410.6  410.6
   74.0  18297  -72.5  -87.5      9   0.00     55     18  422.2  422.2  422.2
   72.4  18427  -68.1  -88.1      4   0.00     14     13  434.2  434.2  434.2
   70.0  18630  -66.9  -86.9      4   0.00    310      5  440.9  440.9  440.9
   64.0  19169  -66.4  -87.3      4   0.00    215      7  453.6  453.6  453.6
   63.4  19226  -66.3  -87.3      4   0.00    213      8  454.9  454.9  454.9
   61.0  19458  -67.5  -87.0      5   0.00    205     10  457.2  457.2  457.2
   60.3  19527  -67.9  -86.9      5   0.00    227      9  457.9  457.9  457.9
   58.0  19761  -65.8  -88.6      3   0.00    300      4  467.8  467.8  467.8
   57.9  19771  -65.7  -88.7      3   0.00    299      4  468.2  468.2  468.2
   52.0  20422  -65.1  -92.5      1   0.00    240     11  484.2  484.2  484.2
   50.0  20660  -64.9  -93.9      1   0.00    255     14  490.1  490.1  490.1
   47.0  21036  -65.1  -91.9      1   0.00    235     20  498.4  498.4  498.4
   43.0  21577  -65.4  -89.0      2   0.00    140      8  510.6  510.6  510.6
   41.1  21852  -65.5  -87.5      3   0.00    149      6  516.9  516.9  516.9
   41.0  21867  -65.5  -87.5      3   0.00    150      6  517.3  517.3  517.3
   39.0  22171  -65.0  -88.2      3   0.00    125     10  525.9  525.9  525.9
   37.6  22394  -64.7  -88.7      2   0.00     73      8  532.2  532.2  532.2
   37.0  22492  -64.2  -88.2      2   0.00     50      7  536.0  536.1  536.0
   35.8  22694  -63.1  -87.1      3   0.01     47     11  543.9  543.9  543.9
   35.0  22835  -60.4  -86.4      2   0.01     45     13  554.4  554.4  554.4
   34.0  23016  -57.0  -85.5      2   0.01      5     15  568.0  568.0  568.0
   33.8  23053  -56.3  -85.3      1   0.01      4     14  570.8  570.9  570.8
   32.0  23400  -56.2  -83.8      2   0.01    350      6  580.0  580.1  580.0
   31.0  23602  -56.1  -83.0      2   0.01    305      4  585.5  585.6  585.5
   30.0  23810  -56.1  -82.1      2   0.02    295      5  591.1  591.2  591.1
   28.5  24137  -55.5  -82.5      2   0.02    282     12  601.5  601.6  601.5
   24.6  25068  -58.9  -82.9      3   0.02    246     33  617.5  617.7  617.5
   24.0  25224  -58.4  -82.8      3   0.02    240     37  623.4  623.5  623.4
   22.0  25776  -56.6  -82.2      3   0.02    230     18  644.3  644.5  644.3
   20.0  26380  -54.7  -81.7      2   0.03    185     21  668.0  668.2  668.0
   18.9  26743  -53.1  -81.1      2   0.03    150     23  683.9  684.1  683.9
   17.6  27206  -49.5  -79.5      2   0.04    106     25  709.3  709.8  709.4
   17.0  27434  -49.4  -79.1      2   0.05     85     26  716.9  717.4  716.9
   15.0  28255  -48.8  -77.6      2   0.07     70     27  744.8  745.5  744.9
   13.4  28996  -48.3  -76.3      2   0.09     90     16  770.9  771.9  771.0
   13.0  29196  -47.3  -76.6      2   0.09     95     13  781.0  782.0  781.0
   12.2  29617  -45.3  -77.3      2   0.08                802.4  803.4  802.5
</PRE><H3>Station information and sounding indices</H3><PRE>
                         Station identifier: WIII
                             Station number: 96749
                           Observation time: 201004/0000
                           Station latitude: -6.11
                          Station longitude: 106.65
                          Station elevation: 8.0
                            Showalter index: 4.07
                               Lifted index: 1.52
    LIFT computed using virtual temperature: 0.66
                                SWEAT index: 201.21
                                    K index: 20.70
                         Cross totals index: 16.10
                      Vertical totals index: 21.10
                        Totals totals index: 37.20
      Convective Available Potential Energy: 209.73
             CAPE using virtual temperature: 344.12
                      Convective Inhibition: -94.66
             CINS using virtual temperature: -57.48
                           Equilibrum Level: 223.92
 Equilibrum Level using virtual temperature: 223.59
                   Level of Free Convection: 758.17
             LFCT using virtual temperature: 789.70
                     Bulk Richardson Number: 65.74
          Bulk Richardson Number using CAPV: 107.87
  Temp [K] of the Lifted Condensation Level: 292.88
Pres [hPa] of the Lifted Condensation Level: 917.60
   Equivalent potential temp [K] of the LCL: 347.32
     Mean mixed layer potential temperature: 300.18
              Mean mixed layer mixing ratio: 16.08
              1000 hPa to 500 hPa thickness: 5781.00
Precipitable water [mm] for entire sounding: 43.04
</PRE>
<P>Description of the 
<A HREF="/upperair/columns.html">data columns</A>
or <A HREF="/upperair/indices.html">sounding indices</A>.

<P>
<FORM>
<INPUT CLASS="button" TYPE="button" VALUE=" Close this window " 
 onClick="window.close();">
<INPUT CLASS="button" TYPE="button" VALUE=" Select another map " 
 onClick="window.blur();">
</FORM>
<HR SIZE="1">
<I>Interested in graduate studies in atmospheric science?
Check out our program at the
<a href="http://www.uwyo.edu/atsc/howtoapply/"
target=_top>University of Wyoming
</a></I>
<HR SIZE="1"><FONT SIZE="-1">
Questions about the weather data provided by this site can be
addressed to <A HREF="mailto:ldoolman@uwyo.edu">
Larry Oolman (ldoolman@uwyo.edu)</A></FONT>
<HR SIZE="1">
<SCRIPT TYPE="text/javascript">
<!--
window.focus();
// -->
</SCRIPT>
</BODY>
</HTML>
