2019-02-28 00
<HTML>
<TITLE>University of Wyoming - Radiosonde Data</TITLE>
<BODY BGCOLOR="white">
<H2>96749 WIII Jakarta Observations at 00Z 28 Feb 2019</H2>
<PRE>
-----------------------------------------------------------------------------
   PRES   HGHT   TEMP   DWPT   RELH   MIXR   DRCT   SKNT   THTA   THTE   THTV
    hPa     m      C      C      %    g/kg    deg   knot     K      K      K 
-----------------------------------------------------------------------------
 1009.0      8   24.8   23.8     94  18.80    150      2  297.2  351.8  300.5
 1006.0     33   25.8   21.8     79  16.65    173      2  298.4  347.1  301.4
 1000.0     84   26.2   23.1     83  18.17    220      3  299.4  352.6  302.6
  990.0    173   26.0   21.5     76  16.61    183      2  300.0  348.8  303.0
  976.0    298   25.2   21.2     79  16.52    130      1  300.4  349.0  303.4
  943.0    599   23.1   20.4     85  16.31     15      5  301.3  349.5  304.2
  925.0    768   22.0   20.0     88  16.19     45      6  301.8  349.7  304.7
  911.0    900   21.0   19.1     89  15.50     65      8  302.1  348.0  304.9
  895.0   1054   19.8   18.0     89  14.73     65      9  302.4  346.1  305.1
  850.0   1497   17.6   15.3     86  13.03     65     11  304.6  343.7  306.9
  792.0   2097   14.8    9.5     70   9.48     60     14  307.8  336.9  309.6
  763.0   2414   13.4    6.4     63   7.96     68     13  309.6  334.3  311.1
  752.0   2536   12.6    8.8     78   9.54     71     13  310.0  339.5  311.8
  737.0   2704   11.9    7.5     74   8.90     75     13  311.1  338.7  312.7
  700.0   3135   10.2    4.2     66   7.44     70     14  313.8  337.3  315.2
  691.0   3243   10.4    1.4     54   6.17     71     13  315.1  334.9  316.3
  679.0   3389    9.6   -1.4     46   5.11     73     12  315.8  332.4  316.8
  665.0   3561    8.0    2.0     66   6.69     75     10  315.9  337.3  317.2
  662.0   3599    7.8    1.7     65   6.56     75     10  316.1  337.1  317.3
  641.0   3864    6.2   -0.8     61   5.66     92      9  317.2  335.6  318.3
  638.0   3902    6.0   -0.8     62   5.70     95      9  317.4  335.8  318.4
  593.0   4497    2.3   -0.5     82   6.27    105      9  319.8  340.3  321.0
  566.0   4875    0.0   -0.3     98   6.66     83      6  321.4  343.2  322.7
  551.0   5090   -1.4   -2.1     95   5.97     70      5  322.2  341.9  323.4
  533.0   5355   -3.1   -4.4     91   5.21     81      6  323.2  340.6  324.3
  514.0   5642   -4.3   -8.2     74   4.03     92      8  325.2  338.8  325.9
  510.0   5704   -4.5   -8.3     75   4.03     95      8  325.7  339.4  326.5
  500.0   5860   -4.9   -8.6     75   4.02     85     10  327.0  340.7  327.8
  473.0   6297   -6.7   -9.1     83   4.08     83     11  330.0  344.1  330.8
  438.0   6894  -10.8  -12.6     86   3.32     80     13  332.1  343.8  332.8
  429.0   7055  -11.9  -13.6     87   3.14     88     11  332.7  343.8  333.3
  421.0   7199  -12.7  -14.3     88   3.01     95     10  333.4  344.1  334.0
  412.0   7365  -13.7  -15.2     88   2.86     89     11  334.3  344.5  334.8
  405.0   7496  -14.5  -16.9     82   2.52     85     12  334.8  343.9  335.3
  402.0   7552  -14.9  -17.7     79   2.38     88     11  335.1  343.7  335.5
  400.0   7590  -15.1  -20.1     66   1.95     90     11  335.3  342.4  335.7
  389.0   7801  -16.1  -17.9     86   2.42    100      7  336.6  345.4  337.1
  374.0   8095  -17.9  -20.9     77   1.94     55     11  338.0  345.2  338.4
  357.0   8443  -20.1  -24.5     68   1.48     52     14  339.6  345.2  339.9
  342.0   8760  -22.5  -32.5     40   0.73     48     16  340.6  343.4  340.7
  308.0   9521  -27.9  -37.9     38   0.48     41     21  343.4  345.3  343.4
  305.0   9592  -28.4  -40.6     30   0.36     40     22  343.7  345.2  343.8
  304.0   9615  -28.5  -41.5     28   0.33     40     22  343.8  345.2  343.9
  300.0   9710  -29.3  -41.3     30   0.34     40     24  344.0  345.4  344.0
  299.0   9734  -29.5  -42.5     27   0.30     40     24  344.0  345.3  344.1
  289.0   9977  -31.3  -37.3     55   0.54     37     23  344.8  347.0  344.9
  273.0  10379  -34.3  -42.3     44   0.34     32     22  346.1  347.5  346.2
  270.0  10456  -34.9  -44.9     35   0.26     31     22  346.3  347.4  346.4
  250.0  10990  -39.1  -50.1     30   0.16     25     21  347.8  348.5  347.8
  247.0  11072  -39.9  -50.9     30   0.14     24     20  347.8  348.4  347.8
  235.0  11402  -42.8                          20     16  348.4         348.4
  205.0  12306  -50.9                          50      9  349.6         349.6
  200.0  12470  -52.3                          35      8  349.8         349.8
  196.0  12596  -53.4                          30      7  350.1         350.1
  187.0  12888  -55.9                          35      4  350.8         350.8
  178.0  13195  -58.5                         110      1  351.4         351.4
  170.0  13481  -61.0                         155      3  352.0         352.0
  162.0  13781  -63.6                         160      3  352.5         352.5
  154.0  14096  -66.3                         200      4  353.0         353.0
  150.0  14260  -67.7                         205      5  353.3         353.3
  147.0  14376  -68.6                         215      5  353.8         353.8
  132.0  14991  -73.2                         175      6  356.6         356.6
  126.0  15258  -75.2                         180      5  357.8         357.8
  119.0  15585  -77.6                         145      9  359.2         359.2
  102.0  16467  -84.2                         145     25  362.6         362.6
  100.0  16580  -85.1                         140     26  363.1         363.1
   91.5  17068  -88.1                          95     33  366.5         366.5
   91.0  17098  -88.0                          90     33  367.1         367.1
   85.9  17413  -87.5                          79     33  374.3         374.3
   82.0  17670  -83.5                          70     33  387.4         387.4
   81.2  17725  -82.7                          74     32  390.2         390.2
   78.9  17886  -83.1                          85     31  392.6         392.6
   73.4  18301  -73.3                         112     26  421.5         421.5
   70.0  18580  -72.9                         130     23  428.1         428.1
   66.0  18926  -70.5                         130     10  440.5         440.5
   65.3  18989  -70.1                         166     10  442.8         442.8
   63.0  19199  -70.9                         285     11  445.5         445.5
   57.0  19786  -73.3                         255     40  453.1         453.1
   54.1  20092  -74.5                         245     38  457.1         457.1
   51.1  20423  -74.3                         226     26  465.1         465.1
   51.0  20435  -74.2                         225     26  465.6         465.6
   50.0  20550  -73.3                         210     18  470.4         470.4
   49.0  20673  -72.2                         165      8  475.7         475.7
   46.0  21056  -68.8                          65      8  492.6         492.6
   44.0  21325  -66.4                         115      9  504.8         504.8
   40.0  21903  -61.2                         115     31  531.7         531.7
   38.2  22183  -58.7                         111     15  545.1         545.1
   38.0  22216  -58.7                         110     13  545.9         545.9
   36.0  22555  -58.7                         130      7  554.4         554.4
   35.0  22732  -58.7                         120      4  558.9         558.9
   33.0  23101  -58.7                           0      9  568.3         568.3
   32.0  23295  -58.7                         350      8  573.4         573.4
   30.5  23596  -58.7                           1      8  581.3         581.3
   30.0  23700  -58.1                           5      8  585.7         585.7
   29.0  23916  -56.0                           0      7  597.1         597.1
   27.4  24279  -52.5                         345     11  616.7         616.7
   25.0  24865  -55.2                         320     18  625.4         625.4
   23.4  25289  -57.1                         335      5  631.7         631.7
   21.0  25979  -54.9                         330      7  658.2         658.2
   20.0  26290  -53.9                         325      6  670.4         670.4
   19.3  26519  -52.5                         301      8  681.6         681.6
   19.0  26620  -52.6                         290      9  684.4         684.4
   18.0  26969  -52.9                         300     10  694.1         694.1
   17.3  27225  -53.1                         288     11  701.4         701.4
   16.0  27733  -50.6                         265     12  725.4         725.4
   15.0  28153  -48.5                                     745.8         745.8
</PRE><H3>Station information and sounding indices</H3><PRE>
                         Station identifier: WIII
                             Station number: 96749
                           Observation time: 190228/0000
                           Station latitude: -6.11
                          Station longitude: 106.65
                          Station elevation: 8.0
                            Showalter index: 0.53
                               Lifted index: -1.63
    LIFT computed using virtual temperature: -1.96
                                SWEAT index: 215.59
                                    K index: 31.80
                         Cross totals index: 20.20
                      Vertical totals index: 22.50
                        Totals totals index: 42.70
      Convective Available Potential Energy: 318.12
             CAPE using virtual temperature: 421.74
                      Convective Inhibition: -26.20
             CINS using virtual temperature: -19.63
                           Equilibrum Level: 266.70
 Equilibrum Level using virtual temperature: 263.69
                   Level of Free Convection: 810.92
             LFCT using virtual temperature: 870.86
                     Bulk Richardson Number: 32.73
          Bulk Richardson Number using CAPV: 43.39
  Temp [K] of the Lifted Condensation Level: 293.80
Pres [hPa] of the Lifted Condensation Level: 929.13
   Equivalent potential temp [K] of the LCL: 349.38
     Mean mixed layer potential temperature: 300.05
              Mean mixed layer mixing ratio: 16.81
              1000 hPa to 500 hPa thickness: 5776.00
Precipitable water [mm] for entire sounding: 56.91
</PRE>
<P>Description of the 
<A HREF="/upperair/columns.html">data columns</A>
or <A HREF="/upperair/indices.html">sounding indices</A>.

<P>
<FORM>
<INPUT CLASS="button" TYPE="button" VALUE=" Close this window " 
 onClick="window.close();">
<INPUT CLASS="button" TYPE="button" VALUE=" Select another map " 
 onClick="window.blur();">
</FORM>
<HR SIZE="1">
<I>Interested in graduate studies in atmospheric science?
Check out our program at the
<a href="http://www.uwyo.edu/atsc/howtoapply/"
target=_top>University of Wyoming
</a></I>
<HR SIZE="1"><FONT SIZE="-1">
Questions about the weather data provided by this site can be
addressed to <A HREF="mailto:ldoolman@uwyo.edu">
Larry Oolman (ldoolman@uwyo.edu)</A></FONT>
<HR SIZE="1">
<SCRIPT TYPE="text/javascript">
<!--
window.focus();
// -->
</SCRIPT>
</BODY>
</HTML>
