2016-06-08 00
<HTML>
<TITLE>University of Wyoming - Radiosonde Data</TITLE>
<BODY BGCOLOR="white">
<H2>96749 WIII Jakarta Observations at 00Z 08 Jun 2016</H2>
<PRE>
-----------------------------------------------------------------------------
   PRES   HGHT   TEMP   DWPT   RELH   MIXR   DRCT   SKNT   THTA   THTE   THTV
    hPa     m      C      C      %    g/kg    deg   knot     K      K      K 
-----------------------------------------------------------------------------
 1011.0      8   26.0   23.8     88  18.76    140      4  298.2  353.0  301.6
 1000.0    104   26.6   19.6     65  14.57    155      8  299.8  342.6  302.4
  978.0    299   25.7   18.7     65  14.07    140     15  300.7  342.3  303.3
  925.0    787   23.4   16.4     65  12.84    115     12  303.2  341.6  305.6
  907.0    959   22.6   15.6     65  12.44    111     10  304.1  341.4  306.4
  882.0   1203   20.9   15.2     70  12.44    105      8  304.8  342.2  307.0
  852.0   1504   18.7   14.6     77  12.44    110     10  305.6  343.1  307.9
  850.0   1524   18.6   14.6     78  12.44    110     10  305.6  343.1  307.9
  795.0   2096   14.6   12.2     86  11.35     65      5  307.2  341.8  309.3
  740.0   2700   12.0    8.7     80   9.63    135      2  310.8  340.6  312.6
  700.0   3168   10.0    6.0     76   8.45    140      7  313.5  340.1  315.1
  689.0   3300    9.3    5.4     77   8.25    145      8  314.2  340.2  315.8
  664.0   3606    7.7    4.1     78   7.81    180      2  315.7  340.6  317.2
  656.0   3707    7.2    3.7     78   7.67    168      2  316.2  340.7  317.7
  652.0   3757    6.8    3.2     78   7.44    163      2  316.3  340.1  317.8
  644.0   3859    7.2   -0.8     57   5.64    151      2  317.9  336.2  319.0
  640.0   3910    6.9   -1.0     57   5.57    145      2  318.1  336.2  319.2
  617.0   4208    4.9   -2.5     59   5.20    180      5  319.2  336.2  320.2
  574.0   4796    1.0   -5.2     63   4.53    125      6  321.3  336.4  322.2
  563.0   4954    0.0   -6.0     64   4.36     98      7  321.9  336.4  322.7
  552.0   5112    0.0   -8.5     53   3.66     70      9  323.7  336.1  324.4
  550.0   5141    0.0   -9.0     51   3.54     69      9  324.0  336.1  324.7
  532.0   5407   -1.2  -12.8     41   2.71     60     13  325.7  335.1  326.2
  522.0   5559   -1.9  -14.9     36   2.32     65     14  326.6  334.8  327.1
  500.0   5900   -4.9  -14.9     45   2.42     75     16  327.0  335.5  327.5
  479.0   6236   -6.5  -15.5     49   2.40     83     16  329.1  337.6  329.5
  475.0   6301   -7.0  -15.3     51   2.45     85     16  329.3  338.0  329.8
  457.0   6601   -9.0  -14.7     64   2.70     85     16  330.4  339.9  330.9
  453.0   6670   -9.5  -14.5     67   2.76     93     16  330.6  340.3  331.1
  440.0   6893  -11.0  -15.6     69   2.60    120     14  331.4  340.6  331.9
  418.0   7286  -13.7  -17.5     73   2.33    104     12  332.9  341.2  333.4
  410.0   7433  -13.9  -20.9     55   1.77     97     11  334.5  341.0  334.8
  409.0   7451  -13.9  -20.9     55   1.78     97     11  334.7  341.2  335.1
  407.0   7489  -13.7  -27.7     30   0.97     95     11  335.4  339.1  335.6
  400.0   7620  -14.9  -28.9     29   0.88    105      9  335.5  338.9  335.7
  391.0   7790  -16.1  -30.9     27   0.75    135      7  336.2  339.1  336.3
  358.0   8449  -20.7  -38.7     18   0.38    108      9  338.6  340.1  338.6
  352.0   8574  -21.5  -33.5     33   0.65    103      9  339.1  341.7  339.3
  344.0   8742  -22.7  -35.7     30   0.53     96      9  339.7  341.9  339.8
  341.0   8807  -23.1  -40.1     20   0.34     93     10  340.0  341.4  340.1
  337.0   8893  -23.5  -44.5     13   0.22     90     10  340.6  341.6  340.7
  334.0   8958  -24.1  -44.1     14   0.23     87     10  340.7  341.6  340.7
  332.0   9002  -24.5  -41.2     20   0.31     85     10  340.7  342.0  340.8
  331.0   9024  -24.7  -39.7     24   0.37     87     10  340.8  342.2  340.8
  319.0   9291  -27.3  -32.6     61   0.78    105     10  340.8  343.8  340.9
  318.0   9313  -27.5  -32.0     65   0.83    104     10  340.8  344.0  341.0
  313.0   9427  -28.3  -30.8     79   0.94     99     12  341.2  344.9  341.4
  300.0   9730  -30.1  -33.3     74   0.77     85     15  342.8  345.9  343.0
  281.0  10189  -33.7  -37.9     66   0.52     75     17  344.1  346.3  344.3
  258.0  10789  -38.4  -43.9     56   0.30     85     15  345.8  347.0  345.8
  250.0  11010  -40.1  -46.1     53   0.25     80     16  346.3  347.4  346.4
  236.0  11392  -43.1                          65     12  347.5         347.5
  225.0  11709  -45.6                          80     12  348.5         348.5
  206.0  12294  -50.2                          75     13  350.2         350.2
  200.0  12490  -51.7                          90     12  350.7         350.7
  171.0  13470  -60.0                         170      8  353.1         353.1
  150.0  14290  -66.9                         175     22  354.6         354.6
  143.0  14578  -69.5                         181     20  355.0         355.0
  133.0  15005  -72.7                         190     18  356.8         356.8
  127.0  15278  -74.7                         194     14  357.9         357.9
  126.0  15323  -74.9                         195     13  358.3         358.3
  120.0  15603  -76.1                         165      4  361.2         361.2
  114.0  15898  -77.3                          35      3  364.2         364.2
  108.0  16208  -78.6                         325     10  367.4         367.4
  103.0  16480  -79.8                         300     12  370.2         370.2
  100.0  16650  -80.5                         295     12  371.9         371.9
   92.0  17115  -82.7                         300      6  376.6         376.6
   87.0  17427  -84.2                         245      3  379.6         379.6
   84.7  17576  -84.9                         145      5  381.1         381.1
   83.0  17688  -84.8                         125     10  383.5         383.5
   78.0  18032  -84.6                          60      9  390.8         390.8
   71.8  18489  -84.3                         110     22  400.8         400.8
   70.0  18630  -82.9                         125     26  406.7         406.7
   64.0  19134  -80.7                         113     33  422.1         422.1
   62.8  19241  -79.7                         110     35  426.6         426.6
   61.9  19324  -75.7                         108     36  437.2         437.2
   56.6  19846  -73.3                          96     43  454.0         454.0
   54.0  20127  -69.4                          90     47  469.0         469.0
   52.1  20341  -66.5                          85     47  480.7         480.7
   50.5  20530  -67.1                          81     47  483.6         483.6
   50.0  20590  -65.9                          80     47  487.8         487.8
   49.0  20714  -64.0                          75     45  495.2         495.2
   46.7  21011  -59.3                          87     40  513.2         513.2
   42.6  21585  -59.7                         110     31  525.9         525.9
   41.0  21826  -57.9                         120     27  536.1         536.1
   39.0  22142  -55.6                         170     12  549.6         549.6
   38.9  22158  -55.5                         170     12  550.3         550.3
   37.0  22474  -57.2                         175     11  553.8         553.8
   35.0  22824  -59.2                         125      7  557.6         557.6
   34.5  22915  -59.7                          90      6  558.5         558.5
   34.0  23006  -59.6                          10      8  561.2         561.2
   32.0  23386  -59.2                         330     24  572.1         572.1
   30.0  23790  -58.7                         280     24  584.0         584.0
   29.0  24002  -59.1                         240     22  588.7         588.7
   28.0  24222  -59.4                         190     13  593.6         593.6
   27.8  24267  -59.5                         205     12  594.6         594.6
   26.0  24692  -55.9                         345      5  616.5         616.5
   24.9  24966  -53.5                         321      9  630.9         630.9
   24.0  25204  -53.3                         300     13  638.2         638.2
   23.0  25478  -53.0                         315     14  646.9         646.9
   21.0  26065  -52.4                         290     17  665.6         665.6
   20.0  26380  -52.1                         295     23  675.9         675.9
   15.8  27920  -47.7                         283     20  737.4         737.4
   15.0  28261  -48.4                         280     19  746.1         746.1
   14.0  28713  -49.4                         265     27  757.8         757.8
   13.0  29199  -50.4                         275     22  770.5         770.5
   12.5  29456  -50.9                                     777.3         777.3
</PRE><H3>Station information and sounding indices</H3><PRE>
                         Station identifier: WIII
                             Station number: 96749
                           Observation time: 160608/0000
                           Station latitude: -6.11
                          Station longitude: 106.65
                          Station elevation: 8.0
                            Showalter index: 0.73
                               Lifted index: 0.72
    LIFT computed using virtual temperature: 0.29
                                SWEAT index: 211.21
                                    K index: 34.10
                         Cross totals index: 19.50
                      Vertical totals index: 23.50
                        Totals totals index: 43.00
      Convective Available Potential Energy: 0.00
             CAPE using virtual temperature: 0.00
                      Convective Inhibition: 0.00
             CINS using virtual temperature: 0.00
                     Bulk Richardson Number: 0.00
          Bulk Richardson Number using CAPV: 0.00
  Temp [K] of the Lifted Condensation Level: 290.87
Pres [hPa] of the Lifted Condensation Level: 893.27
   Equivalent potential temp [K] of the LCL: 343.10
     Mean mixed layer potential temperature: 300.42
              Mean mixed layer mixing ratio: 14.57
              1000 hPa to 500 hPa thickness: 5796.00
Precipitable water [mm] for entire sounding: 51.87
</PRE>
<P>Description of the 
<A HREF="/upperair/columns.html">data columns</A>
or <A HREF="/upperair/indices.html">sounding indices</A>.

<P>
<FORM>
<INPUT CLASS="button" TYPE="button" VALUE=" Close this window " 
 onClick="window.close();">
<INPUT CLASS="button" TYPE="button" VALUE=" Select another map " 
 onClick="window.blur();">
</FORM>
<HR SIZE="1">
<I>Interested in graduate studies in atmospheric science?
Check out our program at the
<a href="http://www.uwyo.edu/atsc/howtoapply/"
target=_top>University of Wyoming
</a></I>
<HR SIZE="1"><FONT SIZE="-1">
Questions about the weather data provided by this site can be
addressed to <A HREF="mailto:ldoolman@uwyo.edu">
Larry Oolman (ldoolman@uwyo.edu)</A></FONT>
<HR SIZE="1">
<SCRIPT TYPE="text/javascript">
<!--
window.focus();
// -->
</SCRIPT>
</BODY>
</HTML>
