2018-05-06 00
<HTML>
<TITLE>University of Wyoming - Radiosonde Data</TITLE>
<BODY BGCOLOR="white">
<H2>96749 WIII Jakarta Observations at 00Z 06 May 2018</H2>
<PRE>
-----------------------------------------------------------------------------
   PRES   HGHT   TEMP   DWPT   RELH   MIXR   DRCT   SKNT   THTA   THTE   THTV
    hPa     m      C      C      %    g/kg    deg   knot     K      K      K 
-----------------------------------------------------------------------------
 1012.0      8   26.6   22.4     78  17.18    120      3  298.7  349.0  301.8
 1000.0    114   26.8   22.3     76  17.28    105      9  299.9  350.8  303.1
  980.0    293   25.8   21.1     75  16.35     95     14  300.7  348.9  303.7
  959.0    485   24.8   19.8     74  15.41     97     15  301.5  347.1  304.3
  925.0    802   22.4   17.4     73  13.70    100     16  302.2  342.9  304.7
  883.0   1205   19.7   16.6     82  13.64    110     14  303.4  344.1  305.9
  873.0   1303   19.0   16.4     85  13.62    118     12  303.7  344.4  306.2
  853.0   1503   18.1   16.0     87  13.56    135      7  304.8  345.5  307.3
  850.0   1533   18.0   15.9     88  13.55    135      7  305.0  345.7  307.5
  833.0   1707   17.8   14.0     78  12.21    125     10  306.5  343.5  308.8
  824.0   1799   17.1   13.5     79  11.91    120     11  306.7  342.8  308.9
  796.0   2093   14.7   11.7     82  10.99    140     12  307.3  340.8  309.3
  778.0   2288   13.2   10.6     84  10.42    130     12  307.6  339.4  309.6
  771.0   2364   12.8    8.9     77   9.37    127     12  308.0  336.7  309.7
  768.0   2397   12.9    6.8     66   8.11    125     12  308.5  333.5  310.0
  755.0   2541   13.4   -2.6     33   4.20    128     12  310.5  324.0  311.3
  700.0   3173   10.2   -9.8     23   2.61    140     14  313.8  322.4  314.2
  698.0   3197   10.2  -10.8     22   2.42    139     14  314.0  322.1  314.5
  690.0   3293    9.8   -2.2     43   4.74    135     14  314.6  329.9  315.5
  689.0   3305    9.7   -2.4     43   4.68    135     14  314.6  329.8  315.5
  641.0   3900    6.5  -12.5     24   2.30    105     19  317.5  325.4  318.0
  634.0   3991    6.0  -14.0     22   2.05    109     17  318.0  325.0  318.4
  595.0   4506    2.1   -9.4     42   3.16    130      8  319.3  329.9  319.9
  575.0   4783    0.0   -7.0     59   3.95    114      6  319.9  333.1  320.7
  553.0   5093   -2.1  -10.6     52   3.11     95      3  321.1  331.6  321.7
  532.0   5401   -4.1  -14.1     46   2.43    115      5  322.2  330.6  322.7
  526.0   5491   -4.5  -17.5     36   1.85    110      8  322.8  329.3  323.1
  511.0   5719   -3.9  -30.9     10   0.57     99     15  326.2  328.4  326.3
  500.0   5890   -5.1  -34.1      8   0.43     90     20  326.8  328.4  326.8
  496.0   5953   -5.1  -36.1      7   0.35     90     21  327.5  328.9  327.6
  493.0   6000   -5.3  -36.3      7   0.35     90     21  327.8  329.2  327.9
  488.0   6080   -5.7  -36.7      7   0.34     91     21  328.3  329.6  328.4
  484.0   6145   -5.9  -27.9     16   0.80     91     21  328.8  331.8  329.0
  483.0   6161   -6.1  -21.1     29   1.48     91     21  328.8  334.1  329.1
  482.0   6177   -6.3  -19.3     35   1.73     92     21  328.7  334.9  329.1
  481.0   6193   -6.3  -18.3     38   1.89     92     21  328.9  335.7  329.3
  479.0   6226   -5.7  -29.7     13   0.68     92     21  330.1  332.7  330.2
  478.0   6242   -5.3  -36.3      7   0.36     92     21  330.7  332.2  330.8
  460.0   6541   -7.5  -35.5      9   0.41     95     22  331.6  333.2  331.7
  452.0   6677   -8.7  -36.7      8   0.37     96     22  331.8  333.3  331.9
  445.0   6798   -9.9  -21.9     37   1.50     97     22  331.8  337.3  332.1
  441.0   6867  -10.3  -31.3     16   0.64     98     23  332.1  334.6  332.2
  433.0   7008  -11.3  -37.3     10   0.36     99     23  332.6  334.0  332.7
  414.0   7350  -13.9  -23.9     43   1.35    103     24  333.5  338.5  333.8
  400.0   7610  -15.1  -29.1     29   0.87    105     24  335.3  338.6  335.4
  390.0   7800  -16.1  -36.3     16   0.44    105     21  336.4  338.2  336.5
  384.0   7917  -16.7  -40.7     11   0.29    105     20  337.1  338.3  337.2
  343.0   8754  -22.1  -49.1      7   0.13    105     12  340.8  341.4  340.9
  332.0   8989  -24.1  -49.1      8   0.13    105     10  341.4  341.9  341.4
  318.0   9300  -26.6  -49.1     10   0.14    130      8  342.0  342.6  342.0
  300.0   9720  -30.1  -49.1     14   0.15    130      8  342.8  343.5  342.9
  293.0   9886  -31.6  -50.1     14   0.13    130      6  343.1  343.7  343.1
  280.0  10206  -34.3  -51.9     15   0.11    180      5  343.6  344.1  343.6
  272.0  10410  -36.1  -53.1     16   0.10    181      7  343.9  344.3  343.9
  254.0  10882  -39.9  -49.9     34   0.16    184     11  345.0  345.7  345.1
  250.0  10990  -40.9                         185     12  345.1         345.1
  246.0  11097  -41.7                         185     11  345.5         345.5
  235.0  11400  -44.1                         170      7  346.4         346.4
  225.0  11689  -46.4                         175     11  347.3         347.3
  200.0  12470  -52.5                         115     17  349.5         349.5
  170.0  13487  -60.2                          55     34  353.3         353.3
  154.0  14105  -64.9                          70     19  355.5         355.5
  150.0  14270  -66.1                          80     13  356.0         356.0
  147.0  14389  -67.1                          95     10  356.3         356.3
  133.0  14981  -72.3                         205      2  357.5         357.5
  121.0  15540  -77.1                         131      4  358.4         358.4
  120.0  15587  -77.4                         125      4  358.8         358.8
  114.0  15878  -79.0                         290      7  361.1         361.1
  100.0  16620  -83.1                         190     12  366.9         366.9
   97.0  16789  -84.0                         160     13  368.4         368.4
   95.9  16852  -84.3                         155     14  369.0         369.0
   92.0  17082  -84.0                         150     14  373.9         373.9
   87.0  17391  -83.7                         125     15  380.6         380.6
   86.8  17404  -83.7                         125     15  380.9         380.9
   82.7  17675  -79.3                         130     14  395.1         395.1
   78.0  18006  -79.6                         135     12  401.2         401.2
   74.0  18304  -79.9                          90      5  406.7         406.7
   73.7  18327  -79.9                         103      6  407.1         407.1
   70.0  18620  -77.3                         270     12  418.7         418.7
   66.6  18907  -73.1                         264     11  433.8         433.8
   60.0  19522  -68.8                         250      9  456.4         456.4
   59.2  19601  -68.3                         233      8  459.4         459.4
   55.0  20041  -67.3                         140      5  471.4         471.4
   53.3  20228  -66.9                          90      6  476.6         476.6
   52.0  20376  -67.8                          50      6  478.0         478.0
   50.0  20610  -69.1                          45      6  480.2         480.2
   49.0  20730  -70.3                          50      5  480.1         480.1
   48.2  20828  -71.3                          64      9  480.1         480.1
   47.0  20977  -71.0                          85     15  484.2         484.2
   45.8  21130  -70.7                          85     21  488.6         488.6
   44.6  21289  -67.5                          85     26  500.1         500.1
   42.0  21654  -65.2                          85     39  514.4         514.4
   40.4  21889  -63.7                                     523.9         523.9
</PRE><H3>Station information and sounding indices</H3><PRE>
                         Station identifier: WIII
                             Station number: 96749
                           Observation time: 180506/0000
                           Station latitude: -6.11
                          Station longitude: 106.65
                          Station elevation: 8.0
                            Showalter index: -0.46
                               Lifted index: -1.67
    LIFT computed using virtual temperature: -2.57
                                SWEAT index: 224.79
                                    K index: 19.00
                         Cross totals index: 21.00
                      Vertical totals index: 23.10
                        Totals totals index: 44.10
      Convective Available Potential Energy: 384.29
             CAPE using virtual temperature: 587.75
                      Convective Inhibition: -52.51
             CINS using virtual temperature: -34.90
                           Equilibrum Level: 217.33
 Equilibrum Level using virtual temperature: 217.28
                   Level of Free Convection: 802.09
             LFCT using virtual temperature: 813.41
                     Bulk Richardson Number: 258.80
          Bulk Richardson Number using CAPV: 395.82
  Temp [K] of the Lifted Condensation Level: 293.31
Pres [hPa] of the Lifted Condensation Level: 919.18
   Equivalent potential temp [K] of the LCL: 348.92
     Mean mixed layer potential temperature: 300.47
              Mean mixed layer mixing ratio: 16.49
              1000 hPa to 500 hPa thickness: 5776.00
Precipitable water [mm] for entire sounding: 43.48
</PRE>
<P>Description of the 
<A HREF="/upperair/columns.html">data columns</A>
or <A HREF="/upperair/indices.html">sounding indices</A>.

<P>
<FORM>
<INPUT CLASS="button" TYPE="button" VALUE=" Close this window " 
 onClick="window.close();">
<INPUT CLASS="button" TYPE="button" VALUE=" Select another map " 
 onClick="window.blur();">
</FORM>
<HR SIZE="1">
<I>Interested in graduate studies in atmospheric science?
Check out our program at the
<a href="http://www.uwyo.edu/atsc/howtoapply/"
target=_top>University of Wyoming
</a></I>
<HR SIZE="1"><FONT SIZE="-1">
Questions about the weather data provided by this site can be
addressed to <A HREF="mailto:ldoolman@uwyo.edu">
Larry Oolman (ldoolman@uwyo.edu)</A></FONT>
<HR SIZE="1">
<SCRIPT TYPE="text/javascript">
<!--
window.focus();
// -->
</SCRIPT>
</BODY>
</HTML>
