2021-08-29 12
<HTML>
<TITLE>University of Wyoming - Radiosonde Data</TITLE>
<BODY BGCOLOR="white">
<H2>96749 WIII Jakarta Observations at 00Z 29 Aug 2021</H2>
<PRE>
-----------------------------------------------------------------------------
   PRES   HGHT   TEMP   DWPT   RELH   MIXR   DRCT   SKNT   THTA   THTE   THTV
    hPa     m      C      C      %    g/kg    deg   knot     K      K      K 
-----------------------------------------------------------------------------
 1009.0      8   24.6   22.6     89  17.45    200      2  297.0  347.6  300.1
 1000.0     83   25.0   21.4     80  16.33    205      3  298.1  345.8  301.1
  997.0    110   25.0   21.2     79  16.18    195      3  298.4  345.6  301.3
  976.0    298   25.0   19.0     69  14.35    125      5  300.2  342.5  302.8
  967.0    380   25.0   18.0     65  13.61    116      7  301.0  341.3  303.5
  943.0    602   23.5   17.7     70  13.72     90     12  301.7  342.4  304.2
  925.0    772   22.4   17.5     74  13.79     85     12  302.2  343.2  304.7
  850.0   1505   16.8   15.9     94  13.55     85     18  303.7  344.2  306.2
  849.0   1515   16.6   15.8     95  13.48     85     18  303.6  343.9  306.1
  728.0   2815    9.6    9.3     98  10.20     76     19  309.6  341.0  311.5
  712.0   3000    8.6    8.2     97   9.66     75     19  310.5  340.4  312.3
  708.0   3047    8.4    7.9     97   9.53     75     18  310.7  340.3  312.5
  700.0   3141    7.8    7.0     95   9.06     75     17  311.1  339.2  312.8
  699.0   3153    7.6    6.6     93   8.82     75     17  311.0  338.4  312.6
  698.0   3165    7.6    5.6     87   8.24     76     17  311.1  336.8  312.7
  693.0   3224    8.8    2.8     66   6.80     78     16  313.1  334.6  314.4
  687.0   3296    9.2    1.2     57   6.11     80     16  314.3  333.9  315.5
  657.0   3664    6.6   -7.4     36   3.35     92     12  315.4  326.5  316.1
  638.0   3904    4.6   -2.8     59   4.91    100     10  315.8  331.8  316.8
  634.0   3955    4.2   -1.8     65   5.32     99     10  315.9  333.1  316.9
  582.0   4647    0.0   -2.8     81   5.38     92     13  318.8  336.4  319.9
  509.0   5709   -5.5   -7.7     84   4.22     80     17  324.6  338.9  325.4
  504.0   5788   -5.9   -8.1     84   4.14     80     17  325.0  339.1  325.9
  500.0   5850   -6.1   -8.6     82   4.02     80     17  325.5  339.2  326.3
  487.0   6055   -7.3  -11.6     71   3.25     79     17  326.5  337.7  327.2
  478.0   6200   -7.9   -9.7     87   3.85     79     17  327.5  340.7  328.3
  460.0   6497   -9.3  -13.4     72   2.97     78     17  329.4  339.8  330.0
  418.0   7228  -14.1  -16.5     82   2.53     76     17  332.4  341.4  332.9
  400.0   7560  -15.7  -20.2     68   1.93     75     17  334.5  341.5  334.9
  369.0   8164  -19.1  -22.5     74   1.71     67     23  337.8  344.1  338.1
  343.0   8699  -23.1  -27.8     66   1.14     60     28  339.4  343.8  339.6
  317.0   9276  -27.5  -33.5     57   0.72     70     31  341.1  343.9  341.2
  316.0   9298  -27.6  -33.5     57   0.72     70     31  341.2  344.0  341.3
  300.0   9670  -30.1  -33.8     70   0.74     65     23  342.8  345.8  343.0
  291.0   9886  -31.8  -35.5     70   0.65     65     23  343.4  346.0  343.6
  273.0  10339  -35.3  -38.9     70   0.49     43     24  344.7  346.6  344.8
  267.0  10493  -36.5  -40.2     69   0.43     35     24  345.1  346.9  345.2
  250.0  10950  -40.1  -44.0     66   0.31     35     26  346.3  347.6  346.4
  234.0  11388  -44.2  -48.2     64   0.21     50     28  346.8  347.7  346.8
  223.0  11707  -47.1  -51.2     63   0.15     55     31  347.0  347.7  347.1
  213.0  12011  -49.9  -54.1     61   0.11     55     28  347.2  347.7  347.2
  209.0  12137  -51.1  -55.3     61   0.10     53     29  347.3  347.8  347.3
  204.0  12293  -52.5  -57.0     58   0.08     50     31  347.4  347.8  347.5
  200.0  12420  -53.7  -58.4     56   0.07     50     32  347.6  347.9  347.6
  184.0  12951  -58.1  -67.1     31   0.02     52     34  348.8  348.9  348.8
  161.0  13774  -64.4  -74.0     25   0.01     55     38  351.8  351.9  351.8
  150.0  14210  -67.7  -77.7     23   0.01     60     31  353.3  353.3  353.3
  139.0  14664  -71.7  -80.7     25   0.00     71     27  354.0  354.0  354.0
  131.0  15010  -74.6  -83.0     26   0.00     80     23  354.9  354.9  354.9
  126.0  15237  -76.5  -84.5     27   0.00    101     24  355.4  355.4  355.4
  125.0  15282  -76.9  -84.9     27   0.00    105     24  355.5  355.5  355.5
  122.0  15422  -78.1  -86.1     27   0.00     99     24  355.8  355.8  355.8
  119.0  15564  -79.1  -87.1     26   0.00     92     23  356.5  356.5  356.5
  118.0  15612  -79.2  -87.7     24   0.00     90     23  357.2  357.2  357.2
  117.0  15660  -79.3  -88.3     22   0.00     74     20  357.9  357.9  357.9
  116.0  15709  -79.3  -88.3     22   0.00     57     17  358.7  358.7  358.7
  114.0  15808  -77.5  -87.5     19   0.00     24     11  363.9  363.9  363.9
  113.0  15859  -74.9  -86.9     14   0.00      7      8  369.6  369.6  369.6
  112.0  15911  -74.7  -86.5     15   0.00    350      5  371.0  371.0  371.0
  108.0  16123  -73.7  -84.7     17   0.00    274     16  376.7  376.7  376.7
  107.0  16177  -74.0  -84.8     18   0.00    255     19  377.2  377.2  377.2
  100.0  16570  -75.9  -85.9     20   0.00    255     25  380.8  380.8  380.8
   95.2  16853  -77.5  -86.5     23   0.00    270     18  383.1  383.1  383.1
   91.0  17113  -76.9  -86.2     22   0.00    255     19  389.2  389.2  389.2
   87.0  17372  -76.3  -85.9     21   0.00    270      7  395.4  395.5  395.4
   82.0  17713  -75.5  -85.4     20   0.00    305     17  403.8  403.8  403.8
   80.5  17819  -75.3  -85.3     20   0.00    301     16  406.4  406.4  406.4
   78.0  18003  -72.8  -84.7     15   0.00    295     14  415.4  415.4  415.4
   76.6  18109  -71.3  -84.3     13   0.00    274     12  420.6  420.6  420.6
   74.0  18313  -72.4  -83.3     18   0.01    235      9  422.4  422.4  422.4
   72.9  18401  -72.9  -82.9     21   0.01    251      9  423.2  423.2  423.2
   71.0  18556  -71.5  -82.8     17   0.01    280      8  429.4  429.4  429.4
   70.0  18640  -70.7  -82.7     16   0.01    280      8  432.8  432.8  432.8
   58.0  19766  -67.9  -79.9     17   0.01    260     28  463.1  463.1  463.1
   52.9  20317  -66.5  -78.5     17   0.02    247     22  478.6  478.7  478.6
   52.0  20422  -66.0  -78.9     15   0.02    245     21  482.2  482.3  482.2
   50.0  20660  -64.7  -79.7     11   0.01    275     21  490.6  490.7  490.6
   47.0  21043  -61.3  -78.7      8   0.02    295     23  507.6  507.7  507.6
   45.2  21285  -59.1  -78.1      7   0.02    286     22  518.5  518.7  518.5
   41.0  21893  -60.9  -82.2      4   0.01    265     19  528.6  528.7  528.6
   39.8  22079  -61.5  -83.5      4   0.01    280      9  531.7  531.8  531.7
   39.0  22206  -59.6  -87.6      2   0.00    290      2  539.5  539.6  539.5
   38.2  22336  -57.7  -91.7      1   0.00    353      8  547.6  547.6  547.6
   37.0  22536  -58.3  -92.1      1   0.00     90     16  551.2  551.2  551.2
   34.0  23066  -59.8  -93.1      1   0.00     60     24  560.7  560.7  560.7
   32.3  23388  -60.7  -93.7      1   0.00     80     21  566.5  566.5  566.5
   31.0  23645  -59.5  -93.0      1   0.00     90     26  576.5  576.5  576.5
   30.0  23850  -58.5  -92.5      1   0.00     90     29  584.6  584.6  584.6
   29.0  24062  -58.9  -92.9      1   0.00     90     30  589.1  589.1  589.1
   27.3  24439  -59.7  -93.7      0   0.00     92     31  597.2  597.2  597.2
   23.2  25464  -55.1  -90.1      1   0.01     99     33  639.1  639.1  639.1
   20.0  26410  -54.7  -89.7      1   0.01    105     35  668.0  668.1  668.0
   19.7  26507  -54.5  -89.5      1   0.01    105     36  671.5  671.6  671.5
   18.0  27087  -53.5  -89.1      1   0.01    105     39  692.1  692.2  692.1
   16.7  27568  -52.7  -88.7      1   0.01     92     39  709.8  709.9  709.8
   15.3  28138  -48.9  -85.9      1   0.02     76     40  740.3  740.5  740.3
   14.0  28724  -47.9  -84.8      1   0.02     60     40  762.9  763.1  762.9
   13.0  29213  -47.0  -84.0      1   0.03     70     27  782.2  782.5  782.2
   12.7  29367  -46.7  -83.7      1   0.03     60     25  788.4  788.7  788.4
   12.0  29741  -47.8  -89.7      0   0.01     35     20  797.4  797.5  797.4
   11.7  29909  -48.3  -92.3      0   0.01                801.4  801.5  801.4
</PRE><H3>Station information and sounding indices</H3><PRE>
                         Station identifier: WIII
                             Station number: 96749
                           Observation time: 210829/0000
                           Station latitude: -6.11
                          Station longitude: 106.65
                          Station elevation: 8.0
                            Showalter index: -0.89
                               Lifted index: -0.59
    LIFT computed using virtual temperature: -0.77
                                SWEAT index: 243.81
                                    K index: 38.00
                         Cross totals index: 22.00
                      Vertical totals index: 22.90
                        Totals totals index: 44.90
      Convective Available Potential Energy: 82.37
             CAPE using virtual temperature: 121.49
                      Convective Inhibition: -75.26
             CINS using virtual temperature: -69.40
                           Equilibrum Level: 416.33
 Equilibrum Level using virtual temperature: 413.50
                   Level of Free Convection: 781.95
             LFCT using virtual temperature: 784.88
                     Bulk Richardson Number: 4.83
          Bulk Richardson Number using CAPV: 7.12
  Temp [K] of the Lifted Condensation Level: 291.59
Pres [hPa] of the Lifted Condensation Level: 908.97
   Equivalent potential temp [K] of the LCL: 343.40
     Mean mixed layer potential temperature: 299.66
              Mean mixed layer mixing ratio: 14.97
              1000 hPa to 500 hPa thickness: 5767.00
Precipitable water [mm] for entire sounding: 55.37
</PRE>
<P>Description of the 
<A HREF="/upperair/columns.html">data columns</A>
or <A HREF="/upperair/indices.html">sounding indices</A>.

<P>
<FORM>
<INPUT CLASS="button" TYPE="button" VALUE=" Close this window " 
 onClick="window.close();">
<INPUT CLASS="button" TYPE="button" VALUE=" Select another map " 
 onClick="window.blur();">
</FORM>
<HR SIZE="1">
<I>Interested in graduate studies in atmospheric science?
Check out our program at the
<a href="http://www.uwyo.edu/atsc/howtoapply/"
target=_top>University of Wyoming
</a></I>
<HR SIZE="1"><FONT SIZE="-1">
Questions about the weather data provided by this site can be
addressed to <A HREF="mailto:ldoolman@uwyo.edu">
Larry Oolman (ldoolman@uwyo.edu)</A></FONT>
<HR SIZE="1">
<SCRIPT TYPE="text/javascript">
<!--
window.focus();
// -->
</SCRIPT>
</BODY>
</HTML>
