2022-02-12 00
<HTML>
<TITLE>University of Wyoming - Radiosonde Data</TITLE>
<BODY BGCOLOR="white">
<H2>96749 WIII Jakarta Observations at 00Z 12 Feb 2022</H2>
<PRE>
-----------------------------------------------------------------------------
   PRES   HGHT   TEMP   DWPT   RELH   MIXR   DRCT   SKNT   THTA   THTE   THTV
    hPa     m      C      C      %    g/kg    deg   knot     K      K      K 
-----------------------------------------------------------------------------
 1006.0      8   24.0   23.4     96  18.40    200      2  296.6  349.9  299.9
 1005.0     18   26.0   23.7     87  18.76    203      2  298.7  353.6  302.1
 1000.0     66   26.2   23.8     87  18.98    220      4  299.4  355.0  302.7
  982.0    227   26.2   23.1     83  18.51    279      7  300.9  355.6  304.2
  974.0    299   25.6   22.8     85  18.34    305      9  301.0  355.2  304.3
  941.0    601   23.0   21.6     92  17.65    310     11  301.3  353.5  304.5
  926.0    743   21.8   21.1     96  17.34    305     13  301.5  352.8  304.6
  925.0    752   21.6   20.9     96  17.14    305     13  301.4  352.1  304.5
  850.0   1478   17.2   15.4     89  13.11    275     26  304.1  343.4  306.5
  790.0   2100   13.7   11.0     84  10.52    265     28  306.8  338.8  308.7
  789.0   2111   13.6   10.9     84  10.48    265     28  306.8  338.7  308.8
  736.0   2695   11.3    2.2     53   6.13    265     31  310.5  329.8  311.6
  729.0   2775   11.0    1.0     50   5.68    264     30  311.0  329.0  312.1
  710.0   2995   10.1    1.4     55   6.00    260     28  312.4  331.4  313.5
  700.0   3113    9.6    1.6     57   6.18    255     27  313.1  332.7  314.2
  689.0   3245    9.0    5.5     79   8.29    255     26  313.8  339.9  315.4
  652.0   3703    8.0   -1.0     53   5.49    257     22  317.7  335.5  318.8
  592.0   4490    2.3   -1.5     76   5.83    260     15  320.0  339.1  321.1
  570.0   4799    0.1   -1.7     88   5.97    280     13  320.9  340.4  322.0
  569.0   4813    0.0   -1.7     88   5.97    280     13  320.9  340.5  322.1
  529.0   5392   -3.4   -4.6     91   5.16    275      4  323.5  340.7  324.5
  509.0   5698   -5.3   -6.2     93   4.76    300      4  324.9  340.9  325.8
  500.0   5840   -6.1   -6.9     94   4.59    355      2  325.5  341.0  326.4
  498.0   5871   -6.3   -7.0     95   4.57      9      3  325.7  341.1  326.6
  490.0   5998   -6.6   -7.6     93   4.45     65      6  326.8  341.9  327.6
  471.0   6307   -7.5   -8.9     89   4.16    110     10  329.5  343.8  330.3
  470.0   6323   -7.5   -9.0     89   4.14    110     10  329.6  343.9  330.4
  436.0   6904  -11.7  -12.2     96   3.46    117     10  331.4  343.5  332.1
  420.0   7189  -13.2  -15.1     86   2.84    120     10  333.1  343.2  333.7
  406.0   7447  -14.5  -17.7     77   2.36     87     16  334.6  343.1  335.1
  403.0   7503  -14.8  -18.2     75   2.28     80     17  334.9  343.2  335.4
  400.0   7560  -15.1  -18.7     74   2.20     85     17  335.3  343.3  335.7
  372.0   8097  -18.9  -21.7     78   1.82     70     23  337.2  344.0  337.6
  327.0   9051  -25.7  -27.1     88   1.28    100     22  340.6  345.4  340.8
  300.0   9670  -29.9  -33.9     68   0.73    120     22  343.1  346.0  343.3
  291.0   9884  -31.6  -35.6     68   0.64    115     26  343.7  346.2  343.8
  267.0  10488  -36.4  -40.4     66   0.42    120     37  345.2  347.0  345.3
  250.0  10950  -40.1  -44.1     65   0.31    125     41  346.3  347.6  346.4
  247.0  11032  -40.9  -44.7     67   0.29    125     41  346.3  347.5  346.4
  229.0  11538  -45.5  -47.6     79   0.23    127     42  346.9  347.9  346.9
  200.0  12420  -53.5  -56.8     67   0.09    130     44  347.9  348.3  347.9
  177.0  13185  -60.7  -65.8     50   0.03    130     47  348.5  348.6  348.5
  169.0  13474  -63.4  -69.2     45   0.02    130     49  348.6  348.7  348.6
  160.0  13817  -66.6  -73.3     38   0.01    130     49  348.7  348.8  348.7
  157.0  13936  -67.7  -74.7     36   0.01    130     49  348.7  348.8  348.7
  153.0  14091  -69.1  -76.1     36   0.01    130     48  349.0  349.0  349.0
  150.0  14210  -70.1  -77.1     35   0.01    130     48  349.1  349.2  349.1
  138.0  14685  -73.2  -80.8     31   0.00    135     50  352.1  352.1  352.1
  100.0  16520  -85.1  -95.1     16   0.00     95     63  363.1  363.1  363.1
   99.0  16575  -85.3  -96.3     13   0.00     95     64  363.7  363.7  363.7
   97.3  16670  -85.1  -96.1     13   0.00     91     57  365.9  365.9  365.9
   95.7  16763  -78.3  -93.3      7   0.00     87     51  380.9  380.9  380.9
   95.0  16805  -77.1  -91.6      9   0.00     85     48  384.1  384.1  384.1
   94.4  16841  -76.1  -90.1     10   0.00     86     46  386.8  386.8  386.8
   90.0  17115  -76.7  -91.1      9   0.00     90     30  390.8  390.8  390.8
   86.0  17376  -77.3  -92.1      8   0.00     80     28  394.7  394.7  394.7
   83.7  17532  -77.7  -92.7      8   0.00     79     24  397.0  397.0  397.0
   77.9  17946  -73.3  -90.3      6   0.00     76     13  414.4  414.4  414.4
   77.0  18014  -73.4  -90.7      6   0.00     75     11  415.6  415.6  415.6
   73.0  18325  -73.8  -92.3      4   0.00     55      6  421.2  421.2  421.2
   71.7  18430  -73.9  -92.9      4   0.00     59      9  423.1  423.1  423.1
   70.0  18570  -73.3  -92.3      4   0.00     65     13  427.2  427.2  427.2
   67.1  18820  -70.3  -91.3      3   0.00     65     12  438.9  438.9  438.9
   66.0  18918  -70.3  -91.3      3   0.00     65     11  440.9  440.9  440.9
   60.0  19485  -70.6  -91.6      3   0.00     95     16  452.4  452.4  452.4
   55.2  19980  -70.9  -91.9      3   0.00     81     21  462.7  462.8  462.7
   50.0  20570  -68.9  -91.9      2   0.00     65     26  480.7  480.7  480.7
   49.0  20692  -68.0  -92.1      2   0.00     60     23  485.6  485.7  485.6
   47.4  20891  -66.5  -92.5      2   0.00     66     24  493.8  493.9  493.8
   44.0  21342  -66.3  -91.2      2   0.00     80     27  504.8  504.8  504.8
   42.0  21624  -66.3  -90.4      2   0.00     85     33  511.8  511.8  511.8
   38.9  22089  -66.1  -89.1      3   0.00     87     37  523.5  523.6  523.5
   36.5  22478  -62.5  -95.5      1   0.00     88     41  542.4  542.4  542.4
   33.0  23099  -63.4  -96.4      0   0.00     90     47  555.8  555.9  555.8
   32.7  23155  -63.5  -96.5      0   0.00     90     49  557.1  557.1  557.1
   30.0  23690  -59.1                          95     63  582.9         582.9
   29.9  23711  -58.9                                     584.0         584.0
</PRE><H3>Station information and sounding indices</H3><PRE>
                         Station identifier: WIII
                             Station number: 96749
                           Observation time: 220212/0000
                           Station latitude: -6.11
                          Station longitude: 106.65
                          Station elevation: 8.0
                            Showalter index: -0.58
                               Lifted index: -4.69
    LIFT computed using virtual temperature: -5.09
                                SWEAT index: 238.78
                                    K index: 30.70
                         Cross totals index: 21.50
                      Vertical totals index: 23.30
                        Totals totals index: 44.80
      Convective Available Potential Energy: 1866.16
             CAPE using virtual temperature: 2030.75
                      Convective Inhibition: -4.04
             CINS using virtual temperature: -3.10
                           Equilibrum Level: 128.13
 Equilibrum Level using virtual temperature: 127.18
                   Level of Free Convection: 925.59
             LFCT using virtual temperature: 927.17
                     Bulk Richardson Number: 101.95
          Bulk Richardson Number using CAPV: 110.94
  Temp [K] of the Lifted Condensation Level: 295.52
Pres [hPa] of the Lifted Condensation Level: 943.12
   Equivalent potential temp [K] of the LCL: 354.79
     Mean mixed layer potential temperature: 300.52
              Mean mixed layer mixing ratio: 18.44
              1000 hPa to 500 hPa thickness: 5774.00
Precipitable water [mm] for entire sounding: 58.16
</PRE>
<P>Description of the 
<A HREF="/upperair/columns.html">data columns</A>
or <A HREF="/upperair/indices.html">sounding indices</A>.

<P>
<FORM>
<INPUT CLASS="button" TYPE="button" VALUE=" Close this window " 
 onClick="window.close();">
<INPUT CLASS="button" TYPE="button" VALUE=" Select another map " 
 onClick="window.blur();">
</FORM>
<HR SIZE="1">
<I>Interested in graduate studies in atmospheric science?
Check out our program at the
<a href="http://www.uwyo.edu/atsc/howtoapply/"
target=_top>University of Wyoming
</a></I>
<HR SIZE="1"><FONT SIZE="-1">
Questions about the weather data provided by this site can be
addressed to <A HREF="mailto:ldoolman@uwyo.edu">
Larry Oolman (ldoolman@uwyo.edu)</A></FONT>
<HR SIZE="1">
<SCRIPT TYPE="text/javascript">
<!--
window.focus();
// -->
</SCRIPT>
</BODY>
</HTML>
