2021-11-16 00
<HTML>
<TITLE>University of Wyoming - Radiosonde Data</TITLE>
<BODY BGCOLOR="white">
<H2>96749 WIII Jakarta Observations at 00Z 16 Nov 2021</H2>
<PRE>
-----------------------------------------------------------------------------
   PRES   HGHT   TEMP   DWPT   RELH   MIXR   DRCT   SKNT   THTA   THTE   THTV
    hPa     m      C      C      %    g/kg    deg   knot     K      K      K 
-----------------------------------------------------------------------------
 1008.0      8   26.0   22.0     79  16.82    240      6  298.5  347.6  301.5
 1000.0     73   26.0   21.8     78  16.75    235      9  299.1  348.2  302.1
  942.0    600   23.8   18.0     70  13.99    250     15  302.1  343.6  304.6
  936.0    656   23.6   17.6     69  13.72    254     16  302.4  343.2  304.9
  925.0    760   22.6   17.7     74  13.97    260     17  302.4  343.9  304.9
  881.0   1181   19.8   17.2     85  14.22    272     16  303.8  346.2  306.3
  850.0   1489   19.6   10.6     56   9.53    280     16  306.7  335.7  308.4
  849.0   1499   19.6   10.6     56   9.54    280     16  306.8  335.9  308.5
  820.0   1796   17.1   11.1     68  10.21    275     14  307.2  338.4  309.1
  792.0   2093   14.7   11.6     82  10.93    275     11  307.7  341.0  309.7
  791.0   2104   14.6   11.6     82  10.96    276     11  307.7  341.1  309.7
  764.0   2395   13.1   10.4     84  10.50    310      8  309.2  341.4  311.1
  737.0   2697   11.6    9.2     85  10.03    325      9  310.7  341.7  312.6
  711.0   2998   10.1    8.0     87   9.57    320     10  312.2  342.0  314.0
  700.0   3129    9.4    7.5     88   9.38    310     11  312.9  342.2  314.6
  578.0   4702    0.0   -0.7     95   6.33    324     20  319.5  340.1  320.7
  571.0   4799   -0.4   -1.1     95   6.20    325     21  320.1  340.3  321.3
  550.0   5099   -1.8   -2.5     94   5.82    345     23  322.0  341.1  323.1
  500.0   5860   -5.1   -6.0     93   4.92    295     14  326.8  343.4  327.7
  490.0   6018   -5.5   -7.8     84   4.36    291     14  328.2  343.1  329.0
  472.0   6306   -7.2   -9.6     83   3.93    285     13  329.6  343.2  330.4
  437.0   6899  -10.6  -13.4     80   3.14    305      6  332.6  343.7  333.3
  428.0   7059  -11.5  -14.4     79   2.95    274      4  333.4  343.9  334.0
  420.0   7202  -12.7  -15.3     81   2.79    245      3  333.8  343.7  334.3
  400.0   7570  -15.7  -17.5     86   2.43    200      3  334.5  343.3  335.0
  388.0   7800  -17.6  -18.4     93   2.33    170      5  335.0  343.4  335.5
  382.0   7917  -18.5  -18.8     97   2.28    172      5  335.2  343.5  335.7
  373.0   8093  -19.5  -20.6     91   2.01    175      5  336.2  343.5  336.6
  358.0   8396  -21.3  -23.6     82   1.60     90      9  337.8  343.8  338.1
  344.0   8690  -23.0  -26.5     73   1.28    105     10  339.4  344.2  339.6
  330.0   8997  -24.7  -29.6     64   1.00    140     12  341.0  344.9  341.2
  318.0   9270  -26.3  -32.3     57   0.80    129     13  342.4  345.6  342.6
  304.0   9594  -28.8  -36.3     48   0.57    115     14  343.4  345.7  343.5
  300.0   9690  -29.5  -37.5     46   0.51    115     15  343.7  345.8  343.8
  279.0  10202  -33.5  -43.5     36   0.29    125     16  345.1  346.4  345.2
  250.0  10960  -40.3  -47.3     47   0.22    140     18  346.0  346.9  346.1
  240.0  11237  -42.9  -47.7     59   0.21    143     17  346.2  347.1  346.2
  234.0  11404  -44.4  -49.4     58   0.18    145     17  346.4  347.2  346.4
  200.0  12440  -53.7  -59.7     48   0.06    135     16  347.6  347.9  347.6
  186.0  12898  -58.0  -64.0     46   0.04    115     18  347.9  348.1  347.9
  174.0  13318  -61.9  -67.9     45   0.02    103     20  348.2  348.3  348.2
  153.0  14100  -68.5  -75.3     37   0.01     80     24  349.9  350.0  349.9
  150.0  14220  -69.5  -76.5     35   0.01     80     26  350.2  350.2  350.2
  143.0  14502  -71.9  -78.9     34   0.01     77     32  350.8  350.8  350.8
  138.0  14708  -73.4  -80.4     34   0.00     75     37  351.8  351.8  351.8
  125.0  15281  -77.5  -84.5     32   0.00     60     48  354.4  354.4  354.4
  121.0  15466  -79.1  -86.1     31   0.00     60     49  354.8  354.8  354.8
  118.0  15607  -80.1  -88.1     26   0.00     60     50  355.5  355.5  355.5
  113.0  15853  -76.7  -88.7     14   0.00     42     40  366.3  366.3  366.3
  106.0  16218  -77.8  -90.8     11   0.00     15     25  371.0  371.0  371.0
  101.0  16493  -78.5  -92.4      9   0.00    355     11  374.7  374.7  374.7
  100.0  16550  -78.7  -92.7      9   0.00    350      9  375.4  375.4  375.4
   96.0  16782  -80.4  -92.7     12   0.00    110      2  376.4  376.4  376.4
   95.4  16818  -80.7  -92.7     12   0.00    120      3  376.6  376.6  376.6
   91.0  17087  -78.6  -91.2     12   0.00     90      6  385.8  385.8  385.8
   87.9  17285  -77.1  -90.1     11   0.00     53      7  392.7  392.7  392.7
   86.0  17411  -77.8  -90.8     11   0.00     30      8  393.7  393.7  393.7
   83.3  17593  -78.9  -91.9     11   0.00     20      9  395.1  395.1  395.1
   82.0  17684  -78.4  -91.4     11   0.00     15     10  398.0  398.0  398.0
   78.3  17949  -76.9  -89.9     11   0.00    320     11  406.3  406.3  406.3
   78.0  17971  -76.3  -89.8     11   0.00    315     11  407.9  407.9  407.9
   75.5  18162  -71.7  -88.7      6   0.00    278     10  421.5  421.5  421.5
   74.0  18281  -71.5  -89.1      6   0.00    255     10  424.2  424.2  424.2
   70.0  18610  -71.1  -90.1      5   0.00    270     21  431.9  432.0  431.9
   63.4  19192  -73.1  -92.1      4   0.00    256     26  439.9  439.9  439.9
   63.0  19229  -72.7  -92.1      4   0.00    255     26  441.6  441.6  441.6
   60.3  19487  -69.9  -91.9      3   0.00    254     23  453.4  453.4  453.4
   54.0  20143  -69.9  -93.8      2   0.00    250     16  467.9  468.0  468.0
   52.0  20367  -69.9  -94.5      2   0.00    265      8  473.0  473.0  473.0
   50.8  20506  -69.9  -94.9      2   0.00    319      6  476.2  476.2  476.2
   50.0  20600  -69.1  -95.1      1   0.00    355      5  480.2  480.2  480.2
   49.0  20722  -67.6  -94.2      1   0.00     45      6  486.6  486.6  486.6
   47.0  20974  -64.5  -92.4      1   0.00     95     19  499.9  499.9  499.9
   46.9  20987  -64.3  -92.3      1   0.00     95     19  500.6  500.6  500.6
   40.0  21959  -65.0  -91.3      2   0.00     95     29  522.2  522.2  522.2
   39.0  22113  -65.1  -91.1      2   0.00     80     35  525.7  525.7  525.7
   34.5  22861  -64.9  -95.9      1   0.00     84     45  544.9  545.0  544.9
   33.7  23004  -64.9  -96.9      1   0.00     84     46  548.6  548.6  548.6
   33.0  23133  -63.1  -95.6      1   0.00     85     48  556.6  556.6  556.6
   32.3  23265  -61.3  -94.3      1   0.00     86     51  564.9  564.9  564.9
   32.0  23323  -59.1  -93.1      1   0.00     87     53  572.3  572.3  572.3
   30.0  23730  -57.1  -90.1      1   0.00     90     63  588.4  588.4  588.4
   28.0  24171  -54.8  -87.1      1   0.01     90     62  606.5  606.6  606.5
   27.1  24380  -53.7  -85.7      1   0.01     92     65  615.3  615.4  615.3
   26.0  24646  -53.7  -85.3      1   0.01     95     68  622.5  622.6  622.5
   25.0  24899  -53.8  -85.0      1   0.01     95     68  629.4  629.5  629.4
   24.0  25162  -53.8  -84.7      1   0.01     90     75  636.7  636.8  636.7
   21.9  25751  -53.9  -83.9      1   0.02     90     80  653.3  653.4  653.3
   20.0  26340  -50.3  -82.3      1   0.02     90     84  681.5  681.7  681.5
   18.1  27000  -47.3  -79.3      1   0.04     90     92  710.6  711.1  710.6
   18.0  27036  -47.1  -79.1      1   0.04     90     92  712.3  712.7  712.3
   17.0  27414  -45.4  -77.4      2   0.06     85     78  729.5  730.2  729.6
   16.5  27611  -44.5  -76.5      2   0.07                738.7  739.5  738.7
</PRE><H3>Station information and sounding indices</H3><PRE>
                         Station identifier: WIII
                             Station number: 96749
                           Observation time: 211116/0000
                           Station latitude: -6.11
                          Station longitude: 106.65
                          Station elevation: 8.0
                            Showalter index: 3.61
                               Lifted index: -0.71
    LIFT computed using virtual temperature: -0.81
                                SWEAT index: 173.22
                                    K index: 33.40
                         Cross totals index: 15.70
                      Vertical totals index: 24.70
                        Totals totals index: 40.40
      Convective Available Potential Energy: 156.85
             CAPE using virtual temperature: 189.78
                      Convective Inhibition: -116.04
             CINS using virtual temperature: -86.45
                           Equilibrum Level: 338.81
 Equilibrum Level using virtual temperature: 336.88
                   Level of Free Convection: 707.88
             LFCT using virtual temperature: 756.04
                     Bulk Richardson Number: 10.20
          Bulk Richardson Number using CAPV: 12.34
  Temp [K] of the Lifted Condensation Level: 292.49
Pres [hPa] of the Lifted Condensation Level: 913.88
   Equivalent potential temp [K] of the LCL: 346.31
     Mean mixed layer potential temperature: 300.14
              Mean mixed layer mixing ratio: 15.76
              1000 hPa to 500 hPa thickness: 5787.00
Precipitable water [mm] for entire sounding: 58.07
</PRE>
<P>Description of the 
<A HREF="/upperair/columns.html">data columns</A>
or <A HREF="/upperair/indices.html">sounding indices</A>.

<P>
<FORM>
<INPUT CLASS="button" TYPE="button" VALUE=" Close this window " 
 onClick="window.close();">
<INPUT CLASS="button" TYPE="button" VALUE=" Select another map " 
 onClick="window.blur();">
</FORM>
<HR SIZE="1">
<I>Interested in graduate studies in atmospheric science?
Check out our program at the
<a href="http://www.uwyo.edu/atsc/howtoapply/"
target=_top>University of Wyoming
</a></I>
<HR SIZE="1"><FONT SIZE="-1">
Questions about the weather data provided by this site can be
addressed to <A HREF="mailto:ldoolman@uwyo.edu">
Larry Oolman (ldoolman@uwyo.edu)</A></FONT>
<HR SIZE="1">
<SCRIPT TYPE="text/javascript">
<!--
window.focus();
// -->
</SCRIPT>
</BODY>
</HTML>
