2021-04-25 12
<HTML>
<TITLE>University of Wyoming - Radiosonde Data</TITLE>
<BODY BGCOLOR="white">
<H2>96749 WIII Jakarta Observations at 00Z 25 Apr 2021</H2>
<PRE>
-----------------------------------------------------------------------------
   PRES   HGHT   TEMP   DWPT   RELH   MIXR   DRCT   SKNT   THTA   THTE   THTV
    hPa     m      C      C      %    g/kg    deg   knot     K      K      K 
-----------------------------------------------------------------------------
 1010.0      8   25.0   22.2     84  17.00    180      2  297.3  346.7  300.3
 1000.0     95   25.6   21.2     77  16.13    170      6  298.8  345.9  301.6
  993.0    157   26.0   21.0     74  16.04    165      6  299.8  346.9  302.6
  933.0    705   23.4   15.4     61  11.93    126      7  302.5  338.1  304.6
  925.0    780   22.8   15.8     65  12.35    120      7  302.6  339.4  304.9
  912.0    904   21.9   16.8     72  13.35    120      7  303.0  342.7  305.4
  901.0   1010   21.2   17.6     80  14.26    124      6  303.2  345.8  305.8
  884.0   1176   20.8   12.8     60  10.61    131      6  304.5  336.5  306.4
  852.0   1496   18.4   13.7     74  11.65    145      4  305.2  340.3  307.3
  850.0   1516   18.2   13.7     75  11.72    150      4  305.2  340.5  307.4
  822.0   1802   16.1   12.6     80  11.28    250      3  305.9  340.1  308.0
  794.0   2099   14.0   11.5     85  10.83    270      3  306.7  339.6  308.7
  792.0   2120   13.8   11.4     85  10.80    275      3  306.7  339.5  308.7
  766.0   2401   12.6    8.1     74   8.92    340      6  308.3  335.7  310.0
  739.0   2704   11.2    4.5     64   7.21      5      4  310.0  332.5  311.4
  735.0   2750   11.0    4.0     62   6.98      3      4  310.3  332.1  311.6
  713.0   3003    8.8    5.1     78   7.78    350      7  310.6  334.8  312.0
  709.0   3050    8.4    5.3     81   7.94    345      7  310.6  335.3  312.1
  700.0   3156    7.6    4.9     83   7.82    335      7  310.9  335.2  312.3
  699.0   3168    7.6    4.9     83   7.83    332      7  311.0  335.4  312.5
  694.0   3227    7.0    4.6     85   7.72    314      7  311.0  335.1  312.4
  692.0   3251    6.8    4.5     85   7.69    307      7  311.0  335.0  312.4
  691.0   3263    6.8    4.3     84   7.59    304      7  311.1  334.9  312.6
  688.0   3298    7.8   -4.2     42   4.09    294      7  312.6  325.9  313.4
  681.0   3383    8.2  -12.8     21   2.11    269      8  314.0  321.1  314.4
  663.0   3604    8.6  -23.7      8   0.85    205      8  316.8  319.9  317.0
  651.0   3754    8.8  -31.2      4   0.44    174     10  318.7  320.4  318.8
  649.0   3779    9.0  -32.0      4   0.41    169     10  319.2  320.8  319.3
  640.0   3893    8.2  -31.2      4   0.44    145     11  319.6  321.3  319.7
  617.0   4190    6.2  -29.2      6   0.56    105     13  320.7  322.7  320.8
  594.0   4499    4.1  -27.1      8   0.70     95     13  321.7  324.3  321.9
  573.0   4791    2.1  -25.1     11   0.88     85     10  322.7  325.9  322.9
  552.0   5095    0.0  -23.0     16   1.10    115      9  323.7  327.7  323.9
  513.0   5677   -2.7  -28.7     12   0.70     63      8  327.3  329.9  327.4
  500.0   5880   -4.3  -26.3     16   0.90     45      7  327.7  331.1  327.9
  492.0   6006   -5.2  -26.2     17   0.92     50      9  328.1  331.6  328.3
  474.0   6297   -7.3  -26.1     21   0.96     50     12  329.1  332.7  329.3
  467.0   6413   -8.1  -26.1     22   0.98     60     12  329.5  333.1  329.7
  455.0   6615   -8.1  -33.1     11   0.52     77     11  331.9  333.9  332.0
  439.0   6889  -10.1  -35.1     11   0.44    100     10  332.8  334.6  332.9
  422.0   7191  -12.3  -37.3     10   0.37    140      5  333.8  335.2  333.8
  405.0   7505  -14.6  -39.6     10   0.30    155      7  334.7  336.0  334.8
  400.0   7600  -15.3  -40.3     10   0.29    155      6  335.0  336.2  335.1
  374.0   8098  -19.2  -42.8     11   0.24     70     11  336.3  337.3  336.4
  331.0   9002  -26.3  -47.3     12   0.16     82     13  338.6  339.2  338.6
  318.0   9292  -27.3  -51.3      8   0.11     86     13  341.1  341.5  341.1
  305.0   9591  -29.4  -53.5      8   0.09     90     14  342.1  342.5  342.2
  300.0   9710  -30.3  -54.3      8   0.08    100     11  342.6  342.9  342.6
  283.0  10120  -33.7  -53.7     12   0.09    108      6  343.4  343.8  343.5
  280.0  10193  -34.4  -53.8     12   0.09    110      5  343.5  343.9  343.5
  256.0  10807  -40.3  -54.7     20   0.09    110      5  343.6  344.0  343.6
  250.0  10970  -41.9  -54.9     23   0.09     95      5  343.6  344.0  343.6
  234.0  11412  -46.4  -54.7     38   0.10     15      7  343.4  343.8  343.4
  233.0  11441  -46.7  -54.7     40   0.10     16      7  343.3  343.8  343.4
  228.0  11584  -47.1  -54.1     45   0.11     21      8  344.9  345.3  344.9
  224.0  11701  -48.1  -55.1     44   0.10     25      9  345.1  345.5  345.1
  220.0  11819  -48.3  -61.3     21   0.05     47      9  346.6  346.8  346.6
  214.0  11999  -49.4  -63.9     17   0.03     80      9  347.6  347.8  347.6
  205.0  12279  -51.1  -67.8     12   0.02     60      9  349.2  349.3  349.2
  200.0  12440  -52.1  -70.1     10   0.02     80      8  350.1  350.2  350.1
  185.0  12941  -56.1  -74.1      9   0.01    117      9  351.5  351.6  351.5
  178.0  13181  -58.3  -74.1     11   0.01    135     10  351.8  351.9  351.8
  161.0  13807  -64.0  -74.1     24   0.01    155     13  352.4  352.4  352.4
  158.0  13924  -65.1  -74.1     28   0.01    155     13  352.5  352.5  352.5
  153.0  14120  -66.3  -76.0     25   0.01    155     12  353.6  353.6  353.6
  150.0  14240  -67.1  -77.1     23   0.01    145      9  354.3  354.3  354.3
  146.0  14399  -68.4  -78.2     23   0.01    115      6  354.9  354.9  354.9
  139.0  14687  -70.7  -80.2     23   0.00     80      9  355.8  355.9  355.8
  132.0  14991  -73.1  -82.3     24   0.00     90     13  356.8  356.8  356.8
  127.0  15217  -74.9  -83.9     24   0.00     88     19  357.5  357.5  357.5
  119.0  15588  -76.0  -86.9     17   0.00     85     28  362.2  362.2  362.2
  113.0  15883  -76.8  -89.3     13   0.00     85     32  366.0  366.0  366.0
  102.0  16467  -78.6  -94.0      7   0.00     65     23  373.6  373.6  373.6
  100.0  16580  -78.9  -94.9      6   0.00     55     20  375.0  375.0  375.0
   96.0  16809  -80.6  -96.4      6   0.00     25     15  376.1  376.1  376.1
   91.0  17110  -82.8  -98.3      6   0.00    355     18  377.5  377.5  377.5
   87.0  17362  -84.7  -99.9      6   0.00      5     15  378.6  378.6  378.6
   83.7  17580  -86.3 -101.3      6   0.00     25     15  379.6  379.6  379.6
   82.0  17693  -86.3 -100.4      7   0.00     50     14  381.8  381.8  381.8
   81.8  17706  -86.3 -100.3      7   0.00     54     14  382.1  382.1  382.1
   80.4  17802  -83.1  -98.1      6   0.00     83     16  390.5  390.5  390.5
   78.0  17972  -83.2  -97.9      7   0.00    135     18  393.6  393.6  393.6
   74.2  18251  -83.5  -97.5      8   0.00    137     19  398.7  398.8  398.7
   70.6  18531  -80.9  -95.9      7   0.00    140     20  410.0  410.0  410.0
   70.0  18580  -79.7  -95.7      6   0.00    140     20  413.6  413.6  413.6
   68.3  18721  -75.3  -94.3      4   0.00    148     18  425.9  426.0  425.9
   66.0  18920  -73.7  -94.5      3   0.00    160     14  433.6  433.6  433.6
   65.7  18947  -73.5  -94.5      3   0.00    171     14  434.6  434.6  434.6
   64.1  19093  -68.9  -94.9      1   0.00    232     11  447.8  447.8  447.8
   63.0  19196  -69.4  -96.6      1   0.00    275     10  449.0  449.0  449.0
   60.0  19486  -70.7 -101.5      0   0.00    260     11  452.4  452.4  452.4
   59.9  19496  -70.7 -101.7      0   0.00    260     11  452.5  452.5  452.5
   58.1  19677  -70.9 -101.9      0   0.00    269     16  456.0  456.0  456.0
   56.4  19854  -66.7  -98.7      0   0.00    278     21  469.4  469.5  469.4
   54.0  20116  -67.2  -99.2      0   0.00    290     28  474.1  474.1  474.1
   50.3  20544  -68.1 -100.1      0   0.00    276     33  481.8  481.8  481.8
   50.0  20580  -68.3 -100.3      0   0.00    275     33  482.1  482.1  482.1
   49.0  20703  -67.9 -100.0      0   0.00    270     31  485.8  485.8  485.8
   44.0  21357  -65.9  -98.4      0   0.00    250     25  505.9  505.9  505.9
   40.0  21936  -64.1  -96.9      0   0.00    295     12  524.4  524.4  524.4
   37.9  22264  -63.1  -96.1      0   0.00    285     12  535.1  535.1  535.1
   33.0  23128  -58.0  -91.9      1   0.00    260     11  570.2  570.3  570.2
   32.4  23242  -57.3  -91.3      1   0.00    262     10  575.1  575.1  575.1
   30.0  23730  -56.1  -91.1      1   0.00    270      5  591.1  591.1  591.1
   29.1  23924  -55.9  -90.9      1   0.00    266      4  596.8  596.9  596.8
   29.0  23946  -56.0  -91.0      1   0.00    265      4  597.1  597.1  597.1
   27.0  24394  -58.3  -92.5      1   0.00     10      3  603.1  603.1  603.1
   26.0  24631  -59.5  -93.4      1   0.00     80      4  606.3  606.3  606.3
   25.0  24877  -60.7  -94.2      1   0.00    110      7  609.6  609.6  609.6
   23.6  25238  -62.5  -95.5      1   0.00    100     15  614.4  614.4  614.4
   23.0  25398  -61.7  -95.0      0   0.00    105     22  621.2  621.2  621.2
   21.8  25731  -60.1  -94.1      0   0.00     99     28  635.6  635.7  635.6
   21.1  25937  -56.1  -91.1      1   0.00     96     32  653.6  653.7  653.6
   20.0  26280  -53.3  -88.3      1   0.01     90     38  672.3  672.4  672.3
   18.1  26922  -53.5  -88.5      1   0.01     95     39  691.1  691.2  691.1
   18.0  26958  -52.8  -88.0      1   0.01     95     39  694.3  694.4  694.3
   17.5  27141  -49.5  -85.5      1   0.02     88     46  710.5  710.7  710.5
   17.0  27332  -48.6  -85.0      1   0.02     80     53  719.3  719.5  719.3
   16.3  27608  -47.3  -84.3      1   0.02     77     51  732.2  732.4  732.2
   16.0  27730  -47.8  -84.6      1   0.02     75     50  734.5  734.7  734.5
   14.3  28467  -50.7  -86.7      1   0.02     83     47  748.6  748.8  748.7
   14.0  28607  -50.0  -87.3      1   0.01     85     46  755.4  755.5  755.4
   12.0  29623  -45.4  -91.8      0   0.01     95     52  806.0  806.1  806.0
   11.9  29678  -45.1  -92.1      0   0.01                808.9  809.0  808.9
</PRE><H3>Station information and sounding indices</H3><PRE>
                         Station identifier: WIII
                             Station number: 96749
                           Observation time: 210425/0000
                           Station latitude: -6.11
                          Station longitude: 106.65
                          Station elevation: 8.0
                            Showalter index: 2.37
                               Lifted index: 0.83
    LIFT computed using virtual temperature: 0.12
                                SWEAT index: 179.40
                                    K index: 33.50
                         Cross totals index: 18.00
                      Vertical totals index: 22.50
                        Totals totals index: 40.50
      Convective Available Potential Energy: 21.23
             CAPE using virtual temperature: 57.98
                      Convective Inhibition: -113.10
             CINS using virtual temperature: -87.24
                           Equilibrum Level: 327.02
 Equilibrum Level using virtual temperature: 232.90
                   Level of Free Convection: 729.95
             LFCT using virtual temperature: 795.14
                     Bulk Richardson Number: 10.33
          Bulk Richardson Number using CAPV: 28.21
  Temp [K] of the Lifted Condensation Level: 291.77
Pres [hPa] of the Lifted Condensation Level: 907.56
   Equivalent potential temp [K] of the LCL: 344.37
     Mean mixed layer potential temperature: 299.99
              Mean mixed layer mixing ratio: 15.18
              1000 hPa to 500 hPa thickness: 5785.00
Precipitable water [mm] for entire sounding: 39.68
</PRE>
<P>Description of the 
<A HREF="/upperair/columns.html">data columns</A>
or <A HREF="/upperair/indices.html">sounding indices</A>.

<P>
<FORM>
<INPUT CLASS="button" TYPE="button" VALUE=" Close this window " 
 onClick="window.close();">
<INPUT CLASS="button" TYPE="button" VALUE=" Select another map " 
 onClick="window.blur();">
</FORM>
<HR SIZE="1">
<I>Interested in graduate studies in atmospheric science?
Check out our program at the
<a href="http://www.uwyo.edu/atsc/howtoapply/"
target=_top>University of Wyoming
</a></I>
<HR SIZE="1"><FONT SIZE="-1">
Questions about the weather data provided by this site can be
addressed to <A HREF="mailto:ldoolman@uwyo.edu">
Larry Oolman (ldoolman@uwyo.edu)</A></FONT>
<HR SIZE="1">
<SCRIPT TYPE="text/javascript">
<!--
window.focus();
// -->
</SCRIPT>
</BODY>
</HTML>
