2020-02-05 00
<HTML>
<TITLE>University of Wyoming - Radiosonde Data</TITLE>
<BODY BGCOLOR="white">
<H2>96749 WIII Jakarta Observations at 00Z 05 Feb 2020</H2>
<PRE>
-----------------------------------------------------------------------------
   PRES   HGHT   TEMP   DWPT   RELH   MIXR   DRCT   SKNT   THTA   THTE   THTV
    hPa     m      C      C      %    g/kg    deg   knot     K      K      K 
-----------------------------------------------------------------------------
 1009.0      8   25.6   23.4     88  18.34    280      1  298.0  351.4  301.2
 1000.0     87   25.4   23.3     88  18.39    290      7  298.6  352.3  301.8
  976.0    300   24.3   22.2     88  17.65    305     17  299.5  351.3  302.7
  943.0    601   22.7   20.7     89  16.64    310     17  300.8  349.9  303.8
  925.0    770   21.8   19.9     89  16.09    295     12  301.6  349.2  304.5
  850.0   1503   17.8   16.0     89  13.64    205      4  304.8  345.7  307.3
  831.0   1696   16.4   15.0     91  13.07    176      4  305.3  344.6  307.7
  821.0   1800   16.6   12.7     78  11.38    160      4  306.5  341.1  308.6
  820.0   1810   16.6   12.5     77  11.23    160      4  306.6  340.7  308.7
  738.0   2700   11.3    9.0     86   9.84    130      9  310.2  340.6  312.1
  734.0   2746   11.0    8.8     86   9.78    135      9  310.4  340.6  312.2
  724.0   2860   10.2    8.6     90   9.78    149     10  310.7  341.0  312.6
  712.0   2999   10.2    7.4     83   9.16    165     10  312.2  340.8  313.9
  700.0   3141   10.2    6.2     76   8.57    165     10  313.8  340.7  315.4
  695.0   3201   10.2    6.0     75   8.51    165      9  314.4  341.2  316.0
  687.0   3296    9.7    5.3     74   8.20    165      8  314.9  340.8  316.4
  639.0   3890    6.5    1.0     68   6.47    120      7  317.9  338.8  319.1
  616.0   4190    4.9   -1.2     64   5.71    130      4  319.4  338.1  320.5
  594.0   4488    3.4   -3.4     61   5.04    180      3  320.9  337.5  321.9
  572.0   4798    1.7   -5.7     58   4.41    120      1  322.4  337.2  323.3
  551.0   5104    0.1   -7.9     55   3.85     20      2  323.9  337.0  324.7
  550.0   5119    0.0   -8.0     55   3.83     19      2  324.0  337.0  324.8
  537.0   5311   -1.3   -4.1     81   5.29      6      5  324.7  342.4  325.7
  531.0   5401   -1.7   -4.3     82   5.27      0      6  325.2  342.9  326.3
  500.0   5880   -3.9   -5.4     89   5.15      0      9  328.2  345.7  329.2
  492.0   6007   -4.7   -6.7     86   4.75      0      9  328.8  345.0  329.7
  464.0   6468   -7.5  -11.2     75   3.52     27     11  330.8  343.1  331.5
  456.0   6602   -8.4  -11.5     78   3.50     35     12  331.3  343.5  332.0
  439.0   6897  -10.5  -12.2     87   3.44      5     11  332.3  344.4  333.0
  429.0   7075  -11.7  -12.6     93   3.40    348      8  333.0  344.9  333.6
  422.0   7201  -12.2  -14.1     86   3.05    335      6  333.8  344.7  334.4
  406.0   7497  -13.5  -17.7     71   2.35    125      3  335.9  344.4  336.4
  404.0   7534  -13.7  -18.2     69   2.27    122      3  336.1  344.4  336.6
  400.0   7610  -14.5  -18.9     69   2.16    115      4  336.1  343.9  336.5
  377.0   8055  -17.7  -20.1     81   2.07     95      5  337.6  345.2  338.0
  345.0   8702  -22.2  -25.5     75   1.40     65      7  340.1  345.4  340.4
  305.0   9601  -28.6  -33.0     66   0.78     65      9  343.4  346.5  343.5
  303.0   9649  -28.9  -33.4     65   0.76     61      9  343.6  346.6  343.7
  300.0   9720  -29.5  -33.9     66   0.73     55     10  343.7  346.6  343.8
  293.0   9889  -30.6  -38.1     48   0.49     45     10  344.5  346.5  344.6
  292.0   9913  -30.7  -38.7     45   0.46     45     10  344.6  346.5  344.7
  281.0  10182  -32.8  -40.8     45   0.39     50      9  345.4  347.0  345.5
  269.0  10487  -35.2  -43.2     44   0.31     90      7  346.2  347.5  346.3
  250.0  11000  -39.3  -47.3     42   0.22     90      7  347.5  348.4  347.6
  247.0  11082  -39.9  -47.9     42   0.20     90      7  347.8  348.7  347.9
  236.0  11384  -42.7                          90      5  348.2         348.2
  225.0  11700  -45.6                          60      4  348.5         348.5
  215.0  12001  -48.3                         120      4  348.8         348.8
  200.0  12480  -52.7                         125     11  349.1         349.1
  154.0  14106  -66.9                         125     20  352.0         352.0
  150.0  14270  -68.3                         120     19  352.2         352.2
  133.0  14971  -74.3                          90     24  353.8         353.8
  119.0  15620  -79.9                          88     37  355.0         355.0
  102.0  16480  -84.9                          85     55  361.5         361.5
  100.0  16590  -85.5                          85     53  362.3         362.3
   91.0  17117  -79.3                          60     27  384.6         384.6
   90.5  17148  -78.9                          56     26  385.9         385.9
   87.0  17372  -79.8                          30     15  388.4         388.4
   84.5  17537  -80.5                          42     14  390.3         390.3
   78.0  17992  -77.5                          75     12  405.5         405.5
   74.0  18293  -78.3                          10     10  410.0         410.0
   72.9  18378  -78.5                          59     10  411.3         411.3
   70.0  18610  -77.7                         190      9  417.8         417.8
   68.5  18735  -75.3                         185      9  425.6         425.6
   59.3  19571  -76.9                         155     11  439.9         439.9
   50.0  20570  -70.9                         120     13  476.0         476.0
   47.5  20875  -68.5                         116     17  488.8         488.8
   43.2  21441  -69.1                         110     24  500.7         500.7
   39.5  21978  -65.9                         104     31  521.8         521.8
   35.8  22572  -66.9                          97     38  534.0         534.0
   31.0  23447  -62.5                          87     49  568.3         568.3
   30.0  23650  -60.5                          85     51  579.1         579.1
   29.2  23819  -58.3                          86     51  589.6         589.6
   20.5  26027  -61.1                          99     52  643.9         643.9
   20.0  26180  -60.7                         100     52  649.6         649.6
   18.4  26704  -57.2                          80     63  676.2         676.2
   18.0  26842  -56.3                                     683.4         683.4
</PRE><H3>Station information and sounding indices</H3><PRE>
                         Station identifier: WIII
                             Station number: 96749
                           Observation time: 200205/0000
                           Station latitude: -6.11
                          Station longitude: 106.65
                          Station elevation: 8.0
                            Showalter index: 0.74
                               Lifted index: -1.31
    LIFT computed using virtual temperature: -1.51
                                SWEAT index: 209.00
                                    K index: 33.70
                         Cross totals index: 19.90
                      Vertical totals index: 21.70
                        Totals totals index: 41.60
      Convective Available Potential Energy: 584.94
             CAPE using virtual temperature: 700.46
                      Convective Inhibition: -17.91
             CINS using virtual temperature: -12.30
                           Equilibrum Level: 171.25
 Equilibrum Level using virtual temperature: 168.75
                   Level of Free Convection: 860.19
             LFCT using virtual temperature: 879.64
                     Bulk Richardson Number: 29.71
          Bulk Richardson Number using CAPV: 35.57
  Temp [K] of the Lifted Condensation Level: 295.09
Pres [hPa] of the Lifted Condensation Level: 951.90
   Equivalent potential temp [K] of the LCL: 351.33
     Mean mixed layer potential temperature: 299.29
              Mean mixed layer mixing ratio: 17.78
              1000 hPa to 500 hPa thickness: 5793.00
Precipitable water [mm] for entire sounding: 59.91
</PRE>
<P>Description of the 
<A HREF="/upperair/columns.html">data columns</A>
or <A HREF="/upperair/indices.html">sounding indices</A>.

<P>
<FORM>
<INPUT CLASS="button" TYPE="button" VALUE=" Close this window " 
 onClick="window.close();">
<INPUT CLASS="button" TYPE="button" VALUE=" Select another map " 
 onClick="window.blur();">
</FORM>
<HR SIZE="1">
<I>Interested in graduate studies in atmospheric science?
Check out our program at the
<a href="http://www.uwyo.edu/atsc/howtoapply/"
target=_top>University of Wyoming
</a></I>
<HR SIZE="1"><FONT SIZE="-1">
Questions about the weather data provided by this site can be
addressed to <A HREF="mailto:ldoolman@uwyo.edu">
Larry Oolman (ldoolman@uwyo.edu)</A></FONT>
<HR SIZE="1">
<SCRIPT TYPE="text/javascript">
<!--
window.focus();
// -->
</SCRIPT>
</BODY>
</HTML>
