2022-09-07 00
<HTML>
<TITLE>University of Wyoming - Radiosonde Data</TITLE>
<BODY BGCOLOR="white">
<H2>96749 WIII Jakarta Observations at 00Z 07 Sep 2022</H2>
<PRE>
-----------------------------------------------------------------------------
   PRES   HGHT   TEMP   DWPT   RELH   MIXR   DRCT   SKNT   THTA   THTE   THTV
    hPa     m      C      C      %    g/kg    deg   knot     K      K      K 
-----------------------------------------------------------------------------
 1010.0      8   24.4   23.3     94  18.21    240      3  296.7  349.5  299.9
 1000.0     98   25.6   21.7     79  16.64    210     12  298.8  347.4  301.7
  999.0    107   25.6   21.7     79  16.66    208     12  298.8  347.6  301.8
  977.0    302   24.6   20.9     80  16.17    170      5  299.7  347.1  302.6
  925.0    780   22.0   18.8     82  15.00    110      8  301.8  346.2  304.5
  882.0   1192   19.8   16.0     79  13.12     45      8  303.6  342.8  306.0
  851.0   1502   18.1   13.9     77  11.84     60      8  304.9  340.6  307.1
  850.0   1512   18.0   13.8     76  11.80     60      9  305.0  340.5  307.1
  829.0   1727   16.6   13.2     80  11.63     54     10  305.7  340.8  307.8
  794.0   2093   14.9    9.2     69   9.31     45     11  307.6  336.1  309.4
  758.0   2487   13.0    5.0     58   7.27     55     10  309.7  332.4  311.1
  741.0   2678   11.6    5.6     67   7.75     59     10  310.2  334.4  311.7
  739.0   2700   11.5    5.3     66   7.62     60     10  310.4  334.1  311.8
  713.0   2999   10.2    1.5     55   6.04     65      9  312.1  331.3  313.3
  700.0   3153    9.6   -0.4     50   5.34     60      9  313.1  330.2  314.1
  688.0   3296    9.4   -4.0     39   4.16     80     10  314.4  328.0  315.2
  686.0   3321    9.4   -4.6     37   3.98     80     10  314.7  327.7  315.4
  677.0   3430    8.4   -2.6     46   4.69     81     10  314.7  329.9  315.6
  672.0   3491    8.0   -4.0     42   4.25     81     10  315.0  328.8  315.8
  662.0   3615    8.6  -16.4     15   1.61     81     10  317.0  322.6  317.3
  643.0   3854    6.8   -9.2     31   2.98     83     11  317.6  327.6  318.2
  629.0   4035    6.0  -18.0     16   1.48     83     11  318.7  323.9  319.0
  588.0   4582    2.0  -16.0     25   1.88     86     12  320.2  326.8  320.6
  581.0   4678    1.4  -11.6     37   2.72     87     12  320.6  329.9  321.2
  573.0   4790    0.6  -11.4     40   2.81     87     12  321.0  330.5  321.5
  562.0   4945    0.0  -22.0     17   1.17     88     12  322.0  326.3  322.3
  531.0   5396   -3.1  -20.9     24   1.37     90     13  323.6  328.5  323.9
  525.0   5486   -3.7  -20.7     25   1.41     90     14  323.9  329.0  324.2
  514.0   5653   -4.1  -32.1      9   0.51     90     15  325.4  327.3  325.5
  500.0   5870   -5.7  -27.7     16   0.79     90     17  326.0  329.0  326.2
  476.0   6255   -6.7  -20.7     32   1.55     87     13  329.4  335.0  329.7
  455.0   6605   -9.3  -30.3     16   0.68     85     10  330.4  333.0  330.6
  447.0   6742   -9.9  -19.9     44   1.77     85      9  331.4  337.8  331.7
  445.0   6777  -10.1  -17.1     57   2.26     85      8  331.5  339.6  332.0
  443.0   6812  -10.3  -20.3     44   1.73     85      8  331.7  338.0  332.0
  438.0   6899  -11.0  -20.6     45   1.70     85      7  331.9  338.1  332.2
  430.0   7040  -12.1  -21.1     47   1.66     82      7  332.2  338.3  332.6
  424.0   7148  -12.5  -27.5     27   0.95     80      7  333.1  336.6  333.2
  415.0   7311  -13.7  -22.7     47   1.50     76      6  333.6  339.1  333.9
  402.0   7552  -15.3  -20.3     66   1.91     71      6  334.5  341.5  334.9
  400.0   7590  -15.5  -21.5     60   1.73     70      6  334.8  341.1  335.1
  389.0   7799  -16.9  -25.5     47   1.24     70      8  335.6  340.2  335.8
  374.0   8094  -18.9  -31.1     33   0.76     90     10  336.8  339.7  336.9
  371.0   8155  -19.3  -32.3     31   0.69     92     10  337.0  339.7  337.1
  356.0   8462  -20.1  -39.1     17   0.36    102     10  339.9  341.4  340.0
  345.0   8692  -21.6  -42.1     14   0.27    110     10  340.9  342.0  340.9
  331.0   8996  -23.6  -46.1     11   0.19     95      9  342.2  343.0  342.2
  320.0   9245  -25.3  -49.3      9   0.13     74     10  343.2  343.8  343.2
  318.0   9290  -25.7  -49.5      9   0.13     70     10  343.3  343.9  343.4
  300.0   9710  -29.1  -51.1     10   0.12     60     14  344.2  344.8  344.3
  280.0  10191  -33.5  -52.8     13   0.10     45     16  344.8  345.2  344.8
  250.0  10980  -40.7  -55.7     18   0.08     35     16  345.4  345.8  345.4
  235.0  11396  -44.5  -57.5     22   0.07     39     20  345.8  346.1  345.9
  214.0  12013  -50.1  -55.1     55   0.10     45     25  346.5  347.0  346.5
  200.0  12450  -53.7  -59.7     48   0.06     55     27  347.6  347.9  347.6
  182.0  13051  -58.7  -67.7     30   0.02     55     33  348.9  349.0  348.9
  178.0  13189  -59.9  -68.2     33   0.02     55     35  349.1  349.2  349.1
  169.0  13512  -62.8  -69.5     40   0.02     45     41  349.6  349.7  349.6
  165.0  13661  -64.1  -70.1     44   0.02     44     44  349.8  349.9  349.8
  154.0  14080  -67.6  -74.3     38   0.01     40     54  350.8  350.9  350.8
  150.0  14240  -68.9  -75.9     36   0.01     40     54  351.2  351.2  351.2
  132.0  14989  -74.5  -85.7     16   0.00     45     52  354.3  354.3  354.3
  129.0  15123  -75.5  -87.5     14   0.00     52     51  354.8  354.8  354.8
  119.0  15584  -77.6  -89.0     15   0.00     75     48  359.3  359.3  359.3
  113.0  15879  -78.9  -89.9     15   0.00     80     49  362.2  362.2  362.2
  112.0  15930  -79.1  -90.1     15   0.00     80     49  362.7  362.7  362.7
  101.0  16514  -79.3  -93.0      9   0.00     80     49  373.2  373.2  373.2
  100.0  16570  -79.3  -93.3      9   0.00     80     46  374.3  374.3  374.3
   96.0  16802  -79.4  -92.7     10   0.00     70     40  378.4  378.4  378.4
   94.3  16904  -79.5  -92.5     10   0.00     72     37  380.2  380.2  380.2
   91.5  17077  -76.9  -91.9      8   0.00     76     33  388.6  388.6  388.6
   90.0  17173  -73.1  -91.1      5   0.00     78     30  398.0  398.1  398.0
   86.1  17433  -72.7  -89.7      6   0.00     84     23  403.9  403.9  403.9
   85.3  17489  -69.9  -89.9      4   0.00     85     22  410.6  410.7  410.6
   82.0  17723  -70.4  -90.8      4   0.00     90     16  414.2  414.2  414.2
   75.9  18183  -71.5  -92.5      3   0.00     82     15  421.2  421.2  421.2
   74.0  18334  -69.0  -93.1      2   0.00     80     15  429.6  429.6  429.6
   72.9  18424  -67.5  -93.5      1   0.00     80     14  434.6  434.6  434.6
   70.0  18670  -66.1  -92.1      2   0.00     80     13  442.6  442.6  442.6
   67.7  18873  -64.1  -92.1      1   0.00     81     13  451.2  451.2  451.2
   61.0  19507  -66.2  -92.3      2   0.00     85     12  460.2  460.2  460.2
   60.6  19547  -66.3  -92.3      2   0.00     85     11  460.8  460.8  460.8
   58.0  19814  -65.5  -91.0      2   0.00     85      8  468.5  468.5  468.5
   55.0  20139  -64.5  -89.5      2   0.00    155      9  477.9  477.9  477.9
   53.0  20364  -63.8  -88.4      2   0.00    145      7  484.6  484.6  484.6
   50.0  20720  -62.7  -86.7      3   0.00    305      3  495.3  495.3  495.3
   48.0  20975  -61.9  -86.4      2   0.00    305      1  502.9  503.0  503.0
   46.0  21240  -61.1  -86.1      2   0.01    200      9  511.1  511.1  511.1
   43.0  21660  -59.9  -85.6      2   0.01    185     10  524.1  524.2  524.1
   41.0  21957  -58.9  -85.3      2   0.01    115      3  533.6  533.6  533.6
   40.0  22111  -58.5  -85.1      2   0.01     30     10  538.5  538.6  538.5
   38.8  22301  -57.9  -84.9      2   0.01    357     15  544.7  544.7  544.7
   38.0  22432  -58.3  -86.3      2   0.01    335     19  547.0  547.1  547.0
   36.6  22668  -58.9  -88.9      1   0.00    314     21  551.3  551.3  551.3
   33.3  23266  -55.7  -86.7      1   0.01    260     27  574.8  574.9  574.8
   33.0  23323  -55.8  -86.5      1   0.01    255     28  576.0  576.0  576.0
   31.3  23660  -56.5  -85.5      1   0.01    251     21  582.9  583.0  582.9
   31.0  23721  -56.1  -85.8      1   0.01    250     20  585.6  585.7  585.6
   30.0  23930  -54.7  -86.7      1   0.01    275     20  594.9  595.0  594.9
   27.9  24396  -53.1  -87.1      1   0.01    272     37  611.8  611.9  611.8
   27.0  24606  -54.0  -88.4      1   0.01    270     45  614.9  615.0  614.9
   25.5  24972  -55.7  -90.7      1   0.00    265     41  620.4  620.4  620.4
   24.0  25361  -55.0  -90.2      1   0.00    265     37  633.4  633.4  633.4
   21.0  26217  -53.3  -89.1      1   0.01    275     27  663.0  663.0  663.0
   20.0  26530  -52.7  -88.7      1   0.01    285     34  674.1  674.2  674.1
   17.0  27584  -51.6  -84.9      1   0.02    270     30  709.6  709.8  709.7
   16.0  27978  -51.2  -83.4      1   0.02    280     26  723.4  723.6  723.4
   14.0  28844  -50.3  -80.3      2   0.05    280     32  754.5  755.1  754.6
   11.0  30443  -43.4  -80.9      1   0.05    280     43  833.3  834.0  833.4
   10.8  30565  -42.9  -80.9      1   0.05                839.6  840.3  839.6
</PRE><H3>Station information and sounding indices</H3><PRE>
                         Station identifier: WIII
                             Station number: 96749
                           Observation time: 220907/0000
                           Station latitude: -6.11
                          Station longitude: 106.65
                          Station elevation: 8.0
                            Showalter index: 0.98
                               Lifted index: -1.67
    LIFT computed using virtual temperature: -2.47
                                SWEAT index: 200.58
                                    K index: 27.50
                         Cross totals index: 19.50
                      Vertical totals index: 23.70
                        Totals totals index: 43.20
      Convective Available Potential Energy: 159.27
             CAPE using virtual temperature: 311.68
                      Convective Inhibition: -69.36
             CINS using virtual temperature: -45.83
                           Equilibrum Level: 214.89
 Equilibrum Level using virtual temperature: 213.75
                   Level of Free Convection: 749.90
             LFCT using virtual temperature: 817.70
                     Bulk Richardson Number: 8.39
          Bulk Richardson Number using CAPV: 16.41
  Temp [K] of the Lifted Condensation Level: 293.47
Pres [hPa] of the Lifted Condensation Level: 933.20
   Equivalent potential temp [K] of the LCL: 347.29
     Mean mixed layer potential temperature: 299.34
              Mean mixed layer mixing ratio: 16.39
              1000 hPa to 500 hPa thickness: 5772.00
Precipitable water [mm] for entire sounding: 43.82
</PRE>
<P>Description of the 
<A HREF="/upperair/columns.html">data columns</A>
or <A HREF="/upperair/indices.html">sounding indices</A>.

<P>
<FORM>
<INPUT CLASS="button" TYPE="button" VALUE=" Close this window " 
 onClick="window.close();">
<INPUT CLASS="button" TYPE="button" VALUE=" Select another map " 
 onClick="window.blur();">
</FORM>
<HR SIZE="1">
<I>Interested in graduate studies in atmospheric science?
Check out our program at the
<a href="http://www.uwyo.edu/atsc/howtoapply/"
target=_top>University of Wyoming
</a></I>
<HR SIZE="1"><FONT SIZE="-1">
Questions about the weather data provided by this site can be
addressed to <A HREF="mailto:ldoolman@uwyo.edu">
Larry Oolman (ldoolman@uwyo.edu)</A></FONT>
<HR SIZE="1">
<SCRIPT TYPE="text/javascript">
<!--
window.focus();
// -->
</SCRIPT>
</BODY>
</HTML>
