2016-09-17 00
<HTML>
<TITLE>University of Wyoming - Radiosonde Data</TITLE>
<BODY BGCOLOR="white">
<H2>96749 WIII Jakarta Observations at 00Z 17 Sep 2016</H2>
<PRE>
-----------------------------------------------------------------------------
   PRES   HGHT   TEMP   DWPT   RELH   MIXR   DRCT   SKNT   THTA   THTE   THTV
    hPa     m      C      C      %    g/kg    deg   knot     K      K      K 
-----------------------------------------------------------------------------
 1010.0      8   25.2   24.2     94  19.25    230      6  297.5  353.5  300.9
 1000.0     90   24.8   22.8     89  17.83    240      9  297.9  349.9  301.1
  991.0    170   24.2   22.7     91  17.88    242      9  298.1  350.3  301.3
  984.0    233   25.2   22.5     85  17.79    243      8  299.7  352.0  302.9
  977.0    296   24.8   22.2     86  17.60    245      8  299.9  351.7  303.1
  944.0    599   22.9   20.8     88  16.70    290      7  301.0  350.3  304.0
  925.0    779   21.8   20.0     90  16.19    275      6  301.6  349.5  304.5
  912.0    901   20.9   19.2     90  15.59    275      6  301.9  348.1  304.8
  889.0   1121   19.4   17.7     90  14.55    279      6  302.6  345.8  305.2
  850.0   1504   17.8   16.5     92  14.09    285      6  304.8  347.1  307.4
  821.0   1797   16.2   14.9     92  13.19    285      6  306.1  345.9  308.5
  793.0   2090   14.6   13.4     93  12.33    275      2  307.4  344.9  309.7
  765.0   2394   12.9   11.8     93  11.49     55      1  308.8  343.9  310.9
  701.0   3131    8.8    7.9     94   9.63    119      7  312.1  342.0  313.9
  700.0   3143    8.8    7.9     94   9.64    120      7  312.2  342.2  314.0
  687.0   3296    7.9    7.1     94   9.28    130      9  312.9  341.9  314.7
  662.0   3598    6.2    5.5     95   8.60    145     14  314.3  341.4  316.0
  615.0   4199    2.9    2.2     96   7.36    115     16  317.1  340.7  318.5
  578.0   4705    0.0   -0.5     96   6.43     82      8  319.5  340.4  320.7
  571.0   4802   -1.3   -3.2     87   5.31     75      7  319.0  336.4  320.0
  567.0   4858   -2.1   -4.8     82   4.75     76      8  318.8  334.4  319.7
  543.0   5201   -3.1   -4.1     93   5.23     82     11  321.5  338.8  322.5
  530.0   5393   -3.9   -4.8     93   5.08     85     14  322.8  339.7  323.8
  527.0   5438   -4.9   -8.2     78   3.93     86     14  322.1  335.3  322.9
  510.0   5695   -5.8   -7.5     87   4.28     90     17  324.1  338.5  324.9
  504.0   5788   -6.1   -7.3     91   4.41     87     18  324.8  339.7  325.7
  500.0   5850   -6.7   -8.0     90   4.21     85     19  324.8  339.0  325.6
  492.0   5976   -7.1   -8.9     87   3.99     81     20  325.8  339.4  326.6
  485.0   6088   -8.1  -14.1     62   2.66     77     20  325.9  335.2  326.4
  466.0   6398   -9.5  -16.5     57   2.27     67     22  327.9  335.9  328.4
  460.0   6498   -9.1  -21.1     37   1.55     63     22  329.6  335.3  329.9
  456.0   6565   -9.3  -23.3     31   1.29     61     22  330.2  335.0  330.5
  446.0   6736  -10.9  -17.9     56   2.11     55     23  330.3  337.9  330.7
  444.0   6771  -11.1  -16.0     67   2.49     54     23  330.5  339.3  331.0
  443.0   6788  -10.9  -13.0     84   3.19     54     24  330.9  342.1  331.6
  438.0   6876  -10.3  -11.1     94   3.76     51     24  332.8  345.9  333.5
  437.0   6893  -10.4  -11.2     94   3.75     50     24  332.8  345.9  333.6
  434.0   6946  -10.9  -11.4     96   3.71     53     24  332.9  345.9  333.6
  431.0   7000  -11.1  -11.9     94   3.59     55     24  333.3  345.9  334.0
  430.0   7018  -11.1  -12.6     89   3.40     56     24  333.5  345.5  334.2
  428.0   7053  -11.1  -17.1     61   2.35     58     24  333.9  342.4  334.4
  423.0   7144  -11.5  -21.5     43   1.63     63     24  334.6  340.6  334.9
  421.0   7180  -11.7  -24.7     33   1.23     65     24  334.8  339.4  335.0
  408.0   7419  -13.3  -19.3     61   2.05     77     23  335.7  343.2  336.1
  400.0   7570  -14.5  -19.5     66   2.05     85     23  336.1  343.6  336.5
  379.0   7975  -17.5  -19.6     84   2.15    102     17  337.3  345.2  337.8
  358.0   8395  -20.5  -22.0     88   1.85    120     10  338.8  345.7  339.2
  327.0   9061  -25.3  -25.7     96   1.45    112     21  341.1  346.6  341.4
  306.0   9539  -28.5  -32.8     66   0.80    107     29  343.1  346.3  343.3
  300.0   9680  -29.7  -33.9     67   0.73    105     31  343.4  346.3  343.6
  292.0   9872  -31.3  -33.7     79   0.76    102     32  343.8  346.8  343.9
  278.0  10217  -34.1  -43.1     40   0.31     98     32  344.6  345.9  344.7
  274.0  10318  -34.5  -46.5     29   0.21     96     33  345.5  346.4  345.5
  264.0  10576  -36.7  -48.7     28   0.17     93     33  345.9  346.7  346.0
  256.0  10787  -38.5  -46.1     45   0.24     90     34  346.3  347.4  346.4
  250.0  10950  -39.9  -44.1     64   0.31     90     34  346.6  347.9  346.7
  214.0  11988  -48.7                          95     39  348.7         348.7
  200.0  12440  -52.5                         105     29  349.5         349.5
  177.0  13200  -59.4                         105     36  350.6         350.6
  150.0  14230  -68.7                          90     46  351.6         351.6
  147.0  14350  -69.9                          88     46  351.5         351.5
  140.0  14639  -70.1                          84     46  356.1         356.1
  125.0  15286  -75.0                          75     47  359.0         359.0
  100.0  16560  -84.5                          75     47  364.2         364.2
   99.7  16577  -84.5                          75     46  364.5         364.5
   96.0  16789  -81.8                          85     37  373.8         373.8
   95.9  16794  -81.7                          85     37  374.1         374.1
   94.9  16854  -78.5                          90     35  381.5         381.5
   91.0  17094  -79.3                         110     26  384.5         384.5
   89.2  17208  -79.7                         103     24  385.9         385.9
   86.0  17419  -77.8                          90     19  393.7         393.7
   82.2  17679  -75.5                         114     11  403.6         403.6
   82.0  17693  -75.5                         115     11  403.9         403.9
   78.0  17986  -74.6                         100     11  411.6         411.6
   74.1  18286  -73.7                         145     11  419.5         419.5
   70.0  18620  -74.5                         195     11  424.7         424.7
   67.0  18873  -75.7                         165      9  427.4         427.4
   66.1  18951  -76.1                         151     10  428.2         428.2
   63.1  19223  -70.1                         102     13  447.1         447.1
   63.0  19232  -70.1                         100     13  447.3         447.3
   60.0  19522  -70.4                          75     22  453.0         453.0
   58.7  19652  -70.5                          77     21  455.6         455.6
   54.0  20155  -66.4                          85     19  475.9         475.9
   52.0  20383  -64.6                          70      9  485.4         485.4
   50.0  20620  -62.7                          25      5  495.3         495.3
   49.5  20682  -61.3                           3      4  500.0         500.0
   49.0  20745  -61.6                         340      3  500.7         500.7
   47.0  21000  -63.0                         240     14  503.3         503.3
   43.4  21490  -65.7                         210     17  508.4         508.4
   43.0  21546  -65.6                         195     13  510.1         510.1
   41.0  21837  -64.8                         250     12  518.9         518.9
   39.0  22142  -64.1                         275     17  528.3         528.3
   38.6  22205  -63.9                         270     16  530.3         530.3
   37.7  22351  -61.5                         258     15  540.0         540.0
   35.0  22813  -61.1                         220     11  552.7         552.7
   33.0  23178  -60.7                         270     17  563.0         563.0
   32.8  23216  -60.7                         268     17  564.0         564.0
   31.6  23450  -57.3                         254     20  579.2         579.2
   30.9  23592  -55.7                         246     22  587.2         587.2
   30.0  23780  -56.1                         235     24  591.1         591.1
   29.0  23994  -56.5                         215     20  595.8         595.8
   26.9  24469  -57.3                         258     19  606.5         606.5
   25.0  24936  -53.7                         300     18  629.6         629.6
   24.5  25065  -52.7                         299     19  636.1         636.1
   21.0  26064  -50.4                         290     24  671.6         671.6
   20.0  26380  -49.7                         285     26  683.3         683.3
   19.1  26682  -48.5                         276     23  696.0         696.0
   19.0  26717  -48.5                         275     23  697.2         697.2
   18.0  27074  -48.2                         245     21  708.9         708.9
   17.0  27451  -47.9                         250     14  721.5         721.5
   15.0  28278  -47.2                         270     22  750.0         750.0
   13.0  29223  -46.5                                     783.8         783.8
</PRE><H3>Station information and sounding indices</H3><PRE>
                         Station identifier: WIII
                             Station number: 96749
                           Observation time: 160917/0000
                           Station latitude: -6.11
                          Station longitude: 106.65
                          Station elevation: 8.0
                            Showalter index: -2.56
                               Lifted index: -4.03
    LIFT computed using virtual temperature: -4.39
                                SWEAT index: 229.00
                                    K index: 40.10
                         Cross totals index: 23.20
                      Vertical totals index: 24.50
                        Totals totals index: 47.70
      Convective Available Potential Energy: 889.60
             CAPE using virtual temperature: 989.56
                      Convective Inhibition: -15.55
             CINS using virtual temperature: -12.29
                           Equilibrum Level: 171.67
 Equilibrum Level using virtual temperature: 170.25
                   Level of Free Convection: 891.91
             LFCT using virtual temperature: 901.36
                     Bulk Richardson Number: 72.17
          Bulk Richardson Number using CAPV: 80.28
  Temp [K] of the Lifted Condensation Level: 295.03
Pres [hPa] of the Lifted Condensation Level: 951.62
   Equivalent potential temp [K] of the LCL: 351.10
     Mean mixed layer potential temperature: 299.25
              Mean mixed layer mixing ratio: 17.72
              1000 hPa to 500 hPa thickness: 5760.00
Precipitable water [mm] for entire sounding: 62.62
</PRE>
<P>Description of the 
<A HREF="/upperair/columns.html">data columns</A>
or <A HREF="/upperair/indices.html">sounding indices</A>.

<P>
<FORM>
<INPUT CLASS="button" TYPE="button" VALUE=" Close this window " 
 onClick="window.close();">
<INPUT CLASS="button" TYPE="button" VALUE=" Select another map " 
 onClick="window.blur();">
</FORM>
<HR SIZE="1">
<I>Interested in graduate studies in atmospheric science?
Check out our program at the
<a href="http://www.uwyo.edu/atsc/howtoapply/"
target=_top>University of Wyoming
</a></I>
<HR SIZE="1"><FONT SIZE="-1">
Questions about the weather data provided by this site can be
addressed to <A HREF="mailto:ldoolman@uwyo.edu">
Larry Oolman (ldoolman@uwyo.edu)</A></FONT>
<HR SIZE="1">
<SCRIPT TYPE="text/javascript">
<!--
window.focus();
// -->
</SCRIPT>
</BODY>
</HTML>
