2016-05-20 12
<HTML>
<TITLE>University of Wyoming - Radiosonde Data</TITLE>
<BODY BGCOLOR="white">
<H2>96749 WIII Jakarta Observations at 00Z 20 May 2016</H2>
<PRE>
-----------------------------------------------------------------------------
   PRES   HGHT   TEMP   DWPT   RELH   MIXR   DRCT   SKNT   THTA   THTE   THTV
    hPa     m      C      C      %    g/kg    deg   knot     K      K      K 
-----------------------------------------------------------------------------
 1008.0      8   26.8   24.5     87  19.65    180      2  299.3  356.9  302.8
 1000.0     77   26.8   23.3     81  18.39    215      6  299.9  354.0  303.2
  989.0    175   27.2   22.6     76  17.81    189      5  301.3  354.0  304.5
  975.0    301   26.3   22.8     81  18.31    155      3  301.6  355.8  304.9
  950.0    530   24.6   23.2     92  19.27     85      5  302.1  359.4  305.6
  943.0    595   24.3   22.5     90  18.62     65      5  302.4  357.8  305.8
  925.0    764   23.4   20.8     85  17.03     55      7  303.2  354.0  306.3
  911.0    897   22.6   20.0     86  16.49     55      8  303.7  352.9  306.7
  850.0   1499   18.8   16.6     87  14.18     80      4  305.8  348.6  308.4
  821.0   1796   16.8   15.4     92  13.62     60      2  306.8  348.0  309.3
  815.0   1859   16.4   15.2     93  13.51     64      2  307.0  347.9  309.5
  765.0   2397   14.2   12.6     90  12.09    100      6  310.3  347.4  312.5
  755.0   2508   13.8   12.0     89  11.81    124      4  310.9  347.4  313.1
  743.0   2644   14.4   10.6     78  10.92    153      2  313.0  347.1  315.1
  738.0   2700   14.2   10.1     76  10.59    165      1  313.4  346.5  315.4
  713.0   2991   13.3    7.3     67   9.07      0      0  315.5  344.2  317.2
  700.0   3146   12.8    5.8     62   8.33     65      4  316.6  343.2  318.2
  689.0   3279   12.0    4.0     58   7.45     69      4  317.2  341.1  318.6
  687.0   3303   11.8    4.0     58   7.46     70      4  317.3  341.2  318.7
  663.0   3600    9.9    3.5     64   7.48    100      6  318.3  342.4  319.8
  657.0   3676    9.4    3.4     66   7.49    100      7  318.6  342.7  320.0
  624.0   4102    6.6   -5.4     42   4.12    103     12  320.1  333.8  320.9
  616.0   4208    6.2   -5.8     42   4.05    103     13  320.8  334.4  321.6
  611.0   4274    5.8   -9.2     33   3.13    104     13  321.1  331.7  321.7
  610.0   4288    5.8   -4.2     49   4.62    104     14  321.3  336.6  322.2
  609.0   4301    5.8   -5.2     45   4.29    104     14  321.4  335.7  322.2
  608.0   4315    6.0  -12.0     26   2.52    104     14  321.8  330.5  322.3
  605.0   4355    5.8  -10.2     31   2.92    104     14  322.0  332.0  322.6
  604.0   4369    5.6   -6.4     42   3.94    104     14  321.9  335.2  322.7
  600.0   4423    5.6   -8.4     36   3.40    105     15  322.6  334.1  323.2
  594.0   4505    5.2   -9.2     35   3.23    105     16  322.9  333.9  323.6
  552.0   5100    1.9  -15.0     28   2.18    125     21  325.9  333.5  326.3
  549.0   5144    1.6  -15.4     27   2.11    124     21  326.1  333.6  326.5
  537.0   5322    0.0  -13.0     37   2.63    119     21  326.2  335.4  326.8
  524.0   5518   -0.9  -25.9     13   0.89    114     21  327.5  330.8  327.6
  500.0   5890   -3.1  -30.1     10   0.63    105     21  329.2  331.6  329.3
  486.0   6115   -4.5  -34.5      8   0.42     99     22  330.2  331.8  330.2
  480.0   6213   -4.9  -18.9     33   1.80     97     23  330.8  337.4  331.2
  475.0   6296   -5.7  -17.8     38   2.00     95     23  330.9  338.1  331.3
  472.0   6346   -6.1  -17.1     41   2.13     97     23  330.9  338.6  331.4
  463.0   6497   -6.3  -31.3     12   0.61    102     23  332.5  334.9  332.6
  450.0   6721   -7.5  -40.5      5   0.25    109     22  333.7  334.8  333.8
  440.0   6896   -9.2  -24.7     27   1.18    115     22  333.8  338.2  334.0
  438.0   6931   -9.5  -21.5     37   1.58    114     22  333.8  339.6  334.1
  437.0   6949   -9.7  -20.7     40   1.69    114     22  333.8  340.0  334.1
  436.0   6967   -9.7  -16.7     57   2.39    114     22  334.0  342.6  334.4
  435.0   6984   -9.7  -19.7     44   1.85    114     22  334.2  341.0  334.6
  433.0   7020   -9.7  -29.7     18   0.76    113     22  334.6  337.5  334.8
  423.0   7201  -11.1  -29.1     21   0.82    110     22  335.1  338.2  335.2
  418.0   7293  -12.1  -23.1     40   1.43    108     21  334.9  340.3  335.2
  415.0   7348  -12.3  -21.3     47   1.69    108     21  335.4  341.6  335.7
  408.0   7478  -12.9  -29.9     23   0.79    105     21  336.2  339.3  336.4
  407.0   7497  -13.0  -29.5     24   0.82    105     21  336.3  339.5  336.5
  400.0   7630  -13.7  -26.7     33   1.08    110     24  337.1  341.2  337.3
  391.0   7803  -14.5  -35.5     15   0.48    116     26  338.2  340.2  338.3
  376.0   8095  -17.0  -35.9     18   0.48    125     30  338.8  340.7  338.9
  349.0   8651  -21.7  -36.7     24   0.47    104     24  339.7  341.6  339.8
  333.0   8994  -23.7  -38.7     24   0.41     90     20  341.5  343.2  341.6
  327.0   9127  -24.5  -39.5     24   0.38     92     19  342.2  343.8  342.3
  321.0   9262  -25.1  -46.1     12   0.19     94     18  343.2  344.0  343.2
  309.0   9538  -26.7  -47.7     12   0.17     97     15  344.7  345.4  344.8
  302.0   9702  -28.1  -40.1     31   0.39     99     13  345.0  346.6  345.1
  300.0   9750  -28.5  -39.5     34   0.41    100     13  345.1  346.8  345.2
  294.0   9894  -28.8  -48.0     14   0.17     95     12  346.7  347.4  346.7
  292.0   9943  -28.9  -50.9     10   0.12     95     12  347.2  347.7  347.2
  270.0  10491  -33.0  -54.0     10   0.09     95     11  349.1  349.5  349.1
  250.0  11030  -37.1  -57.1     11   0.07    120      8  350.8  351.1  350.8
  247.0  11113  -37.9  -58.5     10   0.06    120      8  350.8  351.0  350.8
  240.0  11311  -39.9  -61.9      8   0.04    113      7  350.7  350.9  350.7
  217.0  11985  -45.6                          90      4  352.0         352.0
  207.0  12300  -48.3                         160      2  352.6         352.6
  200.0  12530  -50.3                         180      6  352.9         352.9
  198.0  12593  -50.9                         185      7  353.1         353.1
  180.0  13195  -56.1                         185      6  354.3         354.3
  164.0  13782  -61.1                         250      3  355.4         355.4
  160.0  13937  -62.5                         233      3  355.6         355.6
  156.0  14091  -63.8                         215      3  356.0         356.0
  150.0  14330  -65.7                         270      5  356.7         356.7
  148.0  14410  -66.3                         275      6  357.1         357.1
  141.0  14697  -68.4                         255      3  358.4         358.4
  128.0  15270  -72.6                         160      9  360.9         360.9
  121.0  15604  -75.0                         175     12  362.3         362.3
  118.0  15753  -76.1                         172     13  362.9         362.9
  104.0  16476  -78.8                         155     18  371.0         371.0
  100.0  16700  -79.7                         105     14  373.5         373.5
   98.0  16813  -80.4                          80     16  374.3         374.3
   93.0  17105  -82.2                          35     18  376.4         376.4
   88.0  17413  -84.1                          30     19  378.7         378.7
   84.0  17672  -85.6                          45     12  380.5         380.5
   82.4  17779  -86.3                          55      9  381.3         381.3
   79.0  18013  -84.6                         155      8  389.4         389.4
   75.0  18301  -82.5                         185     13  399.7         399.7
   74.0  18375  -81.9                         183     12  402.4         402.4
   71.0  18610  -78.8                         175     10  413.9         413.9
   70.0  18690  -77.7                         175     10  417.8         417.8
   68.7  18798  -75.1                         191     12  425.7         425.7
   68.0  18857  -74.9                         200     13  427.3         427.3
   64.0  19210  -73.8                         185      3  437.1         437.1
   61.0  19490  -73.0                         340     16  445.1         445.1
   60.7  19519  -72.9                         339     16  445.9         445.9
   58.0  19784  -74.2                         325     12  448.9         448.9
   57.3  19855  -74.5                         338     11  449.7         449.7
   55.0  20095  -71.6                          20      9  461.6         461.6
   54.0  20203  -70.3                          26     11  467.0         467.0
   50.0  20660  -69.9                          50     20  478.4         478.4
   48.0  20903  -70.3                          83     25  483.0         483.0
   47.0  21030  -69.4                         100     27  488.1         488.1
   43.0  21569  -65.5                         100     38  510.3         510.3
   39.8  22038  -62.1                          95     34  530.2         530.2
   37.7  22372  -63.3                          91     32  535.4         535.4
   37.0  22487  -63.2                          90     31  538.5         538.5
   35.0  22829  -62.9                         110     22  547.9         547.9
   34.0  23010  -61.1                         120     17  557.2         557.2
   32.0  23391  -57.3                         155     12  577.1         577.1
   30.8  23630  -54.9                         193      7  589.9         589.9
   30.3  23736  -52.5                         210      4  599.2         599.2
   30.0  23800  -51.9                         220      3  602.5         602.5
   29.6  23887  -51.1                         242      7  607.0         607.0
   29.0  24019  -51.8                         275     12  608.7         608.7
   27.3  24408  -53.9                         275     20  613.4         613.4
   27.0  24479  -54.0                         275     21  615.1         615.1
   25.6  24819  -54.5                         280     24  623.1         623.1
   25.2  24920  -52.9                         281     24  630.5         630.5
   24.7  25048  -54.3                         283     25  630.0         630.0
   23.4  25392  -55.9                         288     28  635.2         635.2
   23.0  25502  -55.6                         290     29  639.2         639.2
   22.3  25698  -55.1                         288     28  646.4         646.4
   21.2  26022  -52.9                         284     27  662.4         662.4
   20.9  26114  -51.3                         283     26  669.9         669.9
   20.0  26400  -49.7                         280     25  683.3         683.3
   19.9  26433  -49.1                         280     25  686.1         686.1
   19.1  26702  -49.3                         278     22  693.6         693.6
   18.4  26947  -49.1                         276     20  701.6         701.6
   18.0  27090  -50.0                         275     19  703.2         703.2
   17.6  27237  -50.9                         283     17  704.9         704.9
   17.0  27463  -50.6                         295     14  712.7         712.7
   15.3  28150  -49.9                         266     17  737.0         737.0
   15.0  28280  -49.2                         260     17  743.5         743.5
   14.0  28734  -46.7                                     766.7         766.7
</PRE><H3>Station information and sounding indices</H3><PRE>
                         Station identifier: WIII
                             Station number: 96749
                           Observation time: 160520/0000
                           Station latitude: -6.11
                          Station longitude: 106.65
                          Station elevation: 8.0
                            Showalter index: 0.48
                               Lifted index: -2.01
    LIFT computed using virtual temperature: -3.07
                                SWEAT index: 228.20
                                    K index: 31.50
                         Cross totals index: 19.70
                      Vertical totals index: 21.90
                        Totals totals index: 41.60
      Convective Available Potential Energy: 778.67
             CAPE using virtual temperature: 979.73
                      Convective Inhibition: -27.78
             CINS using virtual temperature: -21.80
                           Equilibrum Level: 162.25
 Equilibrum Level using virtual temperature: 162.41
                   Level of Free Convection: 856.74
             LFCT using virtual temperature: 872.35
                     Bulk Richardson Number: 129.43
          Bulk Richardson Number using CAPV: 162.84
  Temp [K] of the Lifted Condensation Level: 295.40
Pres [hPa] of the Lifted Condensation Level: 934.56
   Equivalent potential temp [K] of the LCL: 355.74
     Mean mixed layer potential temperature: 301.18
              Mean mixed layer mixing ratio: 18.49
              1000 hPa to 500 hPa thickness: 5813.00
Precipitable water [mm] for entire sounding: 55.64
</PRE>
<P>Description of the 
<A HREF="/upperair/columns.html">data columns</A>
or <A HREF="/upperair/indices.html">sounding indices</A>.

<P>
<FORM>
<INPUT CLASS="button" TYPE="button" VALUE=" Close this window " 
 onClick="window.close();">
<INPUT CLASS="button" TYPE="button" VALUE=" Select another map " 
 onClick="window.blur();">
</FORM>
<HR SIZE="1">
<I>Interested in graduate studies in atmospheric science?
Check out our program at the
<a href="http://www.uwyo.edu/atsc/howtoapply/"
target=_top>University of Wyoming
</a></I>
<HR SIZE="1"><FONT SIZE="-1">
Questions about the weather data provided by this site can be
addressed to <A HREF="mailto:ldoolman@uwyo.edu">
Larry Oolman (ldoolman@uwyo.edu)</A></FONT>
<HR SIZE="1">
<SCRIPT TYPE="text/javascript">
<!--
window.focus();
// -->
</SCRIPT>
</BODY>
</HTML>
