2017-12-18 12
<HTML>
<TITLE>University of Wyoming - Radiosonde Data</TITLE>
<BODY BGCOLOR="white">
<H2>96749 WIII Jakarta Observations at 00Z 18 Dec 2017</H2>
<PRE>
-----------------------------------------------------------------------------
   PRES   HGHT   TEMP   DWPT   RELH   MIXR   DRCT   SKNT   THTA   THTE   THTV
    hPa     m      C      C      %    g/kg    deg   knot     K      K      K 
-----------------------------------------------------------------------------
 1010.0      8   25.6   23.7     89  18.67    270      8  297.9  352.3  301.2
 1000.0     99   24.4   22.2     88  17.17    290     11  297.6  347.5  300.6
  977.0    303   23.0   21.3     90  16.59    305     16  298.2  346.5  301.1
  937.0    669   20.6   19.6     94  15.58    294     15  299.3  344.9  302.1
  925.0    781   20.0   19.2     95  15.38    290     15  299.8  344.9  302.5
  881.0   1200   18.4   16.1     87  13.28    280     21  302.3  341.7  304.7
  850.0   1508   17.2   13.9     81  11.88    285     22  304.1  339.8  306.3
  764.0   2413   13.4    8.7     73   9.32    293     23  309.5  338.2  311.2
  739.0   2692   11.8    7.3     74   8.77    295     23  310.7  337.9  312.3
  700.0   3145    9.2    5.1     76   7.93    325     13  312.6  337.5  314.1
  663.0   3588    6.8    3.3     79   7.37    350      5  314.8  338.2  316.2
  639.0   3888    5.1    2.1     81   7.01    320      2  316.2  338.7  317.6
  616.0   4187    3.5    0.9     83   6.66    255      3  317.7  339.2  319.0
  593.0   4497    1.8   -0.4     86   6.31    250      5  319.2  339.7  320.4
  571.0   4806    0.1   -1.6     88   5.98    165      4  320.7  340.2  321.8
  570.0   4820    0.0   -1.7     88   5.96    164      4  320.7  340.3  321.9
  550.0   5103   -1.3   -3.1     87   5.55    150      9  322.4  340.8  323.5
  500.0   5860   -4.9   -7.0     85   4.55    170     14  327.0  342.5  327.9
  499.0   5876   -4.9   -7.4     83   4.42    170     14  327.2  342.2  328.1
  491.0   6000   -5.7   -8.2     82   4.23    170     12  327.8  342.2  328.6
  437.0   6898  -11.1  -13.7     81   3.06    145     12  331.9  342.7  332.5
  421.0   7186  -12.9  -15.5     81   2.74    145      8  333.2  343.0  333.8
  404.0   7503  -14.8  -17.4     81   2.42    110      6  334.7  343.4  335.2
  400.0   7580  -15.3  -17.9     80   2.35    120      7  335.0  343.5  335.5
  392.0   7732  -15.9  -18.7     79   2.24    120      7  336.2  344.3  336.6
  373.0   8100  -18.7  -20.8     83   1.97    120      7  337.3  344.6  337.7
  358.0   8404  -21.0  -22.5     87   1.76    110     10  338.2  344.8  338.6
  344.0   8699  -23.2  -24.2     91   1.58     75      9  339.1  345.0  339.4
  336.0   8874  -24.5  -25.2     94   1.48     67      8  339.6  345.1  339.9
  330.0   9004  -25.2  -26.9     86   1.29     60      7  340.3  345.2  340.6
  317.0   9295  -26.9  -30.7     70   0.94     15      6  342.0  345.7  342.2
  315.0   9341  -27.1  -31.3     67   0.89     18      6  342.3  345.8  342.4
  300.0   9690  -29.7  -34.5     63   0.69     40      5  343.4  346.1  343.6
  291.0   9904  -31.5  -36.5     61   0.58     35      8  343.9  346.2  344.0
  267.0  10509  -36.5  -42.1     56   0.35     40     13  345.1  346.6  345.2
  252.0  10915  -39.9  -45.9     53   0.25     80      9  345.8  346.9  345.9
  250.0  10970  -40.5                          85      9  345.7         345.7
  245.0  11104  -41.7                          90     11  345.9         345.9
  206.0  12250  -51.9                          94     25  347.5         347.5
  200.0  12440  -53.9                          95     27  347.2         347.2
  195.0  12599  -55.1                          95     28  347.9         347.9
  161.0  13800  -64.1                          65     49  352.3         352.3
  150.0  14230  -67.7                          70     54  353.3         353.3
  148.0  14311  -68.3                          70     55  353.6         353.6
  143.0  14516  -69.9                          70     57  354.3         354.3
  140.0  14642  -67.9                          70     58  359.9         359.9
  139.0  14685  -68.0                          70     58  360.6         360.6
  128.0  15179  -68.7                          59     34  367.9         367.9
  119.0  15602  -72.4                          50     13  368.8         368.8
  102.0  16495  -80.3                         115     10  370.3         370.3
  100.0  16610  -81.3                         125     11  370.4         370.4
   97.0  16779  -82.1                         140     18  372.2         372.2
   92.0  17072  -83.4                         120     19  375.2         375.2
   87.0  17382  -84.8                          40     12  378.5         378.5
   82.0  17710  -86.2                         350      8  381.9         381.9
   79.9  17854  -86.9                         270      4  383.4         383.4
   78.0  17987  -85.7                         285      3  388.5         388.5
   74.0  18278  -83.1                         335     14  399.9         399.9
   73.4  18323  -82.7                         329     13  401.7         401.7
   70.0  18590  -79.7                         295     10  413.6         413.6
   69.9  18598  -79.7                         293     10  413.7         413.7
   68.3  18730  -75.5                         262      8  425.5         425.5
   66.0  18927  -76.5                         215      6  427.5         427.5
   65.1  19006  -76.9                         166      6  428.3         428.3
   63.2  19177  -74.3                          61      5  437.7         437.7
   63.0  19196  -74.3                          50      5  438.0         438.0
   60.0  19479  -74.8                         320      5  443.2         443.2
   59.0  19576  -74.9                         300      7  445.0         445.0
   57.0  19778  -73.4                         260     10  452.8         452.8
   54.0  20095  -71.1                         250      7  465.1         465.1
   53.2  20182  -70.5                         219      6  468.6         468.6
   51.0  20433  -69.8                         130      3  475.9         475.9
   50.0  20550  -69.5                         110      5  479.3         479.3
   49.0  20671  -69.2                          80      5  482.8         482.8
   46.0  21051  -68.2                          85      8  493.9         493.9
   44.0  21318  -67.5                         120      8  501.9         501.9
   43.3  21414  -67.3                         125     11  504.8         504.8
   42.0  21600  -65.6                         135     16  513.4         513.4
   40.1  21882  -63.1                         107     26  526.5         526.5
   40.0  21898  -63.1                         105     27  526.9         526.9
   35.0  22719  -63.5                          95     47  546.3         546.3
   33.0  23081  -63.7                          89     51  555.1         555.1
   30.0  23670  -61.5                          80     57  576.4         576.4
   28.5  23988  -62.1                          84     56  583.2         583.2
   28.0  24097  -61.9                          85     55  586.8         586.8
   27.6  24186  -61.7                          86     55  589.7         589.7
   25.6  24660  -54.5                          89     58  623.1         623.1
   22.0  25636  -53.0                          95     62  655.0         655.0
   20.0  26250  -52.1                          85     69  675.9         675.9
   19.0  26583  -50.7                          90     79  690.3         690.3
   18.6  26722  -50.1                                     696.4         696.4
</PRE><H3>Station information and sounding indices</H3><PRE>
                         Station identifier: WIII
                             Station number: 96749
                           Observation time: 171218/0000
                           Station latitude: -6.11
                          Station longitude: 106.65
                          Station elevation: 8.0
                            Showalter index: 2.08
                               Lifted index: -0.78
    LIFT computed using virtual temperature: -0.96
                                SWEAT index: 224.82
                                    K index: 31.90
                         Cross totals index: 18.80
                      Vertical totals index: 22.10
                        Totals totals index: 40.90
      Convective Available Potential Energy: 195.87
             CAPE using virtual temperature: 258.92
                      Convective Inhibition: -19.94
             CINS using virtual temperature: -1.48
                           Equilibrum Level: 317.92
 Equilibrum Level using virtual temperature: 316.41
                   Level of Free Convection: 733.36
             LFCT using virtual temperature: 933.21
                     Bulk Richardson Number: 118.16
          Bulk Richardson Number using CAPV: 156.20
  Temp [K] of the Lifted Condensation Level: 294.29
Pres [hPa] of the Lifted Condensation Level: 956.24
   Equivalent potential temp [K] of the LCL: 347.07
     Mean mixed layer potential temperature: 298.09
              Mean mixed layer mixing ratio: 16.83
              1000 hPa to 500 hPa thickness: 5761.00
Precipitable water [mm] for entire sounding: 57.79
</PRE>
<P>Description of the 
<A HREF="/upperair/columns.html">data columns</A>
or <A HREF="/upperair/indices.html">sounding indices</A>.

<P>
<FORM>
<INPUT CLASS="button" TYPE="button" VALUE=" Close this window " 
 onClick="window.close();">
<INPUT CLASS="button" TYPE="button" VALUE=" Select another map " 
 onClick="window.blur();">
</FORM>
<HR SIZE="1">
<I>Interested in graduate studies in atmospheric science?
Check out our program at the
<a href="http://www.uwyo.edu/atsc/howtoapply/"
target=_top>University of Wyoming
</a></I>
<HR SIZE="1"><FONT SIZE="-1">
Questions about the weather data provided by this site can be
addressed to <A HREF="mailto:ldoolman@uwyo.edu">
Larry Oolman (ldoolman@uwyo.edu)</A></FONT>
<HR SIZE="1">
<SCRIPT TYPE="text/javascript">
<!--
window.focus();
// -->
</SCRIPT>
</BODY>
</HTML>
