2020-02-27 00
<HTML>
<TITLE>University of Wyoming - Radiosonde Data</TITLE>
<BODY BGCOLOR="white">
<H2>96749 WIII Jakarta Observations at 00Z 27 Feb 2020</H2>
<PRE>
-----------------------------------------------------------------------------
   PRES   HGHT   TEMP   DWPT   RELH   MIXR   DRCT   SKNT   THTA   THTE   THTV
    hPa     m      C      C      %    g/kg    deg   knot     K      K      K 
-----------------------------------------------------------------------------
 1009.0      8   24.8   23.8     94  18.80    310      5  297.2  351.8  300.5
 1003.0     58   20.4   20.2     99  15.09    320      7  293.3  336.4  295.9
 1002.0     66   19.4   19.2     99  14.18    322      7  292.4  332.7  294.9
 1000.0     83   18.6   18.4     99  13.50    325      8  291.8  330.1  294.1
  987.0    196   17.6   17.4     99  12.83    328     14  291.8  328.3  294.1
  975.0    301   17.2   17.0     99  12.64    330     20  292.4  328.4  294.6
  929.0    715   15.4   15.3     99  11.90    316     21  294.7  329.0  296.8
  925.0    752   15.6   15.5     99  12.11    315     21  295.2  330.2  297.4
  913.0    863   16.0   15.9     99  12.60    313     20  296.8  333.4  299.0
  863.0   1342   13.0   12.9     99  10.95    307     17  298.4  330.6  300.4
  850.0   1470   13.2   13.1     99  11.27    305     16  300.0  333.2  302.0
  847.0   1500   12.8   12.7     99  11.04    310     16  299.9  332.5  301.9
  840.0   1570   12.0   11.9     99  10.52    316     15  299.7  330.8  301.6
  830.0   1671   13.4   13.3     99  11.70    324     13  302.2  337.0  304.3
  817.0   1804   13.6   13.5     99  12.01    335     10  303.8  339.7  305.9
  814.0   1835   13.6   13.5     99  12.09    334     10  304.1  340.4  306.3
  801.0   1971   11.4   11.3     99  10.61    331     11  303.2  334.9  305.1
  743.0   2595    6.2    6.2    100   8.06    315     15  304.1  328.5  305.6
  723.0   2818    4.8    4.8    100   7.51    310     16  304.9  327.8  306.3
  707.0   3001    4.1    4.1    100   7.33    305     17  306.1  328.6  307.5
  704.0   3036    4.0    4.0    100   7.29    305     17  306.4  328.8  307.7
  700.0   3082    3.8    3.8    100   7.23    305     18  306.7  328.9  308.0
  690.0   3199    3.6    3.6    100   7.23    310     16  307.7  330.0  309.1
  687.0   3235    3.2    3.2    100   7.06    311     15  307.6  329.4  308.9
  685.0   3258    3.0    3.0    100   6.98    312     15  307.7  329.2  309.0
  684.0   3270    2.8    2.8    100   6.89    312     14  307.6  328.9  308.9
  683.0   3282    3.0    3.0    100   7.00    313     14  307.9  329.6  309.2
  682.0   3294    4.8    4.8    100   7.97    313     14  310.1  334.8  311.6
  657.0   3597    2.6    2.6    100   7.08    325      8  310.9  333.1  312.3
  637.0   3848    0.8    0.8    100   6.41     40      5  311.6  331.8  312.8
  633.0   3899    0.7    0.7    100   6.40     55      4  312.1  332.2  313.3
  610.0   4196    0.0    0.0    100   6.33     55      7  314.6  334.8  315.8
  609.0   4210    0.0    0.0    100   6.32     57      7  314.7  334.9  315.9
  587.0   4502   -1.4   -1.4    100   5.90    100      7  316.4  335.4  317.5
  566.0   4792   -2.9   -2.9    100   5.51     95      7  318.0  335.9  319.1
  545.0   5092   -4.3   -4.3    100   5.12     40      3  319.7  336.5  320.7
  529.0   5329   -5.5   -5.5    100   4.83    154      5  321.1  337.0  322.0
  524.0   5403   -5.8   -5.8    100   4.76    190      5  321.6  337.4  322.5
  513.0   5570   -6.5   -6.5    100   4.61    185     10  322.7  338.1  323.6
  504.0   5708   -7.7   -7.7    100   4.28    180     14  322.9  337.2  323.7
  502.0   5739   -8.7   -8.7    100   3.97    182     14  322.0  335.3  322.8
  500.0   5770   -9.3   -9.3    100   3.80    185     14  321.6  334.4  322.4
  490.0   5926   -8.1   -8.1    100   4.26    228      9  325.0  339.4  325.8
  485.0   6005   -8.7   -8.7    100   4.12    250      6  325.2  339.2  326.0
  451.0   6564  -12.7  -12.8     99   3.19    165      6  327.0  338.0  327.6
  449.0   6597  -12.9  -13.0     99   3.16    160      6  327.2  338.1  327.8
  432.0   6889  -14.2  -14.3     99   2.94    145      3  329.1  339.4  329.7
  415.0   7192  -15.6  -15.7     99   2.73     90      3  331.1  340.8  331.7
  400.0   7470  -16.9  -17.0     99   2.54    135      9  332.9  342.0  333.4
  399.0   7489  -17.0  -17.1     99   2.52    130      9  333.1  342.1  333.6
  394.0   7584  -17.5  -17.6     99   2.45    130     10  333.6  342.4  334.1
  353.0   8391  -22.7  -22.9     98   1.73    130     17  337.3  343.7  337.6
  339.0   8688  -24.6  -24.8     98   1.52    110     16  338.6  344.3  338.9
  308.0   9392  -29.1  -29.4     97   1.09    110     14  341.7  345.9  341.9
  301.0   9556  -30.3  -30.7     96   0.99    110     13  342.2  346.1  342.4
  300.0   9580  -30.5  -30.9     96   0.97    110     13  342.3  346.1  342.5
  299.0   9604  -30.7  -31.1     96   0.96    110     13  342.3  346.1  342.5
  250.0  10860  -38.7  -39.3     94   0.51    100     16  348.4  350.5  348.5
  243.0  11054  -40.1  -40.9     92   0.44     97     16  349.1  351.0  349.2
  221.0  11685  -45.0                          85     17  351.2         351.2
  200.0  12350  -50.1                          75     17  353.3         353.3
  159.0  13809  -61.0                          50     23  358.9         358.9
  150.0  14180  -63.7                          40     19  360.1         360.1
  138.0  14665  -67.5                          35     22  362.2         362.2
  124.0  15288  -72.3                          30     20  364.6         364.6
  112.0  15880  -77.0                          70      9  366.7         366.7
  101.0  16482  -81.7                          95     26  368.7         368.7
  100.0  16540  -82.1                          95     27  368.9         368.9
   97.0  16709  -83.9                          90     31  368.6         368.6
   86.0  17377  -83.5                          70     24  382.3         382.3
   77.6  17947  -83.1                         121     22  394.5         394.5
   77.0  17990  -83.3                         125     22  395.0         395.0
   73.5  18248  -84.5                         101     24  397.7         397.7
   70.0  18520  -80.9                          75     26  411.0         411.0
   69.0  18602  -79.9                          80     28  414.8         414.8
   66.0  18856  -76.8                          90     29  426.8         426.8
   65.7  18882  -76.5                          88     28  428.1         428.1
   62.6  19166  -69.3                          65     21  449.9         449.9
   62.0  19224  -69.3                          60     19  451.2         451.2
   59.0  19520  -69.3                         110      8  457.6         457.6
   56.0  19833  -69.3                          65      7  464.5         464.5
   55.9  19843  -69.3                          65      7  464.7         464.7
   51.5  20334  -69.7                          52      8  474.8         474.8
   51.0  20392  -69.8                          50      8  475.8         475.8
   50.0  20510  -70.1                          50     12  477.9         477.9
   49.0  20631  -69.5                          90     16  482.1         482.1
   48.7  20668  -69.3                          88     15  483.4         483.4
   45.1  21129  -69.1                          63      9  494.6         494.6
   44.0  21280  -68.7                          55      7  499.1         499.1
   42.0  21564  -67.9                          90     10  507.8         507.8
   36.0  22506  -65.2                         140     27  537.5         537.5
   30.0  23620  -62.1                          95     29  574.8         574.8
   29.3  23766  -61.5                                     580.3         580.3
</PRE><H3>Station information and sounding indices</H3><PRE>
                         Station identifier: WIII
                             Station number: 96749
                           Observation time: 200227/0000
                           Station latitude: -6.11
                          Station longitude: 106.65
                          Station elevation: 8.0
                            Showalter index: 0.54
                               Lifted index: 1.90
    LIFT computed using virtual temperature: 1.99
                                SWEAT index: 203.22
                                    K index: 35.60
                         Cross totals index: 22.40
                      Vertical totals index: 22.50
                        Totals totals index: 44.90
      Convective Available Potential Energy: 17.68
             CAPE using virtual temperature: 19.55
                      Convective Inhibition: -55.89
             CINS using virtual temperature: -62.02
                           Equilibrum Level: 682.87
 Equilibrum Level using virtual temperature: 682.89
                   Level of Free Convection: 759.22
             LFCT using virtual temperature: 758.86
                     Bulk Richardson Number: 3.62
          Bulk Richardson Number using CAPV: 4.00
  Temp [K] of the Lifted Condensation Level: 290.79
Pres [hPa] of the Lifted Condensation Level: 977.10
   Equivalent potential temp [K] of the LCL: 330.27
     Mean mixed layer potential temperature: 292.74
              Mean mixed layer mixing ratio: 13.23
              1000 hPa to 500 hPa thickness: 5687.00
Precipitable water [mm] for entire sounding: 52.39
</PRE>
<P>Description of the 
<A HREF="/upperair/columns.html">data columns</A>
or <A HREF="/upperair/indices.html">sounding indices</A>.

<P>
<FORM>
<INPUT CLASS="button" TYPE="button" VALUE=" Close this window " 
 onClick="window.close();">
<INPUT CLASS="button" TYPE="button" VALUE=" Select another map " 
 onClick="window.blur();">
</FORM>
<HR SIZE="1">
<I>Interested in graduate studies in atmospheric science?
Check out our program at the
<a href="http://www.uwyo.edu/atsc/howtoapply/"
target=_top>University of Wyoming
</a></I>
<HR SIZE="1"><FONT SIZE="-1">
Questions about the weather data provided by this site can be
addressed to <A HREF="mailto:ldoolman@uwyo.edu">
Larry Oolman (ldoolman@uwyo.edu)</A></FONT>
<HR SIZE="1">
<SCRIPT TYPE="text/javascript">
<!--
window.focus();
// -->
</SCRIPT>
</BODY>
</HTML>
