2021-07-23 00
<HTML>
<TITLE>University of Wyoming - Radiosonde Data</TITLE>
<BODY BGCOLOR="white">
<H2>96749 WIII Jakarta Observations at 00Z 23 Jul 2021</H2>
<PRE>
-----------------------------------------------------------------------------
   PRES   HGHT   TEMP   DWPT   RELH   MIXR   DRCT   SKNT   THTA   THTE   THTV
    hPa     m      C      C      %    g/kg    deg   knot     K      K      K 
-----------------------------------------------------------------------------
 1010.0      8   25.0   24.0     94  19.02    300      3  297.3  352.6  300.7
 1000.0     94   25.0   22.9     88  17.94    205      8  298.1  350.5  301.3
  988.0    201   25.4   22.3     83  17.50    208      6  299.6  350.9  302.7
  977.0    300   24.9   21.7     83  17.05    210      5  300.0  350.1  303.1
  944.0    604   23.2   19.9     82  15.74    350      1  301.3  347.8  304.1
  925.0    784   22.2   18.8     81  15.00    340      1  302.0  346.5  304.7
  882.0   1196   19.7   16.6     82  13.66    275      2  303.6  344.4  306.1
  851.0   1506   17.9   14.9     83  12.72    315      1  304.7  342.9  307.1
  850.0   1516   17.8   14.9     83  12.69    315      1  304.8  342.9  307.1
  822.0   1800   15.7   13.4     86  11.87      0      2  305.5  341.3  307.7
  794.0   2094   13.5   11.8     89  11.07    350      3  306.2  339.7  308.2
  780.0   2245   12.4   11.0     91  10.68      5      4  306.6  339.0  308.5
  766.0   2396   11.6   10.3     92  10.38     20      5  307.3  339.0  309.2
  712.0   3004    8.5    7.5     94   9.25     95      8  310.4  339.0  312.1
  700.0   3146    7.8    6.9     94   8.99    105      8  311.1  339.0  312.8
  689.0   3277    7.4    6.2     92   8.70    109      8  312.1  339.2  313.7
  638.0   3910    5.8    1.7     75   6.83    130      6  317.2  339.1  318.5
  611.0   4262    2.6    0.9     89   6.73    177      4  317.4  339.1  318.7
  593.0   4503    1.4   -0.8     85   6.11    210      2  318.7  338.6  319.9
  574.0   4766    0.0   -2.7     82   5.50     97      2  320.1  338.1  321.2
  572.0   4793   -0.1   -2.9     82   5.44     85      2  320.2  338.1  321.3
  551.0   5090   -1.8   -4.7     81   4.92     75      3  321.7  338.0  322.7
  530.0   5398   -3.5   -6.6     79   4.42     25      4  323.2  338.1  324.1
  510.0   5703   -5.2   -8.5     78   3.96      0      4  324.8  338.2  325.5
  500.0   5860   -6.1   -9.5     77   3.74     10      5  325.5  338.3  326.3
  491.0   5999   -7.0  -10.3     78   3.59     15      5  326.1  338.4  326.8
  472.0   6302   -8.9  -11.9     79   3.27     55      7  327.4  338.7  328.1
  454.0   6600  -10.9  -13.5     81   2.98     70     10  328.7  339.1  329.3
  420.0   7196  -14.7  -16.8     84   2.47     15     10  331.1  339.9  331.6
  404.0   7494  -16.6  -18.4     86   2.24      0      5  332.4  340.4  332.8
  400.0   7570  -17.1  -18.8     87   2.18    345      3  332.7  340.5  333.1
  389.0   7779  -17.9  -19.8     85   2.06    359      0  334.3  341.8  334.7
  388.0   7797  -18.0  -19.9     85   2.04      0      0  334.4  341.8  334.8
  373.0   8084  -20.0  -22.0     84   1.77     60      5  335.6  342.1  335.9
  358.0   8383  -22.0  -24.2     82   1.52     45      7  336.8  342.5  337.1
  330.0   8976  -26.0  -28.5     80   1.11     70     20  339.2  343.5  339.5
  316.0   9292  -28.1  -30.8     78   0.94     80     29  340.5  344.1  340.7
  300.0   9670  -30.7  -33.5     76   0.76     85     39  342.0  345.0  342.1
  296.0   9765  -31.3  -34.4     74   0.70     85     41  342.5  345.2  342.6
  291.0   9884  -32.3  -35.5     73   0.64     85     43  342.7  345.2  342.8
  250.0  10940  -41.3  -45.4     64   0.27     80     39  344.5  345.6  344.6
  204.0  12289  -52.6  -57.1     58   0.08     70     43  347.3  347.7  347.4
  200.0  12420  -53.7  -58.2     58   0.07     65     45  347.6  347.9  347.6
  185.0  12908  -57.2  -61.4     58   0.05     70     59  349.7  350.0  349.7
  168.0  13511  -61.5  -65.5     60   0.03     65     77  352.3  352.4  352.3
  158.0  13895  -64.3  -68.0     60   0.03     62     86  353.8  353.9  353.8
  153.0  14090  -65.5  -69.5     57   0.02     60     90  355.0  355.1  355.0
  150.0  14210  -66.3  -70.5     55   0.02     60     89  355.7  355.8  355.7
  144.0  14456  -68.5  -72.5     56   0.01     62     89  356.0  356.1  356.0
  138.0  14707  -70.4  -75.1     50   0.01     65     88  357.1  357.1  357.1
  128.0  15151  -73.7  -79.7     40   0.01     85     64  358.9  358.9  358.9
  119.0  15576  -73.5  -81.3     30   0.00    105     40  366.7  366.8  366.7
  118.0  15626  -73.5  -81.5     29   0.00    107     39  367.7  367.7  367.7
  100.0  16580  -78.3  -84.3     37   0.00    145     25  376.2  376.2  376.2
   97.3  16737  -77.9  -83.9     38   0.00    145     16  379.9  379.9  379.9
   96.0  16815  -74.6  -83.3     25   0.00    145     12  387.9  387.9  387.9
   95.9  16821  -74.3  -83.3     24   0.00    149     12  388.5  388.6  388.5
   92.0  17066  -71.9  -79.4     31   0.01    310      8  398.0  398.0  398.0
   90.5  17163  -70.9  -77.9     35   0.01    306     12  401.8  401.8  401.8
   83.0  17676  -71.9  -76.7     49   0.01    285     33  409.8  409.9  409.8
   78.7  17991  -72.5  -75.9     60   0.02    272     35  414.8  414.9  414.8
   75.0  18278  -69.8  -75.5     43   0.02    260     36  426.2  426.4  426.2
   74.6  18310  -69.5  -75.5     41   0.02    262     36  427.5  427.6  427.5
   70.0  18690  -70.5  -73.9     61   0.02    280     42  433.2  433.4  433.2
   69.4  18741  -70.9  -74.1     62   0.02    280     42  433.4  433.6  433.4
   66.3  19012  -72.5  -75.9     60   0.02    280     42  435.7  435.8  435.7
   61.3  19477  -70.7  -75.7     48   0.02    280     43  449.5  449.7  449.5
   55.6  20059  -69.7  -73.4     58   0.03    280     43  464.5  464.7  464.5
   55.0  20125  -69.3  -73.2     57   0.03    280     43  466.9  467.1  466.9
   50.0  20700  -65.9  -71.9     43   0.05    265     37  487.8  488.1  487.8
   48.0  20949  -63.9  -70.5     40   0.06    270     28  498.2  498.6  498.2
   46.8  21104  -62.7  -69.7     38   0.07    253     25  504.8  505.2  504.8
   44.2  21455  -62.7  -68.7     44   0.08    215     19  513.1  513.6  513.1
   41.0  21921  -59.1  -68.1     30   0.10    165     11  533.2  533.9  533.2
   39.0  22236  -56.9  -66.8     27   0.12    110     16  546.3  547.2  546.4
   38.8  22268  -56.7  -66.7     27   0.12    109     16  547.7  548.6  547.8
   36.4  22671  -57.9  -65.9     35   0.15     97     22  554.7  555.8  554.8
   34.0  23101  -57.4  -70.0     19   0.09     85     28  567.0  567.7  567.0
   32.8  23327  -57.1  -72.1     13   0.07     70     31  573.6  574.1  573.6
   32.0  23483  -57.2  -72.2     13   0.07     60     33  577.5  578.1  577.5
   30.0  23890  -57.3  -72.3     13   0.07     75     35  587.8  588.5  587.9
   27.0  24552  -59.1  -78.2      7   0.03     90     50  600.7  601.0  600.7
   26.4  24694  -59.5  -79.5      6   0.03     89     50  603.5  603.7  603.5
   23.0  25562  -56.7  -95.7      0   0.00     85     50  635.9  635.9  635.9
   22.5  25701  -56.3  -98.3      0   0.00                641.2  641.2  641.2
</PRE><H3>Station information and sounding indices</H3><PRE>
                         Station identifier: WIII
                             Station number: 96749
                           Observation time: 210723/0000
                           Station latitude: -6.11
                          Station longitude: 106.65
                          Station elevation: 8.0
                            Showalter index: -0.38
                               Lifted index: -3.10
    LIFT computed using virtual temperature: -3.50
                                SWEAT index: 185.77
                                    K index: 37.90
                         Cross totals index: 21.00
                      Vertical totals index: 23.90
                        Totals totals index: 44.90
      Convective Available Potential Energy: 1073.68
             CAPE using virtual temperature: 1176.53
                      Convective Inhibition: -35.37
             CINS using virtual temperature: -24.18
                           Equilibrum Level: 184.92
 Equilibrum Level using virtual temperature: 184.87
                   Level of Free Convection: 845.50
             LFCT using virtual temperature: 864.69
                     Bulk Richardson Number: 269.47
          Bulk Richardson Number using CAPV: 295.28
  Temp [K] of the Lifted Condensation Level: 294.50
Pres [hPa] of the Lifted Condensation Level: 943.21
   Equivalent potential temp [K] of the LCL: 350.14
     Mean mixed layer potential temperature: 299.48
              Mean mixed layer mixing ratio: 17.31
              1000 hPa to 500 hPa thickness: 5766.00
Precipitable water [mm] for entire sounding: 58.95
</PRE>
<P>Description of the 
<A HREF="/upperair/columns.html">data columns</A>
or <A HREF="/upperair/indices.html">sounding indices</A>.

<P>
<FORM>
<INPUT CLASS="button" TYPE="button" VALUE=" Close this window " 
 onClick="window.close();">
<INPUT CLASS="button" TYPE="button" VALUE=" Select another map " 
 onClick="window.blur();">
</FORM>
<HR SIZE="1">
<I>Interested in graduate studies in atmospheric science?
Check out our program at the
<a href="http://www.uwyo.edu/atsc/howtoapply/"
target=_top>University of Wyoming
</a></I>
<HR SIZE="1"><FONT SIZE="-1">
Questions about the weather data provided by this site can be
addressed to <A HREF="mailto:ldoolman@uwyo.edu">
Larry Oolman (ldoolman@uwyo.edu)</A></FONT>
<HR SIZE="1">
<SCRIPT TYPE="text/javascript">
<!--
window.focus();
// -->
</SCRIPT>
</BODY>
</HTML>
