2020-05-20 12
<HTML>
<TITLE>University of Wyoming - Radiosonde Data</TITLE>
<BODY BGCOLOR="white">
<H2>96749 WIII Jakarta Observations at 00Z 20 May 2020</H2>
<PRE>
-----------------------------------------------------------------------------
   PRES   HGHT   TEMP   DWPT   RELH   MIXR   DRCT   SKNT   THTA   THTE   THTV
    hPa     m      C      C      %    g/kg    deg   knot     K      K      K 
-----------------------------------------------------------------------------
 1008.0      8   26.2   23.3     84  18.25      0      0  298.7  352.0  301.9
 1006.0     26   27.2   24.1     83  19.21     22      1  299.8  356.3  303.3
 1000.0     80   27.0   23.6     82  18.74     90      2  300.1  355.3  303.5
  975.0    303   25.8   22.4     82  17.81     85     11  301.1  353.7  304.3
  925.0    768   23.2   19.8     81  15.98     80     16  303.0  350.6  305.9
  850.0   1505   19.8   13.8     68  11.80     85     10  306.9  342.7  309.1
  826.0   1752   19.4   12.4     64  11.07     69      6  309.0  342.9  311.0
  821.0   1804   19.0   12.2     65  11.00     65      5  309.1  342.9  311.1
  793.0   2099   16.8   11.1     69  10.58    340      6  309.8  342.4  311.8
  730.0   2804   11.6    8.5     81   9.63    270      4  311.5  341.5  313.4
  713.0   3001   10.8    7.4     80   9.16    250      4  312.8  341.4  314.5
  700.0   3155   10.2    6.6     78   8.81    175      2  313.8  341.4  315.4
  688.0   3299    9.7    5.7     76   8.40    115      4  314.8  341.3  316.3
  663.0   3606    8.6    3.7     71   7.57     45      9  316.9  341.1  318.4
  662.0   3619    8.6    3.6     71   7.54     44      9  317.0  341.1  318.4
  617.0   4193    5.5    0.8     72   6.59      0     11  319.8  341.3  321.1
  594.0   4502    3.8   -0.8     72   6.12     10      7  321.4  341.4  322.5
  573.0   4796    2.1   -2.2     73   5.70    100      3  322.8  341.6  323.9
  552.0   5100    0.5   -3.8     73   5.28    145      4  324.3  341.9  325.3
  546.0   5189    0.0   -4.2     73   5.16    167      4  324.7  342.0  325.7
  532.0   5396   -1.0   -5.5     72   4.81    220      3  325.9  342.1  326.8
  512.0   5701   -2.6   -7.3     70   4.33    330      4  327.6  342.4  328.5
  500.0   5890   -3.5   -8.5     68   4.05    305      3  328.7  342.6  329.5
  493.0   6001   -4.2   -9.5     66   3.79    285      3  329.2  342.3  330.0
  475.0   6293   -6.0  -12.2     61   3.18    335      3  330.5  341.6  331.1
  460.0   6545   -7.5  -14.5     57   2.72    185      2  331.6  341.3  332.2
  457.0   6596   -8.0  -14.4     60   2.77    155      2  331.7  341.5  332.2
  442.0   6855  -10.3  -13.7     76   3.02    180      4  331.9  342.6  332.5
  439.0   6907  -10.5  -14.2     74   2.91    185      5  332.3  342.6  332.9
  423.0   7192  -11.8  -17.2     64   2.36    235      4  334.2  342.7  334.7
  409.0   7451  -12.9  -19.9     56   1.94    264      9  336.0  343.1  336.4
  406.0   7507  -13.4  -20.0     57   1.93    270     10  336.1  343.2  336.5
  400.0   7620  -14.3  -20.3     60   1.92    270     12  336.3  343.4  336.7
  389.0   7830  -16.1  -20.4     69   1.95    274     12  336.6  343.8  337.1
  375.0   8104  -17.9  -25.4     52   1.30    280     13  337.9  342.8  338.1
  373.0   8144  -18.1  -26.1     50   1.23    284     13  338.1  342.7  338.3
  360.0   8408  -19.1  -27.7     46   1.09    310     12  340.2  344.4  340.5
  354.0   8532  -19.5  -28.5     45   1.04    304     11  341.3  345.3  341.5
  346.0   8701  -20.3  -33.1     31   0.69    295      9  342.4  345.1  342.5
  335.0   8939  -21.5  -39.5     18   0.37    264      7  343.9  345.5  344.0
  332.0   9004  -22.0  -40.3     17   0.35    255      7  344.2  345.6  344.3
  300.0   9740  -27.3  -49.3     10   0.14    225     13  346.8  347.4  346.8
  281.0  10199  -31.3  -51.2     12   0.12    210     14  347.6  348.1  347.6
  258.0  10799  -36.6  -53.6     15   0.10    225     13  348.4  348.9  348.4
  250.0  11020  -38.5  -54.5     17   0.09    245     13  348.7  349.1  348.7
  247.0  11103  -39.2  -53.9     19   0.10    245     14  348.9  349.3  348.9
  243.0  11215  -40.1  -53.1     24   0.11    244     14  349.1  349.6  349.2
  207.0  12290  -48.5                         230     14  352.3         352.3
  200.0  12520  -50.3                         240     14  352.9         352.9
  150.0  14330  -65.5                         290     22  357.1         357.1
  141.0  14697  -68.7                         305     19  357.9         357.9
  123.0  15506  -75.7                         329     20  359.3         359.3
  109.0  16191  -79.9                         350     21  364.0         364.0
  103.0  16512  -81.9                         340      5  366.2         366.2
  100.0  16680  -82.9                         250      3  367.3         367.3
   98.0  16792  -83.5                         245      6  368.3         368.3
   93.0  17081  -85.1                         270      7  370.7         370.7
   91.1  17196  -85.7                         245      6  371.7         371.7
   83.0  17712  -82.8                          90     11  387.6         387.6
   80.7  17868  -81.9                          67     21  392.6         392.6
   79.0  17986  -82.7                          50     28  393.3         393.3
   75.1  18267  -84.7                          55     31  394.9         394.9
   75.0  18275  -84.6                          55     31  395.2         395.2
   71.8  18518  -81.5                          95     22  406.8         406.8
   71.0  18580  -81.6                         105     20  407.9         407.9
   70.0  18660  -81.7                         110     21  409.3         409.3
   68.1  18814  -82.7                         110     20  410.4         410.4
   62.7  19287  -74.3                         110     15  438.7         438.7
   61.0  19449  -72.5                         110     14  446.1         446.1
   59.1  19635  -70.5                         110     16  454.7         454.7
   58.0  19747  -70.7                         110     17  456.6         456.6
   55.0  20062  -71.4                          85     22  462.1         462.1
   54.4  20127  -71.5                          88     23  463.3         463.3
   52.0  20396  -70.2                         100     26  472.3         472.3
   50.0  20630  -69.1                          90     33  480.2         480.2
   47.3  20962  -67.1                          94     37  492.7         492.7
   47.0  21001  -67.2                          95     37  493.4         493.4
   44.5  21329  -67.7                          96     39  499.9         499.9
   41.8  21707  -64.9                          97     41  515.9         515.9
   39.9  21990  -66.1                          98     42  519.8         519.8
   35.0  22789  -63.1                         100     46  547.4         547.4
   33.8  23002  -62.3                          95     39  555.0         555.0
   32.2  23304  -58.1                          89     29  573.9         573.9
   30.6  23625  -56.7                          83     18  586.1         586.1
   30.0  23750  -57.3                          80     14  587.8         587.8
   29.0  23962  -58.3                          20      3  590.9         590.9
   28.0  24181  -59.3                          95      3  594.0         594.0
   27.4  24316  -59.9                         100      5  596.0         596.0
   25.3  24816  -55.7                         117     14  621.7         621.7
   25.0  24892  -55.4                         120     15  624.6         624.6
   23.0  25425  -53.6                          60     19  645.1         645.1
   21.5  25855  -52.1                          71     18  662.1         662.1
   21.0  26007  -52.4                          75     17  665.8         665.8
   20.0  26320  -52.9                          65     18  673.5         673.5
   19.2  26582  -54.1                          65     24  677.7         677.7
   19.0  26650  -53.9                          65     26  680.3         680.3
   17.9  27033  -52.9                          58     27  695.2         695.2
   16.7  27486  -47.9                          50     28  725.2         725.2
   16.0  27768  -47.6                          45     29  735.0         735.0
   15.6  27935  -47.5                          58     31  740.8         740.8
   14.5  28423  -43.3                          97     35  770.5         770.5
   14.0  28661  -42.7                         115     37  780.3         780.3
   12.0  29706  -40.0                         115     23  825.0         825.0
   11.8  29820  -39.7                         140     21  830.0         830.0
   11.0  30299  -40.3                         245     13  844.8         844.8
   10.7  30488  -40.5                                     850.6         850.6
</PRE><H3>Station information and sounding indices</H3><PRE>
                         Station identifier: WIII
                             Station number: 96749
                           Observation time: 200520/0000
                           Station latitude: -6.11
                          Station longitude: 106.65
                          Station elevation: 8.0
                            Showalter index: 2.30
                               Lifted index: -1.81
    LIFT computed using virtual temperature: -2.26
                                SWEAT index: 188.60
                                    K index: 33.50
                         Cross totals index: 17.30
                      Vertical totals index: 23.30
                        Totals totals index: 40.60
      Convective Available Potential Energy: 620.32
             CAPE using virtual temperature: 751.80
                      Convective Inhibition: -80.33
             CINS using virtual temperature: -47.22
                           Equilibrum Level: 198.11
 Equilibrum Level using virtual temperature: 197.82
                   Level of Free Convection: 771.18
             LFCT using virtual temperature: 791.87
                     Bulk Richardson Number: 269.23
          Bulk Richardson Number using CAPV: 326.30
  Temp [K] of the Lifted Condensation Level: 294.96
Pres [hPa] of the Lifted Condensation Level: 933.21
   Equivalent potential temp [K] of the LCL: 353.92
     Mean mixed layer potential temperature: 300.86
              Mean mixed layer mixing ratio: 18.01
              1000 hPa to 500 hPa thickness: 5810.00
Precipitable water [mm] for entire sounding: 57.90
</PRE>
<P>Description of the 
<A HREF="/upperair/columns.html">data columns</A>
or <A HREF="/upperair/indices.html">sounding indices</A>.

<P>
<FORM>
<INPUT CLASS="button" TYPE="button" VALUE=" Close this window " 
 onClick="window.close();">
<INPUT CLASS="button" TYPE="button" VALUE=" Select another map " 
 onClick="window.blur();">
</FORM>
<HR SIZE="1">
<I>Interested in graduate studies in atmospheric science?
Check out our program at the
<a href="http://www.uwyo.edu/atsc/howtoapply/"
target=_top>University of Wyoming
</a></I>
<HR SIZE="1"><FONT SIZE="-1">
Questions about the weather data provided by this site can be
addressed to <A HREF="mailto:ldoolman@uwyo.edu">
Larry Oolman (ldoolman@uwyo.edu)</A></FONT>
<HR SIZE="1">
<SCRIPT TYPE="text/javascript">
<!--
window.focus();
// -->
</SCRIPT>
</BODY>
</HTML>
