2018-10-25 00
<HTML>
<TITLE>University of Wyoming - Radiosonde Data</TITLE>
<BODY BGCOLOR="white">
<H2>96749 WIII Jakarta Observations at 00Z 25 Oct 2018</H2>
<PRE>
-----------------------------------------------------------------------------
   PRES   HGHT   TEMP   DWPT   RELH   MIXR   DRCT   SKNT   THTA   THTE   THTV
    hPa     m      C      C      %    g/kg    deg   knot     K      K      K 
-----------------------------------------------------------------------------
 1012.0      8   25.6   22.2     82  16.97    160      2  297.7  347.1  300.8
 1011.0     16   25.6   21.6     79  16.36    158      2  297.8  345.4  300.7
 1000.0    109   26.2   21.7     76  16.64    140      5  299.4  348.1  302.3
  989.0    207   26.8   20.8     70  15.91    130      5  300.9  347.9  303.8
  946.0    596   24.1   18.1     69  14.05     90      3  302.1  343.8  304.6
  925.0    793   22.8   16.8     69  13.18     75      4  302.6  341.9  305.0
  853.0   1496   18.2   13.2     72  11.27     70     11  304.9  338.9  307.0
  850.0   1527   18.0   13.0     73  11.19     70     11  305.0  338.7  307.0
  780.0   2257   13.2    7.2     67   8.23     65     17  307.4  332.7  308.9
  714.0   2994    9.8   -0.3     49   5.26     60     23  311.5  328.2  312.5
  700.0   3159    9.0   -2.0     46   4.74     60     16  312.4  327.6  313.3
  692.0   3254    8.6   -3.4     43   4.32     67     15  313.0  327.0  313.8
  663.0   3607    6.2   -0.9     60   5.44     95     11  314.2  331.6  315.2
  651.0   3757    5.2    0.2     70   6.00     98     10  314.7  333.9  315.8
  619.0   4168    2.8   -2.2     70   5.29    105      8  316.5  333.6  317.5
  617.0   4194    2.7   -2.8     67   5.07    105      8  316.7  333.2  317.6
  604.0   4367    2.2   -6.8     51   3.82    100     10  318.0  330.7  318.8
  601.0   4407    2.0   -9.0     44   3.24     99     10  318.2  329.1  318.9
  598.0   4448    3.0  -14.0     27   2.18     98     11  319.9  327.3  320.3
  597.0   4461    3.4  -24.6     11   0.88     98     11  320.5  323.6  320.6
  587.0   4598    2.8  -15.2     25   2.01     94     12  321.3  328.3  321.7
  583.0   4653    2.6  -16.4     23   1.83     92     13  321.7  328.1  322.1
  571.0   4821    2.0  -27.0     10   0.74     88     15  322.9  325.7  323.1
  554.0   5065    0.2  -16.8     27   1.86     81     18  323.6  330.1  324.0
  553.0   5079    0.0  -16.0     29   2.00     81     18  323.5  330.5  323.9
  551.0   5108    0.2  -23.3     15   1.07     80     18  324.1  328.0  324.3
  549.0   5137    0.4  -30.6      8   0.55     81     18  324.7  326.8  324.8
  545.0   5196    0.0  -32.0      7   0.48     82     18  324.9  326.7  325.0
  517.0   5616   -2.9  -33.9      7   0.42     90     18  326.3  327.9  326.4
  500.0   5880   -4.9  -20.9     27   1.45     95     18  327.0  332.2  327.3
  479.0   6214   -7.7  -18.7     41   1.83    101     16  327.6  334.1  327.9
  478.0   6230   -7.7  -14.7     57   2.57    101     16  327.8  336.8  328.3
  476.0   6263   -7.7  -19.7     38   1.69    102     16  328.2  334.3  328.5
  461.0   6510   -8.5  -25.5     24   1.05    106     14  330.2  334.1  330.4
  415.0   7313  -14.5  -25.5     39   1.16    120     10  332.5  336.9  332.8
  400.0   7590  -15.7  -27.7     35   0.99    125      8  334.5  338.2  334.7
  391.0   7762  -16.9  -27.9     38   0.99    125      9  335.1  338.9  335.3
  389.0   7800  -17.1  -29.8     32   0.84    125      9  335.4  338.6  335.6
  383.0   7917  -17.5  -35.5     19   0.49    121      8  336.3  338.2  336.4
  374.0   8091  -18.8  -36.5     20   0.45    115      6  336.8  338.6  336.9
  359.0   8389  -21.2  -38.1     20   0.40    155      5  337.7  339.3  337.8
  331.0   8982  -25.7  -41.4     22   0.31    145      7  339.3  340.6  339.4
  317.0   9298  -28.2  -43.1     23   0.27    175      5  340.1  341.3  340.2
  300.0   9700  -31.3  -45.3     24   0.22    170      5  341.1  342.1  341.2
  292.0   9890  -32.9  -47.9     21   0.17    164      8  341.5  342.2  341.6
  285.0  10060  -34.3  -44.3     36   0.26    159     10  341.9  343.0  341.9
  279.0  10207  -35.5  -45.5     35   0.23    155     12  342.2  343.2  342.2
  258.0  10746  -40.1  -50.1     33   0.15    191      8  343.2  343.9  343.2
  256.0  10799  -40.5                         195      8  343.4         343.4
  250.0  10960  -41.7                         195      4  343.9         343.9
  245.0  11094  -42.8                           0      0  344.2         344.2
  234.0  11399  -45.4                          40      5  344.9         344.9
  224.0  11688  -47.8                          30      4  345.5         345.5
  214.0  11991  -50.3                         310      4  346.1         346.1
  204.0  12309  -53.0                         295      8  346.7         346.7
  200.0  12440  -54.1                         310      7  346.9         346.9
  195.0  12598  -55.4                         350      7  347.4         347.4
  186.0  12892  -57.9                          15     11  348.1         348.1
  158.0  13907  -66.3                          26     16  350.4         350.4
  150.0  14220  -68.5                          30     18  351.9         351.9
  146.0  14379  -69.1                          40     16  353.6         353.6
  138.0  14712  -70.3                         105      8  357.2         357.2
  132.0  14974  -71.2                         120      4  360.1         360.1
  128.0  15156  -71.9                         193      7  362.1         362.1
  125.0  15291  -72.7                         250      9  363.1         363.1
  107.0  16182  -77.8                         210      9  369.8         369.8
  101.0  16513  -79.8                         180      3  372.3         372.3
  100.0  16570  -80.1                         190      4  372.7         372.7
   97.7  16702  -78.3                         201     10  378.7         378.7
   96.0  16801  -78.8                         210     14  379.7         379.7
   82.0  17690  -83.0                         160     14  388.5         388.5
   80.5  17795  -83.5                         150     13  389.6         389.6
   74.0  18268  -81.2                          60     14  403.9         403.9
   70.0  18580  -79.7                          45     15  413.6         413.6
   69.6  18613  -79.7                          46     16  414.2         414.2
   64.6  19042  -74.7                          64     29  434.1         434.1
   63.0  19189  -74.5                          70     33  437.8         437.8
   57.0  19776  -73.5                          65     36  452.7         452.7
   54.0  20094  -73.0                          90     33  460.9         460.9
   52.6  20248  -72.7                          88     40  465.0         465.0
   50.2  20526  -68.5                          85     52  481.1         481.1
   50.0  20550  -68.1                          85     53  482.6         482.6
   46.0  21057  -65.9                          85     57  499.5         499.5
   40.4  21847  -62.5                          82     60  526.9         526.9
   37.6  22293  -59.5                          81     62  545.5         545.5
   36.8  22428  -58.1                          80     63  552.5         552.5
   36.4  22498  -56.4                          80     63  558.6         558.6
   36.0  22568  -54.6                          80     63  564.9         564.9
   35.7  22621  -53.3                          76     52  569.7         569.7
   35.3  22694  -49.3                          70     38  581.9         581.9
   35.0  22751  -48.9                          65     27  584.4         584.4
   33.7  23000  -47.1                                     595.5         595.5
</PRE><H3>Station information and sounding indices</H3><PRE>
                         Station identifier: WIII
                             Station number: 96749
                           Observation time: 181025/0000
                           Station latitude: -6.11
                          Station longitude: 106.65
                          Station elevation: 8.0
                            Showalter index: 2.52
                               Lifted index: -0.60
    LIFT computed using virtual temperature: -1.27
                                SWEAT index: 196.00
                                    K index: 24.90
                         Cross totals index: 17.90
                      Vertical totals index: 22.90
                        Totals totals index: 40.80
      Convective Available Potential Energy: 275.63
             CAPE using virtual temperature: 436.77
                      Convective Inhibition: -75.68
             CINS using virtual temperature: -52.04
                           Equilibrum Level: 222.96
 Equilibrum Level using virtual temperature: 222.92
                   Level of Free Convection: 797.31
             LFCT using virtual temperature: 824.04
                     Bulk Richardson Number: 22.54
          Bulk Richardson Number using CAPV: 35.72
  Temp [K] of the Lifted Condensation Level: 292.32
Pres [hPa] of the Lifted Condensation Level: 908.05
   Equivalent potential temp [K] of the LCL: 346.55
     Mean mixed layer potential temperature: 300.50
              Mean mixed layer mixing ratio: 15.68
              1000 hPa to 500 hPa thickness: 5771.00
Precipitable water [mm] for entire sounding: 42.93
</PRE>
<P>Description of the 
<A HREF="/upperair/columns.html">data columns</A>
or <A HREF="/upperair/indices.html">sounding indices</A>.

<P>
<FORM>
<INPUT CLASS="button" TYPE="button" VALUE=" Close this window " 
 onClick="window.close();">
<INPUT CLASS="button" TYPE="button" VALUE=" Select another map " 
 onClick="window.blur();">
</FORM>
<HR SIZE="1">
<I>Interested in graduate studies in atmospheric science?
Check out our program at the
<a href="http://www.uwyo.edu/atsc/howtoapply/"
target=_top>University of Wyoming
</a></I>
<HR SIZE="1"><FONT SIZE="-1">
Questions about the weather data provided by this site can be
addressed to <A HREF="mailto:ldoolman@uwyo.edu">
Larry Oolman (ldoolman@uwyo.edu)</A></FONT>
<HR SIZE="1">
<SCRIPT TYPE="text/javascript">
<!--
window.focus();
// -->
</SCRIPT>
</BODY>
</HTML>
