2021-11-14 00
<HTML>
<TITLE>University of Wyoming - Radiosonde Data</TITLE>
<BODY BGCOLOR="white">
<H2>96749 WIII Jakarta Observations at 00Z 14 Nov 2021</H2>
<PRE>
-----------------------------------------------------------------------------
   PRES   HGHT   TEMP   DWPT   RELH   MIXR   DRCT   SKNT   THTA   THTE   THTV
    hPa     m      C      C      %    g/kg    deg   knot     K      K      K 
-----------------------------------------------------------------------------
 1010.0      8   25.4   23.5     89  18.44    240      3  297.7  351.4  301.0
 1000.0     93   25.4   22.0     81  16.96    205      4  298.6  348.1  301.6
  995.0    138   25.2   21.5     80  16.52    211      6  298.8  347.1  301.7
  977.0    300   26.3   18.7     63  14.10    235     12  301.4  343.2  304.0
  975.0    318   26.4   18.4     61  13.85    236     12  301.7  342.8  304.2
  925.0    784   23.6   17.6     69  13.88    250     13  303.4  344.9  306.0
  913.0    897   22.7   17.2     71  13.68    255     11  303.7  344.6  306.2
  852.0   1497   18.2   14.9     81  12.64    255      8  304.9  343.0  307.3
  850.0   1517   18.0   14.8     82  12.61    250      8  305.0  342.9  307.3
  811.0   1918   15.6   13.5     87  12.13    219      5  306.6  343.3  308.8
  794.0   2096   14.7   12.5     87  11.59    205      4  307.4  342.7  309.6
  739.0   2699   11.6    9.1     85   9.90    230      3  310.4  341.0  312.2
  713.0   2999   10.0    7.4     84   9.12    295      4  311.9  340.3  313.6
  700.0   3154    9.2    6.5     83   8.75    305      5  312.6  340.0  314.3
  688.0   3295    8.4    5.9     84   8.51    300      3  313.3  340.0  314.9
  663.0   3597    6.7    4.5     86   8.02    245      1  314.7  340.1  316.2
  639.0   3899    5.0    3.1     88   7.56    345      3  316.1  340.2  317.6
  616.0   4198    3.3    1.8     90   7.11     70      5  317.5  340.4  318.9
  594.0   4495    1.6    0.4     92   6.69     70      6  318.9  340.6  320.2
  573.0   4789    0.0   -0.9     94   6.29     13      6  320.3  340.8  321.5
  572.0   4803   -0.1   -1.0     94   6.27     10      6  320.3  340.8  321.5
  551.0   5099   -1.7   -2.5     94   5.81     15      8  321.9  341.0  323.0
  531.0   5393   -3.3   -4.0     95   5.38      0      7  323.4  341.2  324.4
  511.0   5697   -5.0   -5.6     95   4.96    350      6  324.9  341.5  325.9
  500.0   5870   -5.9   -6.5     96   4.73     10      6  325.8  341.7  326.7
  492.0   5997   -6.4   -7.5     92   4.45     20      7  326.7  341.8  327.6
  477.0   6240   -7.3   -9.4     85   3.95     25      7  328.5  342.1  329.2
  421.0   7205  -12.6  -15.0     82   2.85     45      7  333.7  343.8  334.2
  400.0   7600  -14.7  -17.3     81   2.48     40      4  335.8  344.8  336.3
  398.0   7638  -14.9  -17.4     81   2.47     41      4  336.0  344.9  336.5
  374.0   8102  -18.0  -20.6     80   1.99     50      4  338.0  345.3  338.4
  359.0   8407  -20.0  -22.8     79   1.72    135      6  339.2  345.6  339.6
  354.0   8512  -20.7  -23.5     78   1.63    139      7  339.6  345.8  340.0
  331.0   8998  -24.4  -27.2     78   1.25    160      9  341.1  345.9  341.4
  318.0   9288  -26.7  -29.4     78   1.06    125     11  341.9  346.1  342.2
  300.0   9710  -29.9  -32.6     77   0.83     95     12  343.1  346.4  343.3
  292.0   9901  -31.4  -34.1     77   0.74     95     14  343.7  346.6  343.8
  277.0  10272  -34.3  -36.9     77   0.59     98     16  344.7  347.1  344.8
  250.0  10980  -40.3  -43.0     75   0.34    105     20  346.0  347.4  346.1
  215.0  11980  -48.8  -52.4     66   0.14    115     23  348.0  348.6  348.1
  200.0  12460  -52.9  -56.9     62   0.09    105     21  348.8  349.2  348.9
  193.0  12688  -54.9  -61.9     42   0.05    105     21  349.2  349.4  349.2
  187.0  12882  -56.7  -63.6     41   0.04    105     21  349.5  349.6  349.5
  150.0  14240  -69.3  -75.3     41   0.01     80     26  350.5  350.6  350.5
  146.0  14401  -70.4  -76.4     41   0.01     80     29  351.3  351.4  351.3
  139.0  14693  -72.4  -78.4     40   0.01     65     35  352.8  352.8  352.8
  138.0  14736  -72.7  -78.7     40   0.01     65     35  353.0  353.0  353.0
  120.0  15547  -79.3  -87.3     26   0.00     58     41  355.3  355.3  355.3
  117.0  15691  -80.3  -89.3     21   0.00     57     42  356.0  356.0  356.0
  114.0  15838  -80.7  -89.7     21   0.00     55     44  357.9  357.9  357.9
  113.0  15888  -79.8  -89.8     18   0.00     55     44  360.5  360.5  360.5
  111.0  15990  -77.9  -89.9     13   0.00     57     35  365.9  365.9  365.9
  107.0  16201  -77.8  -89.8     13   0.00     60     18  369.9  369.9  369.9
  101.0  16533  -77.7  -89.7     13   0.00    110      7  376.2  376.2  376.2
  100.0  16590  -77.7  -89.7     13   0.00    110      9  377.4  377.4  377.4
   96.0  16821  -78.4  -89.9     14   0.00    115     13  380.5  380.5  380.5
   91.0  17124  -79.2  -90.1     16   0.00    150      9  384.7  384.7  384.7
   87.0  17379  -79.9  -90.3     17   0.00    265      7  388.2  388.2  388.2
   84.0  17577  -80.5  -90.5     18   0.00    256      8  390.9  391.0  390.9
   82.0  17714  -78.4  -89.8     14   0.00    250      8  398.0  398.0  398.0
   81.2  17769  -77.5  -89.5     13   0.00    255      9  400.9  400.9  400.9
   78.0  18000  -77.1  -89.6     12   0.00    275     14  406.4  406.4  406.4
   74.0  18301  -76.5  -89.8     11   0.00    255     14  413.8  413.8  413.8
   70.0  18620  -75.9  -89.9     10   0.00    230      8  421.7  421.7  421.7
   67.3  18848  -75.9  -89.9     10   0.00    131      7  426.4  426.5  426.4
   67.0  18875  -75.5  -89.8      9   0.00    120      7  427.9  427.9  427.9
   64.5  19097  -71.9  -88.9      6   0.00    108      6  440.4  440.4  440.4
   63.0  19237  -72.4  -88.5      7   0.00    100      5  442.2  442.2  442.2
   62.8  19255  -72.5  -88.5      7   0.00     94      5  442.5  442.5  442.5
   60.5  19479  -67.3  -88.3      4   0.00     25      9  458.8  458.8  458.8
   60.0  19529  -67.4  -88.2      4   0.00     10     10  459.7  459.8  459.7
   57.0  19839  -67.8  -87.3      5   0.00    295     12  465.5  465.6  465.5
   53.7  20199  -68.3  -86.3      6   0.00    266     13  472.4  472.4  472.4
   52.0  20393  -68.0  -88.3      4   0.00    250     14  477.4  477.4  477.4
   50.0  20630  -67.7  -90.7      3   0.00    225     11  483.5  483.6  483.5
   49.0  20753  -67.1  -90.4      2   0.00    220      8  487.8  487.8  487.8
   47.0  21006  -65.8  -89.7      2   0.00    175      5  496.8  496.8  496.8
   45.0  21270  -64.4  -88.9      2   0.00     85     15  506.3  506.3  506.3
   43.4  21490  -63.3  -88.3      2   0.00     84     19  514.3  514.3  514.3
   39.4  22083  -64.1  -97.1      0   0.00     80     28  526.7  526.7  526.7
   39.0  22146  -63.2  -96.2      0   0.00     80     29  530.4  530.4  530.4
   38.3  22258  -61.7  -94.7      1   0.00     83     31  537.0  537.0  537.0
   37.0  22472  -61.5  -95.8      0   0.00     90     35  542.8  542.8  542.8
   32.0  23373  -60.8 -100.2      0   0.00     95     47  567.8  567.8  567.8
   31.5  23470  -60.7 -100.7      0   0.00                570.6  570.6  570.6
</PRE><H3>Station information and sounding indices</H3><PRE>
                         Station identifier: WIII
                             Station number: 96749
                           Observation time: 211114/0000
                           Station latitude: -6.11
                          Station longitude: 106.65
                          Station elevation: 8.0
                            Showalter index: -0.18
                               Lifted index: -1.06
    LIFT computed using virtual temperature: -1.16
                                SWEAT index: 199.61
                                    K index: 36.00
                         Cross totals index: 20.70
                      Vertical totals index: 23.90
                        Totals totals index: 44.60
      Convective Available Potential Energy: 83.99
             CAPE using virtual temperature: 106.79
                      Convective Inhibition: -126.06
             CINS using virtual temperature: -105.49
                           Equilibrum Level: 447.05
 Equilibrum Level using virtual temperature: 442.68
                   Level of Free Convection: 689.91
             LFCT using virtual temperature: 724.78
                     Bulk Richardson Number: 16.91
          Bulk Richardson Number using CAPV: 21.51
  Temp [K] of the Lifted Condensation Level: 291.78
Pres [hPa] of the Lifted Condensation Level: 903.24
   Equivalent potential temp [K] of the LCL: 345.11
     Mean mixed layer potential temperature: 300.40
              Mean mixed layer mixing ratio: 15.28
              1000 hPa to 500 hPa thickness: 5777.00
Precipitable water [mm] for entire sounding: 59.07
</PRE>
<P>Description of the 
<A HREF="/upperair/columns.html">data columns</A>
or <A HREF="/upperair/indices.html">sounding indices</A>.

<P>
<FORM>
<INPUT CLASS="button" TYPE="button" VALUE=" Close this window " 
 onClick="window.close();">
<INPUT CLASS="button" TYPE="button" VALUE=" Select another map " 
 onClick="window.blur();">
</FORM>
<HR SIZE="1">
<I>Interested in graduate studies in atmospheric science?
Check out our program at the
<a href="http://www.uwyo.edu/atsc/howtoapply/"
target=_top>University of Wyoming
</a></I>
<HR SIZE="1"><FONT SIZE="-1">
Questions about the weather data provided by this site can be
addressed to <A HREF="mailto:ldoolman@uwyo.edu">
Larry Oolman (ldoolman@uwyo.edu)</A></FONT>
<HR SIZE="1">
<SCRIPT TYPE="text/javascript">
<!--
window.focus();
// -->
</SCRIPT>
</BODY>
</HTML>
