2017-07-07 12
<HTML>
<TITLE>University of Wyoming - Radiosonde Data</TITLE>
<BODY BGCOLOR="white">
<H2>96749 WIII Jakarta Observations at 00Z 07 Jul 2017</H2>
<PRE>
-----------------------------------------------------------------------------
   PRES   HGHT   TEMP   DWPT   RELH   MIXR   DRCT   SKNT   THTA   THTE   THTV
    hPa     m      C      C      %    g/kg    deg   knot     K      K      K 
-----------------------------------------------------------------------------
 1010.0      8   24.8   23.3     91  18.21    230      4  297.1  350.0  300.3
 1000.0     95   25.0   22.0     83  16.96    250      2  298.1  347.6  301.2
  980.0    273   25.2   20.3     74  15.55    190      4  300.1  345.8  302.9
  944.0    602   23.6   18.0     71  13.98     80      7  301.7  343.2  304.2
  925.0    781   22.8   16.8     69  13.18     85      8  302.6  341.9  305.0
  881.0   1202   20.0   14.6     71  11.98    110      6  303.9  339.9  306.1
  851.0   1501   18.0   13.0     73  11.18    100      8  304.9  338.6  306.9
  850.0   1511   18.0   13.0     73  11.19    100      8  305.0  338.7  307.0
  794.0   2091   15.4    2.4     42   5.76    115     14  308.2  326.2  309.3
  793.0   2102   15.3    2.2     41   5.69    115     14  308.3  326.1  309.3
  787.0   2166   15.0    1.0     39   5.26    109     14  308.6  325.1  309.5
  781.0   2231   14.4    0.4     38   5.07    102     14  308.6  324.6  309.5
  776.0   2285   13.8   -0.2     38   4.88     97     15  308.5  323.9  309.4
  773.0   2317   13.6   -0.4     38   4.83     94     15  308.6  323.9  309.5
  771.0   2339   13.6    0.6     41   5.21     92     15  308.9  325.3  309.8
  770.0   2350   13.4    0.4     41   5.14     90     15  308.8  325.0  309.7
  768.0   2372   13.4    3.4     51   6.40     88     15  309.0  329.0  310.2
  767.0   2383   13.4   10.0     80  10.15     87     15  309.1  340.3  311.0
  765.0   2405   13.3    9.8     79  10.00     85     15  309.2  340.0  311.1
  721.0   2901   11.0    4.0     62   7.12     88     14  312.0  334.4  313.3
  700.0   3147    9.4    2.4     62   6.54     90     14  312.9  333.6  314.1
  687.0   3301    8.5    2.1     64   6.51     80     15  313.5  334.2  314.7
  626.0   4065    3.8    0.4     78   6.33     54     19  316.6  337.0  317.8
  616.0   4195    3.2   -1.2     73   5.73     50     20  317.4  336.0  318.5
  601.0   4395    2.4   -3.6     65   4.90     53     19  318.7  334.8  319.6
  569.0   4835    0.0   -3.6     77   5.18     61     16  320.9  338.0  321.9
  551.0   5092   -1.2   -5.5     73   4.65     65     14  322.4  337.9  323.4
  532.0   5372   -2.5   -7.5     69   4.11     77     17  324.1  338.0  324.9
  511.0   5690   -5.1  -12.1     58   2.97     90     20  324.7  335.0  325.3
  500.0   5860   -6.7  -11.7     68   3.14     95     20  324.8  335.6  325.4
  479.0   6194   -9.1  -10.4     90   3.64     84     19  325.9  338.3  326.6
  439.0   6862  -14.1  -14.2     99   2.92     61     16  327.8  337.9  328.3
  434.0   6949  -14.5  -16.7     83   2.40     58     15  328.3  336.8  328.8
  430.0   7019  -12.3  -17.3     66   2.30     56     15  332.0  340.2  332.4
  426.0   7091  -11.5  -19.5     52   1.93     54     14  333.9  340.9  334.3
  420.0   7199  -12.4  -19.9     53   1.89     50     14  334.1  341.0  334.5
  400.0   7570  -15.3  -21.3     60   1.76     55     17  335.0  341.5  335.4
  390.0   7761  -16.5  -25.5     46   1.24     59     17  335.9  340.5  336.1
  373.0   8091  -19.4  -25.3     60   1.32     65     18  336.3  341.2  336.6
  354.0   8479  -22.9  -25.0     83   1.43     63     18  336.7  342.0  337.0
  330.0   8987  -26.6  -29.3     78   1.03     60     17  338.4  342.4  338.6
  316.0   9301  -28.9  -31.9     75   0.84     65     18  339.4  342.7  339.6
  303.0   9599  -30.8  -35.5     64   0.62     70     18  340.8  343.3  340.9
  300.0   9670  -31.3  -36.3     61   0.57     70     18  341.1  343.4  341.3
  282.0  10103  -34.7  -40.7     54   0.39     60     23  342.4  343.9  342.4
  279.0  10177  -35.5  -40.4     61   0.41     58     24  342.2  343.9  342.3
  277.0  10227  -35.7  -41.7     54   0.36     57     25  342.7  344.1  342.7
  265.0  10533  -37.3  -50.3     25   0.14     50     28  344.7  345.3  344.7
  253.0  10849  -40.1  -52.1     27   0.12     42     32  345.1  345.7  345.2
  250.0  10930  -40.7                          40     33  345.4         345.4
  244.0  11091  -42.1                          40     34  345.7         345.7
  200.0  12410  -53.7                          45     50  347.6         347.6
  185.0  12898  -57.3                          45     43  349.6         349.6
  168.0  13501  -61.7                          45     32  352.0         352.0
  150.0  14210  -66.9                          80     21  354.6         354.6
  138.0  14692  -70.6                          90     24  356.7         356.7
  125.0  15264  -75.0                          85     16  358.9         358.9
  118.0  15598  -77.6                         100      7  360.2         360.2
  112.0  15899  -79.9                         180      6  361.2         361.2
  109.0  16056  -81.1                         190     11  361.8         361.8
  106.0  16213  -80.3                         195     15  366.1         366.1
  100.0  16540  -78.7                         265     10  375.4         375.4
   96.5  16743  -79.1                         291     18  378.5         378.5
   96.0  16773  -78.4                         295     19  380.4         380.4
   93.0  16956  -74.3                         280     20  392.0         392.0
   91.0  17082  -74.8                         270     20  393.5         393.5
   83.7  17568  -76.5                         273     27  399.5         399.5
   82.2  17672  -76.1                         273     29  402.4         402.4
   81.0  17758  -71.9                         274     30  412.7         412.7
   78.0  17983  -69.5                         275     33  422.0         422.0
   77.7  18006  -69.3                         275     34  423.0         423.0
   70.0  18630  -69.5                         265     47  435.4         435.4
   67.0  18890  -70.3                         260     46  439.2         439.2
   65.4  19033  -70.7                         261     45  441.3         441.3
   59.4  19610  -65.5                         265     40  465.2         465.2
   53.8  20208  -67.5                         269     35  474.0         474.0
   52.0  20413  -66.8                         270     33  480.1         480.1
   50.0  20650  -66.1                         255     35  487.3         487.3
   47.0  21026  -63.5                         249     31  502.2         502.2
   45.2  21265  -65.1                         245     28  504.0         504.0
   45.0  21292  -64.9                         245     28  505.1         505.1
   43.0  21572  -63.0                         240     15  516.4         516.4
   41.0  21865  -61.0                         295      7  528.5         528.5
   39.4  22111  -59.3                         207      4  538.8         538.8
   39.0  22174  -59.3                         185      3  540.4         540.4
   37.0  22504  -59.1                         120     10  548.9         548.9
   33.5  23125  -58.9                          93     26  565.4         565.4
   32.0  23410  -60.4                          80     33  568.7         568.7
   31.0  23607  -61.5                          80     36  571.0         571.0
   30.0  23810  -60.9                          80     39  578.0         578.0
   27.4  24379  -56.9                          80     39  604.4         604.4
   27.0  24472  -56.8                          80     39  607.3         607.3
   23.0  25493  -55.5                         115     50  639.6         639.6
   21.0  26072  -54.7                         100     55  658.6         658.6
   20.4  26256  -54.5                                     664.8         664.8
</PRE><H3>Station information and sounding indices</H3><PRE>
                         Station identifier: WIII
                             Station number: 96749
                           Observation time: 170707/0000
                           Station latitude: -6.11
                          Station longitude: 106.65
                          Station elevation: 8.0
                            Showalter index: 0.72
                               Lifted index: -2.21
    LIFT computed using virtual temperature: -2.60
                                SWEAT index: 192.01
                                    K index: 30.70
                         Cross totals index: 19.70
                      Vertical totals index: 24.70
                        Totals totals index: 44.40
      Convective Available Potential Energy: 318.84
             CAPE using virtual temperature: 395.08
                      Convective Inhibition: -119.19
             CINS using virtual temperature: -66.19
                           Equilibrum Level: 271.74
 Equilibrum Level using virtual temperature: 271.16
                   Level of Free Convection: 698.29
             LFCT using virtual temperature: 793.62
                     Bulk Richardson Number: 17.02
          Bulk Richardson Number using CAPV: 21.10
  Temp [K] of the Lifted Condensation Level: 292.80
Pres [hPa] of the Lifted Condensation Level: 923.39
   Equivalent potential temp [K] of the LCL: 346.06
     Mean mixed layer potential temperature: 299.56
              Mean mixed layer mixing ratio: 15.91
              1000 hPa to 500 hPa thickness: 5765.00
Precipitable water [mm] for entire sounding: 49.28
</PRE>
<P>Description of the 
<A HREF="/upperair/columns.html">data columns</A>
or <A HREF="/upperair/indices.html">sounding indices</A>.

<P>
<FORM>
<INPUT CLASS="button" TYPE="button" VALUE=" Close this window " 
 onClick="window.close();">
<INPUT CLASS="button" TYPE="button" VALUE=" Select another map " 
 onClick="window.blur();">
</FORM>
<HR SIZE="1">
<I>Interested in graduate studies in atmospheric science?
Check out our program at the
<a href="http://www.uwyo.edu/atsc/howtoapply/"
target=_top>University of Wyoming
</a></I>
<HR SIZE="1"><FONT SIZE="-1">
Questions about the weather data provided by this site can be
addressed to <A HREF="mailto:ldoolman@uwyo.edu">
Larry Oolman (ldoolman@uwyo.edu)</A></FONT>
<HR SIZE="1">
<SCRIPT TYPE="text/javascript">
<!--
window.focus();
// -->
</SCRIPT>
</BODY>
</HTML>
