2021-01-26 00
<HTML>
<TITLE>University of Wyoming - Radiosonde Data</TITLE>
<BODY BGCOLOR="white">
<H2>96749 WIII Jakarta Observations at 00Z 26 Jan 2021</H2>
<PRE>
-----------------------------------------------------------------------------
   PRES   HGHT   TEMP   DWPT   RELH   MIXR   DRCT   SKNT   THTA   THTE   THTV
    hPa     m      C      C      %    g/kg    deg   knot     K      K      K 
-----------------------------------------------------------------------------
 1008.0      8   24.8   22.4     87  17.25    210      6  297.3  347.4  300.3
 1000.0     82   24.6   22.4     88  17.39    200      3  297.8  348.4  300.8
  925.0    766   22.0   19.5     86  15.68    260     15  301.8  348.2  304.6
  911.0    897   21.4   18.7     85  15.10    265     15  302.4  347.3  305.2
  879.0   1206   19.8   16.7     82  13.82    265     11  304.0  345.3  306.5
  850.0   1495   18.4   14.9     80  12.69    245      8  305.4  343.6  307.7
  820.0   1801   16.9   13.0     78  11.59    220      5  307.0  342.2  309.1
  792.0   2096   15.4   11.1     75  10.60    225      2  308.5  340.9  310.4
  765.0   2391   14.0    9.3     73   9.68     45      1  310.0  339.9  311.8
  747.0   2593   13.0    8.0     72   9.09     32      2  311.0  339.3  312.7
  738.0   2695   12.2    8.9     80   9.79     25      2  311.3  341.7  313.1
  735.0   2730   12.0    9.2     83  10.03     20      2  311.4  342.5  313.2
  718.0   2926   12.0    7.0     71   8.83    351      4  313.5  341.2  315.1
  712.0   2996   11.5    6.1     70   8.38    340      4  313.6  340.0  315.2
  700.0   3138   10.4    4.4     66   7.55    350      4  314.0  337.8  315.4
  686.0   3305    9.3    3.0     65   6.98    340      4  314.6  336.8  315.9
  662.0   3598    7.5    0.6     62   6.07     20      1  315.7  335.2  316.9
  617.0   4178    3.8   -4.2     56   4.56     62      4  317.9  332.9  318.8
  593.0   4499    2.0   -3.2     69   5.14     85      5  319.5  336.3  320.5
  567.0   4862    0.0   -2.0     86   5.86     64      3  321.2  340.5  322.4
  550.0   5104   -1.7   -3.0     91   5.59     50      1  322.0  340.4  323.1
  529.0   5415   -3.9   -4.4     96   5.25    125      2  323.0  340.4  324.0
  510.0   5704   -4.6   -7.2     82   4.39    195      3  325.6  340.4  326.4
  506.0   5766   -4.7   -7.8     79   4.23    199      3  326.1  340.5  327.0
  500.0   5860   -5.3   -8.5     78   4.05    205      4  326.5  340.3  327.3
  484.0   6115   -7.1  -11.3     72   3.35    183      6  327.4  338.9  328.0
  469.0   6360   -9.1  -10.0     93   3.84    161      7  327.8  341.0  328.6
  455.0   6594  -10.7  -11.2     96   3.59    140      9  328.7  341.1  329.4
  446.0   6748  -11.7  -12.0     98   3.44    138     11  329.3  341.2  330.0
  444.0   6782  -11.9  -12.2     98   3.40    137     12  329.5  341.3  330.1
  433.0   6975  -11.1  -14.3     77   2.94    134     15  332.9  343.3  333.4
  420.0   7208  -12.6  -15.7     78   2.70    130     18  333.8  343.4  334.3
  400.0   7580  -15.1  -17.9     79   2.35    140     16  335.3  343.8  335.8
  392.0   7733  -16.3  -18.3     85   2.32    138     16  335.6  344.1  336.1
  364.0   8289  -18.9  -24.9     59   1.40    130     16  339.4  344.7  339.6
  330.0   9004  -24.5  -30.5     58   0.92    120     16  341.4  344.9  341.5
  300.0   9700  -29.9  -35.9     56   0.60    120     18  343.1  345.5  343.2
  292.0   9890  -31.7  -36.7     61   0.57    126     17  343.2  345.5  343.3
  279.0  10205  -34.3  -41.3     49   0.37    135     14  343.9  345.5  344.0
  256.0  10799  -39.3  -50.1     31   0.15    150     13  345.2  345.9  345.2
  255.0  10826  -39.5  -50.5     30   0.15    148     13  345.2  345.9  345.3
  250.0  10960  -40.7  -51.7     30   0.13    140     14  345.4  346.0  345.4
  214.0  11999  -49.8  -63.6     18   0.03    120     25  347.1  347.2  347.1
  212.0  12062  -50.3  -64.3     18   0.03    122     25  347.1  347.3  347.1
  200.0  12440  -53.7  -67.7     16   0.02    135     25  347.6  347.7  347.6
  195.0  12599  -55.1  -68.1     18   0.02    135     28  347.9  347.9  347.9
  186.0  12897  -57.7  -68.8     23   0.02    135     29  348.4  348.4  348.4
  177.0  13209  -60.5  -69.5     29   0.02    130     28  348.8  348.9  348.8
  169.0  13500  -63.0  -70.2     37   0.02    120     29  349.2  349.3  349.2
  164.0  13689  -64.7  -70.7     43   0.02    117     29  349.4  349.5  349.4
  161.0  13801  -65.7  -71.9     42   0.01    115     29  349.6  349.6  349.6
  150.0  14230  -69.5  -76.5     35   0.01    100     38  350.2  350.2  350.2
  146.0  14388  -70.8  -77.5     36   0.01    100     41  350.6  350.6  350.6
  138.0  14718  -73.6  -79.7     39   0.01    100     46  351.4  351.4  351.4
  136.0  14803  -74.3  -80.3     39   0.00    100     48  351.6  351.6  351.6
  125.0  15285  -77.7  -85.7     27   0.00    100     58  354.1  354.1  354.1
  120.0  15518  -79.3  -88.3     22   0.00     93     64  355.3  355.3  355.3
  118.0  15612  -79.5  -88.7     21   0.00     90     67  356.6  356.6  356.6
  112.0  15905  -80.1  -89.8     19   0.00     80     72  360.9  360.9  360.9
  106.0  16213  -80.7  -91.0     17   0.00     75     48  365.5  365.5  365.5
  100.0  16540  -81.3  -92.3     15   0.00     75     28  370.4  370.4  370.4
   88.9  17196  -85.7  -97.7     11   0.00    102     19  374.3  374.3  374.3
   86.1  17374  -85.8  -97.8     11   0.00    110     17  377.6  377.6  377.6
   82.4  17615  -85.9  -97.9     11   0.00    110     15  382.1  382.1  382.1
   81.5  17678  -85.1  -97.3     10   0.00    110     15  384.9  384.9  384.9
   77.2  17983  -81.3  -94.7      9   0.00     85      7  398.9  398.9  398.9
   73.2  18288  -77.4  -92.0      8   0.00    115     11  413.2  413.2  413.2
   71.6  18409  -75.9  -90.9      8   0.00    127     14  419.0  419.0  419.0
   70.0  18540  -75.9  -90.9      8   0.00    140     17  421.7  421.7  421.7
   69.4  18593  -75.6  -91.0      7   0.00     80      9  423.5  423.5  423.5
   65.8  18898  -73.7  -91.6      5   0.00    140     19  433.9  433.9  433.9
   61.6  19287  -71.3  -92.3      3   0.00    140     15  447.6  447.6  447.6
   59.3  19507  -71.8  -93.3      3   0.00    140     12  451.2  451.2  451.2
   57.3  19713  -72.3  -94.3      2   0.00    133      7  454.7  454.7  454.7
   56.4  19812  -70.5  -94.0      2   0.00    130      5  460.9  460.9  460.9
   54.1  20056  -66.1  -93.1      1   0.00    146     10  476.4  476.5  476.4
   53.5  20117  -66.5  -93.5      1   0.00    150     11  476.9  476.9  476.9
   50.9  20422  -68.6  -95.6      1   0.00    245     10  479.0  479.0  479.0
   50.0  20530  -69.3  -96.3      1   0.00    260     13  479.8  479.8  479.8
   48.7  20687  -70.3  -98.3      1   0.00    264     14  481.0  481.0  481.0
   48.4  20726  -70.3  -98.3      1   0.00    265     14  482.0  482.0  482.0
   44.5  21224  -69.7  -97.7      1   0.00    229     12  495.0  495.1  495.0
   42.0  21572  -64.5  -95.5      1   0.00    205     11  516.1  516.2  516.1
   41.5  21641  -64.5  -95.3      1   0.00    200     11  517.9  517.9  517.9
   39.5  21946  -64.3  -94.4      1   0.00    140      3  525.7  525.7  525.7
   36.8  22381  -64.1  -93.1      1   0.00    104      4  537.0  537.1  537.0
   35.8  22555  -62.2  -92.6      1   0.00     90      5  546.3  546.3  546.3
   34.1  22860  -58.9  -91.8      1   0.00      0      5  562.8  562.8  562.8
   33.4  22984  -57.5  -91.5      1   0.00    338      5  569.6  569.6  569.6
   32.5  23165  -57.8  -90.8      1   0.00    305      5  573.4  573.4  573.4
   30.9  23470  -58.4  -89.5      1   0.00    275      6  579.9  580.0  579.9
   30.0  23660  -58.7  -88.7      1   0.01    280      5  584.0  584.1  584.0
   28.3  24024  -59.1  -90.1      1   0.00    280      4  592.7  592.8  592.7
   28.1  24079  -59.4  -90.2      1   0.00    280      4  593.4  593.5  593.4
   26.7  24384  -61.0  -91.1      1   0.00    305      6  597.3  597.3  597.3
   25.4  24689  -62.7  -91.9      1   0.00    220      5  601.1  601.1  601.1
   23.6  25142  -65.1  -93.1      1   0.00    305      5  606.8  606.8  606.8
   23.0  25298  -65.0  -93.4      1   0.00    335      5  611.7  611.7  611.7
   21.9  25603  -64.7  -94.0      1   0.00    325      4  621.3  621.3  621.3
   21.1  25822  -64.5  -94.5      1   0.00     35      6  628.3  628.4  628.3
   20.0  26150  -62.1  -95.1      1   0.00    140      9  645.4  645.4  645.4
   19.8  26213  -62.4  -95.4      1   0.00    170      7  646.4  646.4  646.4
   19.7  26243  -62.5  -95.5      1   0.00    166      7  646.9  647.0  646.9
   19.1  26436  -58.9  -92.9      1   0.00    144     10  663.8  663.9  663.8
   18.0  26822  -58.0  -92.4      1   0.00    100     16  678.5  678.5  678.5
   16.3  27435  -56.5  -91.5      1   0.01                702.4  702.4  702.4
   16.3  27432  -56.5  -91.5      1   0.01     60      6  702.2  702.3  702.2
   15.9  27593  -55.9  -90.9      1   0.01                709.3  709.4  709.3
</PRE><H3>Station information and sounding indices</H3><PRE>
                         Station identifier: WIII
                             Station number: 96749
                           Observation time: 210126/0000
                           Station latitude: -6.11
                          Station longitude: 106.65
                          Station elevation: 8.0
                            Showalter index: 0.13
                               Lifted index: -1.58
    LIFT computed using virtual temperature: -1.88
                                SWEAT index: 198.81
                                    K index: 32.60
                         Cross totals index: 20.20
                      Vertical totals index: 23.70
                        Totals totals index: 43.90
      Convective Available Potential Energy: 332.60
             CAPE using virtual temperature: 405.65
                      Convective Inhibition: -97.43
             CINS using virtual temperature: -60.20
                           Equilibrum Level: 199.32
 Equilibrum Level using virtual temperature: 198.87
                   Level of Free Convection: 678.70
             LFCT using virtual temperature: 746.02
                     Bulk Richardson Number: 254.73
          Bulk Richardson Number using CAPV: 310.68
  Temp [K] of the Lifted Condensation Level: 294.23
Pres [hPa] of the Lifted Condensation Level: 947.83
   Equivalent potential temp [K] of the LCL: 348.17
     Mean mixed layer potential temperature: 298.79
              Mean mixed layer mixing ratio: 16.92
              1000 hPa to 500 hPa thickness: 5778.00
Precipitable water [mm] for entire sounding: 56.74
</PRE>
<P>Description of the 
<A HREF="/upperair/columns.html">data columns</A>
or <A HREF="/upperair/indices.html">sounding indices</A>.

<P>
<FORM>
<INPUT CLASS="button" TYPE="button" VALUE=" Close this window " 
 onClick="window.close();">
<INPUT CLASS="button" TYPE="button" VALUE=" Select another map " 
 onClick="window.blur();">
</FORM>
<HR SIZE="1">
<I>Interested in graduate studies in atmospheric science?
Check out our program at the
<a href="http://www.uwyo.edu/atsc/howtoapply/"
target=_top>University of Wyoming
</a></I>
<HR SIZE="1"><FONT SIZE="-1">
Questions about the weather data provided by this site can be
addressed to <A HREF="mailto:ldoolman@uwyo.edu">
Larry Oolman (ldoolman@uwyo.edu)</A></FONT>
<HR SIZE="1">
<SCRIPT TYPE="text/javascript">
<!--
window.focus();
// -->
</SCRIPT>
</BODY>
</HTML>
