2021-09-15 12
<HTML>
<TITLE>University of Wyoming - Radiosonde Data</TITLE>
<BODY BGCOLOR="white">
<H2>96749 WIII Jakarta Observations at 00Z 15 Sep 2021</H2>
<PRE>
-----------------------------------------------------------------------------
   PRES   HGHT   TEMP   DWPT   RELH   MIXR   DRCT   SKNT   THTA   THTE   THTV
    hPa     m      C      C      %    g/kg    deg   knot     K      K      K 
-----------------------------------------------------------------------------
 1012.0      8   23.6   23.0     96  17.83    240      2  295.7  347.2  298.9
 1011.0     16   23.6   22.2     92  16.98    231      2  295.8  344.8  298.8
 1000.0    110   24.0   22.0     89  16.96    130      2  297.1  346.4  300.2
  978.0    305   24.8   18.8     69  14.17     80      8  299.9  341.5  302.4
  974.0    342   25.0   18.0     65  13.52     76      8  300.4  340.3  302.8
  925.0    793   22.0   15.0     64  11.72     30      4  301.8  336.6  303.9
  913.0    906   21.3   15.6     70  12.33     35      5  302.2  338.9  304.4
  892.0   1107   20.0   16.6     81  13.50     72      4  302.9  343.1  305.3
  852.0   1501   18.3   12.4     69  10.74    145      2  305.1  337.5  307.1
  850.0   1521   18.2   12.2     68  10.61    135      1  305.2  337.3  307.1
  823.0   1796   16.9    8.5     57   8.51    290      2  306.7  332.7  308.2
  796.0   2081   15.6    4.6     48   6.72    248      7  308.2  329.1  309.4
  794.0   2102   15.5    4.7     48   6.77    245      7  308.3  329.3  309.5
  766.0   2404   13.6    5.5     58   7.43    255      7  309.4  332.5  310.8
  740.0   2695   11.8    6.2     69   8.12    230      6  310.5  335.8  312.0
  735.0   2752   11.4    6.4     71   8.27    217      5  310.7  336.4  312.3
  713.0   3006   11.2    6.2     71   8.41    160      3  313.2  339.6  314.8
  700.0   3160   10.2    5.4     72   8.10    150      5  313.8  339.3  315.3
  688.0   3302    9.2    4.8     74   7.92    160      3  314.2  339.2  315.7
  664.0   3594    7.1    3.7     79   7.57     15      3  315.1  339.1  316.5
  640.0   3896    5.0    2.5     84   7.21      5      9  315.9  338.9  317.3
  617.0   4197    2.8    1.3     90   6.87     15     10  316.8  338.8  318.1
  600.0   4426    1.2    0.4     94   6.61     19      9  317.5  338.8  318.7
  594.0   4507    0.9    0.2     95   6.58     20      8  318.1  339.3  319.3
  574.0   4783    0.0   -0.5     96   6.47     45      8  320.1  341.2  321.4
  551.0   5108   -1.9   -2.2     97   5.94     75      9  321.6  341.2  322.8
  531.0   5402   -3.5   -3.8     98   5.48     65     12  323.0  341.2  324.1
  500.0   5880   -6.3   -6.3    100   4.80     70     11  325.3  341.5  326.2
  474.0   6295   -8.4   -9.3     93   4.02     55     11  327.7  341.5  328.5
  463.0   6477   -9.3  -10.6     90   3.70     55      9  328.8  341.6  329.5
  456.0   6593  -10.1  -11.4     90   3.52     55      8  329.3  341.5  330.0
  421.0   7201  -14.0  -15.7     87   2.70    125      8  331.8  341.4  332.4
  400.0   7590  -16.5  -18.4     85   2.25    110      6  333.5  341.6  333.9
  389.0   7795  -17.9  -19.8     85   2.06    100      8  334.3  341.7  334.7
  359.0   8384  -22.0  -23.8     85   1.56     75     13  336.5  342.3  336.8
  320.0   9229  -27.9  -29.6     85   1.03     65     17  339.6  343.6  339.8
  304.0   9595  -30.0  -34.3     66   0.69     60     19  341.7  344.5  341.9
  300.0   9690  -30.5  -35.5     62   0.62     55     18  342.3  344.8  342.4
  293.0   9858  -31.7  -37.7     55   0.51     52     18  342.9  344.9  343.0
  279.0  10198  -34.6  -40.9     53   0.39     45     17  343.5  345.1  343.6
  250.0  10960  -41.1  -48.1     47   0.20     65     22  344.8  345.7  344.9
  245.0  11096  -42.4  -48.6     51   0.19     65     23  344.9  345.7  344.9
  238.0  11291  -44.3  -49.3     57   0.18     63     24  344.9  345.7  344.9
  225.0  11664  -47.1  -55.1     39   0.10     60     25  346.2  346.6  346.2
  209.0  12147  -51.5  -56.5     55   0.09     56     27  346.7  347.1  346.7
  204.0  12302  -52.8  -57.8     54   0.08     55     28  347.0  347.3  347.0
  200.0  12430  -53.9  -58.9     54   0.07     50     29  347.2  347.6  347.3
  195.0  12592  -55.1  -61.5     45   0.05     55     31  347.8  348.0  347.8
  189.0  12792  -56.7  -64.7     36   0.03     56     32  348.4  348.6  348.4
  150.0  14220  -69.1  -75.1     42   0.01     65     38  350.9  350.9  350.9
  144.0  14462  -71.3  -77.3     41   0.01     64     39  351.1  351.2  351.1
  129.0  15103  -76.3  -83.3     32   0.00     62     41  353.4  353.4  353.4
  125.0  15284  -77.5  -84.5     32   0.00     61     41  354.4  354.4  354.4
  118.0  15614  -76.4  -85.0     25   0.00     60     42  362.3  362.3  362.3
  116.0  15712  -76.1  -85.1     23   0.00     52     39  364.6  364.7  364.6
  113.0  15864  -73.1  -84.1     18   0.00     39     35  373.0  373.0  373.0
  112.0  15917  -72.5  -83.5     18   0.00     35     33  375.0  375.1  375.0
  110.0  16023  -71.3  -82.3     18   0.00     19     25  379.2  379.3  379.2
  107.0  16184  -72.3  -83.0     19   0.00    355     12  380.4  380.4  380.4
  101.0  16522  -74.3  -84.5     20   0.00    260      6  382.7  382.8  382.7
  100.0  16580  -74.7  -84.7     20   0.00    250      7  383.1  383.2  383.1
   96.0  16816  -76.9  -86.3     21   0.00    225     10  383.4  383.4  383.4
   93.1  16993  -78.5  -87.5     22   0.00    205     13  383.6  383.6  383.6
   91.0  17125  -75.1  -86.1     17   0.00    190     13  392.8  392.8  392.8
   87.0  17388  -74.3  -85.6     16   0.00    235     14  399.4  399.4  399.4
   78.0  18029  -72.5  -84.3     15   0.00    245     19  415.8  415.9  415.8
   75.1  18252  -71.9  -83.9     15   0.00    241     18  421.7  421.7  421.7
   71.0  18586  -70.0  -82.0     16   0.01    235     17  432.6  432.6  432.6
   70.0  18670  -69.5  -81.5     16   0.01    235     16  435.4  435.4  435.4
   67.0  18932  -67.1  -79.8     15   0.01    275      9  446.0  446.1  446.0
   65.5  19068  -65.9  -78.9     15   0.01    285     10  451.6  451.6  451.6
   64.0  19208  -65.6  -78.6     15   0.01    295     12  455.2  455.3  455.2
   61.0  19500  -65.0  -78.0     15   0.02    310     14  462.8  462.9  462.8
   53.0  20354  -63.3  -76.3     16   0.02    255     25  485.7  485.9  485.7
   50.0  20710  -63.3  -75.3     18   0.03    260     30  493.9  494.1  493.9
   46.4  21166  -66.9  -78.9     17   0.02    250     25  495.9  496.0  495.9
   45.0  21352  -66.9  -79.2     16   0.02    245     25  500.2  500.4  500.3
   41.5  21842  -66.9  -79.9     14   0.02    206     13  512.0  512.1  512.0
   41.0  21917  -66.2  -79.5     14   0.02    200     11  515.6  515.7  515.6
   39.0  22224  -63.1  -77.9     12   0.02    140     19  530.6  530.8  530.6
   37.2  22515  -60.3  -76.3     11   0.03    118     30  545.1  545.4  545.1
   37.0  22549  -60.3  -76.4     10   0.03    115     31  546.0  546.2  546.0
   34.0  23077  -60.2  -77.9      8   0.03     75     34  559.5  559.8  559.5
   31.0  23655  -60.1  -79.5      6   0.02    100     40  574.7  574.9  574.7
   30.0  23860  -60.1  -80.1      6   0.02    100     46  580.2  580.4  580.2
   28.0  24290  -59.9  -86.8      2   0.01     85     55  592.3  592.4  592.3
   27.0  24517  -59.8  -90.4      1   0.00     80     49  598.8  598.8  598.8
   26.1  24728  -59.7  -93.7      0   0.00     84     49  604.9  604.9  604.9
   25.0  25001  -58.4  -92.8      1   0.00     90     48  616.1  616.1  616.1
   23.0  25531  -55.9  -90.9      1   0.00    100     56  638.3  638.4  638.3
   20.4  26292  -52.3  -88.3      1   0.01     96     59  671.5  671.6  671.5
   20.0  26420  -51.7  -87.7      1   0.01     95     59  677.2  677.3  677.2
   17.0  27476  -50.8  -91.9      0   0.00     95     65  712.1  712.2  712.1
   16.0  27870  -50.5  -93.5      0   0.00                725.7  725.7  725.7
</PRE><H3>Station information and sounding indices</H3><PRE>
                         Station identifier: WIII
                             Station number: 96749
                           Observation time: 210915/0000
                           Station latitude: -6.11
                          Station longitude: 106.65
                          Station elevation: 8.0
                            Showalter index: 1.75
                               Lifted index: -0.38
    LIFT computed using virtual temperature: -0.40
                                SWEAT index: 159.38
                                    K index: 31.90
                         Cross totals index: 18.50
                      Vertical totals index: 24.50
                        Totals totals index: 43.00
      Convective Available Potential Energy: 26.25
             CAPE using virtual temperature: 32.06
                      Convective Inhibition: -228.63
             CINS using virtual temperature: -175.66
                           Equilibrum Level: 475.82
 Equilibrum Level using virtual temperature: 472.76
                   Level of Free Convection: 629.90
             LFCT using virtual temperature: 637.03
                     Bulk Richardson Number: 29.06
          Bulk Richardson Number using CAPV: 35.50
  Temp [K] of the Lifted Condensation Level: 291.72
Pres [hPa] of the Lifted Condensation Level: 918.82
   Equivalent potential temp [K] of the LCL: 342.36
     Mean mixed layer potential temperature: 298.88
              Mean mixed layer mixing ratio: 14.97
              1000 hPa to 500 hPa thickness: 5770.00
Precipitable water [mm] for entire sounding: 52.92
</PRE>
<P>Description of the 
<A HREF="/upperair/columns.html">data columns</A>
or <A HREF="/upperair/indices.html">sounding indices</A>.

<P>
<FORM>
<INPUT CLASS="button" TYPE="button" VALUE=" Close this window " 
 onClick="window.close();">
<INPUT CLASS="button" TYPE="button" VALUE=" Select another map " 
 onClick="window.blur();">
</FORM>
<HR SIZE="1">
<I>Interested in graduate studies in atmospheric science?
Check out our program at the
<a href="http://www.uwyo.edu/atsc/howtoapply/"
target=_top>University of Wyoming
</a></I>
<HR SIZE="1"><FONT SIZE="-1">
Questions about the weather data provided by this site can be
addressed to <A HREF="mailto:ldoolman@uwyo.edu">
Larry Oolman (ldoolman@uwyo.edu)</A></FONT>
<HR SIZE="1">
<SCRIPT TYPE="text/javascript">
<!--
window.focus();
// -->
</SCRIPT>
</BODY>
</HTML>
