2019-08-08 12
<HTML>
<TITLE>University of Wyoming - Radiosonde Data</TITLE>
<BODY BGCOLOR="white">
<H2>96749 WIII Jakarta Observations at 00Z 08 Aug 2019</H2>
<PRE>
-----------------------------------------------------------------------------
   PRES   HGHT   TEMP   DWPT   RELH   MIXR   DRCT   SKNT   THTA   THTE   THTV
    hPa     m      C      C      %    g/kg    deg   knot     K      K      K 
-----------------------------------------------------------------------------
 1011.0      8   23.2   16.2     65  11.58    190      1  295.4  328.9  297.5
 1004.0     71   23.6   16.6     65  11.97    165      2  296.4  331.2  298.5
 1000.0    107   23.8   16.8     65  12.18    150      3  296.9  332.4  299.1
  995.0    151   24.6   19.6     74  14.65    129      3  298.2  340.9  300.8
  978.0    302   24.1   18.2     70  13.61     55      3  299.1  339.0  301.6
  976.0    320   24.0   18.0     69  13.49     54      3  299.2  338.8  301.6
  945.0    602   21.8   15.2     66  11.65     35      7  299.8  334.1  301.9
  925.0    788   20.4   13.4     64  10.55     50      6  300.2  331.4  302.1
  913.0    900   19.6   13.1     66  10.47     65      3  300.5  331.5  302.4
  882.0   1196   17.5   12.3     72  10.27    150      2  301.2  331.8  303.1
  851.0   1503   15.3   11.4     78  10.06    145      4  302.0  332.1  303.9
  850.0   1513   15.2   11.4     78  10.05    150      4  302.1  332.1  303.9
  841.0   1603   14.4   11.1     81   9.96    139      3  302.1  331.9  303.9
  824.0   1776   13.2   10.6     84   9.83    118      2  302.6  332.1  304.4
  822.0   1797   13.2   10.1     81   9.49    115      2  302.8  331.3  304.6
  797.0   2057   13.0    3.0     51   5.99    244      7  305.3  323.8  306.4
  793.0   2100   12.9    2.2     48   5.69    265      8  305.6  323.3  306.7
  774.0   2304   12.4   -1.6     38   4.42    285     11  307.2  321.2  308.1
  765.0   2402   12.1    2.0     50   5.81    295     12  307.9  326.0  309.0
  758.0   2479   11.8    4.8     62   7.16    296     14  308.4  330.6  309.8
  717.0   2945   11.4   -8.6     24   2.80    304     27  312.9  322.2  313.4
  712.0   3003   11.1   -8.9     24   2.74    305     29  313.2  322.2  313.7
  700.0   3145   10.2   -9.8     23   2.61    305     25  313.8  322.4  314.2
  665.0   3566    6.4   -6.6     39   3.52    300     24  314.1  325.7  314.8
  659.0   3640    6.0   -6.0     42   3.73    300     23  314.5  326.7  315.2
  645.0   3816    7.0  -17.0     16   1.57    298     23  317.5  323.0  317.9
  642.0   3854    7.2  -15.8     18   1.75    297     23  318.2  324.2  318.5
  616.0   4191    6.0  -24.0      9   0.90    294     21  320.6  323.9  320.8
  568.0   4844    0.0  -17.0     27   1.79    286     19  321.1  327.3  321.4
  530.0   5393   -3.0  -27.4     13   0.76    280     17  323.8  326.6  324.0
  527.0   5438   -3.3  -28.3     12   0.71    287     16  324.0  326.7  324.2
  510.0   5695   -4.5  -22.1     24   1.28    330     11  325.6  330.3  325.9
  502.0   5819   -5.1  -19.1     32   1.69    334     13  326.4  332.4  326.7
  500.0   5850   -5.3  -19.3     32   1.67    335     13  326.5  332.5  326.8
  491.0   5992   -6.4  -20.9     30   1.48    345     15  326.9  332.2  327.2
  472.0   6302   -8.7  -24.5     27   1.12     10     13  327.8  331.9  328.0
  470.0   6335   -8.9  -24.9     26   1.09     18     13  327.9  331.9  328.1
  455.0   6588   -8.3  -42.1      5   0.21     75     13  331.6  332.5  331.7
  454.0   6605   -8.3  -43.3      4   0.18     76     13  331.9  332.6  331.9
  404.0   7503  -14.8  -46.1      5   0.15    135     22  334.8  335.4  334.8
  400.0   7580  -15.3  -46.3      5   0.15    135     23  335.0  335.6  335.1
  392.0   7732  -16.1  -46.1      6   0.16    134     24  335.9  336.6  335.9
  373.0   8104  -17.1  -50.1      4   0.11    132     26  339.4  339.8  339.4
  358.0   8404  -19.6  -50.8      4   0.10    130     27  340.0  340.4  340.0
  317.0   9294  -27.1  -52.8      7   0.09    130     27  341.6  342.0  341.6
  312.0   9411  -28.1  -53.1      7   0.09    124     26  341.8  342.2  341.8
  300.0   9690  -30.1  -51.1     11   0.12    110     25  342.8  343.4  342.9
  289.0   9955  -32.3  -47.3     21   0.19     97     26  343.4  344.2  343.4
  283.0  10102  -33.7  -47.7     23   0.18     90     27  343.4  344.2  343.5
  278.0  10227  -34.7  -41.7     49   0.36     84     28  343.8  345.2  343.8
  267.0  10506  -36.7  -43.3     50   0.31     70     29  344.9  346.2  344.9
  250.0  10960  -39.9  -45.9     53   0.25     75     26  346.6  347.7  346.7
  234.0  11399  -43.5                          70     18  347.7         347.7
  224.0  11688  -45.9                          45     20  348.4         348.4
  200.0  12440  -52.1                          40     31  350.1         350.1
  166.0  13621  -62.7                          36     45  351.5         351.5
  161.0  13808  -64.3                          35     47  352.0         352.0
  150.0  14240  -67.9                          40     58  352.9         352.9
  142.0  14566  -69.9                          44     69  355.0         355.0
  132.0  14995  -71.4                          50     84  359.9         359.9
  121.0  15505  -73.1                          64     72  365.8         365.8
  107.0  16210  -79.3                          83     54  367.1         367.1
  103.0  16424  -81.3                          88     48  367.3         367.3
  102.0  16479  -80.8                          90     47  369.3         369.3
  100.0  16590  -79.7                          95     41  373.5         373.5
   98.6  16671  -77.9                         104     38  378.5         378.5
   96.0  16823  -78.8                         120     31  379.6         379.6
   92.0  17066  -80.3                         120     27  381.2         381.2
   91.6  17091  -80.5                         122     27  381.4         381.4
   80.9  17799  -77.9                         186     12  400.5         400.5
   78.0  18011  -75.0                         205      8  410.8         410.8
   76.8  18101  -73.7                         215     11  415.2         415.2
   74.0  18321  -72.2                         240     19  422.9         422.9
   71.0  18566  -70.5                         225      9  431.5         431.5
   70.0  18650  -69.9                         235      6  434.5         434.5
   67.0  18912  -68.6                         305     12  442.7         442.7
   58.1  19765  -64.5                         280     37  470.4         470.4
   58.0  19775  -64.5                         280     37  470.6         470.6
   53.0  20319  -66.5                         280     39  478.3         478.3
   50.0  20670  -65.5                         280     40  488.7         488.7
   43.0  21597  -62.2                         260     37  518.2         518.2
   40.4  21980  -60.9                         265     35  530.9         530.9
   34.0  23051  -60.8                         280     30  558.1         558.1
   31.3  23565  -60.7                         298     26  571.6         571.6
   31.0  23625  -60.4                         300     25  574.0         574.0
   30.0  23830  -59.3                         310     23  582.4         582.4
   29.0  24044  -58.7                         320     22  589.7         589.7
   25.0  24981  -56.1                         265     24  622.6         622.6
   24.4  25134  -55.7                                     628.2         628.2
</PRE><H3>Station information and sounding indices</H3><PRE>
                         Station identifier: WIII
                             Station number: 96749
                           Observation time: 190808/0000
                           Station latitude: -6.11
                          Station longitude: 106.65
                          Station elevation: 8.0
                            Showalter index: 5.06
                               Lifted index: 3.01
    LIFT computed using virtual temperature: 2.63
                                SWEAT index: 157.80
                                    K index: 11.90
                         Cross totals index: 16.70
                      Vertical totals index: 20.50
                        Totals totals index: 37.20
      Convective Available Potential Energy: 0.00
             CAPE using virtual temperature: 0.00
                      Convective Inhibition: 0.00
             CINS using virtual temperature: -49.06
 Equilibrum Level using virtual temperature: 819.67
             LFCT using virtual temperature: 824.65
                     Bulk Richardson Number: 0.00
          Bulk Richardson Number using CAPV: 0.00
  Temp [K] of the Lifted Condensation Level: 289.38
Pres [hPa] of the Lifted Condensation Level: 898.64
   Equivalent potential temp [K] of the LCL: 336.58
     Mean mixed layer potential temperature: 298.37
              Mean mixed layer mixing ratio: 13.13
              1000 hPa to 500 hPa thickness: 5743.00
Precipitable water [mm] for entire sounding: 32.81
</PRE>
<P>Description of the 
<A HREF="/upperair/columns.html">data columns</A>
or <A HREF="/upperair/indices.html">sounding indices</A>.

<P>
<FORM>
<INPUT CLASS="button" TYPE="button" VALUE=" Close this window " 
 onClick="window.close();">
<INPUT CLASS="button" TYPE="button" VALUE=" Select another map " 
 onClick="window.blur();">
</FORM>
<HR SIZE="1">
<I>Interested in graduate studies in atmospheric science?
Check out our program at the
<a href="http://www.uwyo.edu/atsc/howtoapply/"
target=_top>University of Wyoming
</a></I>
<HR SIZE="1"><FONT SIZE="-1">
Questions about the weather data provided by this site can be
addressed to <A HREF="mailto:ldoolman@uwyo.edu">
Larry Oolman (ldoolman@uwyo.edu)</A></FONT>
<HR SIZE="1">
<SCRIPT TYPE="text/javascript">
<!--
window.focus();
// -->
</SCRIPT>
</BODY>
</HTML>
