2020-09-04 12
<HTML>
<TITLE>University of Wyoming - Radiosonde Data</TITLE>
<BODY BGCOLOR="white">
<H2>96749 WIII Jakarta Observations at 00Z 04 Sep 2020</H2>
<PRE>
-----------------------------------------------------------------------------
   PRES   HGHT   TEMP   DWPT   RELH   MIXR   DRCT   SKNT   THTA   THTE   THTV
    hPa     m      C      C      %    g/kg    deg   knot     K      K      K 
-----------------------------------------------------------------------------
 1010.0      8   25.4   23.7     90  18.67    260      1  297.7  352.1  301.0
 1000.0     97   26.0   22.5     81  17.50    270      4  299.1  350.4  302.3
  983.0    249   25.8   21.8     79  17.05    137      6  300.4  350.6  303.5
  977.0    303   25.4   21.6     79  16.88     90      7  300.6  350.3  303.6
  925.0    784   22.0   19.3     85  15.48     85     20  301.8  347.7  304.6
  882.0   1195   19.4   16.5     83  13.57     91     22  303.2  343.7  305.7
  850.0   1511   17.6   15.3     86  13.03     95     23  304.6  343.7  306.9
  822.0   1797   16.6   13.5     82  11.93    100     23  306.4  342.6  308.6
  789.0   2147   15.4   11.2     76  10.70     99     23  308.8  341.6  310.8
  751.0   2564   12.2    9.3     82   9.88     97     22  309.7  340.1  311.5
  700.0   3152   10.0    4.0     66   7.33     95     22  313.5  336.7  314.9
  699.0   3164   10.0    4.0     66   7.35     95     22  313.6  336.9  315.0
  650.0   3765    6.4   -1.6     57   5.26     93     22  316.2  333.2  317.2
  637.0   3930    5.2    0.5     72   6.27     93     22  316.6  336.8  317.8
  579.0   4704    0.8   -4.2     69   4.87     91     22  320.2  336.3  321.2
  562.0   4944    0.0   -9.0     51   3.46     90     22  322.0  333.7  322.7
  558.0   5001   -0.5   -5.5     69   4.57     90     22  322.1  337.4  323.0
  551.0   5101   -1.1   -6.6     66   4.25     90     22  322.5  336.8  323.3
  530.0   5411   -3.1  -10.1     58   3.37     88     22  323.8  335.2  324.4
  515.0   5638   -3.9  -14.9     42   2.35     87     23  325.5  333.7  325.9
  500.0   5870   -5.7  -16.7     42   2.08     85     23  326.0  333.4  326.4
  483.0   6140   -7.3  -22.3     29   1.33     83     23  327.3  332.1  327.6
  481.0   6173   -7.5  -22.5     29   1.31     82     23  327.4  332.2  327.7
  479.0   6205   -7.7  -17.7     45   2.00     82     23  327.6  334.7  328.0
  478.0   6221   -7.7  -13.7     62   2.79     82     23  327.8  337.5  328.3
  477.0   6237   -7.7  -19.7     38   1.69     82     23  328.0  334.1  328.3
  469.0   6369   -8.3  -11.9     75   3.29     81     23  328.8  340.3  329.5
  468.0   6386   -8.5   -9.9     90   3.87     81     23  328.8  342.1  329.5
  458.0   6553   -8.9  -14.9     62   2.64     79     23  330.3  339.6  330.8
  439.0   6880  -10.7  -14.4     74   2.87     76     23  332.1  342.2  332.6
  424.0   7147  -12.5  -16.6     71   2.48     74     23  333.1  341.9  333.6
  411.0   7384  -13.3  -23.3     43   1.43     72     23  335.0  340.3  335.3
  400.0   7590  -14.7  -25.7     39   1.19     70     23  335.8  340.3  336.0
  399.0   7609  -14.9  -23.9     46   1.40     70     23  335.8  341.0  336.1
  389.0   7801  -15.8  -32.1     23   0.67     75     22  337.0  339.7  337.2
  388.0   7820  -15.9  -32.9     22   0.62     75     22  337.2  339.6  337.3
  381.0   7957  -16.5  -32.5     24   0.66     78     22  338.1  340.7  338.3
  376.0   8056  -17.3  -26.3     45   1.19     80     22  338.4  342.9  338.6
  373.0   8117  -17.7  -24.7     54   1.39     82     21  338.6  343.8  338.9
  372.0   8137  -17.9  -23.9     59   1.50     82     21  338.6  344.2  338.9
  368.0   8217  -18.3  -31.3     31   0.76     84     21  339.1  342.1  339.3
  365.0   8279  -18.5  -27.5     45   1.10     85     21  339.6  343.9  339.9
  363.0   8320  -19.1  -25.1     59   1.38     86     21  339.4  344.6  339.6
  358.0   8423  -19.3  -31.3     34   0.79     88     21  340.4  343.5  340.6
  332.0   8978  -24.3  -32.3     48   0.77    100     20  341.0  344.0  341.2
  331.0   9000  -24.4  -33.1     45   0.72    100     20  341.1  343.9  341.3
  317.0   9314  -26.3  -44.3     17   0.24     96     23  342.8  343.8  342.8
  300.0   9710  -29.5  -50.5     11   0.12     90     27  343.7  344.2  343.7
  290.0   9953  -31.7  -51.7     12   0.11     90     26  343.9  344.4  343.9
  253.0  10908  -39.9  -48.9     38   0.18     90     21  345.4  346.2  345.5
  250.0  10990  -40.7                          90     21  345.4         345.4
  205.0  12297  -51.7                          95     26  348.2         348.2
  200.0  12460  -53.1                         100     27  348.5         348.5
  170.0  13480  -62.4                         105     27  349.7         349.7
  162.0  13783  -65.1                         101     30  350.0         350.0
  150.0  14250  -67.5                          95     36  353.6         353.6
  139.0  14695  -71.2                          90     41  354.9         354.9
  120.0  15554  -78.3                          95     46  357.1         357.1
  119.0  15601  -78.5                          95     46  357.6         357.6
  100.0  16580  -82.5                          80     32  368.1         368.1
   98.3  16676  -83.3                          80     34  368.3         368.3
   96.0  16807  -83.1                          85     36  371.2         371.2
   92.9  16990  -82.9                         100     39  375.1         375.1
   91.0  17107  -80.8                         110     41  381.6         381.6
   87.5  17329  -76.7                         102     41  394.0         394.0
   82.4  17676  -75.7                          91     41  402.9         402.9
   82.0  17705  -75.3                          90     41  404.2         404.2
   78.0  17998  -71.6                          70     23  417.7         417.7
   75.8  18166  -69.5                          51     18  425.6         425.6
   74.0  18309  -69.9                          35     14  427.8         427.8
   71.0  18556  -70.5                         330      3  431.5         431.5
   70.0  18640  -70.7                         310      1  432.8         432.8
   67.8  18829  -71.7                          63      2  434.6         434.6
   67.0  18899  -71.6                         105      3  436.3         436.3
   64.0  19170  -71.3                          40      8  442.7         442.7
   62.0  19358  -71.1                          53      7  447.2         447.2
   61.0  19455  -70.0                          60      7  451.7         451.7
   58.1  19746  -66.7                         152      8  465.5         465.5
   58.0  19757  -66.7                         155      8  465.7         465.7
   55.0  20077  -67.5                         160      5  470.9         470.9
   51.7  20449  -68.5                          89      8  477.1         477.1
   50.0  20650  -68.3                          50     10  482.1         482.1
   47.3  20984  -68.1                         356     14  490.3         490.3
   47.0  21023  -67.6                         350     14  492.5         492.5
   45.2  21260  -64.3                         296     19  505.9         505.9
   45.0  21288  -64.3                         290     20  506.6         506.6
   43.0  21567  -63.9                         285     19  514.2         514.2
   42.0  21713  -60.7                         258     18  525.5         525.5
   39.0  22175  -60.8                         175     16  536.5         536.5
   37.0  22503  -60.9                         175      9  544.4         544.4
   35.0  22849  -61.0                         260     18  552.8         552.8
   32.0  23408  -61.2                         250     34  566.7         566.7
   31.0  23606  -61.2                         235     27  571.7         571.7
   30.0  23810  -61.3                         235     22  577.0         577.0
   29.5  23914  -61.5                         239     20  579.2         579.2
   28.0  24239  -59.3                         250     15  593.9         593.9
   27.7  24307  -58.9                                     596.9         596.9
</PRE><H3>Station information and sounding indices</H3><PRE>
                         Station identifier: WIII
                             Station number: 96749
                           Observation time: 200904/0000
                           Station latitude: -6.11
                          Station longitude: 106.65
                          Station elevation: 8.0
                            Showalter index: -0.27
                               Lifted index: -2.73
    LIFT computed using virtual temperature: -3.40
                                SWEAT index: 252.60
                                    K index: 32.60
                         Cross totals index: 21.00
                      Vertical totals index: 23.30
                        Totals totals index: 44.30
      Convective Available Potential Energy: 615.83
             CAPE using virtual temperature: 760.69
                      Convective Inhibition: -25.79
             CINS using virtual temperature: -17.65
                           Equilibrum Level: 161.69
 Equilibrum Level using virtual temperature: 161.70
                   Level of Free Convection: 855.14
             LFCT using virtual temperature: 882.71
                     Bulk Richardson Number: 18.82
          Bulk Richardson Number using CAPV: 23.25
  Temp [K] of the Lifted Condensation Level: 294.14
Pres [hPa] of the Lifted Condensation Level: 933.03
   Equivalent potential temp [K] of the LCL: 350.23
     Mean mixed layer potential temperature: 300.04
              Mean mixed layer mixing ratio: 17.10
              1000 hPa to 500 hPa thickness: 5773.00
Precipitable water [mm] for entire sounding: 54.21
</PRE>
<P>Description of the 
<A HREF="/upperair/columns.html">data columns</A>
or <A HREF="/upperair/indices.html">sounding indices</A>.

<P>
<FORM>
<INPUT CLASS="button" TYPE="button" VALUE=" Close this window " 
 onClick="window.close();">
<INPUT CLASS="button" TYPE="button" VALUE=" Select another map " 
 onClick="window.blur();">
</FORM>
<HR SIZE="1">
<I>Interested in graduate studies in atmospheric science?
Check out our program at the
<a href="http://www.uwyo.edu/atsc/howtoapply/"
target=_top>University of Wyoming
</a></I>
<HR SIZE="1"><FONT SIZE="-1">
Questions about the weather data provided by this site can be
addressed to <A HREF="mailto:ldoolman@uwyo.edu">
Larry Oolman (ldoolman@uwyo.edu)</A></FONT>
<HR SIZE="1">
<SCRIPT TYPE="text/javascript">
<!--
window.focus();
// -->
</SCRIPT>
</BODY>
</HTML>
