2019-09-15 00
<HTML>
<TITLE>University of Wyoming - Radiosonde Data</TITLE>
<BODY BGCOLOR="white">
<H2>96749 WIII Jakarta Observations at 00Z 15 Sep 2019</H2>
<PRE>
-----------------------------------------------------------------------------
   PRES   HGHT   TEMP   DWPT   RELH   MIXR   DRCT   SKNT   THTA   THTE   THTV
    hPa     m      C      C      %    g/kg    deg   knot     K      K      K 
-----------------------------------------------------------------------------
 1011.0      8   22.2   19.4     84  14.23    190      3  294.4  335.3  296.9
 1000.0    106   23.2   18.4     74  13.50    155      7  296.4  335.5  298.8
  996.0    141   23.8   18.8     74  13.91    153      7  297.3  337.7  299.8
  984.0    247   24.0   18.0     69  13.38    148      6  298.5  337.6  300.9
  978.0    301   23.5   17.8     70  13.26    145      6  298.6  337.4  301.0
  925.0    785   19.4   15.7     79  12.27    125      5  299.1  335.2  301.3
  850.0   1506   14.4   12.4     88  10.75     95     10  301.2  333.1  303.2
  827.0   1737   12.6   11.5     93  10.41     83      9  301.7  332.7  303.6
  821.0   1799   11.2    8.0     81   8.26     80      9  300.8  325.5  302.3
  820.0   1809   11.0    7.7     80   8.10     79      9  300.7  324.9  302.2
  810.0   1911   12.4    7.8     74   8.26     65      9  303.3  328.2  304.8
  792.0   2100   11.8    3.7     58   6.34     40      8  304.5  324.0  305.7
  777.0   2260   11.2    0.2     47   5.02    358      6  305.6  321.2  306.5
  764.0   2400   11.4  -11.7     19   2.06    320      5  307.3  314.1  307.7
  763.0   2411   11.4  -12.6     17   1.91    317      5  307.4  313.7  307.8
  737.0   2700   11.4  -31.1      3   0.39    250     16  310.5  311.9  310.6
  735.0   2723   11.4  -32.6      3   0.34    251     17  310.7  312.0  310.8
  719.0   2906   12.8  -27.2      4   0.58    260     25  314.2  316.3  314.3
  716.0   2941   13.0  -22.0      7   0.92    261     27  314.8  318.1  315.0
  700.0   3130   11.2  -19.8     10   1.14    270     35  314.9  318.9  315.1
  694.0   3202   10.6  -18.4     11   1.30    272     35  315.0  319.5  315.2
  686.0   3298   10.2  -21.7      9   0.99    275     35  315.5  319.1  315.7
  650.0   3744    8.2  -36.8      2   0.25    287     21  318.2  319.2  318.2
  649.0   3757    8.2  -35.8      3   0.28    288     21  318.3  319.4  318.4
  618.0   4161    9.2  -36.8      2   0.27    299      8  324.0  325.0  324.0
  615.0   4200    8.9  -36.8      2   0.27    300      7  324.0  325.1  324.1
  593.0   4497    6.4  -36.9      3   0.28    285      6  324.6  325.6  324.6
  572.0   4790    3.9  -36.9      3   0.28    315      5  325.0  326.1  325.1
  551.0   5095    1.4  -37.0      4   0.29    100      5  325.5  326.6  325.6
  540.0   5259    0.0  -37.0      4   0.30    110      9  325.7  326.9  325.8
  530.0   5408   -0.8  -35.6      5   0.35    120     13  326.4  327.8  326.5
  518.0   5590   -1.9  -33.9      7   0.42    114     12  327.3  329.0  327.4
  500.0   5870   -4.7  -30.7     11   0.60    105     10  327.2  329.5  327.4
  455.0   6597  -11.7  -29.8     21   0.72     65     15  327.4  330.1  327.6
  444.0   6786  -13.5  -29.5     25   0.75     66     18  327.4  330.3  327.6
  404.0   7495  -18.0  -34.0     23   0.54     70     29  330.5  332.6  330.6
  400.0   7570  -18.5  -34.5     23   0.52     75     30  330.9  332.9  331.0
  384.0   7873  -20.7  -36.7     22   0.43     81     33  331.9  333.5  331.9
  378.0   7990  -21.3  -38.3     20   0.37     83     34  332.6  334.0  332.6
  366.0   8229  -19.9  -48.9      6   0.12     87     36  337.5  338.0  337.5
  360.0   8352  -19.5  -50.5      5   0.10     89     37  339.6  340.1  339.6
  358.0   8392  -19.8  -50.7      5   0.10     90     37  339.8  340.2  339.8
  303.0   9608  -29.1  -55.4      6   0.07     85     42  343.2  343.5  343.2
  300.0   9680  -29.7  -55.7      6   0.07     85     41  343.4  343.7  343.4
  279.0  10186  -34.0  -57.1      8   0.06    100     36  344.4  344.6  344.4
  252.0  10896  -40.1  -59.1     11   0.05     72     38  345.5  345.8  345.5
  250.0  10950  -40.5                          70     38  345.7         345.7
  214.0  11981  -49.8                          55     50  346.9         346.9
  200.0  12430  -53.9                          50     59  347.2         347.2
  169.0  13479  -62.7                          60     52  349.7         349.7
  159.0  13859  -65.9                          60     48  350.5         350.5
  150.0  14210  -68.5                          60     45  351.9         351.9
  135.0  14834  -73.1                          63     48  354.5         354.5
  125.0  15279  -76.0                          65     51  357.1         357.1
  117.0  15661  -78.5                          74     46  359.3         359.3
  112.0  15909  -79.6                          80     42  361.8         361.8
  108.0  16115  -80.5                          73     43  363.9         363.9
  106.0  16222  -77.6                          70     44  371.3         371.3
  104.0  16331  -74.7                          75     39  378.9         378.9
  100.0  16560  -72.9                          85     28  386.6         386.6
   96.0  16798  -74.1                          75     25  388.8         388.8
   91.0  17110  -75.7                          65     14  391.6         391.6
   89.8  17187  -76.1                          72     13  392.3         392.3
   84.2  17563  -72.7                         105      9  406.5         406.5
   78.0  18013  -72.6                         145      5  415.6         415.6
   74.0  18323  -72.6                         275     12  422.1         422.1
   71.0  18567  -72.5                         255     13  427.2         427.2
   70.0  18650  -72.5                         255     13  428.9         428.9
   61.5  19414  -70.5                         279     31  449.6         449.6
   61.0  19462  -70.7                         280     32  450.2         450.2
   55.0  20070  -72.7                         275     38  459.2         459.2
   50.0  20630  -74.5                         250     33  467.5         467.5
   49.4  20700  -75.1                         245     32  467.7         467.7
   49.0  20747  -75.0                         250     32  469.1         469.1
   45.0  21242  -74.0                         240     19  483.1         483.1
   40.4  21869  -72.7                         208     15  501.4         501.4
   40.0  21928  -72.2                         205     15  504.0         504.0
   35.0  22726  -66.1                         300     12  539.5         539.5
   33.5  22988  -64.1                         302     20  551.6         551.6
   31.0  23460  -64.4                         305     33  563.3         563.3
   30.0  23660  -64.5                         295     31  568.2         568.2
   25.0  24769  -63.9                         235     41  600.3         600.3
   24.9  24793  -63.9                         234     40  601.0         601.0
   23.2  25226  -61.7                         217     23  619.7         619.7
   22.0  25557  -56.9                         205     11  643.5         643.5
   21.9  25586  -56.5                         218     11  645.5         645.5
   21.1  25821  -55.1                         326     15  656.6         656.6
   21.0  25851  -55.2                         340     16  657.2         657.2
   20.0  26160  -56.5                         320     24  662.5         662.5
   18.4  26684  -60.1                         316     24  667.2         667.2
   18.0  26821  -60.3                         315     24  670.9         670.9
   17.0  27176  -60.7                         250     11  680.6         680.6
   16.0  27553  -61.1                         225     23  691.0         691.0
   14.8  28037  -61.7                         207     22  704.7         704.7
   14.0  28383  -59.3                         195     21  724.0         724.0
   13.8  28473  -58.7                                     729.1         729.1
</PRE><H3>Station information and sounding indices</H3><PRE>
                         Station identifier: WIII
                             Station number: 96749
                           Observation time: 190915/0000
                           Station latitude: -6.11
                          Station longitude: 106.65
                          Station elevation: 8.0
                            Showalter index: 5.16
                               Lifted index: 3.55
    LIFT computed using virtual temperature: 2.98
                                SWEAT index: 178.81
                                    K index: 0.50
                         Cross totals index: 17.10
                      Vertical totals index: 19.10
                        Totals totals index: 36.20
      Convective Available Potential Energy: 7.72
             CAPE using virtual temperature: 18.57
                      Convective Inhibition: -38.04
             CINS using virtual temperature: -30.79
                           Equilibrum Level: 810.47
 Equilibrum Level using virtual temperature: 760.95
                   Level of Free Convection: 842.77
             LFCT using virtual temperature: 850.07
                     Bulk Richardson Number: 1.05
          Bulk Richardson Number using CAPV: 2.52
  Temp [K] of the Lifted Condensation Level: 289.97
Pres [hPa] of the Lifted Condensation Level: 911.87
   Equivalent potential temp [K] of the LCL: 336.74
     Mean mixed layer potential temperature: 297.73
              Mean mixed layer mixing ratio: 13.41
              1000 hPa to 500 hPa thickness: 5764.00
Precipitable water [mm] for entire sounding: 29.32
</PRE>
<P>Description of the 
<A HREF="/upperair/columns.html">data columns</A>
or <A HREF="/upperair/indices.html">sounding indices</A>.

<P>
<FORM>
<INPUT CLASS="button" TYPE="button" VALUE=" Close this window " 
 onClick="window.close();">
<INPUT CLASS="button" TYPE="button" VALUE=" Select another map " 
 onClick="window.blur();">
</FORM>
<HR SIZE="1">
<I>Interested in graduate studies in atmospheric science?
Check out our program at the
<a href="http://www.uwyo.edu/atsc/howtoapply/"
target=_top>University of Wyoming
</a></I>
<HR SIZE="1"><FONT SIZE="-1">
Questions about the weather data provided by this site can be
addressed to <A HREF="mailto:ldoolman@uwyo.edu">
Larry Oolman (ldoolman@uwyo.edu)</A></FONT>
<HR SIZE="1">
<SCRIPT TYPE="text/javascript">
<!--
window.focus();
// -->
</SCRIPT>
</BODY>
</HTML>
