2019-01-09 12
<HTML>
<TITLE>University of Wyoming - Radiosonde Data</TITLE>
<BODY BGCOLOR="white">
<H2>96749 WIII Jakarta Observations at 00Z 09 Jan 2019</H2>
<PRE>
-----------------------------------------------------------------------------
   PRES   HGHT   TEMP   DWPT   RELH   MIXR   DRCT   SKNT   THTA   THTE   THTV
    hPa     m      C      C      %    g/kg    deg   knot     K      K      K 
-----------------------------------------------------------------------------
 1010.0      8   25.0   23.7     93  18.67    170      3  297.3  351.6  300.6
 1009.0     17   26.2   22.9     82  17.78    171      3  298.6  350.5  301.8
 1000.0    100   26.0   22.4     81  17.39    180      3  299.1  350.1  302.3
  977.0    304   24.8   21.7     83  17.03    345      3  299.9  350.0  303.0
  945.0    596   23.1   20.7     86  16.51    290      4  301.1  349.8  304.1
  925.0    784   22.0   20.0     88  16.19    305      5  301.8  349.7  304.7
  881.0   1204   20.0   17.1     84  14.14    320      2  303.9  346.2  306.5
  869.0   1323   19.4   16.3     82  13.60    359      2  304.5  345.3  307.0
  852.0   1492   18.1   15.8     86  13.40     55      1  304.9  345.2  307.4
  850.0   1512   18.0   15.7     86  13.37     75      1  305.0  345.2  307.4
  807.0   1956   14.6   13.1     91  11.88    112      3  305.9  341.8  308.1
  766.0   2396   12.6    8.7     77   9.30    150      5  308.4  336.9  310.1
  739.0   2698   11.2    5.7     69   7.81    125      9  310.0  334.3  311.5
  716.0   2965   10.0    3.0     62   6.68    125      9  311.5  332.5  312.8
  713.0   3000    9.8    3.4     64   6.88    125      9  311.7  333.4  313.0
  700.0   3153    9.2    5.0     75   7.87    105      7  312.6  337.4  314.1
  688.0   3296    8.6    3.8     72   7.37     95      7  313.6  336.9  315.0
  666.0   3565    7.6    1.6     66   6.49    106      8  315.3  336.1  316.6
  639.0   3902    5.3   -0.0     69   6.01    120      9  316.5  335.8  317.6
  600.0   4416    1.8   -2.5     73   5.34    122      9  318.2  335.6  319.2
  595.0   4483    1.4   -2.6     75   5.34    122      9  318.4  335.9  319.5
  565.0   4900    1.6  -13.4     32   2.42    123     10  323.4  331.8  323.9
  552.0   5087    0.0   -9.0     51   3.52    124     10  323.7  335.7  324.4
  538.0   5292   -1.5  -14.5     36   2.32    125     10  324.3  332.4  324.7
  531.0   5395   -2.3  -14.9     37   2.28    125     10  324.6  332.5  325.0
  520.0   5561   -3.5  -15.5     39   2.21    115      8  325.0  332.8  325.5
  512.0   5684   -4.7  -10.7     63   3.32    107      7  325.0  336.4  325.7
  506.0   5776   -4.9  -12.9     53   2.82    101      6  325.9  335.6  326.4
  501.0   5854   -4.9  -19.9     30   1.58     96      5  326.8  332.5  327.1
  500.0   5870   -4.9  -20.9     27   1.45     95      5  327.0  332.2  327.3
  492.0   5996   -5.8  -25.4     19   0.99    100      5  327.5  331.1  327.7
  485.0   6108   -6.5  -29.5     14   0.69    115      5  327.9  330.5  328.0
  473.0   6300   -7.8  -30.4     14   0.65    140      6  328.7  331.1  328.8
  428.0   7069  -12.9  -33.9     15   0.51    131      8  331.7  333.6  331.8
  421.0   7194  -13.4  -30.2     23   0.75    130      8  332.5  335.4  332.7
  415.0   7302  -13.9  -26.9     32   1.02    136      8  333.3  337.2  333.5
  400.0   7580  -15.5  -29.5     29   0.83    150      9  334.8  337.9  334.9
  393.0   7713  -16.3  -34.3     20   0.54    147     11  335.4  337.5  335.5
  389.0   7790  -16.9  -33.2     23   0.60    145     12  335.6  337.9  335.7
  375.0   8065  -19.1  -29.1     41   0.92    136      9  336.2  339.8  336.4
  373.0   8105  -19.4  -28.0     46   1.03    135      8  336.4  340.3  336.6
  372.0   8125  -19.5  -27.5     49   1.08    133      8  336.5  340.6  336.7
  366.0   8246  -19.9  -24.4     67   1.46    118      6  337.5  343.0  337.8
  359.0   8390  -20.2  -24.8     67   1.43    100      4  338.9  344.3  339.2
  358.0   8411  -20.3  -24.9     67   1.42    101      4  339.1  344.5  339.4
  353.0   8515  -20.3  -29.3     44   0.96    103      5  340.5  344.2  340.7
  330.0   9009  -24.3  -35.2     36   0.58    115      9  341.6  343.9  341.7
  317.0   9304  -26.7  -38.7     31   0.43     98     10  342.2  343.9  342.3
  304.0   9605  -29.4  -36.6     50   0.55     80     12  342.5  344.7  342.6
  301.0   9676  -30.1  -36.1     56   0.58     80     12  342.5  344.9  342.6
  300.0   9700  -30.3  -36.3     56   0.57     80     12  342.6  344.9  342.7
  291.0   9916  -32.1  -37.0     62   0.55     70     12  343.0  345.2  343.1
  288.0   9989  -32.7  -37.1     65   0.55     66     13  343.1  345.4  343.3
  284.0  10087  -33.3  -42.3     40   0.33     61     13  343.7  345.0  343.7
  279.0  10212  -34.3  -44.5     35   0.26     55     13  344.0  345.1  344.1
  272.0  10389  -35.7  -47.7     28   0.19     56     14  344.4  345.3  344.5
  256.0  10807  -39.2  -48.7     36   0.18     60     18  345.3  346.1  345.3
  253.0  10889  -39.9  -48.9     38   0.18     55     17  345.4  346.2  345.5
  250.0  10970  -40.5                          50     16  345.7         345.7
  214.0  12001  -48.3                          30     17  349.3         349.3
  200.0  12450  -51.7                          45     19  350.7         350.7
  178.0  13179  -57.6                          45     15  352.9         352.9
  170.0  13467  -60.0                          35      5  353.7         353.7
  161.0  13807  -62.7                         125      2  354.6         354.6
  154.0  14085  -65.0                         175      9  355.3         355.3
  150.0  14250  -66.3                         170     11  355.7         355.7
  146.0  14407  -67.4                         165     10  356.5         356.5
  139.0  14691  -69.5                         135     12  357.9         357.9
  119.0  15592  -76.0                         135     17  362.2         362.2
  108.0  16154  -80.1                         110     21  364.7         364.7
  100.0  16600  -83.3                         115     24  366.5         366.5
   83.0  17626  -88.1                         115     34  376.8         376.8
   82.0  17692  -88.0                         115     37  378.4         378.4
   78.0  17965  -87.4                         105     48  385.0         385.0
   75.7  18128  -87.1                          98     42  388.9         388.9
   73.0  18328  -85.6                          90     35  396.1         396.1
   71.3  18458  -84.7                          90     35  400.8         400.8
   70.0  18560  -82.5                          90     35  407.6         407.6
   67.7  18748  -78.7                          90     35  419.7         419.7
   59.0  19537  -75.5                          90     35  443.8         443.8
   57.6  19675  -74.9                          93     36  448.1         448.1
   51.7  20310  -69.1                         108     38  475.7         475.7
   51.0  20392  -68.9                         110     38  477.9         477.9
   50.0  20510  -68.7                         100     35  481.2         481.2
   48.7  20667  -69.9                          92     26  482.0         482.0
   47.4  20829  -67.9                          84     18  490.5         490.5
   46.0  21008  -68.1                          75      8  494.1         494.1
   44.0  21274  -68.5                         145      7  499.6         499.6
   42.0  21552  -68.8                         140     15  505.4         505.4
   41.7  21595  -68.9                         136     15  506.3         506.3
   38.4  22095  -62.7                          86     19  534.1         534.1
   38.0  22160  -62.5                          80     20  536.2         536.2
   34.0  22851  -60.2                          30     11  559.5         559.5
   33.0  23036  -59.6                         280      7  565.9         565.9
   31.5  23325  -58.7                         247      6  575.9         575.9
   31.0  23425  -59.0                         235      5  577.7         577.7
   30.0  23630  -59.7                         275      2  581.3         581.3
   28.4  23971  -61.1                         295      4  586.6         586.6
   28.0  24060  -61.1                         300      5  589.1         589.1
   26.6  24378  -60.9                         252      6  598.2         598.2
   26.0  24521  -59.8                         230      7  605.2         605.2
   25.4  24667  -58.7                         263      6  612.5         612.5
   25.2  24716  -57.3                         274      5  617.9         617.9
   25.0  24767  -57.3                         285      5  619.1         619.1
   23.0  25293  -57.8                         270      6  632.8         632.8
   22.5  25432  -57.9                         221      7  636.4         636.4
   22.0  25575  -57.2                         170      9  642.5         642.5
   21.0  25870  -55.9                         115      7  655.1         655.1
   20.0  26180  -54.5                         225      2  668.6         668.6
   19.0  26510  -53.3                          75      2  682.1         682.1
   18.0  26858  -52.1                                     696.6         696.6
</PRE><H3>Station information and sounding indices</H3><PRE>
                         Station identifier: WIII
                             Station number: 96749
                           Observation time: 190109/0000
                           Station latitude: -6.11
                          Station longitude: 106.65
                          Station elevation: 8.0
                            Showalter index: -0.06
                               Lifted index: -1.84
    LIFT computed using virtual temperature: -2.61
                                SWEAT index: 195.37
                                    K index: 34.40
                         Cross totals index: 20.60
                      Vertical totals index: 22.90
                        Totals totals index: 43.50
      Convective Available Potential Energy: 626.18
             CAPE using virtual temperature: 791.08
                      Convective Inhibition: -38.56
             CINS using virtual temperature: -30.68
                           Equilibrum Level: 217.47
 Equilibrum Level using virtual temperature: 217.54
                   Level of Free Convection: 839.11
             LFCT using virtual temperature: 848.12
                     Bulk Richardson Number: 183.47
          Bulk Richardson Number using CAPV: 231.79
  Temp [K] of the Lifted Condensation Level: 294.26
Pres [hPa] of the Lifted Condensation Level: 937.79
   Equivalent potential temp [K] of the LCL: 349.98
     Mean mixed layer potential temperature: 299.73
              Mean mixed layer mixing ratio: 17.14
              1000 hPa to 500 hPa thickness: 5770.00
Precipitable water [mm] for entire sounding: 52.36
</PRE>
<P>Description of the 
<A HREF="/upperair/columns.html">data columns</A>
or <A HREF="/upperair/indices.html">sounding indices</A>.

<P>
<FORM>
<INPUT CLASS="button" TYPE="button" VALUE=" Close this window " 
 onClick="window.close();">
<INPUT CLASS="button" TYPE="button" VALUE=" Select another map " 
 onClick="window.blur();">
</FORM>
<HR SIZE="1">
<I>Interested in graduate studies in atmospheric science?
Check out our program at the
<a href="http://www.uwyo.edu/atsc/howtoapply/"
target=_top>University of Wyoming
</a></I>
<HR SIZE="1"><FONT SIZE="-1">
Questions about the weather data provided by this site can be
addressed to <A HREF="mailto:ldoolman@uwyo.edu">
Larry Oolman (ldoolman@uwyo.edu)</A></FONT>
<HR SIZE="1">
<SCRIPT TYPE="text/javascript">
<!--
window.focus();
// -->
</SCRIPT>
</BODY>
</HTML>
