2022-05-14 12
<HTML>
<TITLE>University of Wyoming - Radiosonde Data</TITLE>
<BODY BGCOLOR="white">
<H2>96749 WIII Jakarta Observations at 00Z 14 May 2022</H2>
<PRE>
-----------------------------------------------------------------------------
   PRES   HGHT   TEMP   DWPT   RELH   MIXR   DRCT   SKNT   THTA   THTE   THTV
    hPa     m      C      C      %    g/kg    deg   knot     K      K      K 
-----------------------------------------------------------------------------
 1009.0      8   25.4   22.6     85  17.45    250      3  297.8  348.6  300.9
 1000.0     91   26.6   21.6     74  16.54    240      5  299.8  348.3  302.7
  977.0    297   26.6   19.0     63  14.35    185      5  301.8  344.3  304.3
  965.0    406   26.6   17.6     58  13.30    181      6  302.8  342.4  305.2
  948.0    563   25.0   20.4     76  16.19    176      7  302.7  350.9  305.7
  944.0    600   24.6   20.4     77  16.22    175      7  302.7  350.9  305.7
  931.0    721   23.4   20.2     82  16.29    185      7  302.7  351.1  305.6
  925.0    778   23.6   16.6     65  13.01    190      7  303.4  342.3  305.8
  904.0    978   23.6   12.6     50  10.24    228      5  305.4  336.4  307.3
  881.0   1202   21.8   13.6     59  11.23    270      3  305.9  339.9  307.9
  851.0   1502   19.5   14.9     75  12.72    130      1  306.4  344.9  308.8
  850.0   1512   19.4   15.0     76  12.77    125      1  306.4  345.1  308.8
  836.0   1655   18.2   15.1     82  13.08    162      1  306.6  346.2  309.1
  822.0   1800   17.5   10.4     63   9.73    200      1  307.4  337.2  309.2
  819.0   1831   17.4    9.4     59   9.12    218      1  307.6  335.6  309.3
  802.0   2011   16.2   14.6     90  13.20    324      2  308.2  348.4  310.6
  794.0   2096   15.8   13.7     87  12.59     15      2  308.7  347.1  311.0
  766.0   2400   14.5   10.6     77  10.58    350      3  310.4  343.1  312.4
  740.0   2692   13.2    7.6     69   8.92    295      6  312.1  339.9  313.8
  720.0   2924   12.2    5.2     62   7.76    310      8  313.4  337.9  314.9
  700.0   3160   10.6    5.7     72   8.27    325     10  314.2  340.3  315.8
  688.0   3304   10.0    4.6     69   7.78    330     10  315.0  339.7  316.5
  664.0   3599    8.7    2.3     64   6.84    335      6  316.8  338.7  318.1
  649.0   3789    7.8    0.8     61   6.29     40      3  317.9  338.2  319.1
  641.0   3890    7.0    0.8     65   6.37     75      1  318.1  338.7  319.3
  618.0   4190    4.7    0.8     76   6.61    185      1  318.8  340.2  320.1
  600.0   4432    2.8    0.8     87   6.81    142      4  319.3  341.4  320.6
  595.0   4500    2.5    0.2     85   6.59    130      5  319.7  341.1  320.9
  560.0   4989    0.0   -3.8     76   5.19    138      6  322.4  339.6  323.4
  532.0   5397   -2.5   -5.2     81   4.89    145      6  324.1  340.5  325.1
  500.0   5890   -5.5   -7.0     89   4.55    150      6  326.3  341.7  327.2
  493.0   6001   -6.1   -8.6     82   4.07    155      4  326.9  340.8  327.7
  485.0   6129   -6.7  -10.5     74   3.56    104      4  327.6  339.9  328.4
  475.0   6291   -7.9  -11.1     77   3.46     40      5  328.1  340.1  328.8
  430.0   7061  -13.5  -14.1     95   3.01     48      8  330.4  341.0  331.1
  422.0   7204  -14.6  -14.8     98   2.89     50      8  330.8  341.0  331.4
  420.0   7240  -14.9  -15.0     99   2.86     54      8  330.9  341.0  331.5
  414.0   7349  -15.3  -15.7     97   2.73     65      9  331.7  341.4  332.3
  410.0   7423  -16.1  -19.5     75   2.00     72     10  331.6  338.8  332.0
  406.0   7497  -15.3  -18.7     75   2.17     80     10  333.6  341.4  334.0
  400.0   7610  -15.5  -17.9     82   2.35     85     12  334.8  343.2  335.2
  379.0   8017  -17.5  -22.5     65   1.67     80     12  337.3  343.5  337.7
  319.0   9288  -26.7  -31.5     64   0.87     65     13  341.6  345.0  341.8
  318.0   9311  -26.9  -31.7     63   0.85     65     13  341.7  345.0  341.9
  300.0   9730  -29.7  -35.7     56   0.61     80     13  343.4  345.9  343.5
  293.0   9895  -31.0  -37.5     53   0.52     85     11  343.9  346.0  344.0
  253.0  10919  -38.9  -48.9     34   0.18     71     12  346.9  347.7  346.9
  250.0  11000  -39.7  -50.7     30   0.15     70     12  346.9  347.6  346.9
  236.0  11382  -43.0  -53.7     30   0.11     65     14  347.8  348.2  347.8
  200.0  12480  -52.3  -62.3     29   0.04     65     27  349.8  350.0  349.8
  187.0  12906  -55.8  -64.4     33   0.04     65     29  350.9  351.0  350.9
  166.0  13661  -62.1  -68.1     44   0.02     75     35  352.5  352.7  352.6
  155.0  14080  -65.9  -72.6     39   0.01     80     39  353.1  353.1  353.1
  150.0  14280  -67.7  -74.7     36   0.01     75     40  353.3  353.3  353.3
  114.0  15882  -79.0  -89.7     16   0.00    100     31  361.1  361.1  361.1
  111.0  16038  -80.1  -91.1     15   0.00     98     30  361.8  361.8  361.8
  108.0  16193  -79.7  -91.3     14   0.00     95     28  365.3  365.3  365.3
  100.0  16630  -78.7  -91.7     11   0.00    135     23  375.4  375.4  375.4
   97.0  16803  -79.3  -92.7     10   0.00    140     26  377.4  377.4  377.4
   92.0  17104  -80.5  -94.3      9   0.00    135     30  381.0  381.0  381.0
   91.0  17166  -80.7  -94.7      8   0.00    135     27  381.7  381.7  381.7
   87.0  17420  -80.6  -95.1      8   0.00    135     14  386.8  386.9  386.8
   83.1  17680  -80.5  -95.5      7   0.00    159     10  392.1  392.2  392.1
   83.0  17687  -80.4  -95.5      7   0.00    160     10  392.4  392.4  392.4
   79.0  17970  -77.8  -94.7      5   0.00     20      6  403.4  403.4  403.4
   75.0  18269  -75.1  -93.8      4   0.00    340      6  415.2  415.2  415.2
   74.5  18307  -74.7  -93.7      4   0.00    342      6  416.8  416.8  416.8
   71.0  18587  -75.2  -95.7      3   0.00    355      9  421.6  421.6  421.6
   70.0  18670  -75.3  -96.3      3   0.00      0      9  423.0  423.0  423.0
   67.0  18922  -77.1 -100.2      2   0.00     60      7  424.4  424.4  424.4
   65.7  19035  -77.9 -101.9      1   0.00     77      9  425.0  425.0  425.0
   64.0  19185  -77.4 -101.4      1   0.00    100     11  429.3  429.3  429.3
   61.0  19461  -76.6 -100.6      1   0.00     70      9  437.1  437.1  437.1
   58.7  19682  -75.9  -99.9      1   0.00     81     13  443.4  443.4  443.4
   55.0  20065  -72.0 -100.0      1   0.00    100     21  460.6  460.7  460.6
   51.5  20452  -68.1 -100.1      0   0.00     93     33  478.5  478.5  478.5
   50.0  20630  -67.9  -99.9      0   0.00     90     38  483.1  483.1  483.1
   41.0  21822  -68.0 -103.1      0   0.00     95     48  510.9  510.9  510.9
   38.6  22184  -68.1 -104.1      0   0.00                519.6  519.6  519.6
</PRE><H3>Station information and sounding indices</H3><PRE>
                         Station identifier: WIII
                             Station number: 96749
                           Observation time: 220514/0000
                           Station latitude: -6.11
                          Station longitude: 106.65
                          Station elevation: 8.0
                            Showalter index: -0.63
                               Lifted index: -0.82
    LIFT computed using virtual temperature: -0.97
                                SWEAT index: 187.98
                                    K index: 35.00
                         Cross totals index: 20.50
                      Vertical totals index: 24.90
                        Totals totals index: 45.40
      Convective Available Potential Energy: 104.88
             CAPE using virtual temperature: 128.64
                      Convective Inhibition: -257.79
             CINS using virtual temperature: -210.25
                           Equilibrum Level: 393.29
 Equilibrum Level using virtual temperature: 390.58
                   Level of Free Convection: 607.50
             LFCT using virtual temperature: 615.44
                     Bulk Richardson Number: 62.85
          Bulk Richardson Number using CAPV: 77.08
  Temp [K] of the Lifted Condensation Level: 291.39
Pres [hPa] of the Lifted Condensation Level: 891.05
   Equivalent potential temp [K] of the LCL: 345.53
     Mean mixed layer potential temperature: 301.17
              Mean mixed layer mixing ratio: 15.10
              1000 hPa to 500 hPa thickness: 5799.00
Precipitable water [mm] for entire sounding: 55.24
</PRE>
<P>Description of the 
<A HREF="/upperair/columns.html">data columns</A>
or <A HREF="/upperair/indices.html">sounding indices</A>.

<P>
<FORM>
<INPUT CLASS="button" TYPE="button" VALUE=" Close this window " 
 onClick="window.close();">
<INPUT CLASS="button" TYPE="button" VALUE=" Select another map " 
 onClick="window.blur();">
</FORM>
<HR SIZE="1">
<I>Interested in graduate studies in atmospheric science?
Check out our program at the
<a href="http://www.uwyo.edu/atsc/howtoapply/"
target=_top>University of Wyoming
</a></I>
<HR SIZE="1"><FONT SIZE="-1">
Questions about the weather data provided by this site can be
addressed to <A HREF="mailto:ldoolman@uwyo.edu">
Larry Oolman (ldoolman@uwyo.edu)</A></FONT>
<HR SIZE="1">
<SCRIPT TYPE="text/javascript">
<!--
window.focus();
// -->
</SCRIPT>
</BODY>
</HTML>
