2016-11-21 12
<HTML>
<TITLE>University of Wyoming - Radiosonde Data</TITLE>
<BODY BGCOLOR="white">
<H2>96749 WIII Jakarta Observations at 00Z 21 Nov 2016</H2>
<PRE>
-----------------------------------------------------------------------------
   PRES   HGHT   TEMP   DWPT   RELH   MIXR   DRCT   SKNT   THTA   THTE   THTV
    hPa     m      C      C      %    g/kg    deg   knot     K      K      K 
-----------------------------------------------------------------------------
 1008.0      8   25.8   23.9     89  18.94    180      4  298.3  353.6  301.6
 1000.0     75   25.0   22.4     86  17.39    200      8  298.1  348.9  301.2
  998.0     93   25.0   22.3     85  17.32    201      8  298.3  348.9  301.4
  987.0    191   26.0   22.6     82  17.85    205      9  300.3  352.8  303.5
  975.0    299   25.4   22.0     82  17.38    210      9  300.7  351.9  303.8
  925.0    764   22.6   19.3     82  15.48    125      7  302.4  348.4  305.2
  911.0    896   21.9   18.0     78  14.43    115      8  303.0  346.0  305.6
  869.0   1304   19.8   13.8     68  11.54    105     10  304.9  339.7  307.1
  850.0   1494   18.4   13.7     74  11.72    100     11  305.4  340.8  307.6
  792.0   2091   14.8   11.4     80  10.81     70      6  307.8  340.8  309.8
  764.0   2395   13.0   10.2     83  10.36     50      6  309.0  340.8  311.0
  737.0   2699   11.2    9.1     87   9.92     70      6  310.3  340.9  312.1
  700.0   3134    8.6    7.4     92   9.31     60      6  312.0  341.0  313.7
  667.0   3532    7.0    5.9     93   8.81     56      9  314.5  342.3  316.2
  662.0   3594    7.2    3.1     75   7.27     55     10  315.5  338.6  316.9
  659.0   3632    7.4    1.4     66   6.47     57     10  316.1  336.8  317.3
  638.0   3895    5.8    0.8     70   6.41     75      7  317.2  337.8  318.4
  567.0   4852    0.0   -1.3     91   6.18     46      8  321.2  341.5  322.4
  546.0   5154   -0.9   -4.4     77   5.08     37      8  323.6  340.6  324.6
  535.0   5316   -2.3   -3.6     91   5.51     32      9  323.9  342.2  324.9
  512.0   5663   -4.1   -5.4     91   5.03     21      9  325.8  342.7  326.8
  510.0   5694   -4.3   -6.0     88   4.81     20      9  325.9  342.1  326.9
  500.0   5850   -5.1   -9.2     73   3.83     20     12  326.8  339.9  327.5
  479.0   6187   -6.7  -11.2     70   3.41     24     12  328.8  340.6  329.5
  471.0   6319   -7.3  -12.2     68   3.20     26     12  329.6  340.8  330.3
  466.0   6402   -7.7  -11.4     75   3.45     27     12  330.2  342.2  330.9
  465.0   6419   -7.7   -9.3     88   4.09     28     12  330.4  344.5  331.2
  464.0   6436   -7.7  -12.5     68   3.17     28     12  330.6  341.7  331.2
  454.0   6605   -8.6  -14.0     65   2.86     30     12  331.5  341.6  332.1
  437.0   6901  -10.1  -16.7     59   2.38     10     11  333.2  341.7  333.7
  431.0   7008  -10.7  -17.7     56   2.22     14     11  333.8  341.8  334.2
  417.0   7262  -12.1  -21.1     47   1.71     22     12  335.2  341.5  335.5
  404.0   7504  -13.9  -22.9     47   1.51     30     12  335.9  341.5  336.2
  403.0   7523  -14.1  -24.1     43   1.36     29     12  335.9  340.9  336.1
  402.0   7542  -14.1  -25.1     39   1.25     28     11  336.1  340.8  336.4
  400.0   7580  -14.5  -24.5     42   1.32     25     10  336.1  341.0  336.3
  399.0   7599  -14.7  -19.7     66   2.02     25     10  336.0  343.4  336.4
  387.0   7829  -15.9  -21.9     60   1.72     22     10  337.4  343.8  337.8
  379.0   7986  -16.7  -22.7     60   1.64     20      9  338.4  344.5  338.7
  376.0   8046  -16.9  -23.9     55   1.48     19      9  338.9  344.5  339.2
  373.0   8106  -17.1  -25.1     50   1.34     18      9  339.4  344.5  339.7
  372.0   8126  -17.1  -29.1     35   0.93     18      9  339.6  343.3  339.8
  360.0   8371  -18.9  -29.9     37   0.89     15      9  340.4  343.9  340.6
  357.0   8433  -19.3  -29.3     41   0.95     14      9  340.7  344.4  340.9
  356.0   8454  -19.5  -27.5     49   1.13     13      8  340.7  345.1  340.9
  349.0   8601  -20.5  -34.5     27   0.59     11      8  341.3  343.7  341.4
  347.0   8643  -20.9  -36.9     22   0.47     11      8  341.3  343.2  341.4
  344.0   8707  -21.4  -32.9     35   0.70     10      8  341.6  344.4  341.7
  343.0   8728  -21.5  -31.5     40   0.81     10      8  341.6  344.8  341.8
  342.0   8750  -21.7  -29.7     48   0.96     10      8  341.6  345.4  341.9
  336.0   8880  -22.5  -35.5     30   0.56     11      8  342.3  344.5  342.4
  317.0   9303  -25.7  -37.8     31   0.47     15      8  343.6  345.5  343.6
  316.0   9326  -25.9  -37.9     32   0.46     19      8  343.6  345.5  343.7
  301.0   9676  -28.3  -33.1     63   0.79     76      4  345.1  348.2  345.2
  300.0   9700  -28.5  -32.9     66   0.80     80      4  345.1  348.3  345.3
  292.0   9890  -29.9  -34.4     65   0.71     85      2  345.7  348.6  345.9
  280.0  10186  -32.2  -36.8     63   0.58     40      3  346.7  349.1  346.8
  268.0  10494  -34.5  -39.3     61   0.47    140      4  347.7  349.6  347.8
  257.0  10790  -36.7  -41.7     60   0.38    165      6  348.6  350.2  348.7
  250.0  10980  -38.3  -46.3     43   0.24    170      7  349.0  350.0  349.0
  243.0  11175  -40.1  -48.1     42   0.20    171      8  349.1  350.0  349.2
  200.0  12470  -51.7                         175     12  350.7         350.7
  178.0  13199  -58.3                         180      6  351.9         351.9
  170.0  13487  -60.9                          15      2  352.2         352.2
  150.0  14270  -67.9                           5      5  352.9         352.9
  147.0  14385  -68.9                           0      5  353.2         353.2
  133.0  14952  -74.0                          40     13  354.4         354.4
  113.0  15877  -82.3                          15     19  355.9         355.9
  101.0  16514  -88.0                          35     18  356.5         356.5
  100.0  16570  -88.5                          35     17  356.5         356.5
   99.8  16581  -88.5                          35     17  356.7         356.7
   91.0  17079  -89.1                          75     19  365.1         365.1
   86.0  17383  -89.4                          65     20  370.4         370.4
   84.7  17466  -89.5                          71     22  371.8         371.8
   79.2  17832  -83.9                          95     32  390.6         390.6
   77.0  17988  -84.3                         105     36  392.9         392.9
   74.7  18156  -84.7                         102     36  395.5         395.5
   73.2  18268  -84.3                         100     36  398.6         398.6
   73.0  18283  -84.0                         100     36  399.4         399.4
   71.6  18391  -82.3                          95     30  405.4         405.4
   70.0  18520  -73.3                          90     24  427.2         427.2
   69.0  18605  -69.9                          95     17  436.3         436.3
   66.0  18873  -68.2                         250     11  445.5         445.5
   63.0  19153  -66.5                         235     16  455.3         455.3
   54.0  20085  -67.4                         270     27  473.6         473.6
   50.0  20550  -67.9                         265     28  483.1         483.1
   49.4  20622  -68.3                         266     26  483.8         483.8
   46.4  21001  -64.5                         269     15  501.7         501.7
   46.0  21054  -64.7                         270     13  502.5         502.5
   44.0  21324  -65.6                         235      5  506.7         506.7
   43.3  21422  -65.9                         263      6  508.2         508.2
   42.0  21610  -64.6                         315      8  516.0         516.0
   40.0  21911  -62.5                         290     12  528.5         528.5
   37.0  22391  -59.1                         284     24  549.0         549.0
   35.0  22738  -59.5                         280     32  556.7         556.7
   31.1  23475  -60.5                         257     30  573.2         573.2
   30.0  23700  -59.1                         250     30  582.9         582.9
   29.0  23915  -58.1                         235     25  591.4         591.4
   27.0  24368  -56.0                         220     11  609.5         609.5
   26.0  24607  -54.9                         260     14  619.3         619.3
   25.5  24730  -54.3                                     624.3         624.3
</PRE><H3>Station information and sounding indices</H3><PRE>
                         Station identifier: WIII
                             Station number: 96749
                           Observation time: 161121/0000
                           Station latitude: -6.11
                          Station longitude: 106.65
                          Station elevation: 8.0
                            Showalter index: 1.47
                               Lifted index: -2.46
    LIFT computed using virtual temperature: -2.87
                                SWEAT index: 198.39
                                    K index: 36.00
                         Cross totals index: 18.80
                      Vertical totals index: 23.50
                        Totals totals index: 42.30
      Convective Available Potential Energy: 468.01
             CAPE using virtual temperature: 580.44
                      Convective Inhibition: -47.16
             CINS using virtual temperature: -29.00
                           Equilibrum Level: 234.88
 Equilibrum Level using virtual temperature: 231.05
                   Level of Free Convection: 821.38
             LFCT using virtual temperature: 855.75
                     Bulk Richardson Number: 26.39
          Bulk Richardson Number using CAPV: 32.73
  Temp [K] of the Lifted Condensation Level: 294.47
Pres [hPa] of the Lifted Condensation Level: 936.30
   Equivalent potential temp [K] of the LCL: 351.16
     Mean mixed layer potential temperature: 300.08
              Mean mixed layer mixing ratio: 17.40
              1000 hPa to 500 hPa thickness: 5775.00
Precipitable water [mm] for entire sounding: 57.61
</PRE>
<P>Description of the 
<A HREF="/upperair/columns.html">data columns</A>
or <A HREF="/upperair/indices.html">sounding indices</A>.

<P>
<FORM>
<INPUT CLASS="button" TYPE="button" VALUE=" Close this window " 
 onClick="window.close();">
<INPUT CLASS="button" TYPE="button" VALUE=" Select another map " 
 onClick="window.blur();">
</FORM>
<HR SIZE="1">
<I>Interested in graduate studies in atmospheric science?
Check out our program at the
<a href="http://www.uwyo.edu/atsc/howtoapply/"
target=_top>University of Wyoming
</a></I>
<HR SIZE="1"><FONT SIZE="-1">
Questions about the weather data provided by this site can be
addressed to <A HREF="mailto:ldoolman@uwyo.edu">
Larry Oolman (ldoolman@uwyo.edu)</A></FONT>
<HR SIZE="1">
<SCRIPT TYPE="text/javascript">
<!--
window.focus();
// -->
</SCRIPT>
</BODY>
</HTML>
