2021-10-25 00
<HTML>
<TITLE>University of Wyoming - Radiosonde Data</TITLE>
<BODY BGCOLOR="white">
<H2>96749 WIII Jakarta Observations at 00Z 25 Oct 2021</H2>
<PRE>
-----------------------------------------------------------------------------
   PRES   HGHT   TEMP   DWPT   RELH   MIXR   DRCT   SKNT   THTA   THTE   THTV
    hPa     m      C      C      %    g/kg    deg   knot     K      K      K 
-----------------------------------------------------------------------------
 1010.0      8   26.2   24.8     92  19.98    200      3  298.5  356.9  302.1
 1000.0     93   26.0   23.3     85  18.39    175      5  299.1  353.1  302.4
  988.0    200   26.2   21.8     77  16.96    167      5  300.4  350.3  303.4
  977.0    299   25.7   21.5     78  16.86    160      5  300.8  350.5  303.8
  925.0    781   23.0   20.2     84  16.40    240      3  302.8  351.6  305.8
  915.0    876   22.2   19.5     85  15.86    236      3  302.9  350.1  305.8
  912.0    905   22.1   18.6     80  14.97    235      3  303.2  347.8  305.9
  904.0    981   22.0   16.0     69  12.81    213      2  303.8  342.1  306.1
  882.0   1195   20.4   16.5     79  13.59    150      1  304.2  344.9  306.7
  854.0   1474   18.2   17.2     94  14.68    111      4  304.8  348.8  307.5
  850.0   1514   18.0   16.9     93  14.46    105      4  305.0  348.4  307.6
  822.0   1799   16.2   14.8     91  13.04     70      7  306.0  345.4  308.4
  794.0   2095   14.3   12.6     89  11.69     65     10  307.1  342.6  309.2
  769.0   2367   12.6   10.6     88  10.54     66     12  308.0  340.2  310.0
  702.0   3131    9.8    2.8     62   6.71     70     19  313.1  334.3  314.3
  700.0   3155    9.8    2.8     62   6.73     70     19  313.3  334.6  314.6
  664.0   3592    7.2   -4.8     42   4.05     75     15  315.1  328.4  315.9
  663.0   3605    7.1   -4.8     43   4.07     75     15  315.2  328.5  315.9
  642.0   3869    5.0   -4.0     52   4.45     90     11  315.7  330.2  316.6
  636.0   3946    4.4   -0.2     72   5.97     95     10  315.9  335.1  317.0
  618.0   4180    3.6   -4.4     56   4.49    108      7  317.5  332.3  318.4
  616.0   4206    3.4   -3.4     61   4.87    110      7  317.6  333.5  318.6
  612.0   4259    3.0   -1.3     73   5.72    109      8  317.7  336.3  318.8
  610.0   4286    2.8   -1.4     74   5.69    109      8  317.8  336.3  318.9
  603.0   4380    3.0   -7.0     48   3.77    107      9  319.1  331.6  319.8
  594.0   4501    2.5   -6.2     53   4.08    105     10  319.8  333.4  320.6
  590.0   4556    2.2   -5.8     55   4.23    103     10  320.1  334.2  321.0
  579.0   4708    2.0  -15.0     27   2.07     99     11  321.6  328.8  322.1
  570.0   4835    1.2  -10.8     40   2.96     96     12  322.1  332.2  322.7
  552.0   5093    0.6  -21.4     17   1.26     89     13  324.4  328.9  324.6
  548.0   5151    0.0  -11.0     43   3.03     87     14  324.4  334.8  325.0
  542.0   5240   -0.1  -19.1     22   1.57     85     14  325.3  330.9  325.6
  531.0   5403   -1.5  -17.9     27   1.76     80     15  325.5  331.8  325.9
  512.0   5693   -3.9  -15.9     39   2.17     86     14  326.0  333.6  326.4
  505.0   5802   -4.5  -21.5     25   1.37     88     14  326.6  331.5  326.8
  500.0   5880   -5.1  -17.1     38   2.01     90     14  326.8  333.9  327.2
  497.0   5927   -5.5  -19.5     32   1.65     90     14  326.8  332.8  327.2
  478.0   6232   -7.5  -17.5     45   2.04     90     12  328.0  335.3  328.4
  477.0   6248   -7.7  -20.7     34   1.55     90     12  328.0  333.6  328.3
  471.0   6347   -8.5  -13.4     68   2.90     90     11  328.2  338.3  328.7
  464.0   6463   -9.1  -12.9     74   3.07     90     11  328.8  339.5  329.4
  463.0   6480   -9.3  -11.9     81   3.34     90     11  328.8  340.4  329.4
  462.0   6496   -9.5  -14.5     67   2.71     90     11  328.7  338.2  329.3
  461.0   6513   -8.9  -18.9     44   1.87     90     10  329.7  336.4  330.1
  460.0   6530   -9.1  -31.1     15   0.62     90     10  329.6  332.0  329.8
  459.0   6547   -9.1  -31.1     15   0.63     90     10  329.9  332.2  330.0
  458.0   6564   -9.3  -31.3     15   0.61     90     10  329.8  332.2  329.9
  456.0   6597   -9.5  -26.5     24   0.97     90     10  330.0  333.6  330.2
  455.0   6614   -9.7  -17.7     52   2.10     90     10  329.9  337.4  330.3
  454.0   6631   -9.7  -19.7     44   1.78     91     10  330.1  336.5  330.5
  447.0   6751   -9.7  -26.7     24   0.97     94      9  331.6  335.2  331.8
  421.0   7209  -12.7  -28.6     25   0.86    105      7  333.5  336.7  333.6
  400.0   7600  -15.3  -30.3     27   0.77     95      8  335.0  338.0  335.2
  374.0   8102  -18.2  -36.0     19   0.48     90      6  337.7  339.6  337.8
  363.0   8325  -19.5  -38.5     17   0.38    107      5  338.8  340.4  338.9
  356.0   8469  -20.9  -30.9     40   0.82    118      5  338.8  342.0  339.0
  345.0   8700  -22.1  -40.1     18   0.34    135      4  340.3  341.6  340.3
  331.0   8999  -24.2  -41.0     20   0.32     95      3  341.4  342.7  341.4
  318.0   9289  -26.3  -42.0     21   0.30    205      2  342.4  343.7  342.5
  305.0   9591  -28.4  -42.9     24   0.28      0      3  343.5  344.7  343.6
  300.0   9710  -29.3  -43.3     25   0.28    355      5  344.0  345.1  344.0
  292.0   9901  -30.7  -46.7     19   0.20    350      6  344.7  345.5  344.7
  280.0  10199  -32.8  -51.9     13   0.11    340     13  345.7  346.2  345.7
  269.0  10482  -34.9  -56.9      9   0.06    335     17  346.7  347.0  346.7
  250.0  10990  -39.5  -62.5      7   0.03    325     23  347.2  347.4  347.2
  232.0  11495  -44.1  -65.1      8   0.03    332     20  347.7  347.8  347.7
  225.0  11696  -45.9  -64.4     11   0.03    335     19  348.1  348.2  348.1
  215.0  11995  -48.5  -63.4     16   0.04    350     17  348.5  348.7  348.5
  200.0  12470  -52.7  -61.7     33   0.05      0     18  349.1  349.4  349.2
  198.0  12535  -53.3  -60.3     42   0.06      0     18  349.2  349.5  349.2
  178.0  13196  -59.0  -66.0     40   0.03      0     21  350.6  350.7  350.6
  162.0  13782  -64.1  -71.1     38   0.02      0     16  351.6  351.6  351.6
  154.0  14096  -66.9  -73.9     37   0.01     20     14  352.0  352.1  352.0
  150.0  14260  -68.3  -75.3     36   0.01     30     16  352.2  352.3  352.2
  139.0  14712  -72.3  -79.3     34   0.01     33     14  353.0  353.0  353.0
  132.0  15011  -74.5  -82.2     30   0.00     35     13  354.3  354.3  354.3
  126.0  15281  -76.4  -84.8     26   0.00     25      9  355.5  355.5  355.5
  120.0  15563  -78.5  -87.5     22   0.00      4      6  356.7  356.7  356.7
  119.0  15610  -78.9  -87.9     22   0.00      0      6  356.8  356.8  356.8
  113.0  15903  -81.5  -90.5     21   0.00     25      7  357.4  357.4  357.4
  112.0  15953  -81.9  -90.9     21   0.00     28      8  357.5  357.5  357.5
  102.0  16479  -80.6  -91.2     16   0.00     55     17  369.7  369.7  369.7
  100.0  16590  -80.3  -91.3     15   0.00     55     15  372.3  372.3  372.3
   96.0  16820  -81.0  -92.8     13   0.00     80      9  375.4  375.4  375.4
   95.1  16873  -81.1  -93.1     12   0.00     95      9  376.1  376.2  376.1
   92.8  17011  -80.7  -92.7     12   0.00    134     10  379.6  379.6  379.6
   91.7  17079  -76.9  -91.9      8   0.00    153     10  388.4  388.4  388.4
   91.0  17123  -76.9  -91.9      8   0.00    165     10  389.2  389.2  389.2
   87.0  17382  -77.2  -92.2      8   0.00    175     17  393.7  393.7  393.7
   82.6  17680  -77.5  -92.5      8   0.00    175      7  398.9  398.9  398.9
   82.0  17722  -76.2  -92.7      6   0.00    175      6  402.4  402.4  402.4
   81.0  17793  -74.1  -93.1      4   0.00    204     10  408.1  408.2  408.1
   78.0  18015  -72.8  -91.3      5   0.00    295     22  415.2  415.2  415.2
   75.8  18182  -71.9  -89.9      5   0.00    290     26  420.6  420.6  420.6
   71.0  18567  -73.5  -95.4      2   0.00    280     35  425.2  425.2  425.2
   70.9  18575  -73.5  -95.5      2   0.00    280     35  425.3  425.3  425.3
   70.0  18650  -73.3  -97.3      2   0.00    280     33  427.2  427.2  427.2
   67.0  18909  -70.6  -98.1      1   0.00    285     22  438.5  438.5  438.5
   65.0  19088  -68.7  -98.7      1   0.00    272     24  446.4  446.4  446.4
   64.0  19181  -68.8  -98.9      1   0.00    265     25  448.1  448.1  448.1
   58.0  19767  -69.7 -100.2      1   0.00    250     34  459.1  459.1  459.1
   55.0  20083  -70.1 -101.0      0   0.00    250     33  465.1  465.1  465.1
   53.7  20226  -70.3 -101.3      0   0.00    246     28  467.8  467.8  467.8
   52.0  20417  -70.1 -101.1      0   0.00    240     22  472.5  472.5  472.5
   50.0  20650  -69.9 -100.9      0   0.00    180     16  478.4  478.4  478.4
   49.7  20686  -70.1 -101.1      0   0.00    180     15  478.7  478.7  478.7
   47.0  21026  -66.0  -98.0      0   0.00    185     10  496.2  496.2  496.2
   45.0  21291  -62.8  -95.5      1   0.00    190      4  510.2  510.2  510.2
   44.2  21400  -61.5  -94.5      1   0.00    158     10  516.0  516.0  516.0
   43.0  21572  -61.2  -94.5      1   0.00    110     19  520.9  520.9  520.9
   40.6  21930  -60.5  -94.5      0   0.00     92     21  531.2  531.2  531.2
   39.0  22179  -61.5  -95.3      0   0.00     80     22  534.6  534.7  534.6
   37.0  22505  -62.9  -96.3      0   0.00     95     26  539.2  539.2  539.2
   35.1  22831  -64.3  -97.3      0   0.00     85     31  543.8  543.8  543.8
   34.0  23028  -62.0  -95.6      0   0.00     70     37  554.8  554.9  554.8
   33.3  23157  -60.5  -94.5      0   0.00     75     39  562.1  562.1  562.1
   31.0  23605  -60.1  -94.1      0   0.00     90     47  574.8  574.9  574.8
   30.0  23810  -59.9  -93.9      0   0.00     95     51  580.8  580.8  580.8
   29.0  24021  -59.9  -93.9      0   0.00     95     53  586.4  586.4  586.4
   28.4  24151  -59.9  -93.9      0   0.00     95     50  589.9  590.0  589.9
   28.0  24241  -59.5  -93.6      0   0.00     95     48  593.4  593.4  593.4
   25.0  24960  -56.4  -91.1      1   0.00     95     60  622.0  622.0  622.0
   22.0  25772  -52.8  -88.3      1   0.01     90     53  655.7  655.8  655.7
   20.4  26251  -50.7  -86.7      1   0.01     94     63  676.4  676.5  676.4
   20.0  26380  -50.1  -86.1      1   0.01     95     65  682.1  682.2  682.1
   18.9  26748  -51.9  -87.9      1   0.01     94     63  687.6  687.7  687.6
   13.1  29151  -46.5  -83.5      1   0.03     90     53  782.1  782.5  782.1
   13.0  29202  -46.4                          90     53  784.3         784.3
   12.8  29305  -46.1                                     788.7         788.7
</PRE><H3>Station information and sounding indices</H3><PRE>
                         Station identifier: WIII
                             Station number: 96749
                           Observation time: 211025/0000
                           Station latitude: -6.11
                          Station longitude: 106.65
                          Station elevation: 8.0
                            Showalter index: -1.46
                               Lifted index: -2.58
    LIFT computed using virtual temperature: -3.30
                                SWEAT index: 224.81
                                    K index: 33.00
                         Cross totals index: 22.00
                      Vertical totals index: 23.10
                        Totals totals index: 45.10
      Convective Available Potential Energy: 777.05
             CAPE using virtual temperature: 966.45
                      Convective Inhibition: -43.61
             CINS using virtual temperature: -33.25
                           Equilibrum Level: 166.93
 Equilibrum Level using virtual temperature: 166.45
                   Level of Free Convection: 849.21
             LFCT using virtual temperature: 858.55
                     Bulk Richardson Number: 71.86
          Bulk Richardson Number using CAPV: 89.38
  Temp [K] of the Lifted Condensation Level: 294.41
Pres [hPa] of the Lifted Condensation Level: 932.45
   Equivalent potential temp [K] of the LCL: 351.52
     Mean mixed layer potential temperature: 300.36
              Mean mixed layer mixing ratio: 17.42
              1000 hPa to 500 hPa thickness: 5787.00
Precipitable water [mm] for entire sounding: 51.50
</PRE>
<P>Description of the 
<A HREF="/upperair/columns.html">data columns</A>
or <A HREF="/upperair/indices.html">sounding indices</A>.

<P>
<FORM>
<INPUT CLASS="button" TYPE="button" VALUE=" Close this window " 
 onClick="window.close();">
<INPUT CLASS="button" TYPE="button" VALUE=" Select another map " 
 onClick="window.blur();">
</FORM>
<HR SIZE="1">
<I>Interested in graduate studies in atmospheric science?
Check out our program at the
<a href="http://www.uwyo.edu/atsc/howtoapply/"
target=_top>University of Wyoming
</a></I>
<HR SIZE="1"><FONT SIZE="-1">
Questions about the weather data provided by this site can be
addressed to <A HREF="mailto:ldoolman@uwyo.edu">
Larry Oolman (ldoolman@uwyo.edu)</A></FONT>
<HR SIZE="1">
<SCRIPT TYPE="text/javascript">
<!--
window.focus();
// -->
</SCRIPT>
</BODY>
</HTML>
