2018-08-21 00
<HTML>
<TITLE>University of Wyoming - Radiosonde Data</TITLE>
<BODY BGCOLOR="white">
<H2>96749 WIII Jakarta Observations at 00Z 21 Aug 2018</H2>
<PRE>
-----------------------------------------------------------------------------
   PRES   HGHT   TEMP   DWPT   RELH   MIXR   DRCT   SKNT   THTA   THTE   THTV
    hPa     m      C      C      %    g/kg    deg   knot     K      K      K 
-----------------------------------------------------------------------------
 1010.0      8   24.4   22.0     86  16.79    120      2  296.7  345.4  299.7
 1009.0     17   25.2   20.2     74  15.00    122      3  297.6  341.2  300.3
 1000.0    100   25.4   19.4     69  14.39    140      7  298.6  340.6  301.1
  925.0    778   20.6   16.9     79  13.27    140     10  300.4  339.5  302.8
  917.0    854   20.4   17.5     83  13.92    139      9  300.9  342.0  303.4
  894.0   1074   20.0   14.0     68  11.36    137      7  302.7  336.6  304.8
  881.0   1201   19.2   12.2     64  10.27    135      6  303.1  333.9  305.0
  866.0   1350   18.2   10.2     60   9.10    147      6  303.6  331.0  305.2
  851.0   1500   16.9   12.6     76  10.91    160      5  303.7  336.5  305.7
  850.0   1510   16.8   12.8     77  11.04    165      4  303.7  336.9  305.8
  836.0   1651   15.6   13.3     86  11.61    193      5  303.9  338.7  306.0
  776.0   2279   12.8    8.7     76   9.18    321      7  307.4  335.5  309.1
  771.0   2333   13.2    5.2     58   7.24    332      8  308.4  330.9  309.8
  765.0   2398   13.2    4.6     56   7.01    345      8  309.1  330.9  310.4
  748.0   2587   13.0    3.0     51   6.39    342      9  310.9  331.0  312.1
  712.0   2998   11.0    0.2     47   5.47    335     10  313.1  330.6  314.1
  705.0   3080   10.6   -0.4     46   5.30    329      9  313.6  330.5  314.6
  700.0   3139   10.0    0.0     50   5.50    325      8  313.5  331.1  314.6
  662.0   3598    5.8   -2.9     53   4.68    300      8  313.9  329.0  314.8
  641.0   3863    3.4   -4.6     56   4.26    326      5  314.0  327.8  314.8
  638.0   3901    3.8   -8.2     41   3.25    330      5  314.9  325.6  315.5
  635.0   3939    4.2  -11.8     30   2.45    337      5  315.8  324.0  316.2
  616.0   4186    4.2  -27.8      8   0.64     23      8  318.5  320.9  318.6
  615.0   4199    4.2  -27.5      8   0.66     25      8  318.6  321.0  318.8
  593.0   4494    3.0  -20.1     16   1.31     25      9  320.6  325.3  320.9
  585.0   4604    2.6  -17.4     21   1.68     37     10  321.4  327.3  321.7
  566.0   4871    2.8  -28.2      8   0.67     65     11  324.7  327.2  324.8
  550.0   5102    1.1  -24.4     13   0.97     90     12  325.3  328.9  325.5
  540.0   5249    0.0  -22.0     17   1.22     89     13  325.7  330.2  326.0
  500.0   5860   -4.5  -27.5     15   0.80     85     18  327.5  330.5  327.6
  491.0   6002   -5.5  -28.9     14   0.72     85     15  328.0  330.7  328.1
  458.0   6544   -9.3  -34.3     11   0.46     96     19  329.8  331.6  329.9
  421.0   7189  -12.7  -41.4      7   0.24    110     23  333.5  334.5  333.6
  400.0   7580  -14.7  -45.7      5   0.16    100     21  335.8  336.5  335.8
  313.0   9387  -27.9  -45.9     16   0.20     74     33  341.8  342.6  341.8
  300.0   9690  -30.7  -47.7     17   0.17     70     35  342.0  342.7  342.0
  256.0  10789  -39.9  -51.0     29   0.14     45     40  344.3  344.9  344.3
  255.0  10816  -40.1  -51.1     30   0.14     45     41  344.4  344.9  344.4
  250.0  10950  -40.5                          45     44  345.7         345.7
  200.0  12430  -53.3                          55     32  348.2         348.2
  195.0  12588  -54.6                          60     30  348.6         348.6
  153.0  14097  -67.3                         105     32  352.0         352.0
  150.0  14220  -68.3                         105     34  352.2         352.2
  108.0  16126  -81.1                         100     33  362.7         362.7
  107.0  16179  -80.9                          95     33  364.1         364.1
  100.0  16560  -79.5                          85     28  373.9         373.9
   92.3  17020  -76.9                          74     23  387.7         387.7
   87.4  17333  -79.3                          67     19  388.9         388.9
   86.0  17426  -78.3                          65     18  392.9         392.9
   82.0  17702  -75.2                          40      6  404.5         404.5
   79.4  17889  -73.1                          54      6  412.6         412.6
   74.0  18303  -73.5                          85      5  420.2         420.2
   73.2  18367  -73.5                          92      5  421.4         421.4
   70.0  18630  -72.3                         120      5  429.4         429.4
   65.4  19030  -70.7                          86     22  441.3         441.3
   64.0  19159  -69.1                          75     27  447.5         447.5
   61.6  19387  -66.3                          78     28  458.7         458.7
   59.2  19626  -66.7                          80     28  463.0         463.0
   58.3  19719  -64.3                          81     28  470.4         470.4
   55.0  20076  -63.3                          85     29  480.6         480.6
   52.0  20420  -62.4                         110     32  490.6         490.6
   50.0  20660  -61.7                         115     34  497.7         497.7
   47.0  21046  -59.7                         120     37  511.3         511.3
   44.1  21443  -57.7                         115     39  525.6         525.6
   35.8  22752  -59.1                          97     47  554.2         554.2
   31.0  23663  -55.4                          85     52  587.6         587.6
   30.0  23870  -54.5                          85     52  595.5         595.5
   27.0  24550  -51.9                          75     24  621.1         621.1
   26.2  24745  -51.1                          43     10  628.6         628.6
   26.0  24794  -51.2                          35      7  629.7         629.7
   24.0  25312  -52.1                         265     10  641.7         641.7
   23.0  25587  -52.5                         250     12  648.2         648.2
   22.0  25874  -53.0                         175      2  655.0         655.0
   21.0  26175  -53.6                           0      0  662.2         662.2
   20.0  26490  -54.1                         140      8  669.8         669.8
   19.9  26522  -54.3                         138      8  670.2         670.2
   19.2  26751  -54.9                         120     11  675.2         675.2
   19.0  26819  -53.9                         115     12  680.2         680.2
   18.5  26990  -51.5                         149     15  693.0         693.0
   17.0  27540  -51.2                         255     24  711.0         711.0
   16.0  27934  -51.0                         260     20  724.1         724.1
   15.7  28057  -50.9                                     728.3         728.3
</PRE><H3>Station information and sounding indices</H3><PRE>
                         Station identifier: WIII
                             Station number: 96749
                           Observation time: 180821/0000
                           Station latitude: -6.11
                          Station longitude: 106.65
                          Station elevation: 8.0
                            Showalter index: 3.72
                               Lifted index: 2.24
    LIFT computed using virtual temperature: 1.62
                                SWEAT index: 179.61
                                    K index: 24.10
                         Cross totals index: 17.30
                      Vertical totals index: 21.30
                        Totals totals index: 38.60
      Convective Available Potential Energy: 1.71
             CAPE using virtual temperature: 10.38
                      Convective Inhibition: -193.58
             CINS using virtual temperature: -143.93
                           Equilibrum Level: 637.52
 Equilibrum Level using virtual temperature: 627.28
                   Level of Free Convection: 654.17
             LFCT using virtual temperature: 666.89
                     Bulk Richardson Number: 0.27
          Bulk Richardson Number using CAPV: 1.64
  Temp [K] of the Lifted Condensation Level: 290.78
Pres [hPa] of the Lifted Condensation Level: 908.34
   Equivalent potential temp [K] of the LCL: 340.33
     Mean mixed layer potential temperature: 298.90
              Mean mixed layer mixing ratio: 14.19
              1000 hPa to 500 hPa thickness: 5760.00
Precipitable water [mm] for entire sounding: 38.91
</PRE>
<P>Description of the 
<A HREF="/upperair/columns.html">data columns</A>
or <A HREF="/upperair/indices.html">sounding indices</A>.

<P>
<FORM>
<INPUT CLASS="button" TYPE="button" VALUE=" Close this window " 
 onClick="window.close();">
<INPUT CLASS="button" TYPE="button" VALUE=" Select another map " 
 onClick="window.blur();">
</FORM>
<HR SIZE="1">
<I>Interested in graduate studies in atmospheric science?
Check out our program at the
<a href="http://www.uwyo.edu/atsc/howtoapply/"
target=_top>University of Wyoming
</a></I>
<HR SIZE="1"><FONT SIZE="-1">
Questions about the weather data provided by this site can be
addressed to <A HREF="mailto:ldoolman@uwyo.edu">
Larry Oolman (ldoolman@uwyo.edu)</A></FONT>
<HR SIZE="1">
<SCRIPT TYPE="text/javascript">
<!--
window.focus();
// -->
</SCRIPT>
</BODY>
</HTML>
