2019-08-30 12
<HTML>
<TITLE>University of Wyoming - Radiosonde Data</TITLE>
<BODY BGCOLOR="white">
<H2>96749 WIII Jakarta Observations at 00Z 30 Aug 2019</H2>
<PRE>
-----------------------------------------------------------------------------
   PRES   HGHT   TEMP   DWPT   RELH   MIXR   DRCT   SKNT   THTA   THTE   THTV
    hPa     m      C      C      %    g/kg    deg   knot     K      K      K 
-----------------------------------------------------------------------------
 1011.0      8   23.4   21.4     89  16.15    220      2  295.6  342.2  298.5
 1000.0    100   23.6   21.1     86  16.03    150      3  296.8  343.2  299.6
  990.0    189   24.2   20.8     81  15.89    124      4  298.2  344.6  301.0
  977.0    304   23.4   20.2     82  15.50     90      6  298.5  343.8  301.3
  945.0    596   21.3   18.7     85  14.56     90     11  299.3  341.9  301.9
  925.0    783   20.0   17.7     87  13.97    100      9  299.8  340.8  302.3
  923.0    802   20.0   17.7     87  14.00    102      9  299.9  341.1  302.5
  913.0    896   20.1   16.9     82  13.46    115      6  301.0  340.8  303.4
  894.0   1077   20.4   15.4     73  12.46    112      9  303.1  340.3  305.4
  850.0   1510   16.8   11.8     72  10.33    105     17  303.7  334.8  305.6
  845.0   1560   16.6   10.6     68   9.58    105     17  304.0  332.9  305.8
  844.0   1571   17.4    6.4     48   7.19    105     17  305.0  327.0  306.3
  832.0   1693   17.8    1.8     34   5.27    105     16  306.6  323.1  307.6
  806.0   1964   14.8    6.8     59   7.75    105     15  306.2  330.0  307.7
  793.0   2101   13.8    6.1     60   7.51    105     14  306.6  329.7  308.0
  768.0   2372   11.8    4.8     62   7.07    117     14  307.3  329.1  308.6
  761.0   2449   12.8   -2.2     35   4.30    120     14  309.2  322.8  310.0
  734.0   2751   11.2  -10.8     20   2.30    134     15  310.6  318.2  311.1
  712.0   3005    9.7   -8.5     27   2.84    145     15  311.6  321.0  312.2
  700.0   3146    8.8   -7.2     32   3.20    160     11  312.2  322.6  312.8
  639.0   3893    4.7   -4.2     52   4.40    310      9  315.8  330.2  316.6
  623.0   4101    3.6   -3.4     60   4.80    296      8  316.8  332.5  317.7
  616.0   4193    3.2   -8.1     43   3.38    290      7  317.4  328.7  318.1
  615.0   4206    3.2   -8.8     41   3.21    286      7  317.5  328.2  318.1
  608.0   4299    4.2  -31.8      5   0.44    259      7  319.7  321.4  319.8
  593.0   4501    3.3  -33.9      5   0.37    200      8  321.0  322.4  321.1
  584.0   4625    2.8  -35.2      4   0.33    200      8  321.8  323.1  321.9
  561.0   4948    0.0  -15.0     31   2.14    200     10  322.2  329.6  322.6
  551.0   5091   -1.4  -13.8     38   2.40    200     10  322.2  330.5  322.7
  530.0   5400   -4.3  -11.3     58   3.06    175      5  322.3  332.7  322.9
  528.0   5430   -3.9  -12.9     50   2.70    166      5  323.1  332.4  323.7
  527.0   5445   -3.1  -20.1     26   1.48    161      5  324.3  329.6  324.6
  516.0   5611   -3.1  -25.1     16   0.97    109      5  326.2  329.8  326.4
  510.0   5704   -3.5  -27.3     14   0.80     80      5  326.9  329.9  327.1
  500.0   5860   -4.1  -31.1     10   0.57     90      9  328.0  330.2  328.1
  491.0   6002   -5.0  -30.9     11   0.60     95     13  328.6  330.9  328.8
  475.0   6262   -6.5  -30.5     13   0.64     97     16  329.9  332.3  330.0
  455.0   6592   -8.8  -31.1     15   0.63    100     21  331.0  333.4  331.1
  421.0   7188  -13.1  -32.2     19   0.61    115     18  333.0  335.4  333.1
  400.0   7580  -15.9  -32.9     22   0.60     85     17  334.2  336.6  334.4
  389.0   7790  -16.6  -37.0     15   0.42     80     23  336.0  337.7  336.1
  387.0   7829  -16.7  -37.7     14   0.39     80     23  336.4  337.9  336.4
  344.0   8690  -23.6  -43.2     15   0.24     75     27  338.5  339.5  338.5
  300.0   9690  -31.7  -49.7     15   0.14    105     21  340.6  341.2  340.6
  291.0   9901  -33.4  -51.4     15   0.12    110     22  341.2  341.7  341.2
  258.0  10736  -39.9  -57.9     13   0.06     68     26  343.5  343.8  343.5
  256.0  10789  -40.3                          65     26  343.7         343.7
  250.0  10950  -41.5                          65     28  344.2         344.2
  223.0  11708  -47.6                          85     29  346.2         346.2
  200.0  12430  -53.5                          75     36  347.9         347.9
  169.0  13478  -62.0                          55     36  350.8         350.8
  150.0  14220  -68.1                          45     52  352.6         352.6
  138.0  14709  -72.0                          40     51  354.2         354.2
  125.0  15289  -76.7                          51     46  355.9         355.9
  105.0  16277  -81.7                          70     37  364.5         364.5
  100.0  16550  -81.3                          60     39  370.4         370.4
   99.0  16607  -76.5                          62     38  380.8         380.8
   97.0  16726  -74.3                          67     37  387.3         387.3
   96.0  16786  -74.2                          70     36  388.6         388.6
   91.0  17099  -73.9                          60     31  395.2         395.2
   87.0  17362  -73.6                          30     20  400.9         400.9
   82.0  17708  -73.2                         275      7  408.6         408.6
   80.8  17794  -73.1                         253      9  410.5         410.5
   78.0  18000  -74.6                         200     15  411.5         411.5
   76.1  18143  -75.7                         188     13  412.2         412.2
   74.0  18306  -74.9                         175     11  417.2         417.2
   70.0  18630  -73.3                         295     10  427.2         427.2
   68.2  18782  -72.3                         296     12  432.6         432.6
   65.7  19001  -73.3                         299     16  435.1         435.1
   64.0  19155  -70.5                         300     18  444.5         444.5
   63.3  19220  -69.3                         296     20  448.5         448.5
   60.0  19540  -67.7                         275     31  458.9         458.9
   58.7  19671  -67.1                         274     31  463.2         463.2
   50.0  20630  -69.5                         265     29  479.3         479.3
   49.1  20738  -70.3                         262     28  479.9         479.9
   47.0  21002  -67.7                         255     27  492.2         492.2
   43.5  21469  -63.1                         255     11  514.4         514.4
   43.0  21540  -63.1                         255      9  516.1         516.1
   41.0  21832  -63.2                         305     12  522.9         522.9
   36.0  22630  -63.5                         272     13  542.0         542.0
   35.0  22805  -62.0                         265     13  550.2         550.2
   32.7  23227  -58.5                         287     10  570.4         570.4
   30.0  23770  -56.5                         315      7  590.0         590.0
   29.0  23985  -56.0                          80      4  597.0         597.0
   28.0  24208  -55.5                           0      1  604.4         604.4
   26.7  24509  -54.9                          45      4  614.5         614.5
   26.0  24677  -55.4                          70      5  617.9         617.9
   25.0  24924  -56.0                          50     11  622.9         622.9
   24.0  25182  -56.8                         335     16  628.1         628.1
   23.0  25450  -57.5                         305     19  633.7         633.7
   22.0  25731  -58.3                         305     15  639.5         639.5
   21.2  25965  -58.9                         284     16  644.3         644.3
   20.0  26330  -57.5                         250     17  659.4         659.4
   19.0  26655  -56.7                         205     21  671.5         671.5
   18.7  26755  -56.5                         186     20  675.3         675.3
   18.0  27000  -55.2                         140     18  686.9         686.9
   16.0  27756  -51.1                                     723.7         723.7
</PRE><H3>Station information and sounding indices</H3><PRE>
                         Station identifier: WIII
                             Station number: 96749
                           Observation time: 190830/0000
                           Station latitude: -6.11
                          Station longitude: 106.65
                          Station elevation: 8.0
                            Showalter index: 5.03
                               Lifted index: 1.44
    LIFT computed using virtual temperature: 0.71
                                SWEAT index: 184.59
                                    K index: 16.70
                         Cross totals index: 15.90
                      Vertical totals index: 20.90
                        Totals totals index: 36.80
      Convective Available Potential Energy: 14.57
             CAPE using virtual temperature: 84.38
                      Convective Inhibition: -83.80
             CINS using virtual temperature: -51.95
                           Equilibrum Level: 527.11
 Equilibrum Level using virtual temperature: 519.64
                   Level of Free Convection: 779.44
             LFCT using virtual temperature: 806.48
                     Bulk Richardson Number: 12.97
          Bulk Richardson Number using CAPV: 75.15
  Temp [K] of the Lifted Condensation Level: 292.85
Pres [hPa] of the Lifted Condensation Level: 941.56
   Equivalent potential temp [K] of the LCL: 343.35
     Mean mixed layer potential temperature: 297.95
              Mean mixed layer mixing ratio: 15.61
              1000 hPa to 500 hPa thickness: 5760.00
Precipitable water [mm] for entire sounding: 36.91
</PRE>
<P>Description of the 
<A HREF="/upperair/columns.html">data columns</A>
or <A HREF="/upperair/indices.html">sounding indices</A>.

<P>
<FORM>
<INPUT CLASS="button" TYPE="button" VALUE=" Close this window " 
 onClick="window.close();">
<INPUT CLASS="button" TYPE="button" VALUE=" Select another map " 
 onClick="window.blur();">
</FORM>
<HR SIZE="1">
<I>Interested in graduate studies in atmospheric science?
Check out our program at the
<a href="http://www.uwyo.edu/atsc/howtoapply/"
target=_top>University of Wyoming
</a></I>
<HR SIZE="1"><FONT SIZE="-1">
Questions about the weather data provided by this site can be
addressed to <A HREF="mailto:ldoolman@uwyo.edu">
Larry Oolman (ldoolman@uwyo.edu)</A></FONT>
<HR SIZE="1">
<SCRIPT TYPE="text/javascript">
<!--
window.focus();
// -->
</SCRIPT>
</BODY>
</HTML>
