2020-09-11 00
<HTML>
<TITLE>University of Wyoming - Radiosonde Data</TITLE>
<BODY BGCOLOR="white">
<H2>96749 WIII Jakarta Observations at 00Z 11 Sep 2020</H2>
<PRE>
-----------------------------------------------------------------------------
   PRES   HGHT   TEMP   DWPT   RELH   MIXR   DRCT   SKNT   THTA   THTE   THTV
    hPa     m      C      C      %    g/kg    deg   knot     K      K      K 
-----------------------------------------------------------------------------
 1009.0      8   25.0   22.8     88  17.67    190      2  297.4  348.7  300.5
 1000.0     88   25.2   21.0     78  15.93    155      5  298.4  344.8  301.2
  994.0    141   26.0   21.0     74  16.02    155      5  299.7  346.7  302.5
  976.0    301   25.0   20.0     74  15.31    155      5  300.2  345.3  303.0
  925.0    771   22.0   17.0     73  13.35    130      5  301.8  341.4  304.2
  911.0    902   21.4   16.4     73  13.03    130      7  302.5  341.2  304.8
  872.0   1278   19.6   14.6     73  12.12    146      6  304.4  340.9  306.6
  850.0   1496   18.0   13.3     74  11.42    155      6  305.0  339.4  307.1
  821.0   1792   15.6   12.3     81  11.07    115      7  305.5  339.0  307.5
  795.0   2066   13.4   11.4     88  10.76    102     10  306.0  338.6  307.9
  769.0   2347   12.6   11.6     94  11.28     88     13  308.0  342.4  310.1
  764.0   2401   12.3   11.2     93  11.04     85     14  308.2  342.0  310.3
  751.0   2546   11.4   10.1     92  10.44     87     13  308.8  340.8  310.8
  739.0   2680    9.4    5.4     76   7.67     90     13  308.1  331.7  309.5
  737.0   2703    8.6    2.6     66   6.30     90     13  307.4  327.0  308.6
  735.0   2725    8.8    2.8     66   6.41     90     12  307.9  327.8  309.1
  711.0   3001    9.8    3.8     66   7.10     95     11  311.9  334.2  313.2
  705.0   3072   10.0    4.0     66   7.28     95     12  312.9  335.9  314.3
  700.0   3131   10.4    3.4     62   7.03     95     13  314.0  336.3  315.3
  698.0   3155   11.2    1.2     50   6.02     95     13  315.1  334.4  316.3
  696.0   3179   11.4    0.4     47   5.69     94     13  315.6  333.9  316.7
  662.0   3593    8.6   -7.0     32   3.44     90     15  317.0  328.5  317.7
  638.0   3899    6.6  -12.4     24   2.32     93     17  318.1  326.0  318.5
  621.0   4120    5.0  -20.0     14   1.27     94     18  318.7  323.2  318.9
  615.0   4198    4.5  -20.0     15   1.28     95     18  319.0  323.5  319.2
  610.0   4265    4.0  -20.0     15   1.29     93     18  319.2  323.8  319.4
  604.0   4345    3.4  -20.6     15   1.24     91     17  319.4  323.8  319.6
  600.0   4399    3.0  -18.0     20   1.55     90     17  319.5  325.0  319.9
  597.0   4439    2.8  -11.2     35   2.74     89     16  319.8  329.1  320.3
  592.0   4507    3.0   -5.0     56   4.48     87     16  320.8  335.6  321.6
  587.0   4576    2.6   -3.4     65   5.10     86     16  321.1  337.9  322.1
  580.0   4673    2.2   -4.8     60   4.64     83     15  321.7  337.2  322.6
  575.0   4743    2.4   -7.6     48   3.77     81     14  322.8  335.5  323.5
  571.0   4799    2.5  -10.8     37   2.96     80     14  323.5  333.6  324.1
  564.0   4899    2.6  -16.4     23   1.89     83     15  324.8  331.4  325.1
  534.0   5338    0.0  -40.0      3   0.22     98     18  326.8  327.7  326.8
  530.0   5398   -0.5  -40.3      3   0.22    100     19  326.9  327.8  326.9
  510.0   5704   -2.9  -41.9      3   0.19     93     20  327.6  328.4  327.6
  500.0   5860   -4.1  -25.1     18   1.00     90     21  328.0  331.7  328.2
  495.0   5939   -4.5  -20.5     27   1.52     96     22  328.4  333.9  328.7
  491.0   6002   -5.0  -20.3     29   1.56    100     22  328.6  334.3  328.9
  473.0   6293   -7.1  -19.5     36   1.73    110     21  329.5  335.8  329.9
  455.0   6596   -9.3  -18.7     46   1.93    100     15  330.4  337.4  330.8
  447.0   6734  -10.3  -18.3     52   2.03     81     14  330.8  338.1  331.2
  438.0   6890  -11.3  -18.9     53   1.98     60     12  331.6  338.7  331.9
  425.0   7121  -12.7  -19.7     56   1.90     62     13  332.6  339.5  333.0
  407.0   7449  -15.7  -24.7     46   1.28     64     14  332.8  337.6  333.1
  400.0   7580  -16.5  -27.5     38   1.01     65     14  333.5  337.2  333.7
  398.0   7618  -16.5  -32.5     24   0.63     65     14  333.9  336.4  334.1
  394.0   7694  -16.9  -34.9     19   0.50     66     14  334.4  336.4  334.5
  390.0   7771  -17.3  -29.3     34   0.87     67     14  334.8  338.2  335.0
  387.0   7829  -17.7  -26.7     45   1.12     67     14  335.0  339.3  335.3
  386.0   7848  -17.7  -30.7     31   0.77     67     14  335.3  338.3  335.4
  385.0   7868  -17.7  -23.7     59   1.48     68     14  335.5  341.0  335.8
  366.0   8246  -19.5  -37.5     19   0.42     71     15  338.0  339.7  338.1
  344.0   8706  -22.2  -43.9     12   0.23     75     15  340.4  341.3  340.4
  342.0   8749  -22.5  -44.5     12   0.21     73     15  340.6  341.5  340.6
  300.0   9700  -29.9  -34.9     62   0.66     30     22  343.1  345.8  343.3
  292.0   9892  -31.7  -35.3     70   0.65     20     20  343.3  345.9  343.4
  291.0   9916  -31.9  -35.4     71   0.65     20     20  343.3  345.9  343.4
  252.0  10916  -40.1  -43.4     71   0.33     34     20  345.5  346.9  345.6
  250.0  10970  -40.3                          35     20  346.0         346.0
  204.0  12310  -52.0                          50     28  348.3         348.3
  200.0  12440  -53.1                          50     29  348.5         348.5
  150.0  14230  -68.7                          55     35  351.6         351.6
  130.0  15070  -76.3                          58     30  352.6         352.6
  119.0  15572  -79.3                          60     27  356.2         356.2
  112.0  15917  -81.3                          69     25  358.6         358.6
  107.0  16172  -82.6                          75     23  360.8         360.8
  106.0  16225  -82.9                          78     25  361.2         361.2
  101.0  16494  -81.7                          95     37  368.5         368.5
  100.0  16550  -81.5                          95     39  370.0         370.0
   96.0  16781  -78.4                          90     41  380.3         380.3
   94.8  16852  -77.5                          84     39  383.6         383.6
   93.4  16939  -73.5                          76     36  393.1         393.1
   86.0  17424  -71.2                          35     21  407.1         407.1
   84.6  17520  -70.7                          61     16  410.0         410.0
   82.0  17704  -72.0                         110      6  411.1         411.1
   79.3  17901  -73.3                         133      9  412.3         412.3
   78.0  17998  -73.3                         145     10  414.2         414.2
   74.0  18305  -73.4                         215     11  420.3         420.3
   70.0  18630  -73.5                         175     19  426.8         426.8
   69.0  18714  -73.5                         162     21  428.6         428.6
   67.0  18889  -71.9                         135     25  435.6         435.6
   63.6  19197  -69.1                         121     22  448.3         448.3
   61.0  19446  -70.1                         110     19  451.6         451.6
   57.8  19767  -71.3                         123     18  455.8         455.8
   55.2  20042  -68.1                         134     18  469.1         469.1
   55.0  20064  -68.1                         135     18  469.6         469.6
   52.6  20333  -68.5                         119     17  474.7         474.7
   52.0  20402  -67.6                         115     17  478.3         478.3
   50.0  20640  -64.7                         130      8  490.6         490.6
   49.1  20751  -63.1                         173      7  496.9         496.9
   47.0  21018  -63.3                         275      6  502.7         502.7
   45.0  21283  -63.5                           0     10  508.5         508.5
   43.0  21564  -62.2                         255     13  518.3         518.3
   41.0  21857  -60.9                         230     13  528.8         528.8
   39.0  22165  -59.5                         280      9  540.0         540.0
   38.8  22197  -59.3                         276      9  541.1         541.1
   37.0  22493  -59.2                         240      6  548.7         548.7
   35.0  22839  -59.1                         255      7  557.7         557.7
   34.0  23020  -59.1                         315      5  562.5         562.5
   32.0  23398  -59.0                         315     12  572.6         572.6
   31.0  23596  -59.0                         285     16  577.9         577.9
   30.0  23800  -58.9                         270     11  583.5         583.5
   29.3  23948  -60.1                         197      4  584.1         584.1
   29.0  24012  -59.8                         165      1  586.8         586.8
   28.0  24233  -58.6                           5      9  595.9         595.9
   26.6  24555  -56.9                         351     13  609.5         609.5
   26.0  24700  -56.8                         345     15  613.9         613.9
   24.0  25208  -56.3                         295     17  629.4         629.4
   22.0  25760  -55.8                         320     10  646.8         646.8
   21.6  25876  -55.7                         316     11  650.5         650.5
   21.0  26057  -54.5                         310     13  659.5         659.5
   20.0  26370  -52.3                         270     11  675.3         675.3
   19.9  26402  -52.1                         271     11  676.9         676.9
   19.0  26701  -52.4                         280     10  685.0         685.0
   17.0  27419  -53.1                         220      5  704.9         704.9
   16.4  27651  -53.3                         324      3  711.5         711.5
   16.0  27812  -52.3                          35      2  719.7         719.7
   15.0  28232  -49.8                          85      5  741.4         741.4
   14.2  28589  -47.7                          65      7  760.3         760.3
   14.0  28683  -47.6                          60      8  763.6         763.6
   13.0  29173  -47.3                          90      8  781.0         781.0
   12.0  29703  -47.0                          75     20  800.3         800.3
   11.3  30100  -46.7                          82     17  815.1         815.1
   11.0                                        85     16                     
</PRE><H3>Station information and sounding indices</H3><PRE>
                         Station identifier: WIII
                             Station number: 96749
                           Observation time: 200911/0000
                           Station latitude: -6.11
                          Station longitude: 106.65
                          Station elevation: 8.0
                            Showalter index: 3.04
                               Lifted index: 0.67
    LIFT computed using virtual temperature: -0.04
                                SWEAT index: 192.60
                                    K index: 28.40
                         Cross totals index: 17.40
                      Vertical totals index: 22.10
                        Totals totals index: 39.50
      Convective Available Potential Energy: 58.93
             CAPE using virtual temperature: 110.70
                      Convective Inhibition: -76.59
             CINS using virtual temperature: -59.02
                           Equilibrum Level: 376.13
 Equilibrum Level using virtual temperature: 370.90
                   Level of Free Convection: 810.07
             LFCT using virtual temperature: 820.58
                     Bulk Richardson Number: 5.72
          Bulk Richardson Number using CAPV: 10.74
  Temp [K] of the Lifted Condensation Level: 292.34
Pres [hPa] of the Lifted Condensation Level: 916.19
   Equivalent potential temp [K] of the LCL: 345.31
     Mean mixed layer potential temperature: 299.76
              Mean mixed layer mixing ratio: 15.56
              1000 hPa to 500 hPa thickness: 5772.00
Precipitable water [mm] for entire sounding: 44.84
</PRE>
<P>Description of the 
<A HREF="/upperair/columns.html">data columns</A>
or <A HREF="/upperair/indices.html">sounding indices</A>.

<P>
<FORM>
<INPUT CLASS="button" TYPE="button" VALUE=" Close this window " 
 onClick="window.close();">
<INPUT CLASS="button" TYPE="button" VALUE=" Select another map " 
 onClick="window.blur();">
</FORM>
<HR SIZE="1">
<I>Interested in graduate studies in atmospheric science?
Check out our program at the
<a href="http://www.uwyo.edu/atsc/howtoapply/"
target=_top>University of Wyoming
</a></I>
<HR SIZE="1"><FONT SIZE="-1">
Questions about the weather data provided by this site can be
addressed to <A HREF="mailto:ldoolman@uwyo.edu">
Larry Oolman (ldoolman@uwyo.edu)</A></FONT>
<HR SIZE="1">
<SCRIPT TYPE="text/javascript">
<!--
window.focus();
// -->
</SCRIPT>
</BODY>
</HTML>
