2019-09-03 00
<HTML>
<TITLE>University of Wyoming - Radiosonde Data</TITLE>
<BODY BGCOLOR="white">
<H2>96749 WIII Jakarta Observations at 00Z 03 Sep 2019</H2>
<PRE>
-----------------------------------------------------------------------------
   PRES   HGHT   TEMP   DWPT   RELH   MIXR   DRCT   SKNT   THTA   THTE   THTV
    hPa     m      C      C      %    g/kg    deg   knot     K      K      K 
-----------------------------------------------------------------------------
 1011.0      8   24.6   21.0     80  15.75    230      1  296.8  342.5  299.6
 1000.0    105   24.8   20.9     79  15.83    180      4  297.9  344.1  300.8
  986.0    228   24.4   21.2     82  16.36    132      3  298.8  346.6  301.7
  978.0    299   23.8   20.9     84  16.17    105      3  298.9  346.2  301.8
  947.0    580   21.6   19.6     88  15.41     91      7  299.4  344.5  302.1
  945.0    598   21.6   19.4     87  15.20     90      7  299.5  344.1  302.3
  925.0    783   21.4   16.9     76  13.27     95      7  301.2  340.4  303.6
  920.0    830   21.0   15.0     69  11.79     97      7  301.2  336.2  303.4
  913.0    896   20.6   15.0     70  11.86    100      6  301.5  336.7  303.6
  881.0   1205   18.7   14.8     79  12.20     75      8  302.6  338.9  304.8
  867.0   1343   17.8   14.8     83  12.36     73      9  303.1  339.9  305.3
  850.0   1513   16.6   13.6     82  11.65     70     11  303.5  338.4  305.6
  812.0   1903   15.2    8.2     63   8.47     54     12  306.0  331.9  307.6
  803.0   1997   14.2    9.9     75   9.62     50     13  305.9  335.2  307.7
  793.0   2103   13.8    8.5     70   8.84     45     13  306.6  333.6  308.2
  776.0   2286   13.0    6.0     62   7.61     60     13  307.6  331.1  309.1
  770.0   2352   12.8    5.8     62   7.56     65     13  308.1  331.5  309.5
  769.0   2363   12.8    5.8     62   7.57     66     13  308.2  331.6  309.6
  765.0   2407   13.5    3.4     50   6.42     70     13  309.4  329.5  310.6
  751.0   2563   15.8   -5.2     23   3.47     97     12  313.6  325.0  314.2
  749.0   2585   16.6   -8.4     17   2.72    101     12  314.7  323.8  315.2
  739.0   2699   15.7  -10.2     16   2.40    120     12  314.9  322.9  315.3
  700.0   3156   11.8  -17.2     12   1.43    105     11  315.5  320.5  315.8
  663.0   3602    8.0  -21.5     10   1.04     85      6  316.2  319.8  316.4
  640.0   3892    5.5  -24.3     10   0.84    125      8  316.5  319.6  316.7
  623.0   4113    3.6  -26.4      9   0.71    132      9  316.8  319.4  316.9
  579.0   4702    0.0  -33.0      6   0.41    152     11  319.3  320.9  319.4
  532.0   5373   -3.9  -35.9      6   0.34    174     14  322.4  323.8  322.5
  530.0   5402   -3.9  -36.4      6   0.32    175     14  322.8  324.0  322.8
  513.0   5659   -4.1  -41.1      4   0.21    172     13  325.6  326.4  325.6
  500.0   5860   -5.7  -42.7      4   0.18    170     13  326.0  326.8  326.1
  491.0   6002   -6.7  -43.7      3   0.16    170     13  326.5  327.1  326.5
  484.0   6114   -7.5  -44.5      3   0.15    176     11  326.9  327.5  326.9
  473.0   6292   -8.1  -47.0      3   0.12    185      9  328.3  328.8  328.3
  455.0   6594   -9.1  -51.1      2   0.08    145      7  330.7  331.0  330.7
  413.0   7337  -13.1  -52.1      2   0.08    126     15  334.8  335.1  334.8
  400.0   7580  -15.1  -50.1      3   0.10    120     17  335.3  335.7  335.3
  373.0   8093  -19.1  -51.8      4   0.09    115     21  336.8  337.1  336.8
  304.0   9594  -30.7  -56.9      6   0.06    110     27  340.7  340.9  340.7
  302.0   9643  -31.1  -57.1      6   0.06    108     27  340.8  341.0  340.8
  300.0   9690  -31.3  -58.3      5   0.05    105     26  341.1  341.4  341.2
  274.0  10323  -36.7  -54.7     14   0.08     88     23  342.3  342.6  342.3
  259.0  10710  -39.9  -48.9     38   0.17     77     20  343.1  343.9  343.2
  256.0  10789  -40.4                          75     20  343.5         343.5
  250.0  10950  -41.5                          60     23  344.2         344.2
  224.0  11678  -47.6                          35     43  345.9         345.9
  200.0  12430  -53.9                          30     43  347.2         347.2
  154.0  14062  -67.5                          39     58  351.0         351.0
  150.0  14220  -68.9                          40     59  351.2         351.2
  132.0  14969  -74.4                          45     61  354.5         354.5
  128.0  15149  -75.7                          47     55  355.2         355.2
  115.0  15760  -79.7                          55     35  358.9         358.9
  113.0  15859  -80.5                          56     32  359.2         359.2
  109.0  16063  -76.9                          59     25  369.7         369.7
  107.0  16170  -76.3                          60     22  372.9         372.9
  101.0  16503  -74.2                         340      2  382.9         382.9
  100.0  16560  -73.9                         275      2  384.7         384.7
   96.0  16798  -74.9                         180      8  387.2         387.2
   91.0  17109  -76.2                         140     18  390.6         390.6
   90.7  17129  -76.3                         140     18  390.8         390.8
   82.0  17717  -75.1                         135     10  404.6         404.6
   78.0  18009  -74.5                         240      9  411.6         411.6
   74.0  18316  -73.9                         280     10  419.2         419.2
   71.0  18557  -73.5                         255     18  425.2         425.2
   70.0  18640  -73.3                         250     18  427.2         427.2
   68.3  18784  -73.9                         254     19  429.0         429.0
   66.4  18949  -73.7                         260     21  432.9         432.9
   64.0  19166  -70.9                         266     23  443.6         443.6
   62.6  19299  -65.9                         270     24  457.4         457.4
   61.0  19458  -65.2                         275     25  462.4         462.4
   57.6  19808  -63.7                         264     28  473.4         473.4
   52.0  20432  -67.0                         245     33  479.7         479.7
   51.9  20444  -67.1                         245     33  479.8         479.8
   50.0  20670  -66.3                         250     32  486.8         486.8
   45.0  21314  -64.7                         245     26  505.7         505.7
   41.0  21883  -63.2                         305     16  522.9         522.9
   35.8  22711  -61.1                         266     22  549.0         549.0
   35.0  22850  -61.3                         260     23  552.0         552.0
   30.0  23800  -62.9                         290     37  572.6         572.6
   29.0  24008  -63.5                         290     34  576.5         576.5
   24.9  24945  -61.1                         298     15  609.1         609.1
   24.0  25173  -61.2                         300     10  615.1         615.1
   23.0  25435  -61.4                         295      9  622.2         622.2
   22.0  25710  -61.5                         265     11  629.7         629.7
   21.0  25997  -61.7                         315      6  637.6         637.6
   20.0  26300  -59.3                          90      1  653.9         653.9
   18.7  26719  -60.7                         112     10  662.2         662.2
   18.0  26958  -60.0                         125     15  671.8         671.8
   17.0  27315  -58.9                         150      6  686.4         686.4
   16.5  27502  -58.3                         113     12  694.1         694.1
   16.0  27697  -55.8                          75     19  708.4         708.4
   15.9  27737  -55.3                          74     19  711.3         711.3
   14.0  28554  -54.2                          60     17  741.2         741.2
   12.0  29544  -53.0                         100     40  779.1         779.1
   11.1  30044  -52.3                          78     47  799.0         799.0
   11.0                                        75     48                     
</PRE><H3>Station information and sounding indices</H3><PRE>
                         Station identifier: WIII
                             Station number: 96749
                           Observation time: 190903/0000
                           Station latitude: -6.11
                          Station longitude: 106.65
                          Station elevation: 8.0
                            Showalter index: 1.87
                               Lifted index: -0.84
    LIFT computed using virtual temperature: -1.68
                                SWEAT index: 198.18
                                    K index: 6.90
                         Cross totals index: 19.30
                      Vertical totals index: 22.30
                        Totals totals index: 41.60
      Convective Available Potential Energy: 128.98
             CAPE using virtual temperature: 279.25
                      Convective Inhibition: -42.60
             CINS using virtual temperature: -24.27
                           Equilibrum Level: 257.98
 Equilibrum Level using virtual temperature: 257.59
                   Level of Free Convection: 804.69
             LFCT using virtual temperature: 857.10
                     Bulk Richardson Number: 47.82
          Bulk Richardson Number using CAPV: 103.54
  Temp [K] of the Lifted Condensation Level: 293.16
Pres [hPa] of the Lifted Condensation Level: 938.73
   Equivalent potential temp [K] of the LCL: 345.10
     Mean mixed layer potential temperature: 298.52
              Mean mixed layer mixing ratio: 15.97
              1000 hPa to 500 hPa thickness: 5755.00
Precipitable water [mm] for entire sounding: 34.11
</PRE>
<P>Description of the 
<A HREF="/upperair/columns.html">data columns</A>
or <A HREF="/upperair/indices.html">sounding indices</A>.

<P>
<FORM>
<INPUT CLASS="button" TYPE="button" VALUE=" Close this window " 
 onClick="window.close();">
<INPUT CLASS="button" TYPE="button" VALUE=" Select another map " 
 onClick="window.blur();">
</FORM>
<HR SIZE="1">
<I>Interested in graduate studies in atmospheric science?
Check out our program at the
<a href="http://www.uwyo.edu/atsc/howtoapply/"
target=_top>University of Wyoming
</a></I>
<HR SIZE="1"><FONT SIZE="-1">
Questions about the weather data provided by this site can be
addressed to <A HREF="mailto:ldoolman@uwyo.edu">
Larry Oolman (ldoolman@uwyo.edu)</A></FONT>
<HR SIZE="1">
<SCRIPT TYPE="text/javascript">
<!--
window.focus();
// -->
</SCRIPT>
</BODY>
</HTML>
