2018-09-17 00
<HTML>
<TITLE>University of Wyoming - Radiosonde Data</TITLE>
<BODY BGCOLOR="white">
<H2>96749 WIII Jakarta Observations at 00Z 17 Sep 2018</H2>
<PRE>
-----------------------------------------------------------------------------
   PRES   HGHT   TEMP   DWPT   RELH   MIXR   DRCT   SKNT   THTA   THTE   THTV
    hPa     m      C      C      %    g/kg    deg   knot     K      K      K 
-----------------------------------------------------------------------------
 1010.0      8   23.0   18.1     74  13.11    185      3  295.3  333.1  297.6
 1006.0     43   23.8   17.8     69  12.91    171      5  296.4  333.9  298.7
 1001.0     87   25.0   18.0     65  13.14    154      7  298.1  336.5  300.4
 1000.0     96   25.0   18.0     65  13.16    150      7  298.1  336.6  300.5
  962.0    438   24.6   14.6     54  10.97    126     11  301.1  333.6  303.1
  944.0    604   23.1   14.5     59  11.11    115     13  301.1  334.1  303.1
  925.0    782   21.4   14.4     64  11.27    110     13  301.2  334.6  303.2
  882.0   1194   18.4   13.5     73  11.14    104     20  302.2  335.4  304.2
  850.0   1511   16.4   11.4     72  10.05    100     26  303.3  333.5  305.1
  793.0   2096   11.4    7.2     75   8.07     90     22  304.0  328.5  305.5
  791.0   2118   11.2    7.0     75   8.00     88     22  304.1  328.3  305.5
  775.0   2288   10.6    1.6     54   5.57     72     21  305.2  322.4  306.2
  771.0   2331   11.4   -3.6     35   3.82     68     21  306.5  318.6  307.2
  759.0   2462   11.0   -5.0     32   3.49     56     21  307.4  318.6  308.1
  741.0   2662   11.8  -17.2     12   1.35     38     20  310.4  315.0  310.7
  738.0   2696   11.7  -17.9     11   1.27     35     20  310.7  315.0  310.9
  700.0   3135   10.4  -27.6      5   0.57     30     19  314.0  316.0  314.1
  662.0   3595    8.3  -32.3      4   0.39     35     22  316.6  318.1  316.7
  643.0   3836    7.2  -34.8      3   0.31     25     18  318.1  319.2  318.1
  615.0   4196    4.7  -35.9      3   0.29     10     12  319.3  320.4  319.3
  565.0   4883    0.0  -38.0      4   0.26     30     17  321.6  322.6  321.6
  510.0   5693   -4.5  -42.5      3   0.18     55     23  325.6  326.3  325.7
  501.0   5834   -5.3  -43.3      3   0.17     55     26  326.3  327.0  326.4
  500.0   5850   -5.5  -43.5      3   0.16     55     26  326.3  326.9  326.3
  450.0   6673   -7.9  -35.9      9   0.40     53     22  333.2  334.8  333.3
  432.0   6989   -9.1  -36.1      9   0.41     52     21  335.6  337.2  335.7
  400.0   7580  -13.5  -33.5     17   0.57     50     18  337.4  339.6  337.5
  359.0   8385  -19.7  -38.1     18   0.40     60     20  339.6  341.2  339.7
  327.0   9080  -25.1  -42.1     19   0.29     68     13  341.4  342.6  341.4
  317.0   9303  -27.1  -43.0     21   0.27     70     10  341.7  342.9  341.8
  300.0   9700  -30.5  -44.5     24   0.24     95     12  342.3  343.3  342.3
  291.0   9911  -32.3  -45.5     26   0.22    110     13  342.7  343.7  342.8
  255.0  10826  -40.1  -50.1     33   0.15     53     19  344.4  345.0  344.4
  250.0  10960  -41.3                          45     20  344.5         344.5
  245.0  11094  -42.4                          40     22  344.9         344.9
  200.0  12440  -53.1                          45     27  348.5         348.5
  177.0  13198  -59.5                          45     22  350.4         350.4
  153.0  14102  -67.1                          45     35  352.3         352.3
  150.0  14220  -68.1                          45     37  352.6         352.6
  132.0  14958  -72.6                          40     56  357.7         357.7
  119.0  15556  -76.2                          40     82  361.8         361.8
  100.0  16560  -82.3                          75     39  368.5         368.5
   96.0  16787  -83.7                          90     37  370.0         370.0
   91.0  17085  -85.6                         105     43  372.0         372.0
   90.2  17134  -85.9                         100     44  372.3         372.3
   86.0  17401  -79.3                          87     39  390.8         390.8
   82.0  17675  -77.4                          75     33  399.9         399.9
   79.3  17868  -76.1                          77     30  406.5         406.5
   76.9  18046  -74.7                          79     27  413.0         413.0
   75.7  18140  -68.7                          80     26  427.4         427.4
   70.0  18610  -69.1                          85     19  436.2         436.2
   66.9  18879  -69.5                          94     20  441.0         441.0
   60.0  19535  -66.0                         115     23  462.8         462.8
   56.2  19929  -63.9                          81     28  476.3         476.3
   55.0  20061  -64.3                          70     30  478.4         478.4
   52.0  20402  -65.2                          70     25  484.0         484.0
   51.0  20520  -65.5                          77     25  486.0         486.0
   50.0  20640  -65.1                          85     24  489.7         489.7
   47.0  21020  -62.3                         105     33  505.0         505.0
   45.5  21219  -60.9                         103     34  513.2         513.2
   41.0  21863  -62.2                          95     38  525.4         525.4
   40.8  21893  -62.3                          95     38  525.9         525.9
   33.2  23168  -60.7                          84     49  562.1         562.1
   31.0  23595  -59.2                          80     52  577.2         577.2
   30.0  23800  -58.5                          80     47  584.6         584.6
   27.7  24302  -56.5                          84     38  603.6         603.6
   27.0  24467  -55.2                          85     35  611.8         611.8
   24.0  25225  -49.1                          50     10  650.3         650.3
   23.9  25252  -48.9                          38     10  651.7         651.7
   23.0  25502  -49.7                         290      8  656.6         656.6
   22.0  25791  -50.6                         265     17  662.3         662.3
   21.0  26093  -51.5                         300     13  668.4         668.4
   20.6  26219  -51.9                         302     11  670.9         670.9
   20.0  26410  -50.7                         305      8  680.2         680.2
   19.0  26747  -49.7                         220      8  693.4         693.4
   18.0  27102  -48.6                         195     13  707.6         707.6
   17.0  27477  -47.5                         290     10  722.8         722.8
   16.5  27673  -46.9                         275      8  730.9         730.9
   16.0  27877  -46.9                         260      6  737.4         737.4
   15.0  28305  -46.9                         165     11  751.1         751.1
   14.8  28393  -46.9                                     754.0         754.0
</PRE><H3>Station information and sounding indices</H3><PRE>
                         Station identifier: WIII
                             Station number: 96749
                           Observation time: 180917/0000
                           Station latitude: -6.11
                          Station longitude: 106.65
                          Station elevation: 8.0
                            Showalter index: 4.20
                               Lifted index: 3.66
    LIFT computed using virtual temperature: 3.07
                                SWEAT index: 214.77
                                    K index: -4.70
                         Cross totals index: 16.90
                      Vertical totals index: 21.90
                        Totals totals index: 38.80
      Convective Available Potential Energy: 0.00
             CAPE using virtual temperature: 0.03
                      Convective Inhibition: 0.00
             CINS using virtual temperature: -102.44
 Equilibrum Level using virtual temperature: 774.41
             LFCT using virtual temperature: 786.56
                     Bulk Richardson Number: 0.00
          Bulk Richardson Number using CAPV: 0.00
  Temp [K] of the Lifted Condensation Level: 287.61
Pres [hPa] of the Lifted Condensation Level: 870.06
   Equivalent potential temp [K] of the LCL: 334.64
     Mean mixed layer potential temperature: 299.30
              Mean mixed layer mixing ratio: 12.09
              1000 hPa to 500 hPa thickness: 5754.00
Precipitable water [mm] for entire sounding: 28.07
</PRE>
<P>Description of the 
<A HREF="/upperair/columns.html">data columns</A>
or <A HREF="/upperair/indices.html">sounding indices</A>.

<P>
<FORM>
<INPUT CLASS="button" TYPE="button" VALUE=" Close this window " 
 onClick="window.close();">
<INPUT CLASS="button" TYPE="button" VALUE=" Select another map " 
 onClick="window.blur();">
</FORM>
<HR SIZE="1">
<I>Interested in graduate studies in atmospheric science?
Check out our program at the
<a href="http://www.uwyo.edu/atsc/howtoapply/"
target=_top>University of Wyoming
</a></I>
<HR SIZE="1"><FONT SIZE="-1">
Questions about the weather data provided by this site can be
addressed to <A HREF="mailto:ldoolman@uwyo.edu">
Larry Oolman (ldoolman@uwyo.edu)</A></FONT>
<HR SIZE="1">
<SCRIPT TYPE="text/javascript">
<!--
window.focus();
// -->
</SCRIPT>
</BODY>
</HTML>
