2019-02-12 12
<HTML>
<TITLE>University of Wyoming - Radiosonde Data</TITLE>
<BODY BGCOLOR="white">
<H2>96749 WIII Jakarta Observations at 00Z 12 Feb 2019</H2>
<PRE>
-----------------------------------------------------------------------------
   PRES   HGHT   TEMP   DWPT   RELH   MIXR   DRCT   SKNT   THTA   THTE   THTV
    hPa     m      C      C      %    g/kg    deg   knot     K      K      K 
-----------------------------------------------------------------------------
 1013.0      8   25.0   24.3     96  19.31    200      3  297.1  353.1  300.5
 1000.0    118   25.6   23.1     86  18.17    190      3  298.8  351.9  302.0
  996.0    153   25.4   22.7     85  17.79    207      3  298.9  350.9  302.1
  980.0    296   24.6   21.7     84  16.98    275      5  299.4  349.2  302.5
  947.0    597   22.8   19.6     82  15.37    280      7  300.6  345.9  303.4
  925.0    803   21.6   18.1     80  14.34    270      8  301.4  343.8  304.0
  884.0   1198   19.8   15.5     76  12.72    230      9  303.5  341.5  305.8
  874.0   1297   19.4   14.9     75  12.34    230      9  304.0  341.0  306.3
  850.0   1538   17.4   13.8     79  11.80    230      8  304.4  339.8  306.5
  822.0   1823   15.2   12.7     85  11.35    222      6  305.0  339.1  307.0
  796.0   2093   14.0   10.6     80  10.21    215      4  306.5  337.5  308.3
  764.0   2439   12.4    8.0     75   8.88    224      4  308.4  335.7  310.0
  748.0   2616   11.2    9.3     88   9.93    229      3  308.9  339.4  310.8
  715.0   2991    9.4    7.3     87   9.05    240      3  311.0  339.1  312.7
  714.0   3002    9.4    7.1     86   8.93    240      3  311.1  338.8  312.7
  710.0   3049    9.2    6.2     82   8.44    237      4  311.4  337.7  313.0
  707.0   3084    9.2    5.8     79   8.25    235      5  311.8  337.5  313.3
  700.0   3166    9.2    2.2     62   6.45    230      7  312.6  333.1  313.9
  699.0   3178    9.4   -1.6     46   4.89    229      7  313.0  328.7  313.9
  691.0   3273    9.4   -2.6     43   4.59    223      7  314.0  328.9  314.9
  683.0   3370    8.6   -0.4     53   5.47    216      7  314.2  331.7  315.2
  678.0   3430    8.4   -1.6     49   5.04    212      8  314.6  330.9  315.6
  673.0   3492    8.4   -9.6     27   2.76    208      8  315.3  324.5  315.8
  671.0   3516    8.2   -3.8     42   4.32    206      8  315.3  329.4  316.1
  664.0   3602    7.8   -4.9     40   4.03    200      8  315.8  329.0  316.5
  649.0   3790    6.8   -7.2     36   3.45    212      7  316.8  328.2  317.4
  645.0   3841    6.6   -8.4     33   3.16    216      6  317.1  327.6  317.7
  640.0   3905    5.7   -3.0     54   4.83    220      6  316.8  332.5  317.7
  637.0   3943    5.2    0.3     71   6.18    218      6  316.6  336.5  317.8
  618.0   4188    3.7   -0.3     75   6.08    205      7  317.6  337.3  318.8
  574.0   4786    0.0   -1.9     87   5.83    200      8  320.1  339.2  321.2
  552.0   5096   -1.7   -3.9     85   5.23    180      6  321.6  338.9  322.7
  532.0   5388   -3.4   -5.8     83   4.71    145      5  323.1  338.8  324.0
  512.0   5692   -5.0   -7.7     82   4.21    150      5  324.6  338.8  325.4
  500.0   5880   -6.1   -8.9     81   3.92    190      5  325.5  338.9  326.3
  493.0   5991   -6.9   -8.9     85   3.98    200      5  325.9  339.4  326.7
  491.0   6022   -7.1   -8.9     87   4.00    190      5  326.0  339.6  326.8
  474.0   6297   -8.1  -12.5     71   3.12    100      4  328.1  338.9  328.7
  471.0   6347   -8.3  -13.1     68   2.98     96      4  328.4  338.8  329.0
  456.0   6598  -10.2  -13.3     78   3.03     75      7  329.1  339.7  329.7
  455.0   6615  -10.3  -13.3     79   3.03     76      7  329.2  339.8  329.8
  429.0   7067  -12.9  -19.9     56   1.85    101     13  331.4  338.1  331.8
  423.0   7175  -13.3  -18.2     67   2.17    107     15  332.3  340.1  332.7
  405.0   7506  -14.9  -20.9     60   1.80    125     19  334.4  340.9  334.7
  401.0   7581  -15.1  -24.1     46   1.37    125     19  335.0  340.1  335.3
  400.0   7600  -15.3  -25.3     42   1.23    125     19  335.0  339.6  335.3
  398.0   7638  -15.7  -21.7     60   1.70    125     19  335.0  341.2  335.3
  393.0   7733  -16.3  -22.3     60   1.64    126     18  335.4  341.4  335.7
  391.0   7772  -16.5  -23.5     55   1.48    127     18  335.6  341.1  335.9
  390.0   7791  -16.7  -27.7     38   1.01    127     18  335.6  339.5  335.8
  378.0   8025  -18.3  -27.3     45   1.08    129     17  336.5  340.6  336.7
  374.0   8104  -19.1  -25.1     59   1.34    130     17  336.5  341.5  336.8
  370.0   8184  -19.3  -29.3     41   0.92    131     16  337.2  340.8  337.4
  361.0   8367  -20.7  -29.7     44   0.91    133     15  337.8  341.2  337.9
  359.0   8408  -20.9  -28.9     49   0.98    134     15  338.0  341.8  338.2
  358.0   8428  -21.1  -29.1     49   0.97    134     15  338.0  341.7  338.2
  357.0   8449  -20.9  -34.9     27   0.56    134     15  338.6  340.8  338.7
  331.0   8998  -25.0  -36.1     35   0.53    140     12  340.3  342.4  340.4
  306.0   9569  -29.3  -37.3     46   0.51    140     10  342.0  344.1  342.1
  300.0   9710  -30.5  -37.5     50   0.51    140     10  342.3  344.3  342.4
  292.0   9898  -32.0  -39.9     45   0.41    140      7  342.9  344.5  342.9
  268.0  10496  -36.6  -47.4     32   0.20    130      9  344.6  345.5  344.7
  251.0  10953  -40.1  -53.1     24   0.11    135     10  345.9  346.4  345.9
  250.0  10980  -40.3                         135     10  346.0         346.0
  246.0  11087  -41.2                         125     10  346.2         346.2
  225.0  11679  -46.2                          60     14  347.5         347.5
  205.0  12296  -51.5                          65     18  348.6         348.6
  200.0  12460  -52.9                          55     18  348.8         348.8
  187.0  12881  -56.6                          50     18  349.7         349.7
  160.0  13859  -65.1                          78     27  351.2         351.2
  154.0  14090  -66.2                          85     29  353.2         353.2
  150.0  14250  -66.9                         100     27  354.6         354.6
  139.0  14698  -70.2                         115     19  356.6         356.6
  125.0  15322  -74.9                         100     11  359.2         359.2
  121.0  15513  -76.3                         103     14  359.9         359.9
  119.0  15608  -76.6                         105     15  361.1         361.1
  113.0  15903  -77.4                          85     15  365.0         365.0
  107.0  16214  -78.2                          40     12  369.1         369.1
  102.0  16487  -79.0                          80      6  372.8         372.8
  100.0  16600  -79.3                         140      5  374.3         374.3
   97.0  16770  -80.3                         175     11  375.6         375.6
   87.0  17375  -83.8                         135     14  380.3         380.3
   82.0  17704  -85.8                         140      7  382.9         382.9
   79.2  17898  -86.9                         140      4  384.4         384.4
   78.0  17982  -86.3                           0      1  387.3         387.3
   74.0  18273  -84.2                         345      5  397.6         397.6
   70.6  18532  -82.3                          53      2  407.0         407.0
   70.0  18580  -82.1                          65      1  408.4         408.4
   67.3  18801  -79.9                         125      4  417.8         417.8
   66.4  18877  -76.7                         146      5  426.4         426.4
   66.0  18912  -76.2                         155      5  428.2         428.2
   64.7  19027  -74.5                         159      5  434.3         434.3
   63.0  19180  -75.0                         165      6  436.4         436.4
   60.0  19461  -76.1                         115      8  440.3         440.3
   56.5  19807  -77.3                          80      8  445.1         445.1
   51.0  20404  -70.8                          20      7  473.4         473.4
   50.4  20473  -70.1                          38      7  476.8         476.8
   50.0  20520  -69.9                          50      7  478.4         478.4
   49.0  20639  -70.6                          80     17  479.4         479.4
   47.1  20873  -72.1                          86     24  481.3         481.3
   46.3  20974  -72.7                          89     27  482.2         482.2
   46.0  21013  -72.1                          90     28  484.5         484.5
   44.0  21278  -68.2                          75     17  500.4         500.4
   42.9  21429  -65.9                         121      9  509.6         509.6
   42.0  21560  -62.4                         160      2  521.2         521.2
   41.2  21678  -59.3                         207      6  531.9         531.9
   40.0  21864  -56.2                         280     12  544.3         544.3
   39.9  21880  -55.9                         280     12  545.4         545.4
   36.0  22529  -58.8                         270     20  554.1         554.1
   35.4  22635  -59.3                         250     18  555.5         555.5
   33.0  23073  -60.1                         165     11  564.6         564.6
   32.5  23168  -60.3                         156      9  566.6         566.6
   31.0  23465  -58.8                         130      4  578.4         578.4
   30.0  23670  -57.7                         290      2  586.8         586.8
   29.5  23776  -58.1                                     588.5         588.5
</PRE><H3>Station information and sounding indices</H3><PRE>
                         Station identifier: WIII
                             Station number: 96749
                           Observation time: 190212/0000
                           Station latitude: -6.11
                          Station longitude: 106.65
                          Station elevation: 8.0
                            Showalter index: 0.87
                               Lifted index: -2.96
    LIFT computed using virtual temperature: -3.32
                                SWEAT index: 186.60
                                    K index: 30.30
                         Cross totals index: 19.90
                      Vertical totals index: 23.50
                        Totals totals index: 43.40
      Convective Available Potential Energy: 733.98
             CAPE using virtual temperature: 872.23
                      Convective Inhibition: -29.97
             CINS using virtual temperature: -15.81
                           Equilibrum Level: 193.92
 Equilibrum Level using virtual temperature: 193.78
                   Level of Free Convection: 853.94
             LFCT using virtual temperature: 867.79
                     Bulk Richardson Number: 644.25
          Bulk Richardson Number using CAPV: 765.61
  Temp [K] of the Lifted Condensation Level: 294.60
Pres [hPa] of the Lifted Condensation Level: 948.09
   Equivalent potential temp [K] of the LCL: 349.76
     Mean mixed layer potential temperature: 299.13
              Mean mixed layer mixing ratio: 17.34
              1000 hPa to 500 hPa thickness: 5762.00
Precipitable water [mm] for entire sounding: 53.97
</PRE>
<P>Description of the 
<A HREF="/upperair/columns.html">data columns</A>
or <A HREF="/upperair/indices.html">sounding indices</A>.

<P>
<FORM>
<INPUT CLASS="button" TYPE="button" VALUE=" Close this window " 
 onClick="window.close();">
<INPUT CLASS="button" TYPE="button" VALUE=" Select another map " 
 onClick="window.blur();">
</FORM>
<HR SIZE="1">
<I>Interested in graduate studies in atmospheric science?
Check out our program at the
<a href="http://www.uwyo.edu/atsc/howtoapply/"
target=_top>University of Wyoming
</a></I>
<HR SIZE="1"><FONT SIZE="-1">
Questions about the weather data provided by this site can be
addressed to <A HREF="mailto:ldoolman@uwyo.edu">
Larry Oolman (ldoolman@uwyo.edu)</A></FONT>
<HR SIZE="1">
<SCRIPT TYPE="text/javascript">
<!--
window.focus();
// -->
</SCRIPT>
</BODY>
</HTML>
