2021-07-09 00
<HTML>
<TITLE>University of Wyoming - Radiosonde Data</TITLE>
<BODY BGCOLOR="white">
<H2>96749 WIII Jakarta Observations at 00Z 09 Jul 2021</H2>
<PRE>
-----------------------------------------------------------------------------
   PRES   HGHT   TEMP   DWPT   RELH   MIXR   DRCT   SKNT   THTA   THTE   THTV
    hPa     m      C      C      %    g/kg    deg   knot     K      K      K 
-----------------------------------------------------------------------------
 1008.0      8   24.6   22.1     86  16.93    180      2  297.1  346.2  300.1
 1000.0     79   25.0   21.8     82  16.75    190      4  298.1  347.0  301.1
  975.0    301   24.4   22.2     87  17.60     95     10  299.7  351.4  302.9
  967.0    374   24.2   22.3     89  17.89     94     10  300.2  352.8  303.4
  949.0    538   24.0   18.0     69  13.88     92     11  301.6  342.8  304.1
  925.0    762   22.2   18.9     82  15.09     90     12  302.0  346.8  304.7
  879.0   1204   19.8   15.8     78  12.98     75     11  303.9  342.8  306.3
  850.0   1494   18.2   13.7     75  11.72     55     10  305.2  340.5  307.4
  833.0   1667   17.4   11.4     68  10.26     48     10  306.1  337.3  308.0
  824.0   1760   16.8   13.4     80  11.86     45     11  306.4  342.4  308.6
  792.0   2098   15.6    8.6     63   8.93     32     11  308.6  336.1  310.3
  764.0   2402   13.9    6.4     61   7.94     20     12  310.0  334.6  311.4
  738.0   2694   12.2    4.2     58   7.08     10      9  311.2  333.4  312.6
  735.0   2729   12.0    4.0     58   6.98     11      9  311.4  333.3  312.7
  719.0   2913   10.6    6.5     76   8.51     15      9  311.8  338.4  313.4
  700.0   3136    9.4    5.8     78   8.33     20      8  312.9  339.0  314.4
  686.0   3303    8.2    5.1     80   8.07     35      9  313.4  338.8  314.9
  681.0   3364    7.8    4.8     81   7.98     42      9  313.6  338.7  315.1
  659.0   3635    7.0    0.0     61   5.84     74     10  315.6  334.4  316.7
  638.0   3900    5.3    1.2     75   6.57    105     10  316.6  337.7  317.8
  618.0   4161    3.6    2.3     91   7.36     92     11  317.5  341.2  319.0
  593.0   4494    2.4   -1.1     77   5.98     75     13  319.9  339.4  321.1
  546.0   5162    0.0   -8.0     55   3.85    108     12  324.7  337.8  325.5
  530.0   5398   -1.9   -8.4     61   3.84    120     12  325.2  338.3  326.0
  500.0   5860   -5.5   -9.3     75   3.80     80     11  326.3  339.3  327.0
  491.0   6002   -6.9   -9.6     81   3.78     70     12  326.3  339.2  327.0
  477.0   6227   -9.1  -10.1     92   3.74     74     12  326.2  339.0  327.0
  472.0   6309   -9.8  -10.4     95   3.68     75     12  326.3  338.9  327.0
  465.0   6424  -10.9  -10.9    100   3.60     69     13  326.4  338.7  327.1
  458.0   6541  -11.7  -11.7    100   3.43     63     14  326.8  338.6  327.5
  457.0   6558  -11.9  -12.0     99   3.35     62     15  326.8  338.3  327.4
  452.0   6642  -10.1  -14.6     70   2.74     58     15  330.0  339.7  330.6
  447.0   6728   -9.3  -17.3     52   2.21     54     16  332.1  340.1  332.6
  446.0   6746   -9.3  -17.3     52   2.22     53     16  332.3  340.3  332.8
  437.0   6902  -10.2  -20.4     43   1.74     45     18  333.2  339.5  333.5
  400.0   7580  -13.9  -33.9     17   0.55     65     20  336.8  339.0  336.9
  396.0   7656  -14.3  -39.3     10   0.32     68     20  337.3  338.6  337.4
  382.0   7929  -15.5  -45.5      6   0.17     79     18  339.2  339.9  339.2
  317.0   9296  -27.4  -39.6     30   0.39    135     10  341.2  342.8  341.3
  304.0   9603  -30.1  -38.3     44   0.46    110      7  341.6  343.5  341.7
  300.0   9700  -30.9  -37.9     50   0.49     90      6  341.7  343.7  341.8
  298.0   9747  -31.3  -38.3     50   0.47     88      6  341.8  343.7  341.9
  291.0   9911  -32.8  -39.2     52   0.44     80      4  342.1  343.8  342.1
  279.0  10202  -35.4  -40.9     57   0.38     20      4  342.5  344.0  342.5
  267.0  10506  -38.0  -42.7     62   0.33     35      9  342.9  344.2  342.9
  256.0  10796  -40.6  -44.4     67   0.29     45     12  343.2  344.4  343.2
  250.0  10960  -42.1  -45.3     71   0.27     55     15  343.3  344.5  343.4
  249.0  10987  -42.3  -45.3     72   0.27     55     15  343.4  344.6  343.5
  229.0  11547  -46.9  -51.0     63   0.15     51     20  344.7  345.4  344.8
  221.0  11782  -48.7  -55.7     44   0.09     49     22  345.5  345.9  345.5
  204.0  12301  -53.0  -60.8     38   0.05     45     27  346.7  346.9  346.7
  200.0  12430  -54.1  -62.1     37   0.04     50     28  346.9  347.1  346.9
  195.0  12592  -55.1  -65.6     26   0.03     45     30  347.9  348.0  347.9
  190.0  12758  -56.1  -69.1     18   0.02     48     31  348.8  348.9  348.9
  169.0  13482  -61.9  -73.9     19   0.01     60     33  351.2  351.2  351.2
  153.0  14097  -66.7  -77.9     19   0.01     85     33  352.9  353.0  352.9
  150.0  14220  -67.7  -78.7     20   0.01     85     32  353.3  353.3  353.3
  138.0  14710  -71.6  -81.4     22   0.00    110     28  354.9  355.0  355.0
  125.0  15290  -76.2  -84.6     25   0.00    115     31  356.8  356.8  356.8
  121.0  15481  -77.7  -85.7     27   0.00    112     31  357.4  357.4  357.4
  112.0  15919  -81.3  -90.1     22   0.00    105     32  358.7  358.7  358.7
  110.0  16021  -82.1  -91.1     21   0.00     95     30  358.9  359.0  358.9
  107.0  16177  -80.9  -90.2     20   0.00     80     26  364.1  364.1  364.1
  101.0  16504  -78.3  -88.2     19   0.00    350     19  375.1  375.1  375.1
  100.0  16560  -77.9  -87.9     19   0.00    340     19  377.0  377.0  377.0
   96.0  16796  -74.7  -87.2     13   0.00    290     15  387.7  387.7  387.7
   95.3  16839  -74.1  -87.1     12   0.00    290     15  389.6  389.6  389.6
   82.0  17718  -74.0  -92.3      5   0.00    295     18  407.0  407.1  407.0
   78.4  17981  -73.9  -93.9      3   0.00    277     19  412.4  412.4  412.4
   78.0  18011  -73.7  -93.9      3   0.00    275     19  413.3  413.3  413.3
   71.0  18566  -70.8  -93.4      2   0.00    280     23  430.9  430.9  430.9
   70.0  18650  -70.3  -93.3      2   0.00    275     24  433.7  433.7  433.7
   67.0  18912  -68.2  -93.4      2   0.00    255     28  443.6  443.6  443.6
   64.6  19130  -66.5  -93.5      1   0.00    271     35  452.0  452.0  452.0
   64.0  19185  -66.8  -93.6      1   0.00    275     37  452.5  452.5  452.5
   60.4  19532  -68.9  -93.9      2   0.00    273     37  455.4  455.4  455.4
   50.0  20670  -64.7  -92.7      1   0.00    265     38  490.6  490.6  490.6
   47.0  21050  -62.9  -90.9      1   0.00    265     33  503.6  503.6  503.6
   46.3  21142  -62.5  -90.5      1   0.00    272     31  506.8  506.8  506.8
   45.0  21320  -62.2  -90.0      1   0.00    285     28  511.7  511.8  511.7
   43.0  21603  -61.6  -89.2      1   0.00    280     14  519.7  519.7  519.7
   41.0  21900  -61.1  -88.4      2   0.00    295      3  528.2  528.2  528.2
   39.0  22212  -60.5  -87.6      2   0.00      0     13  537.3  537.3  537.3
   37.0  22540  -59.9  -86.7      2   0.01     15     10  547.0  547.0  547.0
   34.0  23067  -58.9  -85.2      2   0.01     95     22  562.9  563.0  562.9
   32.2  23407  -58.3  -84.3      2   0.01     86     36  573.4  573.5  573.4
   31.0  23645  -59.5  -84.2      3   0.01     80     45  576.5  576.5  576.5
   30.4  23767  -60.1  -84.1      3   0.01     80     45  578.0  578.1  578.0
   30.0  23850  -59.9  -83.9      3   0.01     80     45  580.8  580.9  580.8
   28.0  24282  -59.2  -85.1      2   0.01     95     47  594.1  594.2  594.1
   27.0  24509  -58.9  -85.8      2   0.01     85     50  601.3  601.4  601.3
   25.9  24770  -58.5  -86.5      2   0.01     82     49  609.6  609.7  609.6
   25.0  24994  -57.1  -86.3      1   0.01     80     48  619.9  620.0  619.9
   23.1  25496  -53.9  -85.9      1   0.01     94     52  643.4  643.5  643.4
   23.0  25523  -53.9  -85.8      1   0.01     95     52  644.1  644.3  644.1
   20.8  26168  -54.3  -84.3      1   0.02     88     53  661.8  661.9  661.8
   20.0  26420  -52.1  -83.1      1   0.02     85     53  675.9  676.1  676.0
   18.9  26789  -48.9  -81.9      1   0.03     86     56  696.9  697.2  696.9
   16.0  27883  -48.8  -81.0      1   0.04     90     64  731.3  731.7  731.4
   15.2  28219  -48.7  -80.8      1   0.04     95     68  742.3  742.7  742.3
   15.0  28306  -48.7  -80.7      1   0.04                745.1  745.6  745.2
</PRE><H3>Station information and sounding indices</H3><PRE>
                         Station identifier: WIII
                             Station number: 96749
                           Observation time: 210709/0000
                           Station latitude: -6.11
                          Station longitude: 106.65
                          Station elevation: 8.0
                            Showalter index: 1.17
                               Lifted index: -2.06
    LIFT computed using virtual temperature: -2.42
                                SWEAT index: 195.40
                                    K index: 33.80
                         Cross totals index: 19.20
                      Vertical totals index: 23.70
                        Totals totals index: 42.90
      Convective Available Potential Energy: 524.12
             CAPE using virtual temperature: 634.04
                      Convective Inhibition: -73.07
             CINS using virtual temperature: -38.87
                           Equilibrum Level: 191.98
 Equilibrum Level using virtual temperature: 191.88
                   Level of Free Convection: 736.64
             LFCT using virtual temperature: 791.59
                     Bulk Richardson Number: 148.80
          Bulk Richardson Number using CAPV: 180.01
  Temp [K] of the Lifted Condensation Level: 294.10
Pres [hPa] of the Lifted Condensation Level: 939.84
   Equivalent potential temp [K] of the LCL: 348.93
     Mean mixed layer potential temperature: 299.38
              Mean mixed layer mixing ratio: 16.96
              1000 hPa to 500 hPa thickness: 5781.00
Precipitable water [mm] for entire sounding: 52.58
</PRE>
<P>Description of the 
<A HREF="/upperair/columns.html">data columns</A>
or <A HREF="/upperair/indices.html">sounding indices</A>.

<P>
<FORM>
<INPUT CLASS="button" TYPE="button" VALUE=" Close this window " 
 onClick="window.close();">
<INPUT CLASS="button" TYPE="button" VALUE=" Select another map " 
 onClick="window.blur();">
</FORM>
<HR SIZE="1">
<I>Interested in graduate studies in atmospheric science?
Check out our program at the
<a href="http://www.uwyo.edu/atsc/howtoapply/"
target=_top>University of Wyoming
</a></I>
<HR SIZE="1"><FONT SIZE="-1">
Questions about the weather data provided by this site can be
addressed to <A HREF="mailto:ldoolman@uwyo.edu">
Larry Oolman (ldoolman@uwyo.edu)</A></FONT>
<HR SIZE="1">
<SCRIPT TYPE="text/javascript">
<!--
window.focus();
// -->
</SCRIPT>
</BODY>
</HTML>
