2022-08-21 12
<HTML>
<TITLE>University of Wyoming - Radiosonde Data</TITLE>
<BODY BGCOLOR="white">
<H2>96749 WIII Jakarta Observations at 00Z 21 Aug 2022</H2>
<PRE>
-----------------------------------------------------------------------------
   PRES   HGHT   TEMP   DWPT   RELH   MIXR   DRCT   SKNT   THTA   THTE   THTV
    hPa     m      C      C      %    g/kg    deg   knot     K      K      K 
-----------------------------------------------------------------------------
 1009.0      8   25.2   22.2     83  17.02    210      3  297.6  347.1  300.6
 1000.0     91   25.6   21.1     76  16.03    225      5  298.8  345.6  301.6
  989.0    189   25.8   19.8     69  14.93    205      5  299.9  343.8  302.6
  976.0    305   24.9   20.2     75  15.56    180      4  300.1  345.9  302.9
  945.0    588   22.8   21.3     91  17.20     73      6  300.8  351.5  303.9
  944.0    598   22.7   21.2     91  17.16     70      6  300.8  351.4  303.9
  925.0    775   21.6   20.2     92  16.40    105      5  301.4  349.9  304.3
  912.0    897   21.0   19.3     90  15.74    125      8  302.0  348.6  304.8
  881.0   1196   19.5   17.2     86  14.22    100     10  303.5  345.9  306.1
  850.0   1505   18.0   15.0     83  12.77     85     10  305.0  343.4  307.3
  821.0   1800   16.7   12.9     79  11.56     40      6  306.6  341.7  308.8
  793.0   2095   15.4   10.9     75  10.43     50      4  308.3  340.2  310.2
  773.0   2313   14.4    9.4     72   9.67    100      5  309.5  339.3  311.3
  765.0   2400   13.8    9.0     73   9.53    120      5  309.8  339.2  311.6
  700.0   3142    8.8    6.0     83   8.45    120      6  312.2  338.6  313.8
  687.0   3297    7.6    5.1     84   8.07    135      8  312.6  337.9  314.1
  672.0   3479    6.2    4.0     86   7.64    128     10  312.9  337.0  314.4
  638.0   3901    4.3   -3.2     58   4.76    110     16  315.4  330.9  316.3
  615.0   4200    2.9   -8.3     44   3.35    120     15  317.2  328.3  317.8
  610.0   4266    2.6   -9.4     41   3.09    118     15  317.6  327.9  318.2
  607.0   4306    2.4  -10.6     38   2.82    117     16  317.8  327.3  318.3
  595.0   4467    3.2  -26.8      9   0.72    112     17  320.5  323.2  320.7
  591.0   4522    3.8  -22.2     13   1.10    110     17  321.9  325.8  322.1
  557.0   4999    0.0  -14.0     34   2.34     96     20  322.9  331.0  323.3
  526.0   5453   -4.3  -13.3     50   2.62     82     23  323.0  332.0  323.5
  500.0   5850   -7.3  -10.7     77   3.40     70     26  324.1  335.7  324.7
  492.0   5976   -6.5  -14.5     53   2.54     66     25  326.6  335.4  327.1
  489.0   6024   -6.3  -14.3     53   2.60     65     25  327.4  336.5  327.9
  460.0   6501   -8.9  -17.9     48   2.05     51     22  329.9  337.2  330.3
  442.0   6809  -11.5  -16.3     68   2.44     43     21  330.4  339.0  330.9
  437.0   6896  -11.9  -17.2     65   2.28     40     20  330.9  339.1  331.4
  412.0   7346  -14.1  -22.1     51   1.59     43     21  333.7  339.6  334.1
  402.0   7532  -15.7  -19.9     70   1.97     45     22  334.0  341.2  334.4
  400.0   7570  -15.9  -20.3     69   1.92     45     22  334.2  341.2  334.6
  396.0   7646  -16.1  -25.1     46   1.27     46     22  334.9  339.7  335.2
  368.0   8195  -19.5  -36.5     21   0.46     56     21  337.5  339.3  337.6
  344.0   8692  -23.6  -33.2     41   0.68     65     21  338.6  341.2  338.7
  342.0   8735  -23.9  -32.9     43   0.71     64     21  338.7  341.4  338.8
  303.0   9608  -29.6  -39.5     38   0.41     35     18  342.5  344.2  342.6
  300.0   9680  -30.1  -40.1     37   0.39     30     17  342.8  344.4  342.9
  296.0   9775  -30.7  -42.7     30   0.30     29     18  343.3  344.6  343.4
  268.0  10473  -36.5  -47.5     31   0.20     24     21  344.7  345.6  344.8
  253.0  10869  -40.1  -44.2     65   0.30     21     24  345.1  346.4  345.2
  250.0  10950  -40.7  -44.1     70   0.31     20     24  345.4  346.7  345.5
  234.0  11389  -44.3  -47.8     68   0.22     15     27  346.5  347.5  346.6
  224.0  11678  -46.7  -50.2     67   0.17     15     31  347.2  348.0  347.3
  204.0  12299  -51.8  -55.5     65   0.10      5     30  348.6  349.0  348.6
  200.0  12430  -52.9  -56.6     64   0.09      5     29  348.8  349.2  348.9
  195.0  12591  -54.4  -57.9     65   0.08      5     28  349.0  349.4  349.0
  190.0  12757  -55.9  -59.3     65   0.07      6     27  349.2  349.5  349.2
  161.0  13780  -64.2  -72.5     31   0.01     15     19  352.0  352.1  352.0
  157.0  13936  -65.5  -74.5     28   0.01     26     18  352.4  352.5  352.4
  150.0  14210  -67.9  -77.9     23   0.01     45     17  352.9  353.0  352.9
  146.0  14366  -68.9  -78.7     23   0.01     40     16  353.9  353.9  353.9
  131.0  14992  -73.1  -82.1     24   0.00     40     12  357.5  357.6  357.5
  107.0  16160  -80.9  -88.4     28   0.00     85     25  364.1  364.1  364.1
  100.0  16550  -83.5  -90.5     29   0.00     55     20  366.2  366.2  366.2
   96.0  16775  -85.2  -93.0     24   0.00     60     16  367.1  367.1  367.1
   95.3  16816  -85.5  -93.5     23   0.00     65     16  367.3  367.3  367.3
   91.0  17070  -84.7  -91.8     28   0.00    105     23  373.8  373.8  373.8
   90.1  17125  -84.5  -91.5     29   0.00    104     25  375.2  375.2  375.2
   86.0  17384  -81.8  -89.5     26   0.00    100     37  385.7  385.7  385.7
   84.4  17489  -80.7  -88.7     26   0.00     99     38  390.0  390.0  390.0
   79.7  17821  -69.9  -84.9     10   0.00     95     42  418.7  418.7  418.7
   74.0  18266  -67.7  -83.9      8   0.00     90     46  432.2  432.3  432.2
   70.0  18600  -66.1  -83.1      8   0.01     90     55  442.6  442.7  442.6
   67.0  18870  -64.9  -81.9      8   0.01     90     54  450.8  450.8  450.8
   61.0  19448  -62.4  -79.4      9   0.01    100     59  468.6  468.7  468.6
   58.6  19695  -61.3  -78.3      9   0.01     92     53  476.5  476.6  476.5
   58.0  19760  -59.7  -78.4      7   0.01     90     51  481.5  481.6  481.5
   56.5  19925  -55.7  -78.7      4   0.01     88     40  494.2  494.3  494.2
   55.0  20098  -54.9  -76.5      5   0.02     85     29  499.9  500.1  499.9
   53.3  20299  -53.9  -73.9      7   0.03     82     24  506.7  506.9  506.7
   50.0  20710  -55.3  -74.3      8   0.03     75     14  512.7  513.0  512.7
   48.0  20968  -56.8  -76.6      6   0.02     70     17  515.3  515.5  515.3
   43.2  21632  -60.5  -82.5      4   0.01      0     11  521.8  521.9  521.8
   43.0  21661  -60.5  -82.6      4   0.01      5     11  522.5  522.6  522.5
   41.0  21958  -60.4  -83.2      4   0.01    305     17  530.0  530.0  530.0
   36.0  22769  -60.1  -85.1      2   0.01    250     14  550.8  550.8  550.8
   35.9  22787  -60.1  -85.1      2   0.01    251     13  551.2  551.3  551.2
   34.0  23129  -58.4  -84.3      2   0.01    280      3  564.3  564.4  564.3
   33.0  23317  -57.5  -83.9      2   0.01    265      8  571.6  571.7  571.6
   32.0  23511  -56.5  -83.5      2   0.01    238      9  579.2  579.3  579.2
   31.0  23712  -56.8  -82.3      3   0.01    210     10  583.7  583.9  583.7
   30.0  23920  -57.1  -81.1      3   0.02    210      9  588.4  588.5  588.4
   28.3  24289  -57.5  -81.5      3   0.02    231      9  597.2  597.3  597.2
   28.0  24356  -57.4  -81.4      3   0.02    235      9  599.2  599.4  599.2
   27.0  24586  -57.1  -81.1      3   0.02    215      7  606.4  606.6  606.4
   26.0  24827  -55.0  -80.6      3   0.02    295     10  618.8  619.0  618.8
   25.1  25052  -53.1  -80.1      2   0.03    298     13  630.6  630.9  630.6
   23.0  25616  -52.5  -78.7      3   0.04    305     22  648.4  648.7  648.4
   22.0  25904  -52.2  -78.0      3   0.04    310     30  657.6  658.0  657.6
   21.0  26205  -51.8  -77.3      3   0.05    305     28  667.4  667.8  667.4
   20.0  26520  -51.5  -76.5      3   0.06    285     38  677.8  678.4  677.8
   19.5  26684  -52.1  -76.1      4   0.06    275     34  680.9  681.5  680.9
   19.0  26854  -51.4  -75.7      4   0.07    265     30  688.2  688.9  688.2
   17.0  27581  -48.2  -74.0      4   0.10    275     27  720.5  721.6  720.6
   16.7  27697  -47.7  -73.7      3   0.11    276     29  725.9  727.0  725.9
   16.0  27980  -47.5  -73.2      4   0.12    280     33  735.6  736.8  735.6
   14.0  28864  -46.7  -71.7      4   0.17    283     38  766.7  768.6  766.8
   13.0  29353  -47.5  -71.9      4   0.18    285     40  780.5  782.5  780.6
   12.2  29773  -48.1  -72.1      5   0.18    277     36  792.6  794.6  792.6
   12.0                                       275     35                     
</PRE><H3>Station information and sounding indices</H3><PRE>
                         Station identifier: WIII
                             Station number: 96749
                           Observation time: 220821/0000
                           Station latitude: -6.11
                          Station longitude: 106.65
                          Station elevation: 8.0
                            Showalter index: -1.77
                               Lifted index: -2.85
    LIFT computed using virtual temperature: -3.21
                                SWEAT index: 226.00
                                    K index: 37.50
                         Cross totals index: 22.30
                      Vertical totals index: 25.30
                        Totals totals index: 47.60
      Convective Available Potential Energy: 212.80
             CAPE using virtual temperature: 311.60
                      Convective Inhibition: -95.46
             CINS using virtual temperature: -77.45
                           Equilibrum Level: 313.01
 Equilibrum Level using virtual temperature: 310.43
                   Level of Free Convection: 723.83
             LFCT using virtual temperature: 740.95
                     Bulk Richardson Number: 16.65
          Bulk Richardson Number using CAPV: 24.38
  Temp [K] of the Lifted Condensation Level: 292.73
Pres [hPa] of the Lifted Condensation Level: 920.80
   Equivalent potential temp [K] of the LCL: 346.17
     Mean mixed layer potential temperature: 299.73
              Mean mixed layer mixing ratio: 15.86
              1000 hPa to 500 hPa thickness: 5759.00
Precipitable water [mm] for entire sounding: 51.84
</PRE>
<P>Description of the 
<A HREF="/upperair/columns.html">data columns</A>
or <A HREF="/upperair/indices.html">sounding indices</A>.

<P>
<FORM>
<INPUT CLASS="button" TYPE="button" VALUE=" Close this window " 
 onClick="window.close();">
<INPUT CLASS="button" TYPE="button" VALUE=" Select another map " 
 onClick="window.blur();">
</FORM>
<HR SIZE="1">
<I>Interested in graduate studies in atmospheric science?
Check out our program at the
<a href="http://www.uwyo.edu/atsc/howtoapply/"
target=_top>University of Wyoming
</a></I>
<HR SIZE="1"><FONT SIZE="-1">
Questions about the weather data provided by this site can be
addressed to <A HREF="mailto:ldoolman@uwyo.edu">
Larry Oolman (ldoolman@uwyo.edu)</A></FONT>
<HR SIZE="1">
<SCRIPT TYPE="text/javascript">
<!--
window.focus();
// -->
</SCRIPT>
</BODY>
</HTML>
