2020-10-20 12
<HTML>
<TITLE>University of Wyoming - Radiosonde Data</TITLE>
<BODY BGCOLOR="white">
<H2>96749 WIII Jakarta Observations at 00Z 20 Oct 2020</H2>
<PRE>
-----------------------------------------------------------------------------
   PRES   HGHT   TEMP   DWPT   RELH   MIXR   DRCT   SKNT   THTA   THTE   THTV
    hPa     m      C      C      %    g/kg    deg   knot     K      K      K 
-----------------------------------------------------------------------------
 1009.0      8   24.8   21.5     82  16.29    170      1  297.2  344.5  300.1
 1000.0     89   25.4   20.6     75  15.53    165      3  298.6  343.9  301.3
  996.0    124   25.8   20.8     74  15.79    153      4  299.3  345.6  302.1
  976.0    302   24.9   19.6     73  14.93     95      7  300.1  344.0  302.8
  925.0    771   22.4   16.4     69  12.84     85     14  302.2  340.4  304.5
  911.0    904   21.9   16.5     71  13.14     85     12  303.1  342.3  305.5
  900.0   1010   21.6   16.6     73  13.38     84     11  303.8  343.8  306.2
  850.0   1506   18.2   13.7     75  11.72     80      9  305.2  340.5  307.4
  833.0   1679   16.8   13.4     80  11.73     86      8  305.5  340.9  307.6
  821.0   1803   16.3   12.4     78  11.18     90      8  306.2  340.1  308.3
  765.0   2403   13.8    7.8     67   8.78      5      5  309.8  337.0  311.4
  739.0   2697   12.6    5.6     62   7.78     11      5  311.5  335.9  313.0
  719.0   2927   11.2    6.6     73   8.57     15      5  312.5  339.3  314.1
  700.0   3151   10.0    2.0     58   6.36     20      5  313.5  333.7  314.7
  694.0   3223    9.6    1.6     57   6.23     20      5  313.9  333.7  315.0
  639.0   3896    5.7   -0.6     64   5.77     20      6  316.9  335.6  318.0
  616.0   4195    4.0   -1.6     67   5.57      0      8  318.3  336.4  319.4
  594.0   4492    2.3   -2.5     71   5.38    345      9  319.6  337.3  320.7
  566.0   4886    0.0   -3.8     76   5.13    345      6  321.4  338.4  322.4
  551.0   5099   -1.1   -5.1     74   4.77    345      5  322.6  338.5  323.5
  531.0   5392   -2.5   -6.9     72   4.30     10      7  324.3  338.8  325.1
  500.0   5870   -4.9   -9.9     68   3.63     45      4  327.0  339.4  327.7
  492.0   5996   -5.5  -10.9     66   3.41     50      4  327.8  339.6  328.5
  473.0   6303   -6.9  -13.3     60   2.92     40      4  329.8  340.1  330.4
  462.0   6487   -7.7  -14.7     57   2.66     77      5  331.0  340.4  331.5
  438.0   6895  -10.4  -16.2     62   2.47    160      6  332.7  341.5  333.2
  405.0   7495  -14.3  -18.5     70   2.20    165      5  335.1  343.1  335.6
  400.0   7590  -14.9  -18.9     72   2.16    165      6  335.5  343.4  336.0
  394.0   7704  -15.9  -19.4     74   2.10    153      8  335.7  343.4  336.1
  385.0   7878  -17.3  -20.1     79   2.02    134     11  336.1  343.5  336.5
  377.0   8036  -17.7  -23.7     59   1.51    117     13  337.6  343.2  337.9
  374.0   8095  -18.0  -24.3     58   1.44    110     14  337.9  343.3  338.2
  351.0   8568  -20.3  -29.3     44   0.97    116     14  341.0  344.8  341.2
  318.0   9286  -26.2  -35.8     40   0.57    125     15  342.6  344.9  342.7
  300.0   9710  -29.7  -39.7     37   0.41    145     13  343.4  345.1  343.5
  292.0   9897  -31.4  -41.7     36   0.34    145     11  343.7  345.1  343.8
  268.0  10490  -36.6  -47.9     30   0.19    135     10  344.6  345.4  344.6
  257.0  10779  -39.2  -50.9     28   0.14    150     10  344.9  345.5  344.9
  250.0  10970  -40.9  -52.9     26   0.11    145      8  345.1  345.6  345.1
  235.0  11385  -44.5  -55.0     30   0.09    100     12  345.8  346.2  345.8
  222.0  11767  -47.9  -56.9     35   0.08     93     15  346.3  346.6  346.3
  212.0  12071  -49.9  -62.9     20   0.04     87     18  347.8  347.9  347.8
  200.0  12450  -52.9  -65.9     19   0.03     80     21  348.8  349.0  348.8
  187.0  12871  -55.9  -69.8     16   0.02     70     24  350.8  350.9  350.8
  162.0  13768  -62.3  -78.2     10   0.01     90     19  354.7  354.7  354.7
  154.0  14085  -64.5  -81.2      9   0.00     80     21  356.0  356.1  356.0
  150.0  14250  -65.7  -82.7      8   0.00     90     16  356.7  356.7  356.7
  147.0  14372  -66.5  -83.5      8   0.00    105     15  357.4  357.4  357.4
  139.0  14692  -69.3  -85.7      8   0.00    145     11  358.2  358.3  358.2
  126.0  15255  -74.2  -89.6      8   0.00    140     10  359.6  359.6  359.6
  113.0  15879  -79.6  -93.9      8   0.00    120     12  360.9  360.9  360.9
  102.0  16466  -84.7  -97.9      9   0.00    115     14  361.8  361.8  361.8
  100.0  16580  -85.7  -98.7      9   0.00    115     15  361.9  361.9  361.9
   95.7  16821  -87.7 -100.7      8   0.00    110     22  362.6  362.6  362.6
   92.9  16983  -84.7  -96.7     11   0.00    106     21  371.6  371.6  371.6
   91.0  17100  -78.7  -94.7      6   0.00    103     21  385.7  385.7  385.7
   86.0  17422  -78.4  -90.2     14   0.00     95     19  392.6  392.6  392.6
   85.1  17482  -78.3  -89.3     16   0.00     81     16  393.9  393.9  393.9
   82.0  17698  -76.9  -89.0     13   0.00     30      5  401.0  401.0  401.0
   78.0  17989  -75.0  -88.5     11   0.00      0     12  410.6  410.6  410.6
   74.0  18295  -73.1  -88.0      9   0.00      0     10  421.0  421.0  421.0
   71.3  18511  -71.7  -87.7      8   0.00    323      8  428.4  428.4  428.4
   70.0  18620  -72.1  -88.1      8   0.00    305      7  429.8  429.8  429.8
   67.0  18879  -71.8  -88.5      7   0.00    295     14  435.9  435.9  435.9
   60.0  19531  -71.0  -89.4      5   0.00    205      9  451.7  451.7  451.7
   58.0  19731  -70.7  -89.7      5   0.00    159      6  456.7  456.7  456.7
   57.0  19836  -69.2  -89.6      4   0.00    135      5  462.3  462.3  462.3
   55.0  20051  -66.2  -89.4      3   0.00     45      5  473.9  473.9  473.9
   54.4  20116  -65.3  -89.3      2   0.00     29      6  477.5  477.6  477.5
   52.0  20391  -65.3  -88.8      3   0.00    325      8  483.7  483.8  483.7
   50.0  20630  -65.3  -88.3      3   0.00    305     14  489.2  489.2  489.2
   47.0  21005  -65.3  -88.3      3   0.00    265     25  497.9  497.9  497.9
   45.9  21149  -65.3  -88.3      3   0.00    260     23  501.3  501.3  501.3
   45.0  21270  -64.4  -88.0      3   0.00    255     22  506.3  506.3  506.3
   43.0  21549  -62.4  -87.2      2   0.00    300      7  517.9  517.9  517.9
   41.2  21811  -60.5  -86.5      2   0.01    340     11  528.9  529.0  529.0
   41.0  21841  -60.4  -86.4      2   0.01    345     12  529.8  529.9  529.8
   37.1  22463  -59.1  -85.1      2   0.01    272     17  548.6  548.7  548.6
   35.0  22825  -59.9  -85.5      2   0.01    230     20  555.8  555.9  555.8
   34.0  23005  -60.3  -85.7      2   0.01    175     17  559.4  559.4  559.4
   32.0  23381  -61.1  -86.2      2   0.01    155     15  567.0  567.0  567.0
   31.5  23479  -61.3  -86.3      2   0.01    156     15  569.0  569.0  569.0
   30.0  23780  -61.9  -87.9      2   0.01    160     15  575.3  575.4  575.3
   28.7  24054  -61.5  -87.5      2   0.01    134     16  583.8  583.8  583.8
   26.0  24679  -55.2  -84.8      1   0.01     75     19  618.3  618.4  618.3
   25.0  24927  -52.7  -83.7      1   0.01     46     14  632.5  632.6  632.5
   24.0  25193  -52.0  -82.8      1   0.02     15      8  641.9  642.0  641.9
   22.0  25759  -50.6  -81.0      2   0.03     30     18  662.3  662.5  662.3
   21.0  26062  -49.8  -80.0      2   0.03    335     13  673.5  673.8  673.5
   20.1  26347  -49.1  -79.1      2   0.04    304     14  684.1  684.5  684.2
   20.0  26380  -48.9  -78.9      2   0.04    300     14  685.7  686.1  685.8
   17.2  27364  -51.7  -80.7      2   0.03    291      6  707.0  707.4  707.0
   17.0  27440  -51.6  -80.8      2   0.03    290      5  709.5  709.9  709.5
   16.0  27834  -51.4  -81.2      2   0.03    200      2  722.8  723.1  722.8
   15.0  28253  -51.1  -81.6      1   0.03    250      3  737.1  737.5  737.2
   14.3  28563  -50.9  -81.9      1   0.03    150     11  748.0  748.4  748.0
   14.0                                       105     15                     
</PRE><H3>Station information and sounding indices</H3><PRE>
                         Station identifier: WIII
                             Station number: 96749
                           Observation time: 201020/0000
                           Station latitude: -6.11
                          Station longitude: 106.65
                          Station elevation: 8.0
                            Showalter index: 1.77
                               Lifted index: 0.40
    LIFT computed using virtual temperature: 0.15
                                SWEAT index: 186.39
                                    K index: 28.80
                         Cross totals index: 18.60
                      Vertical totals index: 23.10
                        Totals totals index: 41.70
      Convective Available Potential Energy: 0.80
             CAPE using virtual temperature: 11.70
                      Convective Inhibition: -206.13
             CINS using virtual temperature: -148.76
                           Equilibrum Level: 548.31
 Equilibrum Level using virtual temperature: 516.55
                   Level of Free Convection: 578.56
             LFCT using virtual temperature: 627.10
                     Bulk Richardson Number: 0.26
          Bulk Richardson Number using CAPV: 3.78
  Temp [K] of the Lifted Condensation Level: 291.79
Pres [hPa] of the Lifted Condensation Level: 910.84
   Equivalent potential temp [K] of the LCL: 343.93
     Mean mixed layer potential temperature: 299.70
              Mean mixed layer mixing ratio: 15.10
              1000 hPa to 500 hPa thickness: 5781.00
Precipitable water [mm] for entire sounding: 51.44
</PRE>
<P>Description of the 
<A HREF="/upperair/columns.html">data columns</A>
or <A HREF="/upperair/indices.html">sounding indices</A>.

<P>
<FORM>
<INPUT CLASS="button" TYPE="button" VALUE=" Close this window " 
 onClick="window.close();">
<INPUT CLASS="button" TYPE="button" VALUE=" Select another map " 
 onClick="window.blur();">
</FORM>
<HR SIZE="1">
<I>Interested in graduate studies in atmospheric science?
Check out our program at the
<a href="http://www.uwyo.edu/atsc/howtoapply/"
target=_top>University of Wyoming
</a></I>
<HR SIZE="1"><FONT SIZE="-1">
Questions about the weather data provided by this site can be
addressed to <A HREF="mailto:ldoolman@uwyo.edu">
Larry Oolman (ldoolman@uwyo.edu)</A></FONT>
<HR SIZE="1">
<SCRIPT TYPE="text/javascript">
<!--
window.focus();
// -->
</SCRIPT>
</BODY>
</HTML>
