2019-05-06 12
<HTML>
<TITLE>University of Wyoming - Radiosonde Data</TITLE>
<BODY BGCOLOR="white">
<H2>96749 WIII Jakarta Observations at 00Z 06 May 2019</H2>
<PRE>
-----------------------------------------------------------------------------
   PRES   HGHT   TEMP   DWPT   RELH   MIXR   DRCT   SKNT   THTA   THTE   THTV
    hPa     m      C      C      %    g/kg    deg   knot     K      K      K 
-----------------------------------------------------------------------------
 1011.0      8   25.8   22.8     84  17.63    245      1  298.0  349.4  301.2
 1000.0    100   25.2   22.4     84  17.39    130      1  298.4  349.1  301.4
  978.0    296   24.0   21.7     87  17.04    115      2  299.1  348.9  302.1
  945.0    599   22.1   20.7     91  16.51    140      3  300.1  348.7  303.1
  925.0    788   21.0   20.0     94  16.19    125      5  300.8  348.5  303.7
  913.0    900   20.4   19.2     93  15.63    105      6  301.2  347.4  304.1
  850.0   1515   16.8   15.1     90  12.86     85     14  303.7  342.2  306.1
  832.0   1697   15.8   13.8     88  12.06     85     13  304.5  340.8  306.8
  766.0   2392   12.7   10.6     87  10.62     85      8  308.5  341.0  310.5
  739.0   2694   11.4    9.3     87  10.03    100      4  310.2  341.2  312.1
  713.0   2995   10.1    7.9     86   9.46      0      2  312.0  341.4  313.8
  700.0   3150    9.4    7.2     86   9.18     10      3  312.9  341.6  314.6
  690.0   3270    9.4    6.4     82   8.81     21      3  314.1  341.9  315.8
  663.0   3599    7.6    4.1     79   7.81     50      3  315.7  340.5  317.2
  639.0   3903    5.9    2.0     76   6.96     10      4  317.1  339.5  318.5
  616.0   4205    4.2   -0.1     73   6.20    310      4  318.6  338.7  319.8
  613.0   4246    4.0   -0.4     73   6.10    311      4  318.7  338.6  319.9
  594.0   4501    2.3   -0.9     79   6.07    320      6  319.7  339.4  320.8
  572.0   4806    0.3   -1.5     88   6.02    295      9  320.8  340.5  321.9
  569.0   4849    0.0   -1.6     89   6.02    297      9  320.9  340.6  322.1
  531.0   5401   -2.2   -5.9     76   4.67    320     13  324.7  340.4  325.6
  519.0   5584   -2.9   -7.3     72   4.28    311     11  325.9  340.5  326.8
  513.0   5677   -2.7  -11.7     50   3.06    306     11  327.3  337.9  327.9
  511.0   5708   -3.5   -8.5     68   3.96    304     10  326.7  340.2  327.4
  500.0   5880   -3.9   -9.9     63   3.63    295      9  328.2  340.7  328.9
  474.0   6300   -7.1   -9.5     83   3.94    280      4  329.3  342.9  330.1
  466.0   6433   -8.1   -9.4     90   4.05    309      4  329.7  343.6  330.5
  456.0   6601   -8.9  -10.1     92   3.92    345      5  330.6  344.2  331.4
  439.0   6896  -10.4  -11.2     94   3.71      0      8  332.4  345.3  333.1
  434.0   6985  -10.9  -11.6     95   3.65    354      7  332.9  345.7  333.6
  422.0   7200  -12.0  -13.2     91   3.29    340      5  334.1  345.8  334.8
  406.0   7496  -13.5  -15.4     85   2.85    340      5  335.9  346.1  336.5
  400.0   7610  -14.1  -16.3     83   2.69    350      4  336.6  346.3  337.1
  399.0   7629  -14.3  -16.2     85   2.72      1      4  336.6  346.4  337.1
  390.0   7802  -15.8  -19.9     71   2.04    100      5  336.8  344.3  337.2
  388.0   7840  -16.1  -20.7     68   1.91    100      5  336.9  343.9  337.3
  384.0   7919  -16.1  -26.1     42   1.19    101      6  337.9  342.4  338.1
  376.0   8077  -17.1  -35.1     19   0.52    102      8  338.6  340.7  338.7
  362.0   8360  -19.7  -35.7     23   0.51    105     11  338.8  340.9  338.9
  360.0   8401  -20.0  -38.0     19   0.40    105     11  339.0  340.6  339.0
  358.0   8442  -20.3  -40.3     15   0.32    103     11  339.1  340.4  339.2
  354.0   8526  -20.7  -41.7     13   0.28     98     11  339.6  340.8  339.7
  349.0   8631  -21.7  -36.7     24   0.47     92     11  339.7  341.6  339.8
  348.0   8652  -21.7  -35.7     27   0.53     90     11  340.0  342.1  340.1
  347.0   8673  -22.1  -30.1     48   0.91     89     11  339.7  343.2  339.9
  346.0   8694  -22.1  -28.1     58   1.10     88     11  340.0  344.2  340.2
  345.0   8715  -22.1  -26.6     67   1.27     87     10  340.3  345.1  340.5
  340.0   8823  -22.9  -34.9     33   0.58     80     10  340.6  342.9  340.7
  339.0   8844  -22.9  -41.9     16   0.29     79     10  340.9  342.1  340.9
  332.0   8997  -23.2  -44.9     12   0.21     70     10  342.4  343.3  342.5
  331.0   9019  -23.3  -45.3     11   0.20     72     10  342.7  343.5  342.7
  318.0   9309  -25.7  -44.9     15   0.22     95     11  343.2  344.2  343.3
  300.0   9730  -29.3  -44.3     22   0.25     95     12  344.0  345.0  344.0
  281.0  10191  -33.5  -45.5     29   0.23     95     12  344.4  345.4  344.4
  275.0  10344  -34.9  -45.9     32   0.23     97     11  344.5  345.5  344.6
  269.0  10496  -36.2  -45.4     38   0.25    100     10  344.8  345.8  344.9
  257.0  10810  -38.9  -44.3     57   0.29     65      8  345.3  346.5  345.4
  252.0  10946  -40.1  -43.8     68   0.31     40      7  345.5  346.8  345.6
  250.0  11000  -40.3                          30      7  346.0         346.0
  246.0  11107  -41.3                          10      7  346.1         346.1
  236.0  11383  -43.8                         340      6  346.4         346.4
  215.0  12002  -49.6                         325      6  346.9         346.9
  206.0  12286  -52.2                         335      6  347.0         347.0
  203.0  12384  -53.1                         347      6  347.0         347.0
  200.0  12480  -53.5                           0      5  347.9         347.9
  196.0  12606  -54.4                          25      3  348.4         348.4
  187.0  12901  -56.5                         150      4  349.7         349.7
  179.0  13174  -58.5                         110      9  350.9         350.9
  154.0  14115  -65.3                          90     16  354.7         354.7
  150.0  14280  -66.5                          80     17  355.3         355.3
  140.0  14678  -69.5                          70     11  357.2         357.2
  133.0  14974  -71.7                          75      9  358.6         358.6
  126.0  15286  -74.0                         105      8  360.0         360.0
  120.0  15568  -76.1                          95      7  361.2         361.2
  108.0  16176  -80.6                          40      9  363.7         363.7
  102.0  16506  -83.0                          40     13  364.9         364.9
  100.0  16620  -83.9                          50     13  365.4         365.4
   96.2  16834  -85.1                          90     15  367.1         367.1
   92.0  17080  -84.4                         125     16  373.2         373.2
   88.1  17319  -83.7                         110      6  379.2         379.2
   87.0  17390  -82.0                         105      3  384.0         384.0
   84.2  17574  -77.7                          14      7  396.4         396.4
   82.0  17727  -76.2                         300     11  402.3         402.3
   78.0  18017  -73.5                         260     24  413.8         413.8
   76.6  18122  -72.5                         261     25  418.1         418.1
   70.0  18650  -73.1                         265     31  427.7         427.7
   64.0  19172  -75.2                         260     29  434.3         434.3
   61.4  19413  -76.1                         269     26  437.3         437.3
   57.0  19845  -75.2                         285     20  448.6         448.6
   54.3  20126  -74.7                         264     18  456.2         456.2
   52.0  20379  -73.1                         245     17  465.6         465.6
   50.9  20505  -72.3                         220     14  470.3         470.3
   50.0  20610  -71.1                         200     12  475.5         475.5
   49.0  20731  -68.6                         195      9  484.2         484.2
   47.5  20918  -64.7                         195      7  497.8         497.8
   45.0  21250  -63.1                         195      3  509.4         509.4
   43.0  21530  -61.8                         290     11  519.4         519.4
   42.3  21631  -61.3                         293     12  523.0         523.0
   41.0  21824  -61.8                         300     13  526.4         526.4
   38.8  22164  -62.7                         291     15  532.5         532.5
   35.0  22804  -59.3                         274     17  557.3         557.3
   32.0  23366  -59.0                         260     20  572.7         572.7
   30.0  23770  -58.7                         255     19  584.0         584.0
   29.4  23897  -59.1                         252     19  586.3         586.3
   29.0  23983  -58.8                         250     19  589.3         589.3
   25.0  24921  -56.0                         270     13  623.1         623.1
   23.9  25205  -55.1                         294      9  633.7         633.7
   23.0  25452  -53.2                         315      6  646.1         646.1
   22.0  25738  -51.1                         320      9  660.8         660.8
   20.0  26360  -49.1                         270     10  685.1         685.1
   19.0  26699  -47.8                         235      8  699.2         699.2
   17.9  27092  -46.3                         222     11  716.0         716.0
   17.0  27433  -46.9                         210     14  724.7         724.7
   14.4  28529  -48.9                         146     13  753.2         753.2
   14.0                                       135     13                     
</PRE><H3>Station information and sounding indices</H3><PRE>
                         Station identifier: WIII
                             Station number: 96749
                           Observation time: 190506/0000
                           Station latitude: -6.11
                          Station longitude: 106.65
                          Station elevation: 8.0
                            Showalter index: 2.11
                               Lifted index: -0.46
    LIFT computed using virtual temperature: -0.84
                                SWEAT index: 218.20
                                    K index: 33.60
                         Cross totals index: 19.00
                      Vertical totals index: 20.70
                        Totals totals index: 39.70
      Convective Available Potential Energy: 339.56
             CAPE using virtual temperature: 437.11
                      Convective Inhibition: -11.73
             CINS using virtual temperature: -9.53
                           Equilibrum Level: 196.37
 Equilibrum Level using virtual temperature: 196.34
                   Level of Free Convection: 885.69
             LFCT using virtual temperature: 896.95
                     Bulk Richardson Number: 316.50
          Bulk Richardson Number using CAPV: 407.43
  Temp [K] of the Lifted Condensation Level: 294.44
Pres [hPa] of the Lifted Condensation Level: 949.00
   Equivalent potential temp [K] of the LCL: 348.93
     Mean mixed layer potential temperature: 298.90
              Mean mixed layer mixing ratio: 17.13
              1000 hPa to 500 hPa thickness: 5780.00
Precipitable water [mm] for entire sounding: 59.81
</PRE>
<P>Description of the 
<A HREF="/upperair/columns.html">data columns</A>
or <A HREF="/upperair/indices.html">sounding indices</A>.

<P>
<FORM>
<INPUT CLASS="button" TYPE="button" VALUE=" Close this window " 
 onClick="window.close();">
<INPUT CLASS="button" TYPE="button" VALUE=" Select another map " 
 onClick="window.blur();">
</FORM>
<HR SIZE="1">
<I>Interested in graduate studies in atmospheric science?
Check out our program at the
<a href="http://www.uwyo.edu/atsc/howtoapply/"
target=_top>University of Wyoming
</a></I>
<HR SIZE="1"><FONT SIZE="-1">
Questions about the weather data provided by this site can be
addressed to <A HREF="mailto:ldoolman@uwyo.edu">
Larry Oolman (ldoolman@uwyo.edu)</A></FONT>
<HR SIZE="1">
<SCRIPT TYPE="text/javascript">
<!--
window.focus();
// -->
</SCRIPT>
</BODY>
</HTML>
