2018-06-12 12
<HTML>
<TITLE>University of Wyoming - Radiosonde Data</TITLE>
<BODY BGCOLOR="white">
<H2>96749 WIII Jakarta Observations at 00Z 12 Jun 2018</H2>
<PRE>
-----------------------------------------------------------------------------
   PRES   HGHT   TEMP   DWPT   RELH   MIXR   DRCT   SKNT   THTA   THTE   THTV
    hPa     m      C      C      %    g/kg    deg   knot     K      K      K 
-----------------------------------------------------------------------------
 1011.0      8   25.4   23.4     89  18.30    200      4  297.6  350.9  300.9
 1006.0     53   26.6   23.4     83  18.40    205      4  299.2  353.2  302.5
 1000.0    107   26.8   22.9     79  17.94    210      5  299.9  352.7  303.2
  978.0    303   25.8   21.8     78  17.09    210      3  300.9  351.3  304.0
  925.0    794   23.4   18.9     76  15.09    135      4  303.2  348.2  306.0
  924.0    804   23.4   18.9     76  15.11    133      4  303.3  348.4  306.1
  914.0    899   22.8   18.4     76  14.80    115      4  303.6  347.8  306.3
  850.0   1534   18.4   15.1     81  12.86    120      6  305.4  344.1  307.8
  824.0   1797   16.6   13.8     83  12.19    115      9  306.3  343.2  308.5
  768.0   2393   12.7   10.9     89  10.77     80     12  308.2  341.1  310.2
  748.0   2616   11.2    9.8     91  10.27     80     13  308.9  340.5  310.9
  738.0   2728   11.0    9.4     90  10.13     80     14  309.9  341.1  311.8
  730.0   2819   11.8    6.8     71   8.56     80     15  311.8  338.5  313.4
  700.0   3169   10.2    3.2     62   6.93     80     17  313.8  335.7  315.1
  680.0   3410    8.8    2.8     66   6.93     80     18  314.8  336.9  316.1
  586.0   4626    0.0   -2.1     86   5.63     80     25  318.2  336.5  319.3
  573.0   4806   -0.8   -3.4     82   5.23     80     26  319.4  336.5  320.4
  567.0   4891   -1.1   -4.0     81   5.05     83     26  319.9  336.5  320.9
  542.0   5251   -1.5  -10.5     50   3.19     94     28  323.6  334.5  324.2
  519.0   5596   -3.7  -16.7     36   2.01    105     29  325.0  332.0  325.4
  500.0   5890   -5.9  -15.9     45   2.23    115     30  325.8  333.6  326.2
  493.0   5998   -6.8  -16.0     48   2.24    115     28  325.9  333.8  326.4
  456.0   6597  -12.1  -16.6     69   2.30    100     20  326.8  334.8  327.2
  441.0   6854  -14.3  -16.9     81   2.32     81     25  327.1  335.2  327.5
  424.0   7150  -15.9  -19.0     77   2.02     59     31  328.7  335.9  329.1
  421.0   7203  -16.1  -19.5     75   1.95     55     32  329.2  336.1  329.6
  420.0   7221  -16.1  -19.7     74   1.92     55     32  329.4  336.2  329.7
  419.0   7239  -16.1  -19.6     74   1.94     55     32  329.6  336.5  330.0
  418.0   7257  -15.9  -16.6     94   2.51     56     32  330.1  338.9  330.6
  417.0   7275  -15.5  -18.5     78   2.14     56     32  330.8  338.5  331.2
  413.0   7348  -15.3  -17.5     83   2.36     57     33  332.0  340.4  332.4
  407.0   7458  -13.1  -20.1     56   1.92     58     33  336.2  343.2  336.6
  401.0   7571  -12.7  -25.7     33   1.18     60     34  338.1  342.6  338.4
  400.0   7590  -12.7  -27.7     27   0.99     60     34  338.4  342.2  338.6
  399.0   7609  -12.7  -26.7     30   1.09     60     34  338.6  342.8  338.9
  305.0   9588  -29.1  -33.6     65   0.74     90     33  342.6  345.6  342.8
  300.0   9710  -30.1  -34.0     69   0.72     90     33  342.8  345.7  343.0
  292.0   9902  -31.9  -34.6     77   0.70     90     32  342.9  345.7  343.1
  254.0  10872  -39.9  -43.7     67   0.31     90     24  345.0  346.4  345.1
  250.0  10980  -40.9                          90     23  345.1         345.1
  225.0  11682  -47.1                          85     28  346.1         346.1
  207.0  12237  -52.1                          74     41  346.7         346.7
  200.0  12460  -53.9                          70     46  347.2         347.2
  161.0  13810  -62.8                          55     71  354.5         354.5
  150.0  14250  -65.7                          50     84  356.7         356.7
  127.0  15246  -73.1                          50     87  360.7         360.7
  126.0  15292  -73.3                          50     87  361.2         361.2
  108.0  16184  -76.9                          65     44  370.7         370.7
  100.0  16630  -78.7                          95     32  375.4         375.4
   97.1  16797  -80.3                         105     33  375.5         375.5
   97.0  16803  -80.3                         105     33  375.7         375.7
   92.0  17104  -78.4                         105     21  385.1         385.1
   87.2  17409  -76.5                         268      2  394.8         394.8
   87.0  17422  -76.5                         275      1  395.1         395.1
   83.0  17692  -76.7                         270      7  400.1         400.1
   79.0  17976  -76.9                         285      6  405.4         405.4
   75.0  18274  -77.0                         285      6  411.1         411.1
   71.0  18589  -77.2                         210      9  417.1         417.1
   70.0  18670  -77.3                         200      7  418.7         418.7
   67.3  18896  -77.5                          74      3  423.0         423.0
   67.0  18922  -77.1                          60      3  424.4         424.4
   64.0  19189  -73.1                          40     10  438.7         438.7
   63.4  19244  -72.3                          29      9  441.7         441.7
   61.0  19475  -71.0                         345      7  449.6         449.6
   58.0  19776  -69.2                         100      4  460.0         460.0
   55.0  20094  -67.4                         120     15  471.3         471.3
   53.3  20282  -66.3                         113     19  478.0         478.0
   50.0  20670  -66.7                         100     27  485.9         485.9
   47.8  20940  -67.3                         100     31  490.8         490.8
   47.0  21043  -66.8                         100     33  494.4         494.4
   35.4  22777  -58.1                          91     49  558.6         558.6
   34.0  23029  -58.3                          90     51  564.6         564.6
   30.0  23810  -58.9                         100     52  583.5         583.5
   28.0  24248  -58.1                          95     56  597.3         597.3
   25.7  24792  -57.1                          94     57  615.0         615.0
   22.6  25624  -50.9                          92     57  656.3         656.3
   20.0  26430  -48.5                          90     58  687.0         687.0
   17.4  27354  -44.7                         100     45  726.9         726.9
   15.0  28356  -43.0                         110     32  764.1         764.1
   13.0  29322  -41.3                          80     13  801.7         801.7
   12.0  29862  -40.4                         220      9  823.6         823.6
   11.9  29919  -40.3                                     825.9         825.9
</PRE><H3>Station information and sounding indices</H3><PRE>
                         Station identifier: WIII
                             Station number: 96749
                           Observation time: 180612/0000
                           Station latitude: -6.11
                          Station longitude: 106.65
                          Station elevation: 8.0
                            Showalter index: -0.66
                               Lifted index: -3.36
    LIFT computed using virtual temperature: -4.05
                                SWEAT index: 223.20
                                    K index: 32.40
                         Cross totals index: 21.00
                      Vertical totals index: 24.30
                        Totals totals index: 45.30
      Convective Available Potential Energy: 1058.32
             CAPE using virtual temperature: 1204.59
                      Convective Inhibition: -55.82
             CINS using virtual temperature: -41.87
                           Equilibrum Level: 178.52
 Equilibrum Level using virtual temperature: 178.03
                   Level of Free Convection: 832.28
             LFCT using virtual temperature: 850.99
                     Bulk Richardson Number: 36.13
          Bulk Richardson Number using CAPV: 41.12
  Temp [K] of the Lifted Condensation Level: 294.26
Pres [hPa] of the Lifted Condensation Level: 928.95
   Equivalent potential temp [K] of the LCL: 351.45
     Mean mixed layer potential temperature: 300.54
              Mean mixed layer mixing ratio: 17.32
              1000 hPa to 500 hPa thickness: 5783.00
Precipitable water [mm] for entire sounding: 55.50
</PRE>
<P>Description of the 
<A HREF="/upperair/columns.html">data columns</A>
or <A HREF="/upperair/indices.html">sounding indices</A>.

<P>
<FORM>
<INPUT CLASS="button" TYPE="button" VALUE=" Close this window " 
 onClick="window.close();">
<INPUT CLASS="button" TYPE="button" VALUE=" Select another map " 
 onClick="window.blur();">
</FORM>
<HR SIZE="1">
<I>Interested in graduate studies in atmospheric science?
Check out our program at the
<a href="http://www.uwyo.edu/atsc/howtoapply/"
target=_top>University of Wyoming
</a></I>
<HR SIZE="1"><FONT SIZE="-1">
Questions about the weather data provided by this site can be
addressed to <A HREF="mailto:ldoolman@uwyo.edu">
Larry Oolman (ldoolman@uwyo.edu)</A></FONT>
<HR SIZE="1">
<SCRIPT TYPE="text/javascript">
<!--
window.focus();
// -->
</SCRIPT>
</BODY>
</HTML>
