2017-08-17 00
<HTML>
<TITLE>University of Wyoming - Radiosonde Data</TITLE>
<BODY BGCOLOR="white">
<H2>96749 WIII Jakarta Observations at 00Z 17 Aug 2017</H2>
<PRE>
-----------------------------------------------------------------------------
   PRES   HGHT   TEMP   DWPT   RELH   MIXR   DRCT   SKNT   THTA   THTE   THTV
    hPa     m      C      C      %    g/kg    deg   knot     K      K      K 
-----------------------------------------------------------------------------
 1009.0      8   25.0   21.1     79  15.88    200      4  297.4  343.6  300.2
 1000.0     86   24.6   19.6     74  14.57    175      7  297.8  340.2  300.4
  989.0    183   25.2   19.2     69  14.37    166      6  299.3  341.4  301.9
  976.0    298   24.4   18.4     69  13.88    155      5  299.7  340.5  302.2
  943.0    598   22.5   16.5     69  12.67     80      5  300.6  338.1  302.9
  925.0    766   21.4   15.4     69  12.03     75      7  301.2  336.9  303.4
  850.0   1489   16.4   12.1     76  10.54     70      5  303.3  334.9  305.2
  849.0   1499   16.3   12.2     76  10.60     70      5  303.3  335.1  305.3
  839.0   1600   15.6   12.8     83  11.19     29      5  303.6  337.1  305.6
  820.0   1794   14.9   10.0     73   9.50    310      4  304.9  333.6  306.6
  784.0   2174   13.6    4.6     54   6.83    291      7  307.4  328.5  308.7
  781.0   2206   13.6    2.6     47   5.94    290      7  307.7  326.3  308.8
  776.0   2261   13.4    6.4     63   7.83    287      7  308.1  332.2  309.5
  763.0   2403   13.9   -6.1     25   3.19    280      8  310.1  320.4  310.7
  759.0   2447   14.0  -10.0     18   2.37    282      8  310.7  318.5  311.1
  736.0   2706   13.0  -13.0     15   1.92    295      8  312.3  318.8  312.7
  722.0   2867   12.2   -2.8     35   4.33    302      8  313.2  327.2  314.0
  700.0   3125   10.8   -9.2     24   2.73    315      8  314.4  323.5  314.9
  685.0   3305    9.4  -12.6     20   2.14    335      5  314.8  322.0  315.2
  670.0   3488    8.0  -16.0     16   1.65     12      4  315.2  320.9  315.6
  661.0   3600    8.2  -22.3     10   0.98     35      4  316.7  320.1  316.9
  652.0   3713    8.4  -28.6      5   0.56     40      4  318.1  320.2  318.2
  619.0   4140    5.6  -12.4     26   2.40     57      5  319.7  327.9  320.2
  562.0   4923    0.0  -18.0     24   1.66     90      5  322.0  327.9  322.4
  529.0   5403   -3.2  -14.9     40   2.28    110      6  323.9  331.8  324.3
  500.0   5850   -6.1  -12.1     63   3.04    110      2  325.5  336.0  326.1
  489.0   6023   -7.5  -12.5     67   3.01     78      3  325.9  336.3  326.5
  471.0   6314   -8.5  -13.5     67   2.89     25      6  328.2  338.3  328.8
  456.0   6564   -9.3  -14.3     67   2.79     26      8  330.2  340.0  330.8
  400.0   7560  -16.9  -19.7     79   2.02     30     16  332.9  340.2  333.3
  396.0   7635  -17.7  -19.8     84   2.02     32     17  332.9  340.2  333.3
  387.0   7806  -18.6  -21.5     78   1.79     35     19  333.9  340.4  334.2
  380.0   7942  -19.3  -22.8     74   1.62     39     19  334.7  340.7  335.0
  370.0   8140  -18.5  -27.5     45   1.09     45     19  338.3  342.5  338.5
  330.0   8979  -25.1  -35.1     39   0.59     69     19  340.5  342.8  340.6
  329.0   9000  -25.3  -35.1     40   0.59     70     19  340.5  342.9  340.6
  306.0   9520  -29.9  -34.2     66   0.69     58     18  341.2  343.9  341.3
  300.0   9660  -31.1  -35.2     67   0.64     55     18  341.4  344.0  341.6
  256.0  10768  -40.1  -44.2     65   0.30     51     32  344.0  345.2  344.0
  250.0  10930  -41.3                          50     34  344.5         344.5
  203.0  12302  -53.6                          30     42  346.2         346.2
  200.0  12400  -54.5                          30     41  346.3         346.3
  150.0  14180  -69.1                          50     53  350.9         350.9
  128.0  15112  -76.3                          60     58  354.2         354.2
  124.0  15296  -74.6                          60     52  360.5         360.5
  121.0  15439  -73.3                          58     41  365.4         365.4
  118.0  15585  -73.5                          55     29  367.6         367.6
  112.0  15889  -74.0                          20      5  372.2         372.2
  106.0  16210  -74.5                         235     12  377.1         377.1
  101.0  16492  -75.0                         225     17  381.5         381.5
  100.0  16550  -75.1                         230     16  382.4         382.4
   94.2  16894  -77.3                         255     15  384.6         384.6
   91.0  17094  -75.8                         270     15  391.3         391.3
   86.0  17422  -73.5                         305      8  402.5         402.5
   84.8  17503  -72.9                         292     10  405.3         405.3
   82.0  17699  -73.9                         260     14  407.2         407.2
   81.3  17749  -74.1                         261     15  407.7         407.7
   76.5  18109  -68.7                         267     18  426.1         426.1
   70.0  18640  -68.5                         275     24  437.5         437.5
   67.0  18902  -68.8                         280     34  442.3         442.3
   61.0  19462  -69.5                         260     32  452.8         452.8
   59.3  19630  -69.7                         259     33  456.1         456.1
   55.6  20017  -66.1                         258     35  472.7         472.7
   50.0  20660  -66.5                         255     38  486.4         486.4
   48.4  20855  -67.3                         249     30  489.0         489.0
   45.0  21298  -64.8                         235     13  505.3         505.3
   43.0  21574  -63.3                         250      4  515.7         515.7
   41.8  21746  -62.3                         173      5  522.3         522.3
   41.0  21864  -62.3                         120      6  525.1         525.1
   39.0  22171  -62.5                          80     12  532.4         532.4
   32.3  23328  -62.9                          56     34  560.6         560.6
   32.0  23385  -62.9                          55     35  562.0         562.0
   30.3  23719  -63.1                          68     38  570.4         570.4
   30.0  23780  -62.9                          70     39  572.6         572.6
   29.0  23990  -59.3                          78     43  588.1         588.1
   27.7  24277  -57.3                          90     47  601.4         601.4
   26.0  24674  -59.0                         105     54  607.6         607.6
   25.5  24796  -59.5                         104     54  609.5         609.5
   20.8  26073  -57.3                          96     57  652.7         652.7
   20.0  26320  -56.5                          95     58  662.5         662.5
   18.8  26715  -53.3                          96     57  684.3         684.3
   16.0  27755  -52.9                         100     54  717.9         717.9
   15.0  28170  -52.7                         110     53  731.8         731.8
   14.8  28257  -52.7                                     734.7         734.7
</PRE><H3>Station information and sounding indices</H3><PRE>
                         Station identifier: WIII
                             Station number: 96749
                           Observation time: 170817/0000
                           Station latitude: -6.11
                          Station longitude: 106.65
                          Station elevation: 8.0
                            Showalter index: 2.97
                               Lifted index: 0.61
    LIFT computed using virtual temperature: 0.35
                                SWEAT index: 157.19
                                    K index: 14.60
                         Cross totals index: 18.20
                      Vertical totals index: 22.50
                        Totals totals index: 40.70
      Convective Available Potential Energy: 0.00
             CAPE using virtual temperature: 0.00
                      Convective Inhibition: 0.00
             CINS using virtual temperature: 0.00
                     Bulk Richardson Number: 0.00
          Bulk Richardson Number using CAPV: 0.00
  Temp [K] of the Lifted Condensation Level: 290.57
Pres [hPa] of the Lifted Condensation Level: 902.69
   Equivalent potential temp [K] of the LCL: 340.40
     Mean mixed layer potential temperature: 299.21
              Mean mixed layer mixing ratio: 14.09
              1000 hPa to 500 hPa thickness: 5764.00
Precipitable water [mm] for entire sounding: 37.54
</PRE>
<P>Description of the 
<A HREF="/upperair/columns.html">data columns</A>
or <A HREF="/upperair/indices.html">sounding indices</A>.

<P>
<FORM>
<INPUT CLASS="button" TYPE="button" VALUE=" Close this window " 
 onClick="window.close();">
<INPUT CLASS="button" TYPE="button" VALUE=" Select another map " 
 onClick="window.blur();">
</FORM>
<HR SIZE="1">
<I>Interested in graduate studies in atmospheric science?
Check out our program at the
<a href="http://www.uwyo.edu/atsc/howtoapply/"
target=_top>University of Wyoming
</a></I>
<HR SIZE="1"><FONT SIZE="-1">
Questions about the weather data provided by this site can be
addressed to <A HREF="mailto:ldoolman@uwyo.edu">
Larry Oolman (ldoolman@uwyo.edu)</A></FONT>
<HR SIZE="1">
<SCRIPT TYPE="text/javascript">
<!--
window.focus();
// -->
</SCRIPT>
</BODY>
</HTML>
