2017-12-03 00
<HTML>
<TITLE>University of Wyoming - Radiosonde Data</TITLE>
<BODY BGCOLOR="white">
<H2>96749 WIII Jakarta Observations at 00Z 03 Dec 2017</H2>
<PRE>
-----------------------------------------------------------------------------
   PRES   HGHT   TEMP   DWPT   RELH   MIXR   DRCT   SKNT   THTA   THTE   THTV
    hPa     m      C      C      %    g/kg    deg   knot     K      K      K 
-----------------------------------------------------------------------------
 1007.0      8   26.2   23.3     84  18.26      0      0  298.8  352.2  302.0
 1000.0     72   25.2   21.3     79  16.23    215      5  298.4  345.7  301.2
  994.0    125   25.0   21.4     80  16.43    217      8  298.7  346.7  301.6
  989.0    169   24.8   21.1     80  16.21    219     10  298.9  346.3  301.8
  974.0    304   25.2   20.0     73  15.40    225     16  300.6  346.0  303.4
  965.0    386   25.4   19.4     69  14.92    228     16  301.6  345.8  304.3
  925.0    757   22.4   18.4     78  14.62    240     16  302.2  345.6  304.9
  910.0    899   21.2   18.1     83  14.61    255     17  302.4  345.8  305.0
  908.0    918   21.0   18.1     84  14.61    256     17  302.4  345.8  305.0
  866.0   1326   19.8   17.3     86  14.56    280     18  305.2  349.0  307.9
  850.0   1486   18.6   16.6     88  14.18    290     19  305.6  348.3  308.2
  820.0   1794   16.7   15.3     92  13.56    295     23  306.7  347.8  309.2
  807.0   1932   15.8   14.8     94  13.29    287     23  307.2  347.5  309.7
  750.0   2555   14.6    9.6     72  10.10    253     20  312.4  343.9  314.3
  738.0   2691   13.8    8.1     68   9.27    245     20  313.0  342.0  314.7
  700.0   3137   11.2    3.2     58   6.93    235     20  314.9  336.9  316.2
  693.0   3221   10.8    1.8     54   6.33    233     19  315.3  335.6  316.5
  686.0   3305   10.8   -4.2     35   4.10    232     19  316.2  329.7  317.0
  668.0   3526    9.4   -2.6     43   4.75    227     17  317.1  332.6  318.0
  654.0   3701    9.0  -12.0     21   2.34    224     16  318.6  326.5  319.0
  642.0   3854    8.2   -5.8     37   3.88    221     14  319.3  332.2  320.1
  639.0   3892    7.9   -6.0     37   3.85    220     14  319.4  332.2  320.1
  593.0   4501    2.4   -8.6     44   3.38    225     16  319.9  331.3  320.6
  554.0   5048    0.0  -20.0     21   1.42    230     17  323.4  328.4  323.6
  551.0   5091   -0.2  -19.9     21   1.44    230     17  323.6  328.7  323.9
  509.0   5720   -3.9  -18.9     30   1.70    193     12  326.6  332.6  326.9
  500.0   5860   -4.1  -21.1     25   1.43    185     11  328.0  333.2  328.3
  491.0   6004   -4.8  -21.2     26   1.44    180     12  328.8  334.0  329.1
  485.0   6101   -5.3  -21.3     27   1.45    180     11  329.4  334.6  329.7
  484.0   6118   -5.1  -28.1     15   0.79    180     11  329.8  332.8  330.0
  481.0   6167   -5.1  -21.1     27   1.49    180     10  330.4  335.8  330.7
  470.0   6349   -5.7  -23.7     23   1.21    180      7  331.8  336.3  332.1
  455.0   6603   -7.8  -19.9     37   1.75    180      4  332.3  338.6  332.6
  438.0   6901  -10.3  -15.4     66   2.65    230      5  332.8  342.2  333.3
  434.0   6972  -10.9  -14.3     76   2.93    235      6  332.9  343.3  333.5
  425.0   7134  -11.7  -14.4     80   2.97    245      7  333.9  344.4  334.5
  405.0   7505  -13.5  -21.5     51   1.70    269     10  336.2  342.5  336.5
  400.0   7600  -13.9  -19.9     60   1.98    275     11  336.8  344.1  337.2
  389.0   7808  -15.5  -20.8     64   1.89    280     13  337.4  344.4  337.8
  356.0   8471  -20.7  -23.5     78   1.62    266     10  339.1  345.2  339.4
  336.0   8894  -23.5  -27.6     69   1.19    257      8  340.9  345.5  341.2
  331.0   9003  -24.1  -30.9     53   0.89    255      7  341.6  345.1  341.8
  327.0   9092  -24.5  -33.5     43   0.70    290      6  342.2  345.0  342.4
  318.0   9292  -26.2  -35.6     41   0.58     10      3  342.5  344.9  342.6
  305.0   9591  -28.9  -38.7     38   0.44     45      7  343.0  344.8  343.1
  300.0   9710  -29.9  -39.9     37   0.40     55      8  343.1  344.8  343.2
  288.0   9999  -32.1  -46.1     24   0.21     59     10  344.0  344.9  344.1
  250.0  10980  -39.7  -51.7     27   0.13     75     17  346.9  347.5  346.9
  249.0  11007  -39.9  -51.9     27   0.13     75     17  347.0  347.6  347.0
  246.0  11088  -40.6                          75     17  347.2         347.2
  200.0  12460  -51.9                          65     34  350.4         350.4
  187.0  12883  -55.4                          70     30  351.6         351.6
  150.0  14270  -66.9                          85     44  354.6         354.6
  126.0  15272  -74.5                          80     48  359.1         359.1
  102.0  16486  -83.6                          65     62  363.8         363.8
  100.0  16600  -84.5                          65     59  364.2         364.2
   98.4  16689  -85.1                          68     54  364.7         364.7
   96.2  16815  -81.5                          71     47  374.1         374.1
   91.0  17128  -81.5                          80     30  380.1         380.1
   87.0  17381  -81.5                         105     24  385.0         385.0
   83.4  17618  -81.5                         101     21  389.7         389.7
   82.0  17715  -80.9                         100     20  392.9         392.9
   78.0  18001  -79.1                          30      8  402.3         402.3
   74.0  18301  -77.2                         280     13  412.4         412.4
   71.5  18497  -75.9                         271     19  419.1         419.1
   70.0  18620  -75.9                         265     23  421.7         421.7
   63.0  19232  -75.1                         260     26  436.4         436.4
   57.0  19813  -74.3                         225     16  450.8         450.8
   54.0  20126  -73.9                         185     10  458.8         458.8
   52.9  20246  -73.7                         128     11  461.9         461.9
   52.0  20347  -71.9                          80     12  468.5         468.5
   50.3  20544  -68.3                          63     14  481.3         481.3
   50.0  20580  -67.9                          60     14  483.1         483.1
   49.0  20702  -66.7                          50     16  488.6         488.6
   48.3  20788  -65.9                          45     17  492.6         492.6
   47.0  20953  -65.9                          35     20  496.4         496.4
   42.0  21633  -66.0                          55     21  512.4         512.4
   38.0  22238  -66.1                         115     19  527.0         527.0
   37.0  22401  -64.8                         105     35  534.5         534.5
   35.1  22723  -62.1                         110     45  549.6         549.6
   33.0  23103  -62.4                         115     57  558.6         558.6
   31.9  23311  -62.5                         111     57  563.7         563.7
   30.0  23690  -61.1                         105     58  577.5         577.5
   26.0  24588  -56.3                                     615.2         615.2
</PRE><H3>Station information and sounding indices</H3><PRE>
                         Station identifier: WIII
                             Station number: 96749
                           Observation time: 171203/0000
                           Station latitude: -6.11
                          Station longitude: 106.65
                          Station elevation: 8.0
                            Showalter index: -0.43
                               Lifted index: 0.31
    LIFT computed using virtual temperature: -0.36
                                SWEAT index: 248.19
                                    K index: 31.30
                         Cross totals index: 20.70
                      Vertical totals index: 22.70
                        Totals totals index: 43.40
      Convective Available Potential Energy: 9.22
             CAPE using virtual temperature: 56.08
                      Convective Inhibition: -239.41
             CINS using virtual temperature: -185.32
                           Equilibrum Level: 504.99
 Equilibrum Level using virtual temperature: 430.36
                   Level of Free Convection: 601.21
             LFCT using virtual temperature: 616.70
                     Bulk Richardson Number: 2.02
          Bulk Richardson Number using CAPV: 12.30
  Temp [K] of the Lifted Condensation Level: 292.52
Pres [hPa] of the Lifted Condensation Level: 914.97
   Equivalent potential temp [K] of the LCL: 346.27
     Mean mixed layer potential temperature: 300.06
              Mean mixed layer mixing ratio: 15.76
              1000 hPa to 500 hPa thickness: 5788.00
Precipitable water [mm] for entire sounding: 50.76
</PRE>
<P>Description of the 
<A HREF="/upperair/columns.html">data columns</A>
or <A HREF="/upperair/indices.html">sounding indices</A>.

<P>
<FORM>
<INPUT CLASS="button" TYPE="button" VALUE=" Close this window " 
 onClick="window.close();">
<INPUT CLASS="button" TYPE="button" VALUE=" Select another map " 
 onClick="window.blur();">
</FORM>
<HR SIZE="1">
<I>Interested in graduate studies in atmospheric science?
Check out our program at the
<a href="http://www.uwyo.edu/atsc/howtoapply/"
target=_top>University of Wyoming
</a></I>
<HR SIZE="1"><FONT SIZE="-1">
Questions about the weather data provided by this site can be
addressed to <A HREF="mailto:ldoolman@uwyo.edu">
Larry Oolman (ldoolman@uwyo.edu)</A></FONT>
<HR SIZE="1">
<SCRIPT TYPE="text/javascript">
<!--
window.focus();
// -->
</SCRIPT>
</BODY>
</HTML>
