2021-08-03 12
<HTML>
<TITLE>University of Wyoming - Radiosonde Data</TITLE>
<BODY BGCOLOR="white">
<H2>96749 WIII Jakarta Observations at 00Z 03 Aug 2021</H2>
<PRE>
-----------------------------------------------------------------------------
   PRES   HGHT   TEMP   DWPT   RELH   MIXR   DRCT   SKNT   THTA   THTE   THTV
    hPa     m      C      C      %    g/kg    deg   knot     K      K      K 
-----------------------------------------------------------------------------
 1011.0      8   23.6   22.5     94  17.30    230      2  295.8  345.8  298.9
 1010.0     17   25.0   22.4     86  17.21    227      2  297.3  347.3  300.4
 1000.0    105   25.8   21.4     77  16.33    195      3  298.9  346.8  301.9
  978.0    301   24.8   21.5     82  16.84    205      1  299.8  349.3  302.8
  966.0    410   24.2   21.6     85  17.14    173      2  300.3  350.7  303.4
  945.0    604   23.7   18.4     72  14.28    115      3  301.7  344.0  304.3
  940.0    650   23.6   17.6     69  13.66    111      3  302.0  342.6  304.5
  925.0    791   22.6   18.2     76  14.43    100      5  302.4  345.3  305.0
  883.0   1194   19.9   16.6     81  13.60    105      5  303.6  344.2  306.1
  850.0   1525   17.6   15.2     86  12.94    110      4  304.6  343.4  306.9
  838.0   1647   16.6   14.5     87  12.54    112      5  304.8  342.4  307.1
  823.0   1800   15.9   13.6     86  12.00    115      7  305.6  341.8  307.8
  795.0   2095   14.6   11.7     83  11.00    160      5  307.3  340.8  309.3
  790.0   2149   14.4   11.4     82  10.83    157      5  307.6  340.6  309.6
  759.0   2487   12.4    7.7     73   8.76    136      8  309.0  336.0  310.6
  755.0   2531   12.2    6.2     67   7.94    134      8  309.2  333.8  310.7
  749.0   2598   12.8   -0.2     41   5.06    130      8  310.6  326.6  311.5
  735.0   2756   12.4   -4.6     30   3.72    120      9  311.8  323.9  312.5
  726.0   2859   11.2    0.2     47   5.38    114     10  311.6  328.7  312.6
  723.0   2894   11.2   -0.8     43   5.02    112     10  312.0  328.0  312.9
  719.0   2940   11.8   -8.2     24   2.88    109     11  313.1  322.6  313.7
  703.0   3128   11.8  -12.2     17   2.14     97     12  315.1  322.4  315.5
  700.0   3164   11.4  -11.6     19   2.26     95     12  315.1  322.7  315.5
  689.0   3295   10.4  -10.3     22   2.55     90     12  315.4  324.0  315.9
  641.0   3891    5.9   -4.2     48   4.40     80      7  316.8  331.2  317.7
  632.0   4007    5.0   -3.0     56   4.88     78      8  317.1  333.0  318.1
  617.0   4202    3.8   -4.2     56   4.56     75      9  317.9  332.9  318.8
  595.0   4495    1.9   -6.1     55   4.10    100     11  319.1  332.6  319.9
  573.0   4800    0.0   -8.0     55   3.67    110     11  320.3  332.6  321.0
  552.0   5097   -1.6   -9.6     54   3.36    120     11  321.8  333.1  322.4
  521.0   5557   -4.1  -12.1     54   2.92     78     13  324.1  334.2  324.7
  512.0   5694   -4.9  -13.7     50   2.60     65     14  324.8  333.9  325.4
  500.0   5880   -5.9  -15.9     45   2.23     70     14  325.8  333.6  326.2
  499.0   5896   -6.1  -16.1     45   2.19     70     14  325.7  333.4  326.2
  491.0   6023   -5.9  -24.9     21   1.04     70     13  327.5  331.3  327.7
  439.0   6884  -11.5  -28.8     22   0.81     70     10  331.1  334.1  331.2
  422.0   7188  -13.4  -30.2     23   0.74     80      5  332.3  335.1  332.5
  400.0   7600  -16.1  -32.1     24   0.65     90      5  334.0  336.5  334.1
  389.0   7809  -17.4  -32.5     26   0.65     75      7  335.0  337.5  335.1
  388.0   7829  -17.5  -32.5     26   0.65     74      7  335.1  337.6  335.2
  374.0   8097  -19.5  -34.4     26   0.56     55     13  335.9  338.1  336.0
  317.0   9304  -28.7  -42.8     24   0.28     85     24  339.5  340.6  339.5
  310.0   9468  -29.9  -43.9     24   0.25     80     27  339.9  341.0  340.0
  304.0   9606  -31.1  -44.4     26   0.24     75     30  340.1  341.2  340.2
  302.0   9653  -31.5  -44.5     27   0.24     75     31  340.2  341.2  340.3
  300.0   9700  -31.9  -43.9     29   0.26     75     32  340.3  341.4  340.4
  289.0   9963  -34.1  -38.1     67   0.50     70     37  340.8  342.8  340.9
  267.0  10511  -38.5  -41.7     71   0.37     60     48  342.2  343.8  342.3
  263.0  10615  -39.3  -42.4     72   0.35     60     50  342.5  343.9  342.6
  256.0  10799  -40.7  -44.3     68   0.29     60     53  343.1  344.3  343.2
  250.0  10960  -41.9  -46.0     64   0.25     65     50  343.6  344.7  343.7
  245.0  11094  -42.9  -47.6     60   0.21     60     47  344.2  345.1  344.2
  224.0  11688  -47.1  -54.6     42   0.10     55     47  346.6  347.1  346.6
  214.0  11991  -49.3  -58.2     34   0.07     55     49  347.8  348.1  347.8
  200.0  12440  -52.5  -63.5     25   0.04     60     65  349.5  349.6  349.5
  195.0  12603  -53.5  -66.5     19   0.03     65     63  350.4  350.5  350.4
  169.0  13496  -60.5  -72.4     19   0.01     90     50  353.4  353.5  353.4
  161.0  13798  -62.9  -74.4     20   0.01     90     47  354.4  354.4  354.4
  150.0  14240  -66.3  -77.3     20   0.01     80     44  355.7  355.7  355.7
  131.0  15049  -72.5  -82.5     21   0.00     73     40  358.6  358.6  358.6
  125.0  15321  -74.6  -83.7     23   0.00     70     38  359.7  359.7  359.7
  118.0  15656  -77.1  -85.1     27   0.00     67     35  361.0  361.0  361.0
  113.0  15903  -77.8  -86.4     24   0.00     65     33  364.2  364.2  364.2
  102.0  16487  -79.6  -89.3     19   0.00     65     19  371.6  371.6  371.6
  100.0  16600  -79.9  -89.9     18   0.00     75     18  373.1  373.1  373.1
</PRE><H3>Station information and sounding indices</H3><PRE>
                         Station identifier: WIII
                             Station number: 96749
                           Observation time: 210803/0000
                           Station latitude: -6.11
                          Station longitude: 106.65
                          Station elevation: 8.0
                            Showalter index: -0.38
                               Lifted index: -2.25
    LIFT computed using virtual temperature: -2.85
                                SWEAT index: 204.41
                                    K index: 15.70
                         Cross totals index: 21.10
                      Vertical totals index: 23.50
                        Totals totals index: 44.60
      Convective Available Potential Energy: 620.46
             CAPE using virtual temperature: 780.84
                      Convective Inhibition: -54.80
             CINS using virtual temperature: -42.55
                           Equilibrum Level: 216.94
 Equilibrum Level using virtual temperature: 216.66
                   Level of Free Convection: 840.61
             LFCT using virtual temperature: 848.39
                     Bulk Richardson Number: 95.50
          Bulk Richardson Number using CAPV: 120.18
  Temp [K] of the Lifted Condensation Level: 293.78
Pres [hPa] of the Lifted Condensation Level: 934.91
   Equivalent potential temp [K] of the LCL: 348.34
     Mean mixed layer potential temperature: 299.50
              Mean mixed layer mixing ratio: 16.68
              1000 hPa to 500 hPa thickness: 5775.00
Precipitable water [mm] for entire sounding: 46.24
</PRE>
<P>Description of the 
<A HREF="/upperair/columns.html">data columns</A>
or <A HREF="/upperair/indices.html">sounding indices</A>.

<P>
<FORM>
<INPUT CLASS="button" TYPE="button" VALUE=" Close this window " 
 onClick="window.close();">
<INPUT CLASS="button" TYPE="button" VALUE=" Select another map " 
 onClick="window.blur();">
</FORM>
<HR SIZE="1">
<I>Interested in graduate studies in atmospheric science?
Check out our program at the
<a href="http://www.uwyo.edu/atsc/howtoapply/"
target=_top>University of Wyoming
</a></I>
<HR SIZE="1"><FONT SIZE="-1">
Questions about the weather data provided by this site can be
addressed to <A HREF="mailto:ldoolman@uwyo.edu">
Larry Oolman (ldoolman@uwyo.edu)</A></FONT>
<HR SIZE="1">
<SCRIPT TYPE="text/javascript">
<!--
window.focus();
// -->
</SCRIPT>
</BODY>
</HTML>
