2022-11-24 12
<HTML>
<TITLE>University of Wyoming - Radiosonde Data</TITLE>
<BODY BGCOLOR="white">
<H2>96749 WIII Jakarta Observations at 00Z 24 Nov 2022</H2>
<PRE>
-----------------------------------------------------------------------------
   PRES   HGHT   TEMP   DWPT   RELH   MIXR   DRCT   SKNT   THTA   THTE   THTV
    hPa     m      C      C      %    g/kg    deg   knot     K      K      K 
-----------------------------------------------------------------------------
 1009.0      8   26.0   23.0     84  17.89    250      4  298.4  350.6  301.6
 1000.0     89   25.2   22.7     86  17.72    245      7  298.4  350.1  301.5
  976.0    302   23.6   22.2     92  17.66    270     12  298.8  350.5  302.0
  958.0    465   22.4   21.9     97  17.61    268     19  299.2  350.8  302.3
  925.0    769   21.0   20.1     95  16.29    265     31  300.8  348.8  303.7
  911.0    901   20.5   19.2     92  15.68    265     31  301.6  348.0  304.4
  880.0   1201   19.5   17.3     87  14.35    265     29  303.5  346.3  306.1
  850.0   1502   18.4   15.4     83  13.11    265     30  305.4  344.9  307.8
  836.0   1644   17.6   14.3     81  12.41    267     29  306.0  343.5  308.3
  821.0   1798   16.6   14.3     86  12.64    270     28  306.5  344.8  308.8
  793.0   2094   14.6   14.3     98  13.09    275     25  307.5  347.2  309.9
  761.0   2442   14.4   10.3     76  10.44    281     22  310.9  343.2  312.8
  712.0   3000   10.8    5.1     68   7.80    290     16  312.9  337.4  314.3
  702.0   3118   10.0    4.0     66   7.31    298     14  313.3  336.4  314.6
  700.0   3142   10.0    4.0     66   7.33    300     13  313.5  336.7  314.9
  687.0   3295    9.0    3.5     69   7.23    330     11  314.1  337.0  315.5
  580.0   4679    0.0   -0.6     96   6.36    333     10  319.1  339.8  320.4
  568.0   4847    0.4   -1.5     87   6.07    334     10  321.5  341.5  322.7
  530.0   5397   -2.6   -6.1     77   4.60    335     10  324.4  339.8  325.3
  510.0   5703   -4.2   -8.7     71   3.91    355      8  325.9  339.3  326.7
  500.0   5860   -5.1  -10.0     68   3.60     50      6  326.8  339.1  327.5
  491.0   6003   -5.8  -11.7     63   3.20     55      6  327.6  338.6  328.2
  490.0   6019   -5.9  -11.9     63   3.15     55      6  327.7  338.6  328.3
  473.0   6294   -7.5  -12.4     68   3.14     50     11  329.0  339.9  329.6
  438.0   6893  -11.1  -13.4     83   3.12     30     12  331.8  342.8  332.4
  432.0   7000  -11.7  -13.6     86   3.12     32     11  332.3  343.3  332.9
  405.0   7495  -13.5  -18.9     64   2.14     40      9  336.1  343.9  336.5
  400.0   7590  -13.9  -19.9     60   1.98     50     10  336.8  344.1  337.2
  374.0   8092  -17.3  -23.8     57   1.51     45     11  338.8  344.5  339.1
  359.0   8398  -19.4  -26.1     55   1.27     45      9  340.0  344.9  340.3
  345.0   8695  -21.4  -28.4     54   1.07     50     11  341.1  345.3  341.4
  342.0   8761  -21.9  -28.9     53   1.03     51     11  341.4  345.4  341.6
  318.0   9288  -26.0  -32.5     55   0.79     55     14  342.9  346.0  343.0
  305.0   9590  -28.4  -34.5     56   0.68     85     14  343.7  346.4  343.8
  300.0   9710  -29.3  -35.3     56   0.64     90     17  344.0  346.5  344.1
  250.0  10980  -40.5  -45.5     59   0.26     90     24  345.7  346.8  345.8
  247.0  11062  -41.1  -45.6     62   0.26     91     25  346.0  347.1  346.1
  241.0  11229  -42.3  -51.3     37   0.14     93     26  346.6  347.3  346.7
  225.0  11683  -46.4  -54.7     38   0.10    100     29  347.2  347.7  347.2
  215.0  11983  -49.2  -56.9     40   0.08     95     31  347.5  347.9  347.5
  200.0  12460  -53.5  -60.5     42   0.06     90     32  347.9  348.1  347.9
  195.0  12623  -55.1  -61.1     47   0.05     89     33  347.9  348.1  347.9
  150.0  14250  -69.3  -75.3     41   0.01     80     45  350.5  350.6  350.5
  125.0  15308  -77.2  -84.0     33   0.00     70     47  355.0  355.0  355.0
  119.0  15593  -79.3  -86.3     31   0.00     65     49  356.1  356.1  356.1
  113.0  15886  -78.3  -86.8     24   0.00     75     40  363.4  363.4  363.4
  111.0  15988  -77.9  -86.9     22   0.00     82     38  365.9  365.9  365.9
  107.0  16196  -78.4  -87.7     21   0.00     95     33  368.8  368.8  368.8
  102.0  16468  -79.0  -88.8     19   0.00     95     23  372.7  372.7  372.7
  100.0  16580  -79.3  -89.3     18   0.00     85     19  374.3  374.3  374.3
   96.0  16811  -80.7  -90.3     19   0.00     75     16  375.9  375.9  375.9
   91.2  17102  -82.5  -91.5     21   0.00     95     15  377.9  377.9  377.9
   91.0  17114  -82.4  -91.5     20   0.00    100     15  378.3  378.3  378.3
   86.3  17413  -80.7  -91.7     15   0.00     75     11  387.5  387.5  387.5
   83.4  17610  -75.1  -89.1     10   0.00     58      8  402.7  402.7  402.7
   82.0  17708  -75.4  -89.0     10   0.00     50      7  404.1  404.2  404.1
   78.0  17999  -76.1  -88.7     12   0.00    260      9  408.4  408.4  408.4
   76.1  18143  -76.5  -88.5     14   0.00    226      9  410.5  410.5  410.5
   70.0  18630  -73.7  -88.7      9   0.00    110      9  426.4  426.4  426.4
   69.9  18638  -73.7  -88.7      9   0.00    109      9  426.6  426.6  426.6
   67.4  18849  -75.1  -89.1     10   0.00     80     14  428.0  428.0  428.0
   67.0  18885  -74.3  -89.0      9   0.00     75     15  430.5  430.5  430.5
   64.0  19155  -68.2  -88.1      4   0.00    180      6  449.6  449.6  449.6
   63.4  19210  -66.9  -87.9      4   0.00    183      6  453.6  453.6  453.6
   60.0  19545  -64.1  -89.8      2   0.00    200      4  467.1  467.1  467.1
   58.4  19709  -62.7  -90.7      1   0.00    284     12  473.8  473.8  473.8
   58.0  19751  -62.8  -91.2      1   0.00    305     14  474.6  474.6  474.6
   55.0  20077  -63.4  -95.0      1   0.00    265      9  480.4  480.4  480.4
   53.7  20223  -63.7  -96.7      0   0.00    278     12  483.0  483.0  483.0
   52.0  20420  -63.3  -96.3      0   0.00    295     15  488.3  488.3  488.3
   50.0  20660  -62.9  -95.9      0   0.00    285     21  494.8  494.8  494.8
   47.7  20950  -62.1  -95.1      1   0.00    277     20  503.4  503.4  503.4
   46.6  21095  -59.3  -93.3      1   0.00    273     20  513.5  513.5  513.5
   43.0  21601  -58.1  -92.1      1   0.00    260     19  528.5  528.5  528.5
   41.0  21900  -57.3  -91.3      1   0.00    280     16  537.6  537.6  537.6
   40.4  21993  -57.1  -91.1      1   0.00    277     17  540.4  540.4  540.4
   35.3  22840  -59.7  -93.7      0   0.00    252     22  554.9  554.9  554.9
   34.0  23075  -59.3  -93.3      1   0.00    245     24  562.0  562.0  562.0
   31.0  23654  -58.3  -92.3      1   0.00    260     18  579.8  579.8  579.8
   30.0  23860  -57.9  -91.9      1   0.00    215     14  586.2  586.2  586.2
   29.0  24074  -57.3  -91.7      1   0.00    245     16  593.6  593.7  593.6
   28.0  24296  -56.6  -91.5      1   0.00    250     26  601.4  601.4  601.4
   27.8  24341  -56.5  -91.5      1   0.00    248     27  603.0  603.0  603.0
   26.0  24764  -57.6  -91.9      1   0.00    230     35  611.5  611.6  611.5
   25.2  24961  -58.1  -92.1      1   0.00    229     31  615.6  615.6  615.6
   23.0  25544  -55.0  -90.0      1   0.01    225     18  640.9  641.0  640.9
   22.0  25827  -53.5  -89.0      1   0.01    115      5  653.6  653.6  653.6
   21.1  26094  -52.1  -88.1      1   0.01    318      5  665.7  665.8  665.7
   21.0  26124  -52.1  -88.1      1   0.01    300      5  666.6  666.7  666.6
   20.0  26440  -51.9  -87.9      1   0.01    280      9  676.6  676.6  676.6
   19.0  26773  -51.5  -87.5      1   0.01    255      6  687.9  688.0  687.9
   18.0  27124  -51.0  -87.0      1   0.01    260     19  700.0  700.1  700.0
   17.7  27233  -50.9  -86.9      1   0.01    257     18  703.8  703.9  703.8
   17.0  27499  -49.6  -86.1      1   0.01    250     17  716.1  716.3  716.1
   15.0  28323  -45.5  -83.5      1   0.03                755.8  756.0  755.8
</PRE><H3>Station information and sounding indices</H3><PRE>
                         Station identifier: WIII
                             Station number: 96749
                           Observation time: 221124/0000
                           Station latitude: -6.11
                          Station longitude: 106.65
                          Station elevation: 8.0
                            Showalter index: -0.15
                               Lifted index: -2.18
    LIFT computed using virtual temperature: -2.61
                                SWEAT index: 250.79
                                    K index: 32.90
                         Cross totals index: 20.50
                      Vertical totals index: 23.50
                        Totals totals index: 44.00
      Convective Available Potential Energy: 612.79
             CAPE using virtual temperature: 710.92
                      Convective Inhibition: -19.18
             CINS using virtual temperature: -9.13
                           Equilibrum Level: 155.58
 Equilibrum Level using virtual temperature: 154.10
                   Level of Free Convection: 816.77
             LFCT using virtual temperature: 833.73
                     Bulk Richardson Number: 124.15
          Bulk Richardson Number using CAPV: 144.04
  Temp [K] of the Lifted Condensation Level: 295.10
Pres [hPa] of the Lifted Condensation Level: 958.03
   Equivalent potential temp [K] of the LCL: 350.38
     Mean mixed layer potential temperature: 298.75
              Mean mixed layer mixing ratio: 17.68
              1000 hPa to 500 hPa thickness: 5771.00
Precipitable water [mm] for entire sounding: 59.89
</PRE>
<P>Description of the 
<A HREF="/upperair/columns.html">data columns</A>
or <A HREF="/upperair/indices.html">sounding indices</A>.

<P>
<FORM>
<INPUT CLASS="button" TYPE="button" VALUE=" Close this window " 
 onClick="window.close();">
<INPUT CLASS="button" TYPE="button" VALUE=" Select another map " 
 onClick="window.blur();">
</FORM>
<HR SIZE="1">
<I>Interested in graduate studies in atmospheric science?
Check out our program at the
<a href="http://www.uwyo.edu/atsc/howtoapply/"
target=_top>University of Wyoming
</a></I>
<HR SIZE="1"><FONT SIZE="-1">
Questions about the weather data provided by this site can be
addressed to <A HREF="mailto:ldoolman@uwyo.edu">
Larry Oolman (ldoolman@uwyo.edu)</A></FONT>
<HR SIZE="1">
<SCRIPT TYPE="text/javascript">
<!--
window.focus();
// -->
</SCRIPT>
</BODY>
</HTML>
