2020-08-19 00
<HTML>
<TITLE>University of Wyoming - Radiosonde Data</TITLE>
<BODY BGCOLOR="white">
<H2>96749 WIII Jakarta Observations at 00Z 19 Aug 2020</H2>
<PRE>
-----------------------------------------------------------------------------
   PRES   HGHT   TEMP   DWPT   RELH   MIXR   DRCT   SKNT   THTA   THTE   THTV
    hPa     m      C      C      %    g/kg    deg   knot     K      K      K 
-----------------------------------------------------------------------------
 1008.0      8   24.0   22.4     91  17.25    190      1  296.5  346.4  299.5
 1000.0     76   24.8   23.0     90  18.05    130      4  297.9  350.6  301.2
  996.0    112   25.0   23.2     90  18.36    124      6  298.5  352.1  301.8
  975.0    299   24.2   21.7     86  17.05     90     14  299.5  349.5  302.6
  925.0    763   22.2   17.9     77  14.15     80     18  302.0  344.0  304.6
  910.0    906   21.8   14.8     64  11.76     85     19  303.0  338.2  305.1
  890.0   1099   20.6   16.4     77  13.36     83     18  303.7  343.6  306.1
  867.0   1326   19.8   11.8     60  10.12     81     18  305.1  335.8  307.0
  850.0   1497   18.4   13.9     75  11.88     80     17  305.4  341.2  307.6
  819.0   1816   16.6   12.9     79  11.54     75     15  306.8  341.8  308.9
  792.0   2101   15.9    7.9     59   8.50     70     13  309.0  335.2  310.6
  780.0   2231   15.6    5.6     51   7.36     55     11  310.0  332.9  311.4
  738.0   2699   13.1    5.3     59   7.62      0      3  312.2  336.1  313.6
  724.0   2861   12.2    5.2     62   7.72    325      2  312.9  337.2  314.4
  712.0   3001   11.2    4.2     62   7.29    295      2  313.3  336.3  314.7
  701.0   3131   10.2    3.2     62   6.92     13      4  313.6  335.6  314.9
  700.0   3143   10.2    3.2     62   6.93     20      4  313.8  335.7  315.1
  687.0   3299    9.6   -3.1     41   4.44     35      9  314.8  329.2  315.6
  682.0   3359    9.4   -5.6     34   3.71     42      9  315.2  327.4  315.9
  675.0   3445    8.8   -9.2     27   2.84     52      9  315.5  324.9  316.0
  665.0   3568    7.8   -5.2     39   3.92     66      9  315.7  328.6  316.4
  660.0   3630    7.2   -1.8     53   5.11     74      8  315.7  332.2  316.7
  655.0   3692    7.2   -9.8     29   2.79     81      8  316.4  325.7  316.9
  653.0   3718    7.0   -5.0     42   4.06     84      8  316.4  329.8  317.2
  647.0   3793    6.8   -7.2     36   3.46     93      8  317.0  328.5  317.7
  640.0   3883    6.2   -3.8     49   4.54    103      8  317.3  332.2  318.2
  639.0   3895    6.1   -3.9     49   4.52    105      8  317.4  332.2  318.3
  616.0   4192    4.4   -5.3     49   4.21    165      2  318.8  332.7  319.6
  593.0   4500    2.7   -6.8     50   3.90    165      7  320.2  333.2  321.0
  572.0   4792    1.0   -8.2     50   3.63    125     10  321.6  333.8  322.3
  560.0   4964    0.0   -9.0     51   3.47    136     11  322.4  334.1  323.0
  551.0   5092   -1.0   -9.3     53   3.46    145     11  322.7  334.4  323.4
  530.0   5399   -3.4   -9.9     60   3.41    125      6  323.5  335.1  324.1
  500.0   5860   -6.9  -10.9     73   3.35    150      7  324.6  336.0  325.2
  491.0   6001   -8.1  -11.2     79   3.33    155      7  324.8  336.1  325.4
  484.0   6112   -9.1  -11.4     83   3.32    180      6  324.9  336.3  325.5
  472.0   6305  -10.1  -12.3     84   3.17    225      5  325.9  336.9  326.6
  454.0   6603  -11.8  -13.7     86   2.95    250      9  327.6  337.8  328.1
  446.0   6739  -12.5  -14.3     86   2.85    251      8  328.3  338.2  328.9
  420.0   7192  -15.5  -19.0     74   2.04    255      5  330.1  337.5  330.6
  403.0   7504  -17.5  -22.2     67   1.61     30      7  331.4  337.3  331.7
  400.0   7560  -17.9  -22.8     65   1.54     30      7  331.6  337.3  331.9
  392.0   7711  -19.5  -23.3     72   1.50     33     10  331.5  337.0  331.8
  382.0   7903  -20.1  -26.1     59   1.20     38     13  333.1  337.6  333.4
  356.0   8424  -23.1  -31.1     48   0.81     50     22  335.9  339.0  336.0
  347.0   8612  -24.1  -28.7     66   1.04     54     25  337.0  340.9  337.2
  332.0   8933  -26.3  -31.3     63   0.85     62     31  338.3  341.5  338.4
  326.0   9065  -26.9  -36.9     38   0.50     65     33  339.2  341.2  339.3
  316.0   9289  -28.8  -38.1     40   0.45     70     37  339.6  341.5  339.8
  310.0   9427  -29.9  -38.9     41   0.43     68     37  339.9  341.6  340.0
  300.0   9660  -31.9  -36.1     66   0.59     65     37  340.3  342.6  340.4
  293.0   9826  -33.3  -35.3     82   0.65     60     38  340.6  343.2  340.8
  259.0  10680  -39.9  -41.4     85   0.39     37     45  343.1  344.7  343.2
  250.0  10920  -41.5                          30     47  344.2         344.2
  243.0  11108  -42.8                          30     48  345.1         345.1
  200.0  12400  -51.7                          45     48  350.7         350.7
  194.0  12596  -52.7                          50     46  352.2         352.2
  188.0  12799  -53.7                          60     40  353.8         353.8
  160.0  13807  -61.8                         110     12  356.7         356.7
  150.0  14210  -65.1                         145     11  357.7         357.7
  138.0  14709  -69.5                         190     15  358.6         358.6
  132.0  14975  -71.9                         181     14  358.9         358.9
  131.0  15019  -72.2                         180     14  359.2         359.2
  107.0  16181  -79.3                          90     10  367.1         367.1
  101.0  16513  -81.3                          80      6  369.3         369.3
  100.0  16570  -81.7                          80      5  369.6         369.6
   99.3  16610  -82.1                          75      5  369.6         369.6
   91.0  17102  -80.9                         115      9  381.4         381.4
   88.7  17246  -80.5                         172      7  384.9         384.9
   86.6  17384  -75.5                         225      5  397.6         397.6
   86.0  17424  -75.4                         240      4  398.6         398.6
   82.0  17702  -74.7                         145      9  405.4         405.4
   80.7  17795  -74.5                         132     11  407.8         407.8
   79.5  17883  -71.7                         120     13  415.3         415.3
   78.0  17996  -71.9                         105     16  417.1         417.1
   76.9  18080  -72.1                         103     17  418.4         418.4
   75.1  18221  -69.3                         100     18  427.1         427.1
   70.0  18640  -71.5                          90     22  431.1         431.1
   64.3  19137  -73.7                          80     24  436.9         436.9
   61.7  19380  -69.5                          71     33  451.4         451.4
   60.0  19545  -69.6                          65     39  454.8         454.8
   55.0  20062  -69.8                          80     22  465.7         465.7
   53.8  20193  -69.9                          99     21  468.4         468.4
   50.0  20630  -67.1                         160     17  484.9         484.9
   47.0  21007  -64.4                         220     16  500.0         500.0
   46.0  21138  -63.5                         210     14  505.3         505.3
   45.0  21275  -62.9                         200     11  509.9         509.9
   43.0  21558  -61.8                         225     16  519.4         519.4
   39.0  22166  -59.3                         210     13  540.4         540.4
   37.0  22494  -57.9                         185      6  552.1         552.1
   36.7  22544  -57.7                         208      6  553.9         553.9
   35.0  22843  -59.3                         345      4  557.3         557.3
   33.0  23214  -55.9                         311     19  575.8         575.8
   31.0  23612  -56.4                         275     35  584.7         584.7
   30.0  23820  -56.7                         270     35  589.5         589.5
   26.4  24624  -58.9                         233     24  605.2         605.2
   24.0  25222  -58.2                         205     16  624.0         624.0
   23.8  25275  -58.1                         193     15  625.7         625.7
   22.7  25574  -55.1                         125     10  643.1         643.1
   22.0  25774  -55.2                          80      6  648.4         648.4
   21.0  26070  -55.5                           0      7  656.4         656.4
   20.0  26380  -55.7                         355     11  664.9         664.9
   19.7  26476  -56.3                         351     11  666.0         666.0
   18.0  27052  -54.6                         325     12  688.7         688.7
   17.7  27159  -54.3                         326     12  693.0         693.0
   17.0  27420  -51.4                         330     13  710.3         710.3
   16.6  27574  -49.7                         315     13  720.6         720.6
   15.0  28237  -49.8                         250     14  741.5         741.5
   14.0  28688  -49.8                         255     13  756.1         756.1
   13.1  29122  -49.9                         206      9  770.4         770.4
   13.0  29173  -49.8                         200      9  772.6         772.6
   12.0  29699  -48.2                         200      8  795.8         795.8
   11.3  30094  -47.1                         245      7  813.7         813.7
   11.0                                       265      6                     
</PRE><H3>Station information and sounding indices</H3><PRE>
                         Station identifier: WIII
                             Station number: 96749
                           Observation time: 200819/0000
                           Station latitude: -6.11
                          Station longitude: 106.65
                          Station elevation: 8.0
                            Showalter index: -0.51
                               Lifted index: -3.60
    LIFT computed using virtual temperature: -4.05
                                SWEAT index: 207.79
                                    K index: 32.20
                         Cross totals index: 20.80
                      Vertical totals index: 25.30
                        Totals totals index: 46.10
      Convective Available Potential Energy: 883.91
             CAPE using virtual temperature: 1006.68
                      Convective Inhibition: -95.56
             CINS using virtual temperature: -39.54
                           Equilibrum Level: 217.75
 Equilibrum Level using virtual temperature: 217.81
                   Level of Free Convection: 705.28
             LFCT using virtual temperature: 740.79
                     Bulk Richardson Number: 2243.77
          Bulk Richardson Number using CAPV: 2555.42
  Temp [K] of the Lifted Condensation Level: 294.44
Pres [hPa] of the Lifted Condensation Level: 946.46
   Equivalent potential temp [K] of the LCL: 349.33
     Mean mixed layer potential temperature: 299.12
              Mean mixed layer mixing ratio: 17.19
              1000 hPa to 500 hPa thickness: 5784.00
Precipitable water [mm] for entire sounding: 48.47
</PRE>
<P>Description of the 
<A HREF="/upperair/columns.html">data columns</A>
or <A HREF="/upperair/indices.html">sounding indices</A>.

<P>
<FORM>
<INPUT CLASS="button" TYPE="button" VALUE=" Close this window " 
 onClick="window.close();">
<INPUT CLASS="button" TYPE="button" VALUE=" Select another map " 
 onClick="window.blur();">
</FORM>
<HR SIZE="1">
<I>Interested in graduate studies in atmospheric science?
Check out our program at the
<a href="http://www.uwyo.edu/atsc/howtoapply/"
target=_top>University of Wyoming
</a></I>
<HR SIZE="1"><FONT SIZE="-1">
Questions about the weather data provided by this site can be
addressed to <A HREF="mailto:ldoolman@uwyo.edu">
Larry Oolman (ldoolman@uwyo.edu)</A></FONT>
<HR SIZE="1">
<SCRIPT TYPE="text/javascript">
<!--
window.focus();
// -->
</SCRIPT>
</BODY>
</HTML>
