2017-07-13 00
<HTML>
<TITLE>University of Wyoming - Radiosonde Data</TITLE>
<BODY BGCOLOR="white">
<H2>96749 WIII Jakarta Observations at 00Z 13 Jul 2017</H2>
<PRE>
-----------------------------------------------------------------------------
   PRES   HGHT   TEMP   DWPT   RELH   MIXR   DRCT   SKNT   THTA   THTE   THTV
    hPa     m      C      C      %    g/kg    deg   knot     K      K      K 
-----------------------------------------------------------------------------
 1012.0      8   24.8   23.0     90  17.83    170      6  296.9  348.7  300.1
 1000.0    114   25.2   21.6     80  16.54    175      5  298.4  346.6  301.3
  991.0    194   25.4   21.2     78  16.28    186      4  299.3  347.0  302.2
  979.0    300   24.7   20.6     78  15.90    200      3  299.6  346.3  302.5
  946.0    600   22.7   19.0     80  14.88    175      2  300.6  344.5  303.3
  925.0    797   21.4   18.0     81  14.24    140      3  301.2  343.3  303.8
  914.0    901   20.5   17.7     84  14.16    120      5  301.3  343.2  303.9
  902.0   1017   19.6   17.4     87  14.06    118      5  301.5  343.1  304.1
  850.0   1530   17.0   14.3     84  12.20    110      5  303.9  340.5  306.2
  813.0   1909   15.2   11.6     79  10.66     93      7  305.9  338.2  307.9
  795.0   2098   15.1    9.0     67   9.13     85      8  307.8  335.8  309.5
  775.0   2314   15.0    6.0     55   7.62     85      7  309.9  333.6  311.3
  740.0   2701   11.8    5.9     67   7.93     85      4  310.6  335.3  312.1
  714.0   2999    9.4    5.8     79   8.19     65      7  311.1  336.6  312.6
  700.0   3165    8.0    5.8     86   8.33     65      9  311.3  337.3  312.9
  664.0   3601    5.8    3.8     87   7.63     70     11  313.6  337.6  315.0
  649.0   3788    6.0    1.8     74   6.76     86     12  315.9  337.5  317.1
  645.0   3839    6.2   -2.8     53   4.85     90     13  316.6  332.4  317.6
  640.0   3902    5.8   -2.9     54   4.84     95     13  316.9  332.6  317.8
  617.0   4200    3.8   -3.5     59   4.80     90     15  317.9  333.6  318.9
  575.0   4772    0.0   -4.7     71   4.72    138      5  319.9  335.5  320.9
  573.0   4800   -0.2   -4.8     71   4.70    140      5  320.0  335.6  320.9
  531.0   5405   -4.6   -6.7     85   4.40     85     10  321.8  336.5  322.7
  526.0   5481   -5.1   -6.9     87   4.36     80     11  322.1  336.6  322.9
  525.0   5496   -5.1   -7.7     82   4.10     79     11  322.2  336.0  323.0
  521.0   5556   -4.7   -8.4     75   3.92     75     11  323.4  336.6  324.2
  512.0   5693   -4.5  -14.5     46   2.44     66     12  325.3  333.8  325.8
  511.0   5709   -4.6  -14.2     47   2.51     65     12  325.3  334.0  325.8
  500.0   5880   -5.9  -10.9     68   3.35     65     13  325.8  337.3  326.4
  486.0   6101   -8.3  -11.0     81   3.42     65     13  325.5  337.2  326.2
  455.0   6611   -9.5  -10.8     90   3.71     65     12  330.2  343.0  330.9
  450.0   6696   -9.9  -11.2     90   3.63     65     12  330.7  343.4  331.4
  444.0   6799  -12.1  -13.3     91   3.11     65     12  329.2  340.1  329.8
  438.0   6902  -12.6  -13.9     90   3.01     65     12  329.9  340.4  330.4
  403.0   7534  -15.7  -17.3     87   2.46     83     17  333.8  342.6  334.3
  400.0   7590  -16.1  -17.7     87   2.39     85     17  334.0  342.6  334.5
  389.0   7797  -17.5  -19.1     87   2.19     85     18  334.9  342.8  335.3
  344.0   8707  -23.5  -25.1     87   1.46     78     18  338.6  344.1  338.9
  300.0   9690  -31.5  -34.2     77   0.71     70     19  340.9  343.7  341.0
  258.0  10744  -39.9  -43.3     70   0.32     51     26  343.5  344.9  343.6
  256.0  10798  -40.3                          50     26  343.7         343.7
  250.0  10960  -41.5                          45     27  344.2         344.2
  200.0  12420  -54.9                          40     44  345.7         345.7
  191.0  12714  -57.7                          40     46  345.8         345.8
  162.0  13736  -66.7                          40     54  347.3         347.3
  150.0  14200  -70.1                          40     58  349.1         349.1
  145.0  14401  -71.1                          35     59  350.8         350.8
  137.0  14737  -70.1                          44     51  358.3         358.3
  115.0  15758  -77.3                          70     26  363.3         363.3
  112.0  15909  -77.1                          75     20  366.4         366.4
  107.0  16172  -76.8                          70      3  371.9         371.9
  101.0  16503  -76.4                         260     10  378.8         378.8
  100.0  16560  -76.3                         255      9  380.1         380.1
   94.0  16912  -78.9                         153      4  381.7         381.7
   91.0  17096  -78.6                         100      2  385.9         385.9
   88.0  17286  -78.3                         359      9  390.2         390.2
   86.0  17418  -76.8                         290     14  395.9         395.9
   82.0  17692  -73.6                         265     30  407.8         407.8
   81.9  17699  -73.5                         265     30  408.1         408.1
   74.0  18294  -71.1                         275     41  425.2         425.2
   70.5  18578  -69.9                         258     40  433.6         433.6
   70.0  18620  -70.1                         255     40  434.1         434.1
   67.0  18879  -72.0                         245     42  435.5         435.5
   66.2  18950  -72.5                         245     41  435.9         435.9
   55.0  20066  -63.7                         245     28  479.8         479.8
   53.9  20188  -62.7                         249     25  484.8         484.8
   52.0  20409  -63.3                         255     21  488.4         488.4
   50.0  20650  -63.9                         245     12  492.5         492.5
   47.0  21028  -64.1                         160     10  500.8         500.8
   45.0  21294  -64.3                         180      5  506.6         506.6
   44.5  21363  -64.3                         202      5  508.2         508.2
   43.0  21573  -63.4                         270      6  515.5         515.5
   41.0  21866  -62.1                         175      5  525.7         525.7
   39.0  22172  -63.2                         110     17  530.6         530.6
   34.6  22905  -65.7                         110     27  542.4         542.4
   32.0  23379  -66.1                          95     45  553.6         553.6
   30.5  23669  -66.3                          84     47  560.7         560.7
   30.0  23770  -64.3                          80     47  568.8         568.8
   29.5  23873  -61.3                          80     47  579.7         579.7
   27.2  24376  -58.7                          78     48  600.6         600.6
   26.5  24540  -55.5                          77     48  614.1         614.1
   25.6  24760  -53.1                          76     48  627.1         627.1
   24.0  25173  -53.0                          75     49  638.9         638.9
   20.0  26340  -52.9                         105     51  673.5         673.5
   19.0  26672  -52.6                         105     52  684.2         684.2
   15.0  28201  -51.5                         105     51  735.9         735.9
   14.4  28466  -51.3                                     745.1         745.1
</PRE><H3>Station information and sounding indices</H3><PRE>
                         Station identifier: WIII
                             Station number: 96749
                           Observation time: 170713/0000
                           Station latitude: -6.11
                          Station longitude: 106.65
                          Station elevation: 8.0
                            Showalter index: 0.79
                               Lifted index: -1.54
    LIFT computed using virtual temperature: -1.90
                                SWEAT index: 194.58
                                    K index: 35.00
                         Cross totals index: 20.20
                      Vertical totals index: 22.90
                        Totals totals index: 43.10
      Convective Available Potential Energy: 407.01
             CAPE using virtual temperature: 486.93
                      Convective Inhibition: -58.06
             CINS using virtual temperature: -21.65
                           Equilibrum Level: 185.25
 Equilibrum Level using virtual temperature: 184.25
                   Level of Free Convection: 734.53
             LFCT using virtual temperature: 859.77
                     Bulk Richardson Number: 56.71
          Bulk Richardson Number using CAPV: 67.84
  Temp [K] of the Lifted Condensation Level: 293.22
Pres [hPa] of the Lifted Condensation Level: 932.03
   Equivalent potential temp [K] of the LCL: 346.40
     Mean mixed layer potential temperature: 299.19
              Mean mixed layer mixing ratio: 16.15
              1000 hPa to 500 hPa thickness: 5766.00
Precipitable water [mm] for entire sounding: 53.93
</PRE>
<P>Description of the 
<A HREF="/upperair/columns.html">data columns</A>
or <A HREF="/upperair/indices.html">sounding indices</A>.

<P>
<FORM>
<INPUT CLASS="button" TYPE="button" VALUE=" Close this window " 
 onClick="window.close();">
<INPUT CLASS="button" TYPE="button" VALUE=" Select another map " 
 onClick="window.blur();">
</FORM>
<HR SIZE="1">
<I>Interested in graduate studies in atmospheric science?
Check out our program at the
<a href="http://www.uwyo.edu/atsc/howtoapply/"
target=_top>University of Wyoming
</a></I>
<HR SIZE="1"><FONT SIZE="-1">
Questions about the weather data provided by this site can be
addressed to <A HREF="mailto:ldoolman@uwyo.edu">
Larry Oolman (ldoolman@uwyo.edu)</A></FONT>
<HR SIZE="1">
<SCRIPT TYPE="text/javascript">
<!--
window.focus();
// -->
</SCRIPT>
</BODY>
</HTML>
