2016-08-14 00
<HTML>
<TITLE>University of Wyoming - Radiosonde Data</TITLE>
<BODY BGCOLOR="white">
<H2>96749 WIII Jakarta Observations at 00Z 14 Aug 2016</H2>
<PRE>
-----------------------------------------------------------------------------
   PRES   HGHT   TEMP   DWPT   RELH   MIXR   DRCT   SKNT   THTA   THTE   THTV
    hPa     m      C      C      %    g/kg    deg   knot     K      K      K 
-----------------------------------------------------------------------------
 1010.0      8   25.4   24.1     93  19.14    200      4  297.7  353.4  301.1
 1004.0     57   25.0   22.7     87  17.65    206      5  297.8  349.2  300.9
 1000.0     89   25.2   22.2     83  17.17    210      5  298.4  348.5  301.4
  983.0    241   25.2   20.9     77  16.11    182      6  299.8  347.1  302.7
  976.0    304   24.8   20.7     78  16.00    170      6  300.1  347.1  302.9
  944.0    597   23.1   19.6     81  15.49    100      3  301.1  346.9  303.9
  925.0    776   22.0   19.0     83  15.19     60      5  301.8  346.8  304.5
  912.0    899   21.3   18.4     83  14.78     65      4  302.3  346.2  305.0
  881.0   1198   19.6   16.8     84  13.81    130      4  303.5  344.8  306.0
  850.0   1509   17.8   15.1     84  12.86    120      7  304.8  343.4  307.1
  766.0   2388   12.3   11.0     91  10.84    115      7  308.1  341.2  310.1
  738.0   2703   10.4    9.5     94  10.18     90      3  309.3  340.6  311.2
  713.0   2994    8.6    8.1     97   9.59    100      5  310.3  340.0  312.1
  712.0   3006    8.6    8.0     97   9.57    100      5  310.4  340.0  312.2
  700.0   3147    8.0    7.3     95   9.25     90      7  311.3  340.1  313.1
  687.0   3301    7.5    6.7     95   9.04     75      7  312.4  340.6  314.1
  662.0   3606    6.4    5.5     94   8.63    125      4  314.5  341.8  316.2
  639.0   3897    5.4    4.3     93   8.25    130      4  316.6  342.9  318.2
  634.0   3962    5.2    4.1     93   8.16    125      5  317.1  343.1  318.6
  624.0   4092    4.4    3.4     93   7.89    114      6  317.6  342.9  319.1
  623.0   4105    4.2    3.2     93   7.79    113      6  317.5  342.5  319.0
  621.0   4131    4.6    0.4     74   6.39    111      6  318.2  338.9  319.5
  619.0   4158    4.8    0.3     73   6.36    109      6  318.8  339.4  320.0
  593.0   4506    2.4   -0.9     78   6.06     80      9  319.9  339.7  321.1
  580.0   4686    1.2   -1.6     82   5.90     77      9  320.6  339.9  321.7
  573.0   4783    0.6   -2.2     82   5.71     75      9  321.0  339.7  322.1
  572.0   4798    0.6   -2.5     80   5.60     75      9  321.2  339.6  322.2
  560.0   4968    1.0   -6.0     60   4.39     82     10  323.5  338.3  324.4
  549.0   5127    0.0   -8.0     55   3.83     88     10  324.2  337.2  324.9
  540.0   5260   -0.9   -9.9     50   3.36     94     11  324.7  336.1  325.3
  533.0   5364   -1.9   -6.8     69   4.33     98     11  324.7  339.3  325.5
  532.0   5379   -2.1   -6.2     73   4.55     99     11  324.6  339.9  325.5
  530.0   5409   -1.9   -9.9     54   3.42    100     11  325.2  336.9  325.9
  529.0   5424   -1.5  -15.5     34   2.17    100     11  325.9  333.5  326.3
  528.0   5439   -1.3  -22.3     19   1.22    101     11  326.3  330.7  326.5
  510.0   5714   -3.3  -22.3     21   1.26    107     12  327.1  331.7  327.4
  504.0   5807   -4.1  -16.1     39   2.17    109     13  327.2  334.9  327.7
  500.0   5870   -4.7  -15.7     42   2.26    110     13  327.2  335.2  327.7
  473.0   6301   -6.9  -21.6     30   1.44    110     12  329.7  335.0  330.0
  457.0   6569   -8.3  -25.3     24   1.08    101     12  331.3  335.3  331.5
  438.0   6894  -11.0  -28.8     22   0.82     90     13  331.9  335.0  332.1
  433.0   6982  -11.7  -29.7     21   0.76     91     14  332.1  335.0  332.2
  429.0   7052  -12.5  -30.5     21   0.71     91     14  331.9  334.7  332.1
  424.0   7141  -13.1  -22.1     47   1.54     92     15  332.3  338.0  332.6
  421.0   7195  -13.7  -18.7     66   2.09     92     16  332.2  339.7  332.6
  419.0   7231  -13.9  -16.9     78   2.44     92     16  332.4  341.1  332.9
  418.0   7249  -14.1  -16.9     79   2.45     93     16  332.4  341.1  332.9
  413.0   7340  -14.3  -22.3     51   1.56     93     17  333.3  339.0  333.6
  412.0   7358  -14.3  -28.3     29   0.91     93     17  333.5  336.9  333.7
  409.0   7413  -15.1  -21.1     60   1.75     94     18  333.1  339.5  333.5
  401.0   7561  -16.3  -17.4     91   2.45     95     19  333.5  342.3  334.0
  400.0   7580  -16.3  -17.2     93   2.50     95     19  333.7  342.7  334.2
  398.0   7618  -16.7  -17.1     97   2.53     95     19  333.7  342.7  334.2
  388.0   7809  -17.5  -22.5     65   1.63     93     19  335.1  341.1  335.4
  386.0   7848  -17.9  -25.9     50   1.21     92     19  335.0  339.6  335.3
  383.0   7906  -18.3  -28.3     41   0.98     92     19  335.2  339.0  335.4
  376.0   8044  -19.5  -22.0     81   1.76     91     19  335.4  341.9  335.8
  373.0   8104  -19.9  -20.9     92   1.94     90     19  335.6  342.7  336.0
  372.0   8124  -20.1  -20.6     96   2.01     90     19  335.7  343.0  336.1
  355.0   8470  -22.5  -22.7     98   1.75     81     20  337.0  343.4  337.3
  344.0   8700  -23.8  -25.2     88   1.44     75     20  338.2  343.7  338.5
  330.0   9004  -25.5  -28.5     76   1.11     78     26  339.9  344.2  340.2
  315.0   9340  -27.7  -39.7     31   0.39     81     32  341.4  343.0  341.5
  310.0   9455  -28.3  -41.3     28   0.33     83     34  342.2  343.5  342.2
  300.0   9690  -30.1  -38.1     46   0.48     85     39  342.8  344.8  342.9
  296.0   9785  -30.9  -36.9     56   0.55     86     39  343.0  345.2  343.1
  293.0   9857  -31.3  -38.3     50   0.48     86     40  343.4  345.4  343.6
  291.0   9906  -31.7  -44.7     26   0.25     87     40  343.6  344.6  343.6
  290.0   9930  -31.9  -48.9     17   0.15     87     40  343.6  344.3  343.6
  288.0   9979  -32.3  -48.3     19   0.17     88     40  343.7  344.4  343.8
  286.0  10028  -32.7  -45.7     26   0.22     88     41  343.8  344.8  343.9
  285.0  10053  -32.9  -39.9     50   0.42     88     41  343.9  345.6  344.0
  277.0  10252  -34.1  -48.1     23   0.18     90     42  345.0  345.7  345.0
  256.0  10797  -38.9  -59.6      9   0.05     95     44  345.7  345.9  345.7
  252.0  10906  -39.9  -61.9      8   0.04     95     44  345.8  346.0  345.8
  250.0  10960  -40.3                          95     44  346.0         346.0
  200.0  12450  -52.9                          90     53  348.8         348.8
  195.0  12610  -54.3                          85     53  349.1         349.1
  168.0  13550  -62.5                          71     56  350.7         350.7
  150.0  14240  -67.5                          60     59  353.6         353.6
  146.0  14398  -68.8                          65     60  354.1         354.1
  121.0  15497  -78.1                          77     65  356.6         356.6
  109.0  16090  -79.7                          84     68  364.4         364.4
  107.0  16194  -80.5                          85     68  364.8         364.8
  100.0  16580  -75.3                          55     51  382.0         382.0
   96.0  16817  -76.2                          45     43  384.7         384.7
   94.0  16939  -76.7                          48     38  386.1         386.1
   92.5  17032  -76.5                          51     34  388.2         388.2
   91.3  17108  -72.9                          53     30  396.8         396.8
   87.0  17393  -72.9                          60     18  402.3         402.3
   84.8  17543  -72.9                          74     19  405.3         405.3
   83.0  17671  -71.9                          85     19  409.9         409.9
   77.0  18119  -68.3                          71     17  426.2         426.2
   71.0  18605  -70.2                          55     15  432.2         432.2
   70.0  18690  -70.5                          60     15  433.2         433.2
   65.9  19046  -72.3                          80     20  436.9         436.9
   61.0  19501  -72.0                         115     17  447.3         447.3
   59.8  19618  -71.9                         112     20  450.0         450.0
   55.0  20117  -68.3                         100     31  469.2         469.2
   53.0  20338  -66.7                          87     22  477.9         477.9
   52.0  20453  -66.6                          80     18  480.6         480.6
   50.0  20690  -66.5                          90     15  486.4         486.4
   45.0  21329  -65.4                          80     10  504.0         504.0
   43.0  21605  -64.9                         145     12  511.8         511.8
   42.3  21705  -64.7                         139     12  514.6         514.6
   39.0  22207  -61.8                         110     12  534.0         534.0
   37.0  22533  -60.0                         110     13  546.8         546.8
   36.0  22703  -59.0                          25      4  553.6         553.6
   35.5  22789  -58.5                           1      5  557.1         557.1
   34.0  23059  -59.3                         285      9  562.0         562.0
   32.0  23437  -60.4                         350      9  568.9         568.9
   31.8  23477  -60.5                         344      9  569.6         569.6
   30.0  23840  -59.3                         290     13  582.4         582.4
   29.0  24054  -57.8                         280     19  592.1         592.1
   27.1  24483  -54.9                         271     21  611.9         611.9
   25.0  24999  -54.7                         260     23  626.8         626.8
   24.0  25260  -54.6                         250     18  634.5         634.5
   22.0  25817  -54.3                         270     25  651.2         651.2
   21.9  25846  -54.3                         270     25  652.1         652.1
   20.0  26430  -52.7                         275     21  674.1         674.1
   19.0  26762  -52.0                         285     19  686.2         686.2
   18.0  27113  -51.3                         295     32  699.1         699.1
   17.2  27408  -50.7                                     710.2         710.2
</PRE><H3>Station information and sounding indices</H3><PRE>
                         Station identifier: WIII
                             Station number: 96749
                           Observation time: 160814/0000
                           Station latitude: -6.11
                          Station longitude: 106.65
                          Station elevation: 8.0
                            Showalter index: 0.83
                               Lifted index: -0.83
    LIFT computed using virtual temperature: -1.40
                                SWEAT index: 208.18
                                    K index: 36.90
                         Cross totals index: 19.80
                      Vertical totals index: 22.50
                        Totals totals index: 42.30
      Convective Available Potential Energy: 323.83
             CAPE using virtual temperature: 418.89
                      Convective Inhibition: -52.11
             CINS using virtual temperature: -41.29
                           Equilibrum Level: 280.12
 Equilibrum Level using virtual temperature: 251.36
                   Level of Free Convection: 811.85
             LFCT using virtual temperature: 827.44
                     Bulk Richardson Number: 63.29
          Bulk Richardson Number using CAPV: 81.87
  Temp [K] of the Lifted Condensation Level: 293.53
Pres [hPa] of the Lifted Condensation Level: 931.97
   Equivalent potential temp [K] of the LCL: 347.73
     Mean mixed layer potential temperature: 299.51
              Mean mixed layer mixing ratio: 16.48
              1000 hPa to 500 hPa thickness: 5781.00
Precipitable water [mm] for entire sounding: 56.81
</PRE>
<P>Description of the 
<A HREF="/upperair/columns.html">data columns</A>
or <A HREF="/upperair/indices.html">sounding indices</A>.

<P>
<FORM>
<INPUT CLASS="button" TYPE="button" VALUE=" Close this window " 
 onClick="window.close();">
<INPUT CLASS="button" TYPE="button" VALUE=" Select another map " 
 onClick="window.blur();">
</FORM>
<HR SIZE="1">
<I>Interested in graduate studies in atmospheric science?
Check out our program at the
<a href="http://www.uwyo.edu/atsc/howtoapply/"
target=_top>University of Wyoming
</a></I>
<HR SIZE="1"><FONT SIZE="-1">
Questions about the weather data provided by this site can be
addressed to <A HREF="mailto:ldoolman@uwyo.edu">
Larry Oolman (ldoolman@uwyo.edu)</A></FONT>
<HR SIZE="1">
<SCRIPT TYPE="text/javascript">
<!--
window.focus();
// -->
</SCRIPT>
</BODY>
</HTML>
