2018-12-30 12
<HTML>
<TITLE>University of Wyoming - Radiosonde Data</TITLE>
<BODY BGCOLOR="white">
<H2>96749 WIII Jakarta Observations at 00Z 30 Dec 2018</H2>
<PRE>
-----------------------------------------------------------------------------
   PRES   HGHT   TEMP   DWPT   RELH   MIXR   DRCT   SKNT   THTA   THTE   THTV
    hPa     m      C      C      %    g/kg    deg   knot     K      K      K 
-----------------------------------------------------------------------------
 1010.0      8   26.0   23.2     85  18.10    260      4  298.3  351.1  301.5
 1000.0    100   25.8   22.5     82  17.50    250     12  298.9  350.2  302.1
  944.0    604   22.7   19.8     84  15.62    250     28  300.8  346.8  303.6
  925.0    782   21.6   18.8     84  15.00    250     29  301.4  345.7  304.1
  862.0   1395   18.4   14.1     76  11.87    237     28  304.2  339.8  306.4
  850.0   1516   17.8   14.0     78  11.96    235     28  304.8  340.8  307.0
  793.0   2108   15.4   10.7     73  10.26    215     21  308.3  339.8  310.2
  779.0   2259   14.8    9.8     72   9.86    207     18  309.2  339.6  311.1
  751.0   2569   14.2    9.2     72   9.82    192     13  311.9  342.4  313.7
  746.0   2626   14.0    8.0     67   9.10    189     11  312.2  340.6  313.9
  739.0   2705   14.4    5.2     54   7.56    185     10  313.5  337.4  314.9
  735.0   2751   14.6    3.6     48   6.79    189      9  314.2  335.8  315.5
  700.0   3161   11.2    0.2     47   5.58    225      4  314.9  332.8  315.9
  688.0   3302   10.1   -0.3     48   5.47    210      6  315.2  332.8  316.2
  617.0   4192    3.0   -3.5     62   4.83    165     12  317.0  332.8  317.9
  589.0   4572    0.0   -4.8     70   4.57    184     13  317.8  332.7  318.6
  584.0   4640   -0.1   -2.3     85   5.56    187     13  318.4  336.5  319.5
  573.0   4792   -1.1   -4.4     78   4.84    195     14  318.9  334.8  319.9
  569.0   4848   -1.5   -5.2     76   4.59    200     14  319.1  334.3  320.0
  563.0   4932   -0.7   -4.3     77   4.97    208     13  321.1  337.5  322.0
  537.0   5308   -3.5   -8.1     70   3.89    242     11  322.1  335.1  322.8
  531.0   5397   -3.6  -11.2     56   3.09    250     10  322.9  333.5  323.6
  528.0   5441   -3.7  -12.7     50   2.74    250     10  323.4  332.8  323.9
  524.0   5501   -3.7  -11.7     54   3.00    251     11  324.1  334.4  324.7
  521.0   5547   -4.1  -11.1     58   3.16    252     11  324.1  335.0  324.8
  520.0   5562   -4.1   -8.0     74   4.05    252     11  324.3  338.0  325.1
  519.0   5577   -4.3   -9.1     69   3.72    252     12  324.3  336.9  325.0
  518.0   5592   -4.1  -13.1     50   2.71    252     12  324.7  334.0  325.2
  513.0   5668   -3.9  -15.9     39   2.17    253     12  325.8  333.4  326.2
  500.0   5870   -5.7  -19.7     32   1.61    255     14  326.0  331.8  326.3
  485.0   6108   -7.9  -15.9     53   2.29    252     13  326.2  334.2  326.6
  478.0   6222   -8.3  -16.3     53   2.25    251     12  327.0  335.0  327.5
  474.0   6287   -8.5  -20.5     37   1.59    250     12  327.6  333.3  327.9
  473.0   6304   -8.6  -20.8     37   1.55    250     12  327.7  333.3  328.0
  470.0   6353   -8.7  -21.7     34   1.44    246     11  328.1  333.4  328.4
  464.0   6453   -9.3  -15.3     62   2.52    238      8  328.6  337.5  329.1
  458.0   6554   -9.7  -13.4     74   2.99    229      5  329.3  339.8  329.9
  455.0   6604  -10.0  -13.8     73   2.90    225      3  329.5  339.7  330.1
  438.0   6896  -11.8  -16.5     68   2.42    160      5  330.9  339.5  331.4
  421.0   7200  -13.6  -19.2     63   2.00    160      4  332.3  339.6  332.7
  413.0   7348  -14.5  -20.5     60   1.82    182      4  333.0  339.6  333.4
  405.0   7496  -15.5  -20.9     63   1.80    205      4  333.6  340.2  334.0
  400.0   7590  -16.1  -21.1     65   1.79    195      4  334.0  340.5  334.3
  393.0   7723  -16.9  -21.9     65   1.70    195      4  334.6  340.9  335.0
  389.0   7800  -16.9  -24.4     52   1.37    195      4  335.6  340.7  335.9
  385.0   7878  -16.9  -26.9     42   1.10    196      4  336.6  340.8  336.8
  374.0   8092  -18.7  -27.4     46   1.08    200      3  337.0  341.1  337.2
  359.0   8395  -21.3  -28.2     54   1.05    125      1  337.5  341.5  337.7
  345.0   8690  -23.8  -28.9     63   1.02    125      2  337.9  341.8  338.1
  335.0   8907  -25.7  -29.5     70   1.00    207      2  338.2  342.0  338.4
  331.0   8993  -26.3  -30.1     70   0.96    240      2  338.5  342.2  338.7
  317.0   9304  -28.5  -32.1     71   0.82    310      9  339.7  342.9  339.9
  300.0   9700  -31.3  -34.8     71   0.67    340      8  341.1  343.8  341.3
  292.0   9887  -32.8  -36.1     72   0.60    345      6  341.7  344.1  341.8
  279.0  10203  -35.3  -38.4     73   0.50    160      3  342.5  344.5  342.6
  267.0  10508  -37.8  -40.6     75   0.42    105      4  343.3  345.0  343.4
  256.0  10799  -40.1  -42.7     76   0.35    111      7  344.0  345.4  344.0
  250.0  10960  -41.5                         115      9  344.2         344.2
  234.0  11396  -45.2                         135     12  345.1         345.1
  200.0  12430  -54.1                          80     27  346.9         346.9
  195.0  12588  -55.4                          75     31  347.4         347.4
  150.0  14220  -68.7                          90     51  351.6         351.6
  142.0  14545  -71.7                          90     55  351.9         351.9
  138.0  14711  -72.6                          90     57  353.1         353.1
  114.0  15816  -78.9                          72     63  361.3         361.3
  112.0  15917  -78.9                          70     64  363.0         363.0
  100.0  16560  -79.1                          95     29  374.6         374.6
   96.0  16790  -80.8                         115     28  375.6         375.6
   91.1  17084  -83.1                         125     34  376.8         376.8
   91.0  17090  -83.1                         125     34  376.9         376.9
   86.0  17405  -83.2                         105     23  382.9         382.9
   81.8  17683  -83.3                          76     15  388.2         388.2
   77.0  18023  -81.4                          40      5  398.9         398.9
   73.0  18324  -79.7                         155     17  408.6         408.6
   70.2  18544  -78.5                         132     19  415.8         415.8
   70.0  18560  -78.5                         130     19  416.1         416.1
   64.9  18992  -80.1                          94     20  421.7         421.7
   63.0  19162  -79.5                          80     21  426.6         426.6
   54.8  19962  -76.7                          94     25  450.4         450.4
   54.0  20048  -75.7                          95     25  454.5         454.5
   51.0  20383  -72.0                         120     29  470.7         470.7
   50.6  20429  -71.5                         120     30  473.0         473.0
   50.0  20500  -71.1                         120     32  475.5         475.5
   46.6  20917  -70.1                         106     34  487.6         487.6
   44.0  21264  -66.8                          95     35  503.7         503.7
   40.5  21765  -62.1                          12     21  527.5         527.5
   40.0  21841  -62.4                           0     19  528.7         528.7
   38.0  22155  -63.6                         330     17  533.5         533.5
   36.0  22485  -64.8                         290     12  538.5         538.5
   35.0  22657  -65.5                         290      9  541.1         541.1
   34.0  22836  -64.0                         290      6  549.7         549.7
   33.0  23020  -62.4                          55      5  558.6         558.6
   31.0  23405  -59.1                         285      9  577.6         577.6
   30.9  23425  -58.9                         282     10  578.6         578.6
   30.0  23610  -58.5                         250     15  584.6         584.6
   28.0  24045  -57.8                         240      4  598.2         598.2
   27.0  24274  -57.4                         295     13  605.5         605.5
   25.7  24586  -56.9                                     615.5         615.5
</PRE><H3>Station information and sounding indices</H3><PRE>
                         Station identifier: WIII
                             Station number: 96749
                           Observation time: 181230/0000
                           Station latitude: -6.11
                          Station longitude: 106.65
                          Station elevation: 8.0
                            Showalter index: 0.89
                               Lifted index: -2.29
    LIFT computed using virtual temperature: -3.01
                                SWEAT index: 237.99
                                    K index: 26.50
                         Cross totals index: 19.70
                      Vertical totals index: 23.50
                        Totals totals index: 43.20
      Convective Available Potential Energy: 758.80
             CAPE using virtual temperature: 865.04
                      Convective Inhibition: -94.44
             CINS using virtual temperature: -17.70
                           Equilibrum Level: 181.51
 Equilibrum Level using virtual temperature: 179.95
                   Level of Free Convection: 674.27
             LFCT using virtual temperature: 866.53
                     Bulk Richardson Number: 139.33
          Bulk Richardson Number using CAPV: 158.84
  Temp [K] of the Lifted Condensation Level: 294.05
Pres [hPa] of the Lifted Condensation Level: 938.13
   Equivalent potential temp [K] of the LCL: 349.00
     Mean mixed layer potential temperature: 299.49
              Mean mixed layer mixing ratio: 16.92
              1000 hPa to 500 hPa thickness: 5770.00
Precipitable water [mm] for entire sounding: 51.36
</PRE>
<P>Description of the 
<A HREF="/upperair/columns.html">data columns</A>
or <A HREF="/upperair/indices.html">sounding indices</A>.

<P>
<FORM>
<INPUT CLASS="button" TYPE="button" VALUE=" Close this window " 
 onClick="window.close();">
<INPUT CLASS="button" TYPE="button" VALUE=" Select another map " 
 onClick="window.blur();">
</FORM>
<HR SIZE="1">
<I>Interested in graduate studies in atmospheric science?
Check out our program at the
<a href="http://www.uwyo.edu/atsc/howtoapply/"
target=_top>University of Wyoming
</a></I>
<HR SIZE="1"><FONT SIZE="-1">
Questions about the weather data provided by this site can be
addressed to <A HREF="mailto:ldoolman@uwyo.edu">
Larry Oolman (ldoolman@uwyo.edu)</A></FONT>
<HR SIZE="1">
<SCRIPT TYPE="text/javascript">
<!--
window.focus();
// -->
</SCRIPT>
</BODY>
</HTML>
