2022-04-22 12
<HTML>
<TITLE>University of Wyoming - Radiosonde Data</TITLE>
<BODY BGCOLOR="white">
<H2>96749 WIII Jakarta Observations at 00Z 22 Apr 2022</H2>
<PRE>
-----------------------------------------------------------------------------
   PRES   HGHT   TEMP   DWPT   RELH   MIXR   DRCT   SKNT   THTA   THTE   THTV
    hPa     m      C      C      %    g/kg    deg   knot     K      K      K 
-----------------------------------------------------------------------------
 1008.0      8   24.6   23.5     94  18.47    180      3  297.1  350.7  300.4
 1000.0     79   25.2   23.4     90  18.51    135      6  298.4  352.4  301.6
  982.0    240   25.4   21.5     79  16.74    109     10  300.1  349.4  303.1
  976.0    293   25.1   21.4     80  16.71    100     12  300.3  349.5  303.3
  943.0    596   23.2   20.6     85  16.51     70     10  301.4  350.2  304.4
  925.0    765   22.2   20.2     88  16.40     55      8  302.0  350.6  305.0
  911.0    897   21.4   19.6     89  16.02     40      7  302.5  350.1  305.4
  880.0   1197   19.7   18.2     91  15.18    350      9  303.8  349.1  306.5
  850.0   1497   18.0   16.8     93  14.37    340     13  305.0  348.1  307.6
  832.0   1680   16.8   16.4     97  14.31    337     14  305.6  348.7  308.2
  714.0   2973   12.6    7.7     72   9.32    315     22  314.6  344.0  316.4
  712.0   2997   12.5    7.5     71   9.19    315     22  314.8  343.8  316.5
  700.0   3139   12.0    6.0     67   8.45    320     22  315.7  342.6  317.4
  639.0   3888    7.0    2.5     73   7.22    340     19  318.4  341.6  319.8
  563.0   4927    0.0   -2.4     84   5.73    325     19  321.9  340.8  323.0
  552.0   5085   -1.3   -2.4     92   5.85    322     19  322.1  341.4  323.3
  529.0   5424   -2.3   -7.2     69   4.23    317     19  324.9  339.2  325.7
  507.0   5761   -4.7   -6.6     87   4.63    312     19  325.9  341.6  326.9
  500.0   5870   -5.3   -7.3     86   4.45    310     19  326.5  341.6  327.4
  473.0   6303   -7.2  -10.1     80   3.77    305     13  329.4  342.4  330.1
  461.0   6504   -8.1  -11.4     77   3.49    325     13  330.7  342.9  331.4
  455.0   6604   -8.8  -12.0     77   3.36    335     13  331.1  342.9  331.8
  405.0   7495  -14.5  -17.6     77   2.38    335     13  334.9  343.5  335.4
  400.0   7590  -15.1  -18.2     77   2.29    335     14  335.3  343.6  335.7
  359.0   8398  -20.3  -23.3     77   1.64    340     10  338.8  345.0  339.2
  345.0   8686  -22.4  -26.1     72   1.33     10      5  339.8  344.9  340.1
  331.0   8987  -24.6  -29.0     67   1.06      0     10  340.8  344.9  341.0
  317.0   9300  -26.9  -32.0     62   0.83    355     12  341.9  345.1  342.0
  304.0   9604  -29.2  -35.0     57   0.65    350     10  342.8  345.4  342.9
  300.0   9700  -29.9  -35.9     56   0.60    355     10  343.1  345.5  343.2
  292.0   9892  -31.2  -39.1     46   0.45    345      7  343.9  345.7  344.0
  287.0  10014  -32.1  -41.1     40   0.37    339      7  344.4  345.9  344.4
  280.0  10185  -33.6  -42.3     41   0.33    330      6  344.6  346.0  344.6
  268.0  10488  -36.4  -44.4     43   0.28      5      3  344.9  346.1  345.0
  250.0  10970  -40.7  -47.7     47   0.21     95      2  345.4  346.3  345.5
  245.0  11104  -41.9  -48.5     48   0.19    130      2  345.7  346.5  345.7
  224.0  11700  -47.1  -52.3     55   0.13    120      5  346.7  347.2  346.7
  205.0  12290  -52.2  -56.1     63   0.09    180      3  347.5  347.9  347.5
  204.0  12322  -52.5  -56.3     63   0.09    179      3  347.5  347.9  347.5
  200.0  12450  -53.7  -57.3     65   0.08    175      3  347.6  347.9  347.6
  161.0  13792  -65.6  -70.3     52   0.02    125      9  349.7  349.8  349.7
  150.0  14230  -69.5  -74.5     48   0.01     95     12  350.2  350.2  350.2
  146.0  14388  -70.7  -76.1     45   0.01     85     16  350.8  350.8  350.8
  132.0  14976  -75.3  -82.2     34   0.00     65     25  352.8  352.8  352.8
  131.0  15021  -75.7  -82.7     33   0.00     65     26  352.9  352.9  352.9
  125.0  15286  -77.3  -84.8     29   0.00     65     30  354.8  354.8  354.8
  108.0  16112  -82.3  -91.3     21   0.00     58     31  360.5  360.5  360.5
  101.0  16485  -81.8  -93.4     13   0.00     55     31  368.4  368.4  368.4
  100.0  16540  -81.7  -93.7     12   0.00     55     30  369.6  369.6  369.6
   97.5  16685  -77.3  -91.3      9   0.00     46     18  380.9  380.9  380.9
   96.0  16773  -77.7  -91.8      9   0.00     40     10  381.9  381.9  381.9
   91.0  17079  -78.9  -93.3      8   0.00    255     12  385.3  385.4  385.3
   82.5  17640  -81.1  -96.1      7   0.00    217     18  391.7  391.7  391.7
   82.0  17675  -81.0  -96.0      7   0.00    215     18  392.7  392.7  392.7
   77.0  18034  -79.4  -95.0      6   0.00    245     16  403.1  403.1  403.1
   73.8  18276  -78.3  -94.3      6   0.00    223     14  410.3  410.3  410.3
   70.0  18580  -78.5  -94.5      6   0.00    195     12  416.1  416.1  416.1
   66.0  18914  -78.8  -95.4      5   0.00    240     13  422.6  422.6  422.6
   63.7  19115  -78.9  -95.9      5   0.00    118      6  426.6  426.6  426.6
   63.0  19178  -78.9  -95.9      5   0.00     80      4  428.0  428.0  428.0
   62.1  19259  -78.9  -95.9      5   0.00     84      6  429.7  429.7  429.7
   59.1  19545  -72.7  -92.7      4   0.00     96     14  449.8  449.8  449.8
   57.0  19758  -72.0  -93.8      3   0.00    105     19  455.9  455.9  455.9
   51.0  20413  -70.1  -97.1      1   0.00     70     25  475.3  475.3  475.3
   50.0  20530  -69.7  -97.7      1   0.00     80     27  478.8  478.8  478.8
   46.3  20987  -70.1  -99.1      1   0.00     85     39  488.5  488.5  488.5
   46.0  21025  -69.9  -99.1      1   0.00     85     40  489.9  489.9  489.9
   44.0  21292  -68.7  -98.9      1   0.00     90     44  499.1  499.1  499.1
   42.0  21570  -67.4  -98.7      1   0.00     85     50  509.0  509.0  509.0
   40.7  21758  -66.5  -98.5      0   0.00     86     51  515.8  515.8  515.8
   36.8  22376  -60.1  -92.1      1   0.00     87     54  547.3  547.3  547.3
   31.0  23454  -56.6  -87.7      1   0.01     90     59  584.3  584.4  584.3
   30.0  23660  -55.9  -86.9      1   0.01     85     59  591.6  591.7  591.7
   26.7  24408  -52.7  -87.7      1   0.01     87     57  620.7  620.8  620.7
   23.0  25373  -52.9  -87.0      1   0.01     90     54  647.2  647.3  647.2
   22.4  25544  -52.9  -86.9      1   0.01     87     46  652.0  652.1  652.0
   22.0  25661  -52.6  -86.4      1   0.01     85     40  656.2  656.3  656.2
   21.2  25900  -52.1  -85.4      1   0.01     81     32  664.8  664.9  664.8
   21.0  25962  -51.8  -85.1      1   0.01     80     30  667.5  667.6  667.5
   20.0  26280  -50.3  -83.8      1   0.02     80     18  681.5  681.6  681.5
   19.0  26614  -50.4  -82.4      1   0.02    230      6  691.4  691.6  691.4
   18.0  26967  -50.4  -80.9      2   0.03    210      7  702.0  702.3  702.0
   17.0  27340  -50.5  -79.4      2   0.04    140     14  713.4  713.8  713.4
   16.1  27694  -50.5  -77.9      3   0.06    120     39  724.4  725.0  724.4
   16.0  27736  -50.2  -77.7      2   0.06    125     35  726.8  727.4  726.8
   15.0  28165  -46.6  -76.0      2   0.08     80     29  752.0  752.9  752.0
   14.0  28624  -42.9  -74.1      2   0.12      0      9  779.7  781.0  779.7
   13.6  28817  -41.3  -73.3      2   0.14    333     11  791.6  793.1  791.6
   13.0  29123  -41.5  -72.6      2   0.16    290     13  801.0  802.8  801.0
   11.8  29779  -42.1  -71.1      3   0.22    267     22  821.5  824.0  821.6
   11.0  30257  -39.1  -71.1      2   0.24    250     29  849.0  851.9  849.1
   10.2  30772  -40.7  -70.7      3   0.27                861.6  864.9  861.7
</PRE><H3>Station information and sounding indices</H3><PRE>
                         Station identifier: WIII
                             Station number: 96749
                           Observation time: 220422/0000
                           Station latitude: -6.11
                          Station longitude: 106.65
                          Station elevation: 8.0
                            Showalter index: -1.56
                               Lifted index: -2.33
    LIFT computed using virtual temperature: -2.62
                                SWEAT index: 246.59
                                    K index: 34.10
                         Cross totals index: 22.10
                      Vertical totals index: 23.30
                        Totals totals index: 45.40
      Convective Available Potential Energy: 595.02
             CAPE using virtual temperature: 657.62
                      Convective Inhibition: -36.65
             CINS using virtual temperature: -32.34
                           Equilibrum Level: 151.83
 Equilibrum Level using virtual temperature: 151.59
                   Level of Free Convection: 836.42
             LFCT using virtual temperature: 841.20
                     Bulk Richardson Number: 11.42
          Bulk Richardson Number using CAPV: 12.63
  Temp [K] of the Lifted Condensation Level: 294.35
Pres [hPa] of the Lifted Condensation Level: 938.76
   Equivalent potential temp [K] of the LCL: 350.22
     Mean mixed layer potential temperature: 299.73
              Mean mixed layer mixing ratio: 17.23
              1000 hPa to 500 hPa thickness: 5791.00
Precipitable water [mm] for entire sounding: 62.40
</PRE>
<P>Description of the 
<A HREF="/upperair/columns.html">data columns</A>
or <A HREF="/upperair/indices.html">sounding indices</A>.

<P>
<FORM>
<INPUT CLASS="button" TYPE="button" VALUE=" Close this window " 
 onClick="window.close();">
<INPUT CLASS="button" TYPE="button" VALUE=" Select another map " 
 onClick="window.blur();">
</FORM>
<HR SIZE="1">
<I>Interested in graduate studies in atmospheric science?
Check out our program at the
<a href="http://www.uwyo.edu/atsc/howtoapply/"
target=_top>University of Wyoming
</a></I>
<HR SIZE="1"><FONT SIZE="-1">
Questions about the weather data provided by this site can be
addressed to <A HREF="mailto:ldoolman@uwyo.edu">
Larry Oolman (ldoolman@uwyo.edu)</A></FONT>
<HR SIZE="1">
<SCRIPT TYPE="text/javascript">
<!--
window.focus();
// -->
</SCRIPT>
</BODY>
</HTML>
