2020-01-23 00
<HTML>
<TITLE>University of Wyoming - Radiosonde Data</TITLE>
<BODY BGCOLOR="white">
<H2>96749 WIII Jakarta Observations at 00Z 23 Jan 2020</H2>
<PRE>
-----------------------------------------------------------------------------
   PRES   HGHT   TEMP   DWPT   RELH   MIXR   DRCT   SKNT   THTA   THTE   THTV
    hPa     m      C      C      %    g/kg    deg   knot     K      K      K 
-----------------------------------------------------------------------------
 1010.0      8   25.8   24.6     93  19.74    250      4  298.1  355.7  301.6
 1000.0     93   25.2   24.4     95  19.69    305      8  298.4  355.9  301.9
  977.0    299   24.3   23.1     93  18.63    310     12  299.4  354.0  302.7
  966.0    399   23.8   22.5     92  18.13    318     13  299.9  353.2  303.1
  949.0    555   22.6   21.9     96  17.78    331     14  300.2  352.5  303.4
  944.0    602   21.2   20.6     96  16.47    335     14  299.2  347.5  302.2
  925.0    779   20.2   19.9     98  16.09      5     10  300.0  347.2  302.8
  913.0    892   19.0   17.8     93  14.25     23      8  299.9  341.7  302.4
  912.0    902   19.0   17.8     93  14.23     25      8  299.9  341.7  302.5
  885.0   1161   17.8   16.7     93  13.70     16     10  301.3  341.8  303.8
  881.0   1200   17.9   16.8     94  13.89     15     10  301.8  342.9  304.3
  862.0   1388   18.2   17.5     96  14.82    334      7  304.0  348.3  306.7
  851.0   1499   16.9   16.5     97  14.07    310      5  303.8  345.8  306.3
  850.0   1509   16.8   16.4     97  14.00    305      5  303.7  345.6  306.3
  840.0   1610   15.6   15.4     99  13.27    320      5  303.5  343.1  305.9
  821.0   1804   14.8   14.6     98  12.87    350      6  304.7  343.3  307.0
  793.0   2098   13.7   13.3     98  12.28     30      4  306.5  343.6  308.7
  777.0   2270   13.0   12.6     97  11.94     16      3  307.5  343.8  309.8
  765.0   2400   12.2   11.9     98  11.56      5      3  308.1  343.3  310.2
  738.0   2700   10.4   10.2     99  10.72    335      6  309.3  342.2  311.3
  700.0   3141    7.8    7.8    100   9.57    340      6  311.1  340.8  312.9
  697.0   3176    7.6    7.6    100   9.48    339      6  311.2  340.7  313.0
  687.0   3296    7.3    7.3    100   9.46    335      7  312.3  341.7  314.0
  681.0   3368    7.2    7.2    100   9.44      5      6  312.9  342.4  314.7
  671.0   3490    8.4    8.4    100  10.42     54      3  315.6  348.4  317.5
  662.0   3602    7.8    7.8    100  10.10    100      1  316.1  348.0  318.0
  646.0   3804    6.6    6.6    100   9.55    113      3  316.9  347.3  318.8
  638.0   3906    6.0    5.8     98   9.15    120      4  317.4  346.6  319.2
  632.0   3984    5.6    5.2     97   8.85     88      3  317.8  346.1  319.5
  616.0   4194    5.7    2.7     81   7.59      0      1  320.3  344.9  321.8
  610.0   4274    5.8    1.7     75   7.15    318      2  321.3  344.6  322.6
  593.0   4503    4.2    1.2     81   7.10    195      3  322.0  345.2  323.3
  572.0   4796    2.1    0.6     90   7.04    270      5  322.8  345.9  324.2
  552.0   5084    0.0    0.0    100   6.98    237      9  323.7  346.7  325.1
  551.0   5099   -0.1   -0.1    100   6.94    235      9  323.7  346.6  325.1
  536.0   5319   -1.9   -1.9    100   6.25    229      9  324.1  344.9  325.4
  528.0   5439   -2.3   -2.3    100   6.16    226      9  325.1  345.6  326.3
  527.0   5454   -2.7   -3.1     97   5.81    226      9  324.8  344.1  325.9
  526.0   5469   -1.5   -2.1     96   6.28    225      9  326.4  347.4  327.6
  525.0   5484   -2.9   -3.1     99   5.83    225      9  324.9  344.3  326.0
  500.0   5870   -4.5   -4.5    100   5.51    215      8  327.5  346.1  328.6
  492.0   5997   -5.3   -5.3    100   5.27    210      7  328.0  345.9  329.1
  482.0   6159   -7.1   -8.9     87   4.07    192      7  327.7  341.7  328.5
  464.0   6456   -7.9  -12.3     71   3.22    160      8  330.3  341.6  331.0
  456.0   6591   -8.5  -11.5     79   3.50    145      8  331.2  343.4  331.9
  448.0   6729   -9.1  -10.7     88   3.80    145      7  332.1  345.4  332.9
  438.0   6904  -10.3  -11.2     93   3.72    145      6  332.8  345.8  333.5
  433.0   6992  -10.9  -11.5     95   3.69    107      7  333.1  346.0  333.8
  421.0   7209  -11.6  -12.5     93   3.49     15      8  334.8  347.2  335.6
  420.0   7227  -11.7  -12.6     93   3.48     15      8  335.0  347.3  335.7
  416.0   7300  -12.3  -12.8     96   3.45     17      9  335.1  347.4  335.8
  408.0   7449  -13.1  -19.1     61   2.08     21     10  336.0  343.6  336.4
  407.0   7468  -13.1  -22.1     47   1.61     22     10  336.2  342.2  336.5
  400.0   7600  -14.3  -22.3     51   1.61     25     11  336.3  342.3  336.6
  394.0   7715  -15.3  -19.7     69   2.05     30     11  336.5  344.0  336.9
  389.0   7811  -16.1  -20.6     68   1.92     35     11  336.7  343.7  337.1
  375.0   8086  -18.3  -23.2     65   1.58     27     11  337.3  343.2  337.6
  355.0   8494  -20.1  -30.1     41   0.89     16     10  340.2  343.6  340.4
  345.0   8706  -21.8  -29.5     50   0.97     10     10  340.7  344.4  340.9
  342.0   8770  -22.3  -29.3     53   0.99     14     11  340.8  344.7  341.1
  329.0   9054  -24.5  -34.5     39   0.63     30     13  341.6  344.1  341.7
  318.0   9299  -26.3  -36.6     37   0.52     45     15  342.5  344.6  342.6
  300.0   9720  -29.3  -40.3     34   0.38     25     12  344.0  345.5  344.1
  292.0   9912  -30.5  -43.5     27   0.28     17     10  344.9  346.1  345.0
  280.0  10206  -32.8  -43.1     35   0.31      5      8  345.9  347.1  345.9
  270.0  10460  -34.7  -42.7     44   0.33     14      9  346.6  348.0  346.7
  269.0  10486  -34.9  -43.1     43   0.32     15      9  346.7  348.0  346.8
  262.0  10669  -36.3  -46.3     35   0.23      3     10  347.3  348.3  347.3
  257.0  10801  -37.5  -45.4     43   0.26    355     10  347.5  348.6  347.6
  250.0  10990  -39.1  -44.1     59   0.31    340     10  347.8  349.1  347.9
  247.0  11073  -39.9  -44.6     61   0.29    336     10  347.8  349.1  347.9
  235.0  11405  -42.8                         320      8  348.4         348.4
  215.0  11998  -48.0                         350      8  349.2         349.2
  206.0  12283  -50.6                         320      7  349.6         349.6
  200.0  12480  -52.3                         310      7  349.8         349.8
  187.0  12909  -56.2                         320      6  350.3         350.3
  179.0  13187  -58.7                         305      4  350.6         350.6
  176.0  13295  -59.7                         318      6  350.6         350.6
  170.0  13509  -61.3                         345      9  351.5         351.5
  150.0  14280  -67.1                         350      9  354.3         354.3
  147.0  14399  -67.9                         355      7  354.9         354.9
  140.0  14685  -69.9                         275      4  356.4         356.4
  133.0  14987  -72.0                         260      4  357.9         357.9
  126.0  15304  -74.3                         315      1  359.5         359.5
  120.0  15591  -76.3                           0      1  360.8         360.8
  117.0  15739  -77.3                          15      2  361.5         361.5
  114.0  15887  -77.9                          30      4  363.1         363.1
  102.0  16518  -80.5                          50     12  369.9         369.9
  100.0  16630  -80.9                          55     11  371.2         371.2
   97.0  16800  -81.5                          95     12  373.3         373.3
   92.0  17095  -82.5                         125     21  377.0         377.0
   87.0  17407  -83.6                         125     19  380.9         380.9
   83.0  17670  -84.5                         185     11  384.2         384.2
   78.6  17973  -85.5                         210     17  388.1         388.1
   78.0  18016  -85.2                         210     18  389.6         389.6
   74.0  18309  -83.1                         125     17  399.9         399.9
   71.8  18477  -81.9                         111     18  405.9         405.9
   70.2  18604  -80.7                         101     18  411.1         411.1
   70.0  18620  -80.5                         100     18  411.9         411.9
   69.3  18677  -77.9                          93     15  418.6         418.6
   67.0  18873  -77.0                          70      6  424.6         424.6
   63.0  19229  -75.4                         240      8  435.6         435.6
   60.0  19512  -74.2                         265     28  444.6         444.6
   58.5  19659  -73.5                         258     27  449.3         449.3
   54.0  20125  -75.8                         235     24  454.4         454.4
   53.8  20146  -75.9                         241     23  454.6         454.6
   50.5  20512  -76.3                         344      8  462.0         462.0
   50.0  20570  -75.9                           0      6  464.2         464.2
   49.0  20687  -73.8                         345      5  471.9         471.9
   48.1  20795  -71.9                          29      6  478.9         478.9
   47.0  20931  -71.8                          85      7  482.3         482.3
   44.0  21319  -71.6                         110     15  492.1         492.1
   43.1  21440  -71.5                          99     19  495.2         495.2
   42.0  21594  -69.7                          85     23  503.2         503.2
   40.9  21751  -67.9                          84     23  511.6         511.6
   38.0  22193  -67.4                          80     22  523.8         523.8
   36.0  22518  -67.0                         130     12  533.0         533.0
   34.0  22862  -66.5                         150     15  542.9         542.9
   33.8  22897  -66.5                         149     18  543.9         543.9
   33.0  23042  -66.2                         145     30  548.6         548.6
   31.1  23400  -65.3                         123     45  560.3         560.3
   30.0  23620  -63.1                         110     54  572.0         572.0
   28.5  23939  -58.7                          95     56  592.6         592.6
   28.0  24051  -58.5                          90     57  596.3         596.3
   26.0  24519  -57.4                          75     46  612.0         612.0
   23.0  25294  -55.7                                     638.9         638.9
</PRE><H3>Station information and sounding indices</H3><PRE>
                         Station identifier: WIII
                             Station number: 96749
                           Observation time: 200123/0000
                           Station latitude: -6.11
                          Station longitude: 106.65
                          Station elevation: 8.0
                            Showalter index: 0.20
                               Lifted index: -2.94
    LIFT computed using virtual temperature: -3.17
                                SWEAT index: 214.79
                                    K index: 37.70
                         Cross totals index: 20.90
                      Vertical totals index: 21.30
                        Totals totals index: 42.20
      Convective Available Potential Energy: 1320.87
             CAPE using virtual temperature: 1439.55
                      Convective Inhibition: -0.10
             CINS using virtual temperature: -0.03
                           Equilibrum Level: 150.76
 Equilibrum Level using virtual temperature: 150.72
                   Level of Free Convection: 948.53
             LFCT using virtual temperature: 949.06
                     Bulk Richardson Number: 234.79
          Bulk Richardson Number using CAPV: 255.89
  Temp [K] of the Lifted Condensation Level: 296.29
Pres [hPa] of the Lifted Condensation Level: 967.08
   Equivalent potential temp [K] of the LCL: 354.35
     Mean mixed layer potential temperature: 299.15
              Mean mixed layer mixing ratio: 18.86
              1000 hPa to 500 hPa thickness: 5777.00
Precipitable water [mm] for entire sounding: 65.44
</PRE>
<P>Description of the 
<A HREF="/upperair/columns.html">data columns</A>
or <A HREF="/upperair/indices.html">sounding indices</A>.

<P>
<FORM>
<INPUT CLASS="button" TYPE="button" VALUE=" Close this window " 
 onClick="window.close();">
<INPUT CLASS="button" TYPE="button" VALUE=" Select another map " 
 onClick="window.blur();">
</FORM>
<HR SIZE="1">
<I>Interested in graduate studies in atmospheric science?
Check out our program at the
<a href="http://www.uwyo.edu/atsc/howtoapply/"
target=_top>University of Wyoming
</a></I>
<HR SIZE="1"><FONT SIZE="-1">
Questions about the weather data provided by this site can be
addressed to <A HREF="mailto:ldoolman@uwyo.edu">
Larry Oolman (ldoolman@uwyo.edu)</A></FONT>
<HR SIZE="1">
<SCRIPT TYPE="text/javascript">
<!--
window.focus();
// -->
</SCRIPT>
</BODY>
</HTML>
