2016-08-10 00
<HTML>
<TITLE>University of Wyoming - Radiosonde Data</TITLE>
<BODY BGCOLOR="white">
<H2>96749 WIII Jakarta Observations at 00Z 10 Aug 2016</H2>
<PRE>
-----------------------------------------------------------------------------
   PRES   HGHT   TEMP   DWPT   RELH   MIXR   DRCT   SKNT   THTA   THTE   THTV
    hPa     m      C      C      %    g/kg    deg   knot     K      K      K 
-----------------------------------------------------------------------------
 1011.0      8   25.6   23.4     88  18.30    160      2  297.8  351.1  301.1
 1000.0    107   25.6   22.1     81  17.07    130      4  298.8  348.6  301.8
  978.0    303   24.4   21.5     84  16.85    110      5  299.4  348.8  302.4
  950.0    559   22.8   20.8     88  16.57     97      7  300.3  349.1  303.3
  925.0    793   22.2   17.2     73  13.53     85      9  302.0  342.2  304.4
  913.0    906   21.8   15.4     67  12.19     85     10  302.7  339.0  304.9
  882.0   1204   20.6   10.6     53   9.18     90     11  304.5  332.2  306.2
  865.0   1370   19.6    8.6     49   8.17     82     12  305.1  330.0  306.6
  855.0   1470   18.8   11.8     64  10.27     77     13  305.3  336.4  307.2
  850.0   1520   18.6   10.6     60   9.53     75     13  305.6  334.5  307.4
  794.0   2101   16.1    1.3     37   5.34     60     16  308.9  325.8  309.9
  792.0   2123   16.0    1.0     36   5.22     60     16  309.1  325.5  310.1
  769.0   2372   14.6    4.6     51   6.96     62     11  310.2  331.9  311.5
  741.0   2685   13.8   -0.2     38   5.12     65      4  312.6  329.0  313.6
  739.0   2708   13.6   -0.2     39   5.12     65      4  312.7  329.1  313.6
  714.0   2995   11.4   -0.6     43   5.16     85      6  313.4  329.9  314.3
  700.0   3161   10.2   -0.8     46   5.18     85      7  313.8  330.4  314.7
  689.0   3293    9.1    0.1     53   5.62     75      8  314.0  332.0  315.0
  678.0   3426    8.0    1.0     61   6.11     77      8  314.2  333.7  315.3
  666.0   3574    7.2   -1.8     53   5.06     80      7  314.9  331.2  315.8
  664.0   3598    7.0   -1.8     53   5.08     80      7  314.9  331.3  315.9
  617.0   4199    2.7   -1.7     73   5.50    160      6  316.6  334.5  317.7
  616.0   4212    2.6   -1.7     73   5.51    159      6  316.7  334.5  317.8
  581.0   4684    0.0   -9.0     51   3.35    140      9  319.0  330.2  319.6
  561.0   4965   -1.3  -10.3     50   3.13    128     10  320.7  331.2  321.3
  559.0   4993   -0.7  -10.7     47   3.04    127     10  321.7  332.0  322.3
  558.0   5008   -0.7   -6.7     64   4.17    127     10  321.9  335.8  322.7
  536.0   5329   -1.7  -26.7     13   0.81    113     12  324.4  327.4  324.6
  500.0   5880   -4.3  -43.3      3   0.17     90     15  327.7  328.4  327.8
  492.0   6007   -5.3  -43.3      3   0.17     88     14  328.0  328.7  328.1
  474.0   6293   -7.9  -37.2      7   0.33     85     13  328.4  329.7  328.4
  423.0   7169  -15.7  -18.7     78   2.08     90     19  329.2  336.6  329.6
  421.0   7205  -15.8  -19.3     74   1.98     90     19  329.6  336.6  330.0
  409.0   7423  -16.1  -23.1     55   1.47     79     22  331.9  337.2  332.1
  400.0   7590  -16.7  -25.7     46   1.19     70     25  333.2  337.6  333.4
  374.0   8092  -20.4  -31.0     38   0.77     70     25  334.8  337.7  334.9
  368.0   8212  -21.3  -32.3     36   0.69     72     25  335.1  337.8  335.2
  345.0   8688  -22.3  -44.3     12   0.22     81     26  340.0  340.9  340.0
  300.0   9700  -30.7  -47.7     17   0.17    100     29  342.0  342.7  342.0
  291.0   9911  -32.5  -49.5     17   0.14    100     32  342.4  343.0  342.4
  257.0  10773  -40.1  -57.1     15   0.07     96     36  343.6  343.9  343.6
  250.0  10960  -41.7                          95     37  343.9         343.9
  200.0  12430  -54.3                          80     49  346.6         346.6
  195.0  12587  -55.5                          75     49  347.3         347.3
  150.0  14210  -67.5                          55     88  353.6         353.6
  138.0  14699  -70.9                          55     97  356.1         356.1
  116.0  15718  -78.1                          77     74  360.9         360.9
  110.0  16023  -75.1                          83     67  372.1         372.1
  100.0  16570  -79.5                          95     54  373.9         373.9
   96.0  16801  -80.4                          90     52  376.6         376.6
   93.7  16939  -80.9                          85     47  378.1         378.1
   92.5  17011  -80.7                          81     40  379.9         379.9
   90.9  17111  -75.7                          75     31  391.8         391.8
   89.1  17228  -72.9                          68     20  399.6         399.6
   87.0  17368  -72.8                          60      7  402.4         402.4
   82.0  17717  -72.7                          90      7  409.5         409.5
   78.0  18011  -72.6                          75     10  415.7         415.7
   74.0  18321  -72.5                          82     15  422.2         422.2
   70.0  18650  -70.3                          90     21  433.7         433.7
   69.4  18701  -69.9                          93     22  435.6         435.6
   64.0  19182  -71.0                         125     31  443.3         443.3
   63.6  19220  -71.1                         122     31  443.9         443.9
   58.0  19769  -68.7                          85     30  461.1         461.1
   57.0  19873  -68.3                          87     29  464.4         464.4
   55.7  20013  -65.5                          90     27  473.9         473.9
   52.0  20430  -66.1                         100     21  481.9         481.9
   50.0  20670  -63.3                         105     18  493.9         493.9
   47.6  20972  -61.7                         161     13  504.7         504.7
   45.0  21319  -61.8                         225      7  512.6         512.6
   43.0  21600  -61.9                         330      5  519.1         519.1
   42.6  21657  -61.9                         326      6  520.5         520.5
   40.4  21987  -57.9                         303     13  538.4         538.4
   37.0  22541  -56.8                         265     25  555.0         555.0
   36.8  22575  -56.7                         265     25  556.0         556.0
   34.0  23070  -60.4                         270     27  559.0         559.0
   33.1  23237  -61.7                         275     27  559.9         559.9
   31.0  23646  -59.0                         265     33  577.7         577.7
   30.0  23850  -57.7                         260     34  586.8         586.8
   28.3  24220  -55.7                         239     24  602.1         602.1
   28.0  24288  -55.6                         235     22  604.2         604.2
   24.0  25273  -54.4                         280     28  635.0         635.0
   23.0  25545  -54.0                         275     27  643.8         643.8
   22.6  25657  -53.9                                     647.4         647.4
</PRE><H3>Station information and sounding indices</H3><PRE>
                         Station identifier: WIII
                             Station number: 96749
                           Observation time: 160810/0000
                           Station latitude: -6.11
                          Station longitude: 106.65
                          Station elevation: 8.0
                            Showalter index: 4.93
                               Lifted index: -0.88
    LIFT computed using virtual temperature: -1.83
                                SWEAT index: 168.19
                                    K index: 22.50
                         Cross totals index: 14.90
                      Vertical totals index: 22.90
                        Totals totals index: 37.80
      Convective Available Potential Energy: 754.14
             CAPE using virtual temperature: 910.67
                      Convective Inhibition: -113.33
             CINS using virtual temperature: -31.47
                           Equilibrum Level: 185.25
 Equilibrum Level using virtual temperature: 184.45
                   Level of Free Convection: 699.92
             LFCT using virtual temperature: 819.96
                     Bulk Richardson Number: 287.17
          Bulk Richardson Number using CAPV: 346.77
  Temp [K] of the Lifted Condensation Level: 294.24
Pres [hPa] of the Lifted Condensation Level: 943.15
   Equivalent potential temp [K] of the LCL: 348.98
     Mean mixed layer potential temperature: 299.21
              Mean mixed layer mixing ratio: 17.01
              1000 hPa to 500 hPa thickness: 5773.00
Precipitable water [mm] for entire sounding: 41.29
</PRE>
<P>Description of the 
<A HREF="/upperair/columns.html">data columns</A>
or <A HREF="/upperair/indices.html">sounding indices</A>.

<P>
<FORM>
<INPUT CLASS="button" TYPE="button" VALUE=" Close this window " 
 onClick="window.close();">
<INPUT CLASS="button" TYPE="button" VALUE=" Select another map " 
 onClick="window.blur();">
</FORM>
<HR SIZE="1">
<I>Interested in graduate studies in atmospheric science?
Check out our program at the
<a href="http://www.uwyo.edu/atsc/howtoapply/"
target=_top>University of Wyoming
</a></I>
<HR SIZE="1"><FONT SIZE="-1">
Questions about the weather data provided by this site can be
addressed to <A HREF="mailto:ldoolman@uwyo.edu">
Larry Oolman (ldoolman@uwyo.edu)</A></FONT>
<HR SIZE="1">
<SCRIPT TYPE="text/javascript">
<!--
window.focus();
// -->
</SCRIPT>
</BODY>
</HTML>
