2017-05-21 12
<HTML>
<TITLE>University of Wyoming - Radiosonde Data</TITLE>
<BODY BGCOLOR="white">
<H2>96749 WIII Jakarta Observations at 00Z 21 May 2017</H2>
<PRE>
-----------------------------------------------------------------------------
   PRES   HGHT   TEMP   DWPT   RELH   MIXR   DRCT   SKNT   THTA   THTE   THTV
    hPa     m      C      C      %    g/kg    deg   knot     K      K      K 
-----------------------------------------------------------------------------
 1007.0      8   27.0   22.4     76  17.27    200      4  299.6  350.2  302.6
 1000.0     72   26.8   21.8     74  16.75    150      6  299.9  349.2  302.9
  989.0    170   27.2   21.2     70  16.31    141      6  301.3  349.5  304.2
  975.0    296   26.1   21.3     75  16.64    130      6  301.4  350.7  304.4
  941.0    608   23.4   21.5     89  17.49    113      4  301.8  353.6  304.9
  925.0    758   22.6   18.8     79  15.00    105      3  302.4  346.9  305.1
  910.0    900   21.7   18.4     81  14.82     85      4  302.9  347.0  305.6
  879.0   1200   19.8   17.4     86  14.45    125      2  304.0  347.2  306.6
  850.0   1490   18.0   16.5     91  14.09     45      2  305.0  347.3  307.6
  849.0   1500   18.0   16.4     90  13.99     20      1  305.1  347.1  307.7
  841.0   1582   18.2   15.3     83  13.17     28      1  306.1  345.9  308.6
  820.0   1798   16.4   14.2     87  12.59     50      2  306.5  344.6  308.8
  780.0   2225   13.0   12.1     94  11.50     54      4  307.2  342.1  309.3
  769.0   2345   15.0   10.0     72  10.12     55      5  310.6  341.9  312.5
  764.0   2401   15.2    7.8     61   8.79     55      5  311.4  338.8  313.1
  738.0   2696   16.4   -3.6     25   3.99     75      4  315.8  328.9  316.6
  712.0   3000   14.7  -13.6     13   1.88    130      6  317.2  323.7  317.6
  707.0   3060   14.4  -15.6     11   1.61    128      8  317.5  323.1  317.8
  700.0   3144   13.6  -11.4     16   2.30    125     12  317.5  325.3  317.9
  663.0   3594   10.5  -13.5     17   2.05    130      7  319.0  326.1  319.4
  639.0   3900    8.4  -14.9     18   1.90     85     10  320.0  326.6  320.4
  630.0   4018    7.6  -15.4     18   1.84     77      8  320.4  326.8  320.7
  616.0   4200    6.0  -13.6     23   2.19     65      5  320.6  328.1  321.0
  594.0   4495    3.4  -10.6     35   2.88    345      4  320.9  330.6  321.4
  575.0   4759    1.0   -8.0     51   3.66    349      5  321.1  333.4  321.8
  572.0   4801    0.8   -9.6     45   3.24    350      5  321.4  332.4  322.1
  555.0   5042    0.0  -19.0     22   1.54     18      3  323.2  328.7  323.5
  551.0   5100   -0.2  -20.0     21   1.43     25      2  323.6  328.7  323.9
  516.0   5621   -2.1  -29.1     11   0.67     59     11  327.4  330.0  327.6
  500.0   5870   -3.5  -30.5     10   0.61     75     15  328.7  331.0  328.8
  492.0   5997   -4.4  -33.4      8   0.47     75     15  329.1  330.9  329.2
  488.0   6061   -4.9  -34.9      7   0.41     70     15  329.3  330.9  329.4
  471.0   6339   -6.9  -24.9     22   1.08     49     16  330.1  334.2  330.4
  456.0   6591   -7.1  -35.3      8   0.42     30     17  333.0  334.7  333.1
  452.0   6659   -7.1  -38.1      6   0.32     29     16  333.8  335.1  333.9
  419.0   7246  -10.7  -30.7     18   0.71     23     12  336.5  339.3  336.6
  410.0   7412  -12.1  -28.1     25   0.93     21     11  336.8  340.4  337.0
  406.0   7487  -12.8  -25.3     34   1.21     20     10  336.8  341.4  337.1
  401.0   7581  -13.7  -21.7     51   1.69     24     10  336.9  343.1  337.2
  400.0   7600  -13.9  -20.9     55   1.82     25     10  336.8  343.6  337.2
  397.0   7657  -13.7  -26.7     33   1.09     26     10  337.8  342.0  338.0
  384.0   7910  -14.9  -34.9     16   0.52     31      9  339.5  341.5  339.6
  375.0   8088  -16.3  -37.2     15   0.42     35      8  339.9  341.6  340.0
  354.0   8521  -19.7  -42.7     11   0.25     14      5  341.0  342.1  341.1
  346.0   8690  -21.0  -39.7     17   0.35      5      4  341.4  342.9  341.5
  334.0   8950  -23.1  -35.1     32   0.58    352      2  342.1  344.4  342.2
  332.0   8994  -23.4  -35.9     31   0.54    350      2  342.3  344.5  342.4
  319.0   9285  -25.1  -41.3     21   0.32     65      4  343.8  345.2  343.9
  313.0   9424  -25.9  -43.9     17   0.25     42      4  344.6  345.6  344.6
  306.0   9587  -27.3  -43.7     20   0.26     15      4  344.9  346.0  344.9
  300.0   9730  -28.5  -43.5     22   0.27     15      6  345.1  346.2  345.1
  261.0  10713  -35.7  -52.7     16   0.11     30     12  348.5  349.0  348.6
  250.0  11010  -38.5  -48.5     34   0.19     35     14  348.7  349.5  348.7
  249.0  11037  -38.7  -48.7     34   0.18     35     14  348.8  349.6  348.8
  242.0  11232  -39.9  -51.9     27   0.13     35     16  349.8  350.4  349.9
  236.0  11399  -41.4                          35     18  350.2         350.2
  200.0  12500  -50.9                          35     19  352.0         352.0
  179.0  13198  -57.0                          40     13  353.4         353.4
  163.0  13787  -62.1                          75     12  354.3         354.3
  155.0  14104  -64.9                          75     10  354.8         354.8
  150.0  14310  -66.7                          90      6  355.0         355.0
  148.0  14389  -67.4                         100      5  355.2         355.2
  140.0  14714  -70.2                         155      5  355.8         355.8
  133.0  15014  -72.9                         180      3  356.4         356.4
  127.0  15284  -75.3                           0      0  356.9         356.9
  123.0  15471  -76.9                          37      1  357.1         357.1
  120.0  15609  -77.8                          65      2  358.1         358.1
  114.0  15896  -79.5                          85      5  360.1         360.1
  103.0  16465  -83.1                          45     13  363.9         363.9
  100.0  16630  -84.1                          40     13  365.0         365.0
   97.0  16799  -85.3                          45     13  365.9         365.9
   96.0  16857  -85.7                          55     14  366.2         366.2
   92.1  17086  -85.7                          70     15  370.5         370.5
   92.0  17092  -85.7                          70     15  370.7         370.7
   89.6  17238  -84.7                          42     15  375.4         375.4
   88.2  17327  -79.5                          25     14  387.5         387.5
   87.0  17407  -78.6                          10     14  390.8         390.8
   83.0  17679  -75.6                         300     17  402.2         402.2
   80.3  17871  -73.5                         273     26  410.4         410.4
   79.0  17966  -74.1                         260     30  411.1         411.1
   72.2  18491  -77.3                         243     23  415.0         415.0
   71.0  18588  -77.3                         240     22  417.0         417.0
   70.0  18670  -77.3                         240     18  418.7         418.7
   69.0  18752  -77.1                         252     17  420.9         420.9
   67.0  18921  -73.5                         275     15  432.3         432.3
   66.8  18938  -73.1                         276     16  433.4         433.4
   64.0  19191  -71.7                         285     27  441.9         441.9
   58.0  19773  -68.4                         260     28  461.8         461.8
   54.4  20152  -66.3                         271     29  475.2         475.2
   50.0  20660  -65.5                         285     30  488.7         488.7
   47.0  21035  -66.2                         285     37  495.8         495.8
   46.5  21100  -66.3                         283     37  497.0         497.0
   43.3  21537  -61.9                         272     37  518.0         518.0
   39.2  22148  -64.5                         256     36  526.4         526.4
   39.0  22179  -64.5                         255     36  527.3         527.3
   36.1  22652  -63.7                         249     19  541.0         541.0
   34.0  23024  -60.3                         245      5  559.4         559.4
   33.2  23171  -58.9                         251      5  566.8         566.8
   32.0  23403  -58.2                         260      4  574.8         574.8
   31.0  23603  -57.5                         335      5  581.7         581.7
   30.0  23810  -56.9                           0      5  588.9         588.9
   29.0  24024  -56.7                          35     11  595.2         595.2
   28.9  24046  -56.7                          36     11  595.8         595.8
   28.2  24202  -53.7                          42     13  608.3         608.3
   25.0  24970  -55.4                          70     20  624.8         624.8
   24.0  25230  -55.9                         100     26  630.5         630.5
   23.7  25311  -56.1                          99     28  632.3         632.3
   22.5  25640  -56.3                          93     36  641.2         641.2
   22.0  25783  -53.5                          90     40  653.6         653.6
   20.6  26208  -50.5                          76     44  675.1         675.1
   20.0  26400  -50.9                          70     46  679.6         679.6
   16.0  27861  -49.2                          95     51  730.0         730.0
   15.0  28283  -48.7                          90     44  745.2         745.2
   13.9  28782  -48.1                                     763.6         763.6
</PRE><H3>Station information and sounding indices</H3><PRE>
                         Station identifier: WIII
                             Station number: 96749
                           Observation time: 170521/0000
                           Station latitude: -6.11
                          Station longitude: 106.65
                          Station elevation: 8.0
                            Showalter index: 0.54
                               Lifted index: -0.62
    LIFT computed using virtual temperature: -1.53
                                SWEAT index: 217.00
                                    K index: 13.00
                         Cross totals index: 20.00
                      Vertical totals index: 21.50
                        Totals totals index: 41.50
      Convective Available Potential Energy: 133.26
             CAPE using virtual temperature: 265.75
                      Convective Inhibition: -36.41
             CINS using virtual temperature: -27.20
                           Equilibrum Level: 282.13
 Equilibrum Level using virtual temperature: 279.30
                   Level of Free Convection: 819.61
             LFCT using virtual temperature: 828.04
                     Bulk Richardson Number: 59.03
          Bulk Richardson Number using CAPV: 117.72
  Temp [K] of the Lifted Condensation Level: 293.48
Pres [hPa] of the Lifted Condensation Level: 914.49
   Equivalent potential temp [K] of the LCL: 350.45
     Mean mixed layer potential temperature: 301.09
              Mean mixed layer mixing ratio: 16.74
              1000 hPa to 500 hPa thickness: 5798.00
Precipitable water [mm] for entire sounding: 43.74
</PRE>
<P>Description of the 
<A HREF="/upperair/columns.html">data columns</A>
or <A HREF="/upperair/indices.html">sounding indices</A>.

<P>
<FORM>
<INPUT CLASS="button" TYPE="button" VALUE=" Close this window " 
 onClick="window.close();">
<INPUT CLASS="button" TYPE="button" VALUE=" Select another map " 
 onClick="window.blur();">
</FORM>
<HR SIZE="1">
<I>Interested in graduate studies in atmospheric science?
Check out our program at the
<a href="http://www.uwyo.edu/atsc/howtoapply/"
target=_top>University of Wyoming
</a></I>
<HR SIZE="1"><FONT SIZE="-1">
Questions about the weather data provided by this site can be
addressed to <A HREF="mailto:ldoolman@uwyo.edu">
Larry Oolman (ldoolman@uwyo.edu)</A></FONT>
<HR SIZE="1">
<SCRIPT TYPE="text/javascript">
<!--
window.focus();
// -->
</SCRIPT>
</BODY>
</HTML>
