2022-08-28 00
<HTML>
<TITLE>University of Wyoming - Radiosonde Data</TITLE>
<BODY BGCOLOR="white">
<H2>96749 WIII Jakarta Observations at 00Z 28 Aug 2022</H2>
<PRE>
-----------------------------------------------------------------------------
   PRES   HGHT   TEMP   DWPT   RELH   MIXR   DRCT   SKNT   THTA   THTE   THTV
    hPa     m      C      C      %    g/kg    deg   knot     K      K      K 
-----------------------------------------------------------------------------
 1009.0      8   24.0   22.7     92  17.56    200      1  296.4  347.2  299.5
 1007.0     25   25.0   22.5     86  17.37    204      1  297.6  348.1  300.6
 1000.0     85   25.0   22.1     84  17.07    220      3  298.1  347.9  301.2
  987.0    200   25.4   21.0     77  16.14    225      4  299.7  347.1  302.6
  976.0    299   24.7   20.6     78  15.97    230      4  300.0  346.9  302.8
  943.0    600   22.7   19.6     82  15.47    295      3  300.9  346.5  303.7
  925.0    769   21.6   19.0     85  15.19    205      2  301.4  346.3  304.1
  911.0    900   20.8   18.4     86  14.88    180      5  301.9  346.0  304.6
  850.0   1495   17.2   15.9     92  13.55    130      6  304.1  344.7  306.6
  820.0   1801   15.4   14.3     93  12.64     95      5  305.4  343.4  307.7
  804.0   1969   14.4   13.4     94  12.16     91      5  306.0  342.8  308.3
  764.0   2397   12.4   10.9     90  10.80     80      5  308.4  341.4  310.4
  711.0   3000    9.6    7.3     85   9.09    105      8  311.7  340.0  313.4
  700.0   3131    9.0    6.5     84   8.75     95      8  312.4  339.8  314.1
  686.0   3298    8.2    4.8     79   7.93     80      9  313.3  338.3  314.8
  661.0   3604    6.7    1.7     70   6.60     85      9  315.0  336.1  316.3
  646.0   3793    5.8   -0.2     65   5.87     79     10  316.0  335.0  317.2
  638.0   3895    4.9    1.3     77   6.62     75     10  316.2  337.4  317.5
  633.0   3960    4.4    2.2     86   7.14     77     10  316.3  339.1  317.6
  615.0   4194    3.4    0.1     79   6.31     85      9  317.8  338.1  319.0
  611.0   4247    3.0   -0.4     78   6.12     85      9  317.9  337.7  319.1
  603.0   4354    3.4   -7.6     44   3.60     86     10  319.6  331.6  320.2
  592.0   4504    2.6  -12.4     32   2.51     88     11  320.3  328.9  320.8
  575.0   4739    1.2  -12.8     34   2.50     90     13  321.3  329.9  321.8
  571.0   4795    0.7  -10.2     44   3.09     90     13  321.4  331.9  322.0
  566.0   4865    0.0   -7.0     59   4.02     90     13  321.4  334.8  322.2
  554.0   5037   -1.3   -7.3     64   4.01     91     14  321.8  335.3  322.6
  550.0   5094   -1.1   -7.1     64   4.10     92     14  322.7  336.5  323.5
  547.0   5138   -1.3   -8.3     59   3.76     92     15  323.0  335.7  323.7
  540.0   5241   -1.1  -20.1     22   1.44     92     15  324.4  329.6  324.7
  533.0   5345   -1.3  -30.3      9   0.58     93     15  325.4  327.6  325.5
  515.0   5617   -3.3  -35.3      6   0.37     95     17  326.2  327.6  326.3
  510.0   5694   -3.9  -33.6      8   0.44     95     17  326.4  328.1  326.5
  500.0   5850   -5.1  -30.1     12   0.63     85     14  326.8  329.1  326.9
  498.0   5881   -5.3  -28.3     15   0.75     84     14  326.9  329.7  327.0
  496.0   5913   -5.3  -30.3     12   0.62     84     14  327.3  329.6  327.4
  493.0   5961   -5.7  -18.7     35   1.78     82     14  327.3  333.7  327.7
  486.0   6073   -6.7  -12.7     62   2.98     80     14  327.4  337.8  328.0
  471.0   6317   -8.1  -13.0     68   3.00     74     14  328.7  339.1  329.3
  454.0   6602   -9.7  -16.7     57   2.29     67     13  330.1  338.3  330.6
  446.0   6739  -10.3  -23.3     34   1.32     64     13  331.1  335.9  331.3
  443.0   6791   -9.9  -32.9     13   0.54     63     13  332.2  334.3  332.3
  437.0   6895  -10.6  -33.6     13   0.51     60     13  332.6  334.6  332.7
  400.0   7570  -15.3  -38.3     12   0.35     85     18  335.0  336.4  335.1
  399.0   7589  -15.3  -42.3      8   0.23     85     18  335.2  336.2  335.3
  390.0   7762  -16.7  -44.7      7   0.18     87     17  335.6  336.4  335.6
  385.0   7859  -17.3  -44.3      8   0.19     87     17  336.1  336.9  336.1
  379.0   7977  -18.3  -29.3     37   0.90     88     17  336.3  339.7  336.4
  378.0   7997  -18.5  -26.5     49   1.17     89     17  336.2  340.7  336.5
  376.0   8036  -18.9  -24.9     59   1.36     89     16  336.2  341.3  336.5
  371.0   8136  -19.3  -29.3     41   0.92     90     16  337.0  340.5  337.2
  370.0   8157  -19.3  -30.3     37   0.84     90     16  337.2  340.5  337.4
  368.0   8197  -18.9  -41.9     11   0.26     90     16  338.3  339.4  338.4
  342.0   8740  -23.3  -51.3      6   0.10     95     14  339.5  339.9  339.5
  324.0   9135  -25.9  -52.9      6   0.09     98     13  341.2  341.6  341.2
  317.0   9294  -27.3  -54.3      6   0.08    100     12  341.4  341.7  341.4
  316.0   9317  -27.5  -54.5      6   0.07    100     12  341.4  341.7  341.4
  313.0   9385  -28.1  -55.1      6   0.07     96     13  341.5  341.8  341.5
  312.0   9409  -28.1  -54.1      6   0.08     95     14  341.8  342.2  341.8
  310.0   9455  -28.5  -40.5     31   0.36     93     15  341.9  343.4  341.9
  308.0   9501  -28.9  -34.9     56   0.64     90     15  341.9  344.5  342.1
  304.0   9595  -29.5  -33.8     66   0.73     85     17  342.4  345.3  342.5
  300.0   9690  -30.1  -35.1     62   0.65     80     19  342.8  345.4  343.0
  289.0   9955  -32.1  -42.1     36   0.33     71     19  343.7  345.0  343.7
  283.0  10102  -33.3  -44.3     32   0.26     66     19  344.0  345.1  344.1
  277.0  10252  -34.5  -40.5     54   0.41     60     19  344.4  346.1  344.5
  263.0  10612  -37.3  -42.0     61   0.36     48     19  345.4  346.9  345.5
  250.0  10960  -40.1  -46.1     53   0.25     35     19  346.3  347.4  346.4
  239.0  11265  -42.5  -52.5     33   0.12     32     18  347.2  347.7  347.2
  234.0  11406  -43.8  -52.8     36   0.12     30     17  347.3  347.9  347.3
  212.0  12062  -49.9  -54.4     59   0.11     36     19  347.8  348.2  347.8
  202.0  12376  -52.7  -56.2     66   0.09     39     20  348.2  348.6  348.2
  200.0  12440  -53.3  -56.8     65   0.09     40     20  348.2  348.6  348.2
  195.0  12602  -54.7  -61.7     42   0.05     40     20  348.5  348.7  348.5
  150.0  14220  -68.9  -76.9     31   0.01     40     20  351.2  351.2  351.2
  146.0  14381  -70.3  -79.3     26   0.01     40     18  351.5  351.5  351.5
  138.0  14702  -72.5  -81.7     24   0.00     40     13  353.3  353.4  353.3
  125.0  15267  -76.4  -85.8     22   0.00     95     14  356.4  356.5  356.4
  112.0  15893  -80.7  -90.4     19   0.00     90     39  359.8  359.8  359.8
  101.0  16483  -84.7  -94.7     16   0.00     70     35  362.8  362.8  362.8
  100.0  16540  -85.1  -95.1     16   0.00     65     36  363.1  363.1  363.1
   96.8  16719  -83.9  -92.9     20   0.00     81     33  368.8  368.8  368.8
   95.4  16801  -78.5  -91.5     11   0.00     88     31  380.9  380.9  380.9
   95.0  16825  -78.5  -91.2     11   0.00     90     31  381.3  381.3  381.3
   91.7  17026  -78.7  -88.7     19   0.00    111     28  384.8  384.8  384.8
   91.0  17070  -77.4  -88.8     15   0.00    115     27  388.3  388.3  388.3
   89.7  17153  -74.9  -88.9     10   0.00    107     29  394.8  394.8  394.8
   86.0  17401  -73.5  -91.2      5   0.00     85     34  402.5  402.5  402.5
   74.0  18287  -68.3  -99.3      1   0.00     95     21  431.0  431.0  431.0
   70.0  18620  -68.5 -100.5      0   0.00     85     26  437.5  437.5  437.5
   68.7  18732  -69.1 -100.1      0   0.00     89     26  438.6  438.6  438.6
   67.0  18884  -67.9  -99.4      0   0.00     95     27  444.4  444.4  444.4
   64.0  19161  -65.7  -98.2      0   0.00     85     29  455.1  455.1  455.1
   62.5  19305  -64.5  -97.5      0   0.00     83     29  460.7  460.7  460.7
   61.0  19454  -63.9  -96.9      0   0.00     80     29  465.3  465.3  465.3
   56.3  19948  -61.9  -94.9      1   0.00     88     18  480.6  480.6  480.6
   55.0  20092  -62.2  -95.2      1   0.00     90     15  483.1  483.1  483.1
   52.0  20438  -63.0  -96.0      0   0.00    125     10  489.1  489.2  489.1
   50.0  20680  -63.5  -96.5      0   0.00    110      8  493.4  493.4  493.4
   48.0  20932  -63.0  -96.0      0   0.00     30     16  500.4  500.5  500.4
   44.1  21456  -61.9  -94.9      1   0.00     26     10  515.4  515.4  515.4
   43.4  21555  -61.7  -94.7      1   0.00     25      9  518.2  518.2  518.2
   43.0  21613  -59.9  -93.5      1   0.00     25      8  524.0  524.1  524.0
   42.7  21657  -58.5  -92.5      1   0.00     14     10  528.5  528.5  528.5
   41.9  21777  -56.3  -91.3      1   0.00    344     16  536.8  536.8  536.8
   41.0  21914  -56.5  -91.5      1   0.00    310     23  539.5  539.5  539.5
   37.0  22564  -57.7  -92.2      1   0.00    265     27  552.6  552.6  552.6
   34.0  23099  -58.7  -92.8      1   0.00    255     29  563.6  563.6  563.6
   33.3  23230  -58.9  -92.9      1   0.00    258     27  566.3  566.4  566.3
   31.0  23683  -57.5  -91.5      1   0.00    270     18  581.7  581.8  581.7
   30.0  23890  -56.9  -90.9      1   0.00    265     22  588.9  589.0  588.9
   28.0  24331  -55.2  -89.7      1   0.00    290     23  605.2  605.3  605.2
   26.0  24805  -53.5  -88.4      1   0.01    280     38  623.2  623.3  623.2
   25.8  24855  -53.3  -88.3      1   0.01    279     38  625.1  625.2  625.1
   21.1  26146  -55.1  -90.1      1   0.01    256     36  656.6  656.7  656.6
   20.0  26490  -53.7  -88.7      1   0.01    250     35  671.0  671.1  671.0
   19.0  26822  -52.8  -88.1      1   0.01    250     32  683.8  683.9  683.8
   16.5  27735  -50.3  -86.3      1   0.01    266     39  720.0  720.1  720.0
   16.0  27936  -50.1  -86.1      1   0.02    270     40  726.9  727.1  726.9
   14.4  28625  -49.5  -85.5      1   0.02    283     37  751.2  751.4  751.2
   13.0  29302  -46.8  -83.9      1   0.03    295     34  782.8  783.1  782.8
   12.0  29831  -44.7  -82.7      1   0.04    283     35  808.3  808.8  808.4
   11.0  30412  -45.1  -87.4      0   0.02    270     37  827.1  827.4  827.1
   10.2  30916  -45.5  -91.5      0   0.01                843.8  843.9  843.8
</PRE><H3>Station information and sounding indices</H3><PRE>
                         Station identifier: WIII
                             Station number: 96749
                           Observation time: 220828/0000
                           Station latitude: -6.11
                          Station longitude: 106.65
                          Station elevation: 8.0
                            Showalter index: -0.08
                               Lifted index: -0.99
    LIFT computed using virtual temperature: -1.81
                                SWEAT index: 216.81
                                    K index: 35.70
                         Cross totals index: 21.00
                      Vertical totals index: 22.30
                        Totals totals index: 43.30
      Convective Available Potential Energy: 195.47
             CAPE using virtual temperature: 324.97
                      Convective Inhibition: -37.22
             CINS using virtual temperature: -31.34
                           Equilibrum Level: 293.81
 Equilibrum Level using virtual temperature: 287.91
                   Level of Free Convection: 832.41
             LFCT using virtual temperature: 842.61
                     Bulk Richardson Number: 19.30
          Bulk Richardson Number using CAPV: 32.08
  Temp [K] of the Lifted Condensation Level: 293.30
Pres [hPa] of the Lifted Condensation Level: 930.11
   Equivalent potential temp [K] of the LCL: 347.08
     Mean mixed layer potential temperature: 299.45
              Mean mixed layer mixing ratio: 16.27
              1000 hPa to 500 hPa thickness: 5765.00
Precipitable water [mm] for entire sounding: 52.90
</PRE>
<P>Description of the 
<A HREF="/upperair/columns.html">data columns</A>
or <A HREF="/upperair/indices.html">sounding indices</A>.

<P>
<FORM>
<INPUT CLASS="button" TYPE="button" VALUE=" Close this window " 
 onClick="window.close();">
<INPUT CLASS="button" TYPE="button" VALUE=" Select another map " 
 onClick="window.blur();">
</FORM>
<HR SIZE="1">
<I>Interested in graduate studies in atmospheric science?
Check out our program at the
<a href="http://www.uwyo.edu/atsc/howtoapply/"
target=_top>University of Wyoming
</a></I>
<HR SIZE="1"><FONT SIZE="-1">
Questions about the weather data provided by this site can be
addressed to <A HREF="mailto:ldoolman@uwyo.edu">
Larry Oolman (ldoolman@uwyo.edu)</A></FONT>
<HR SIZE="1">
<SCRIPT TYPE="text/javascript">
<!--
window.focus();
// -->
</SCRIPT>
</BODY>
</HTML>
