2018-03-18 12
<HTML>
<TITLE>University of Wyoming - Radiosonde Data</TITLE>
<BODY BGCOLOR="white">
<H2>96749 WIII Jakarta Observations at 00Z 18 Mar 2018</H2>
<PRE>
-----------------------------------------------------------------------------
   PRES   HGHT   TEMP   DWPT   RELH   MIXR   DRCT   SKNT   THTA   THTE   THTV
    hPa     m      C      C      %    g/kg    deg   knot     K      K      K 
-----------------------------------------------------------------------------
 1010.0      8   22.8   21.9     95  16.68    190      2  295.1  343.1  298.1
 1001.0     88   24.2   21.6     85  16.52    163      2  297.3  345.2  300.2
 1000.0     97   24.4   21.9     86  16.85    160      2  297.6  346.6  300.6
  977.0    301   23.9   20.7     82  16.00    275      2  299.1  345.9  301.9
  962.0    437   23.6   19.9     80  15.45    273      4  300.1  345.5  302.8
  961.0    446   23.6   19.9     80  15.47    273      4  300.1  345.6  302.9
  953.0    520   24.4   16.4     61  12.46    271      6  301.7  338.7  303.9
  944.0    603   24.2   15.5     58  11.87    270      7  302.3  337.7  304.5
  941.0    631   24.2   15.2     57  11.67    272      7  302.6  337.4  304.7
  925.0    781   23.2   14.2     57  11.12    280      7  303.0  336.3  305.1
  853.0   1480   17.8   15.0     84  12.73    304      9  304.5  342.7  306.8
  851.0   1500   17.7   14.7     83  12.54    305      9  304.5  342.2  306.8
  850.0   1510   17.6   14.6     83  12.44    305      8  304.6  341.9  306.8
  820.0   1817   15.8   11.4     75  10.43    274      6  305.8  337.4  307.7
  816.0   1859   15.6   10.9     74  10.13    270      6  306.0  336.8  307.9
  807.0   1953   15.8    5.8     51   7.21    260      6  307.2  329.5  308.5
  793.0   2102   14.9    5.9     55   7.39    245      5  307.8  330.7  309.2
  778.0   2264   14.0    6.0     59   7.59    251      7  308.5  332.0  309.9
  766.0   2395   13.6    3.3     50   6.36    255      8  309.4  329.3  310.6
  757.0   2494   13.2    1.2     44   5.54    254      8  310.1  327.6  311.1
  743.0   2651   12.0    6.0     67   7.95    252      7  310.4  335.2  311.9
  700.0   3149    8.8    4.9     77   7.82    245      6  312.2  336.7  313.7
  687.0   3303    7.8    4.4     79   7.68    240      5  312.7  336.9  314.2
  675.0   3449    6.8    3.9     82   7.56    234      7  313.2  337.0  314.6
  640.0   3885    5.2    2.0     80   6.96    216     13  316.2  338.5  317.5
  639.0   3897    5.1    2.0     80   6.95    215     13  316.2  338.5  317.6
  616.0   4194    3.1    0.9     86   6.70    215     13  317.3  338.8  318.6
  593.0   4501    1.0   -0.1     92   6.45    190      7  318.3  339.2  319.6
  582.0   4652    0.0   -0.6     96   6.33    153      5  318.8  339.4  320.1
  571.0   4804   -1.0   -1.7     95   5.96    115      3  319.4  338.8  320.5
  550.0   5101   -3.1   -3.8     95   5.28    185      4  320.4  337.7  321.4
  532.0   5365   -4.9   -5.7     94   4.73    173      4  321.3  336.9  322.2
  500.0   5850   -7.1   -8.5     90   4.05    150      5  324.3  338.0  325.1
  472.0   6299   -9.0  -10.9     86   3.56    140      6  327.4  339.6  328.1
  467.0   6383   -9.3  -11.3     85   3.47    141      7  328.0  340.0  328.7
  454.0   6600  -10.8  -12.3     89   3.29    145     11  328.7  340.1  329.4
  442.0   6807  -12.3  -13.3     92   3.12    134     12  329.4  340.3  330.0
  439.0   6860  -12.5  -13.5     92   3.09    132     13  329.8  340.6  330.4
  437.0   6895  -12.5  -14.0     88   2.99    130     13  330.2  340.7  330.8
  427.0   7072  -12.3  -16.4     71   2.50    107     11  332.6  341.6  333.1
  420.0   7198  -13.2  -17.1     72   2.40     90      9  333.1  341.7  333.6
  400.0   7570  -15.7  -19.1     75   2.12     80     10  334.5  342.2  334.9
  367.0   8212  -20.1  -23.4     75   1.59     76      7  337.0  342.9  337.3
  358.0   8394  -21.4  -24.7     74   1.45     75      6  337.6  343.0  337.9
  344.0   8686  -23.5  -26.9     74   1.24    115      8  338.6  343.3  338.9
  342.0   8729  -23.9  -27.2     74   1.21    116      8  338.7  343.3  338.9
  339.0   8793  -24.1  -30.1     58   0.93    117      8  339.2  342.8  339.4
  334.0   8901  -24.5  -36.5     32   0.51    118      9  340.1  342.2  340.2
  331.0   8966  -25.1  -35.1     39   0.59    119      9  340.2  342.5  340.3
  300.0   9670  -30.5  -35.5     62   0.62    130     12  342.3  344.8  342.4
  267.0  10484  -37.4  -42.0     62   0.36    135     12  343.8  345.3  343.9
  255.0  10805  -40.1  -44.6     62   0.28    135     14  344.4  345.6  344.4
  250.0  10940  -41.1                         135     15  344.8         344.8
  204.0  12289  -51.9                         135     21  348.5         348.5
  200.0  12420  -52.9                         125     23  348.8         348.8
  170.0  13442  -62.7                          92     24  349.2         349.2
  168.0  13513  -63.2                          90     24  349.4         349.4
  152.0  14120  -67.9                          80     33  351.6         351.6
  150.0  14200  -68.5                          80     33  351.9         351.9
  124.0  15315  -76.3                         100     47  357.4         357.4
  106.0  16208  -78.6                         130     33  369.4         369.4
  100.0  16540  -79.5                         125     36  373.9         373.9
   91.2  17059  -83.9                         135     32  375.1         375.1
   91.0  17071  -83.9                         135     32  375.4         375.4
   85.8  17399  -83.1                         163     27  383.3         383.3
   84.1  17512  -80.3                         172     25  391.2         391.2
   81.0  17724  -81.5                         190     22  392.9         392.9
   79.6  17822  -82.1                         207     17  393.7         393.7
   77.0  18010  -81.3                         240      8  399.2         399.2
   73.0  18312  -79.9                         204     12  408.2         408.2
   70.0  18550  -80.3                         175     15  412.3         412.3
   69.0  18631  -80.8                         170     17  412.9         412.9
   68.0  18714  -81.3                         164     16  413.6         413.6
   63.0  19150  -79.1                         135     11  427.5         427.5
   59.0  19525  -77.2                          65     14  439.8         439.8
   56.0  19824  -75.7                          25     21  449.9         449.9
   55.2  19906  -75.3                          27     19  452.7         452.7
   53.5  20089  -71.7                          32     16  465.0         465.0
   51.0  20373  -71.1                          40     11  472.8         472.8
   50.0  20490  -70.9                          50      9  476.0         476.0
   48.0  20731  -71.6                          65      7  479.9         479.9
   46.6  20905  -72.1                          62     11  482.8         482.8
   46.0  20983  -71.8                          60     13  485.4         485.4
   39.0  21968  -67.3                         110     26  520.0         520.0
   37.5  22202  -66.3                         105     31  528.5         528.5
   36.6  22350  -62.7                         102     34  541.5         541.5
   32.0  23180  -60.9                          85     52  567.4         567.4
   31.9  23199  -60.9                          85     52  568.0         568.0
   30.0  23580  -61.7                          95     48  575.9         575.9
   29.0  23790  -62.3                          94     50  579.8         579.8
   25.8  24522  -56.1                          92     56  617.1         617.1
   23.2  25199  -55.1                          90     62  639.1         639.1
   23.0  25254  -55.0                          90     62  640.9         640.9
   22.7  25337  -54.9                                     643.7         643.7
</PRE><H3>Station information and sounding indices</H3><PRE>
                         Station identifier: WIII
                             Station number: 96749
                           Observation time: 180318/0000
                           Station latitude: -6.11
                          Station longitude: 106.65
                          Station elevation: 8.0
                            Showalter index: -0.99
                               Lifted index: -2.27
    LIFT computed using virtual temperature: -2.49
                                SWEAT index: 196.20
                                    K index: 35.40
                         Cross totals index: 21.70
                      Vertical totals index: 24.70
                        Totals totals index: 46.40
      Convective Available Potential Energy: 234.26
             CAPE using virtual temperature: 281.32
                      Convective Inhibition: -131.53
             CINS using virtual temperature: -80.95
                           Equilibrum Level: 339.70
 Equilibrum Level using virtual temperature: 338.50
                   Level of Free Convection: 714.96
             LFCT using virtual temperature: 764.00
                     Bulk Richardson Number: 191.10
          Bulk Richardson Number using CAPV: 229.48
  Temp [K] of the Lifted Condensation Level: 293.13
Pres [hPa] of the Lifted Condensation Level: 937.43
   Equivalent potential temp [K] of the LCL: 345.18
     Mean mixed layer potential temperature: 298.61
              Mean mixed layer mixing ratio: 15.99
              1000 hPa to 500 hPa thickness: 5753.00
Precipitable water [mm] for entire sounding: 51.81
</PRE>
<P>Description of the 
<A HREF="/upperair/columns.html">data columns</A>
or <A HREF="/upperair/indices.html">sounding indices</A>.

<P>
<FORM>
<INPUT CLASS="button" TYPE="button" VALUE=" Close this window " 
 onClick="window.close();">
<INPUT CLASS="button" TYPE="button" VALUE=" Select another map " 
 onClick="window.blur();">
</FORM>
<HR SIZE="1">
<I>Interested in graduate studies in atmospheric science?
Check out our program at the
<a href="http://www.uwyo.edu/atsc/howtoapply/"
target=_top>University of Wyoming
</a></I>
<HR SIZE="1"><FONT SIZE="-1">
Questions about the weather data provided by this site can be
addressed to <A HREF="mailto:ldoolman@uwyo.edu">
Larry Oolman (ldoolman@uwyo.edu)</A></FONT>
<HR SIZE="1">
<SCRIPT TYPE="text/javascript">
<!--
window.focus();
// -->
</SCRIPT>
</BODY>
</HTML>
