2019-02-15 00
<HTML>
<TITLE>University of Wyoming - Radiosonde Data</TITLE>
<BODY BGCOLOR="white">
<H2>96749 WIII Jakarta Observations at 00Z 15 Feb 2019</H2>
<PRE>
-----------------------------------------------------------------------------
   PRES   HGHT   TEMP   DWPT   RELH   MIXR   DRCT   SKNT   THTA   THTE   THTV
    hPa     m      C      C      %    g/kg    deg   knot     K      K      K 
-----------------------------------------------------------------------------
 1012.0      8   25.8   22.1     80  16.86    310      1  297.9  347.1  300.9
 1000.0    112   25.8   22.5     82  17.50    340      4  298.9  350.2  302.1
  979.0    299   24.5   21.7     85  17.05    340      8  299.4  349.4  302.5
  946.0    602   22.4   20.5     89  16.34    320      6  300.3  348.3  303.2
  925.0    800   21.0   19.7     92  15.88      0      5  300.8  347.6  303.6
  915.0    894   20.5   19.4     94  15.81      5      5  301.2  347.9  304.1
  885.0   1184   19.0   18.7     98  15.59    136      1  302.5  348.8  305.4
  883.0   1203   18.9   18.6     98  15.54    145      1  302.6  348.8  305.4
  853.0   1502   17.5   17.3     99  14.82    195      6  304.2  348.5  306.9
  850.0   1532   17.4   17.2     99  14.75    195      6  304.4  348.5  307.1
  795.0   2094   14.5   13.6     94  12.42    225      2  307.1  344.8  309.4
  740.0   2697   11.4    9.6     89  10.27    175      5  310.1  341.8  312.0
  714.0   2998    9.9    7.7     86   9.31    185      6  311.6  340.6  313.4
  700.0   3164    9.0    6.6     85   8.81    155      7  312.4  340.0  314.1
  688.0   3307    8.4    5.8     84   8.46    135      9  313.3  339.9  314.9
  646.0   3829    6.2    2.8     79   7.30    118      8  316.5  339.8  317.9
  640.0   3904    5.8    2.5     79   7.19    115      8  316.8  339.9  318.2
  617.0   4202    4.0    1.1     81   6.75    115      8  318.2  340.0  319.5
  595.0   4498    2.3   -0.3     83   6.33    140     10  319.6  340.1  320.8
  566.0   4904    0.0   -2.2     85   5.79    132     12  321.4  340.4  322.5
  557.0   5033   -0.9   -3.0     86   5.54    129     12  321.8  340.1  322.9
  554.0   5076   -1.3   -3.4     86   5.40    128     12  321.8  339.7  322.9
  553.0   5091   -1.5   -3.8     84   5.25    128     12  321.8  339.1  322.8
  549.0   5149   -1.1  -12.1     43   2.77    127     13  322.9  332.4  323.4
  548.0   5163   -1.1  -13.1     40   2.56    126     13  323.1  331.9  323.6
  547.0   5178   -1.3  -14.3     37   2.32    126     13  323.0  331.0  323.4
  544.0   5222   -1.7  -10.7     50   3.13    125     13  323.0  333.7  323.6
  543.0   5237   -1.9   -6.7     70   4.29    125     13  322.9  337.3  323.8
  526.0   5490   -3.5   -5.3     87   4.93    119     14  324.0  340.5  324.9
  519.0   5596   -4.1   -9.1     68   3.72    117     15  324.5  337.1  325.2
  512.0   5703   -4.9   -9.6     70   3.63    115     15  324.8  337.1  325.5
  510.0   5734   -5.1   -8.2     79   4.06    115     15  324.9  338.7  325.7
  506.0   5796   -5.3   -9.0     75   3.85    115     16  325.4  338.5  326.2
  504.0   5827   -5.3   -9.4     73   3.74    115     16  325.8  338.5  326.5
  502.0   5859   -5.5  -10.5     68   3.44    115     16  325.9  337.7  326.6
  501.0   5874   -5.5   -9.8     72   3.65    115     16  326.1  338.6  326.8
  500.0   5890   -5.3  -18.3     35   1.82    115     16  326.5  333.0  326.9
  498.0   5921   -5.7  -13.7     53   2.68    116     15  326.4  335.7  326.9
  493.0   6000   -6.3  -13.4     57   2.76    120     14  326.6  336.2  327.2
  486.0   6111   -7.1  -13.1     62   2.88    114     13  327.0  337.0  327.5
  482.0   6176   -7.5  -11.6     72   3.28    110     12  327.2  338.6  327.9
  475.0   6289   -8.1   -9.3     91   4.00    103     11  327.9  341.6  328.7
  456.0   6603   -9.9  -12.2     83   3.30     85      7  329.5  341.0  330.2
  439.0   6895  -11.5  -14.9     76   2.75    110     11  331.0  340.7  331.6
  435.0   6966  -11.9  -15.6     74   2.62    108     10  331.4  340.7  331.9
  428.0   7089  -12.9  -14.3     89   2.97    104      9  331.7  342.1  332.3
  422.0   7196  -14.0  -14.6     95   2.94    100      8  331.6  342.0  332.2
  418.0   7268  -14.7  -14.8     99   2.92    106      9  331.6  341.9  332.2
  410.0   7414  -15.9  -16.0     99   2.69    119     10  331.9  341.4  332.4
  408.0   7451  -16.3  -17.2     93   2.45    122     10  331.8  340.6  332.3
  407.0   7469  -16.3  -19.0     80   2.11    124     10  332.1  339.6  332.5
  406.0   7488  -16.1  -21.1     65   1.76    125     10  332.6  339.0  332.9
  405.0   7506  -14.9  -22.9     51   1.51    127     10  334.4  339.9  334.6
  403.0   7544  -14.3  -23.3     46   1.46    130     11  335.6  341.0  335.9
  400.0   7600  -14.7  -24.7     42   1.30    135     11  335.8  340.7  336.1
  390.0   7792  -16.4  -24.1     51   1.41    130     13  336.0  341.3  336.3
  387.0   7850  -16.9  -23.9     55   1.44    130     13  336.1  341.5  336.4
  374.0   8106  -18.7  -27.7     45   1.06    127     16  337.0  341.0  337.2
  362.0   8350  -19.7  -30.7     37   0.82    125     18  338.8  342.0  339.0
  360.0   8391  -20.1  -30.1     41   0.88    125     18  338.8  342.2  339.0
  354.0   8516  -21.3  -28.3     53   1.06    130     17  338.8  342.9  339.1
  339.0   8835  -23.7  -28.2     66   1.11    143     16  339.8  344.1  340.0
  331.0   9009  -24.7  -30.9     57   0.89    150     15  340.7  344.2  340.9
  322.0   9210  -25.9  -33.9     47   0.68    143     14  341.8  344.5  341.9
  305.0   9601  -29.1  -37.1     46   0.52    130     11  342.6  344.7  342.7
  300.0   9720  -30.1  -38.1     46   0.48    130     10  342.8  344.8  342.9
  299.0   9744  -30.1  -39.1     41   0.43    130     10  343.2  344.9  343.3
  283.0  10129  -33.3  -37.6     65   0.53    130     12  344.0  346.2  344.1
  280.0  10203  -33.9  -38.1     66   0.51    130     12  344.2  346.2  344.3
  260.0  10713  -38.3  -41.7     70   0.38    108      6  345.1  346.7  345.2
  257.0  10792  -38.7  -43.5     61   0.32    105      5  345.6  347.0  345.7
  250.0  10980  -39.7  -47.7     42   0.21     45      5  346.9  347.8  346.9
  249.0  11007  -39.9  -47.9     42   0.20     44      5  347.0  347.9  347.1
  246.0  11088  -40.6                          40      7  347.1         347.1
  235.0  11391  -43.3                          35     11  347.7         347.7
  225.0  11679  -45.8                          55     17  348.1         348.1
  200.0  12460  -52.7                          55     25  349.1         349.1
  196.0  12586  -53.8                          45     24  349.4         349.4
  178.0  13189  -59.0                          20     23  350.6         350.6
  150.0  14260  -68.3                          30     12  352.2         352.2
  146.0  14421  -69.7                          35     10  352.5         352.5
  145.0  14462  -70.1                          45     10  352.5         352.5
  139.0  14708  -71.5                         110     10  354.4         354.4
  132.0  15009  -73.2                         140     21  356.7         356.7
  119.0  15611  -76.5                          90     24  361.2         361.2
  113.0  15912  -78.2                          80     23  363.4         363.4
  110.0  16068  -79.1                          92     21  364.6         364.6
  102.0  16497  -79.1                         125     15  372.5         372.5
  100.0  16610  -79.1                         140     11  374.6         374.6
   97.0  16780  -80.2                         165     10  375.8         375.8
   81.7  17738  -86.5                         115     13  381.8         381.8
   74.0  18288  -80.8                          95     20  404.6         404.6
   73.8  18303  -80.7                          93     20  405.3         405.3
   70.0  18600  -82.1                          50     25  408.4         408.4
   67.3  18819  -83.3                          56     25  410.4         410.4
   63.0  19186  -83.1                          65     26  418.7         418.7
   60.0  19462  -78.3                         110     29  435.3         435.3
   59.5  19509  -77.5                         111     31  438.1         438.1
   57.0  19755  -77.3                         115     42  444.1         444.1
   55.1  19949  -77.1                                     448.8         448.8
</PRE><H3>Station information and sounding indices</H3><PRE>
                         Station identifier: WIII
                             Station number: 96749
                           Observation time: 190215/0000
                           Station latitude: -6.11
                          Station longitude: 106.65
                          Station elevation: 8.0
                            Showalter index: -1.70
                               Lifted index: -1.95
    LIFT computed using virtual temperature: -2.64
                                SWEAT index: 234.41
                                    K index: 37.50
                         Cross totals index: 22.50
                      Vertical totals index: 22.70
                        Totals totals index: 45.20
      Convective Available Potential Energy: 520.92
             CAPE using virtual temperature: 612.44
                      Convective Inhibition: -13.15
             CINS using virtual temperature: -10.65
                           Equilibrum Level: 234.64
 Equilibrum Level using virtual temperature: 234.70
                   Level of Free Convection: 855.68
             LFCT using virtual temperature: 863.20
                     Bulk Richardson Number: 43.48
          Bulk Richardson Number using CAPV: 51.12
  Temp [K] of the Lifted Condensation Level: 294.28
Pres [hPa] of the Lifted Condensation Level: 943.19
   Equivalent potential temp [K] of the LCL: 349.17
     Mean mixed layer potential temperature: 299.26
              Mean mixed layer mixing ratio: 17.06
              1000 hPa to 500 hPa thickness: 5778.00
Precipitable water [mm] for entire sounding: 61.48
</PRE>
<P>Description of the 
<A HREF="/upperair/columns.html">data columns</A>
or <A HREF="/upperair/indices.html">sounding indices</A>.

<P>
<FORM>
<INPUT CLASS="button" TYPE="button" VALUE=" Close this window " 
 onClick="window.close();">
<INPUT CLASS="button" TYPE="button" VALUE=" Select another map " 
 onClick="window.blur();">
</FORM>
<HR SIZE="1">
<I>Interested in graduate studies in atmospheric science?
Check out our program at the
<a href="http://www.uwyo.edu/atsc/howtoapply/"
target=_top>University of Wyoming
</a></I>
<HR SIZE="1"><FONT SIZE="-1">
Questions about the weather data provided by this site can be
addressed to <A HREF="mailto:ldoolman@uwyo.edu">
Larry Oolman (ldoolman@uwyo.edu)</A></FONT>
<HR SIZE="1">
<SCRIPT TYPE="text/javascript">
<!--
window.focus();
// -->
</SCRIPT>
</BODY>
</HTML>
