2017-11-02 00
<HTML>
<TITLE>University of Wyoming - Radiosonde Data</TITLE>
<BODY BGCOLOR="white">
<H2>96749 WIII Jakarta Observations at 00Z 02 Nov 2017</H2>
<PRE>
-----------------------------------------------------------------------------
   PRES   HGHT   TEMP   DWPT   RELH   MIXR   DRCT   SKNT   THTA   THTE   THTV
    hPa     m      C      C      %    g/kg    deg   knot     K      K      K 
-----------------------------------------------------------------------------
 1008.0      8   25.6   23.1     86  18.02    210      4  298.1  350.6  301.3
 1000.0     79   24.6   21.3     82  16.23    220      8  297.8  345.0  300.6
  998.0     97   24.4   21.2     82  16.16    218      8  297.7  344.8  300.6
  975.0    302   24.7   21.2     81  16.55    190      5  300.0  348.7  303.0
  967.0    374   24.8   21.2     80  16.69    231      4  300.8  350.1  303.8
  952.0    512   23.6   21.8     90  17.61    308      2  300.9  352.9  304.1
  942.0    605   23.6   18.8     74  14.67      0      1  301.9  345.4  304.5
  935.0    670   23.6   16.6     65  12.87      0      1  302.5  340.8  304.8
  925.0    764   22.8   17.8     73  14.06      0      0  302.6  344.4  305.2
  911.0    896   21.8   17.2     75  13.73      0      0  302.9  343.8  305.4
  900.0   1002   21.0   16.7     76  13.47      8      1  303.1  343.3  305.6
  894.0   1059   21.0   13.0     60  10.63     13      1  303.7  335.7  305.7
  889.0   1108   20.4   14.4     68  11.73     17      1  303.6  338.7  305.7
  879.0   1205   20.4   10.8     54   9.31     25      2  304.6  332.8  306.3
  878.0   1215   20.4   10.4     53   9.10     27      2  304.7  332.2  306.3
  872.0   1274   19.4   13.4     68  11.20     38      3  304.2  337.9  306.3
  850.0   1493   18.4   12.4     68  10.75     80      5  305.4  337.9  307.4
  849.0   1503   18.4   12.1     67  10.55     80      5  305.5  337.4  307.4
  828.0   1718   17.8    5.8     45   7.03     73      6  307.1  328.8  308.4
  820.0   1801   17.4    2.4     37   5.58     70      7  307.5  324.9  308.5
  806.0   1949   16.2    8.2     59   8.53     65      8  307.7  334.0  309.3
  792.0   2098   15.7    7.7     59   8.36     60      9  308.7  334.5  310.2
  766.0   2382   14.6    6.6     59   8.04     64     10  310.5  335.6  312.0
  760.0   2448   14.8    3.8     48   6.66     65     10  311.4  332.4  312.7
  756.0   2493   14.6    6.6     59   8.15     66     11  311.7  337.2  313.2
  744.0   2629   14.4    2.4     44   6.15     68     11  312.9  332.4  314.1
  727.0   2824   13.4    0.4     41   5.45     70     12  313.9  331.4  314.9
  722.0   2882   12.8    3.8     54   7.01     71     12  313.8  336.1  315.2
  700.0   3142   11.0    3.0     58   6.83     75     13  314.6  336.4  315.9
  639.0   3890    5.1   -1.7     62   5.32     85     14  316.2  333.4  317.2
  615.0   4204    2.6   -3.6     64   4.78     75      9  316.8  332.4  317.7
  606.0   4325    1.6   -4.4     64   4.58     83      7  317.0  332.0  317.9
  593.0   4501    2.8  -17.7     21   1.62     95      5  320.4  326.1  320.7
  589.0   4555    3.2  -21.8     14   1.14    103      6  321.5  325.6  321.7
  571.0   4805    1.6  -28.0      9   0.67    140      9  322.4  324.9  322.6
  554.0   5048    0.0  -34.0      6   0.39    137      8  323.4  324.9  323.4
  510.0   5703   -4.4  -33.6      8   0.44    130      6  325.7  327.4  325.8
  500.0   5860   -5.5  -33.5      9   0.46    135      4  326.3  328.0  326.4
  472.0   6310   -8.6  -36.6      8   0.36    175      3  327.9  329.2  327.9
  471.0   6327   -8.7  -36.7      8   0.35    180      3  327.9  329.3  328.0
  454.0   6609  -10.2  -38.0      8   0.32    275      4  329.5  330.7  329.5
  437.0   6902  -11.8  -39.3      8   0.29    310      6  331.1  332.2  331.1
  420.0   7207  -13.5  -40.7      8   0.26    235      4  332.7  333.8  332.8
  408.0   7430  -14.7  -41.7      8   0.24    265      5  333.9  334.9  333.9
  404.0   7504  -14.8  -42.8      7   0.22    275      5  334.7  335.6  334.8
  400.0   7580  -14.9  -43.9      6   0.20    290      6  335.5  336.4  335.6
  397.0   7637  -14.5  -45.5      5   0.17    285      6  336.8  337.5  336.8
  388.0   7808  -15.8  -44.4      7   0.19    270      5  337.3  338.1  337.3
  373.0   8102  -18.1  -42.4     10   0.25    240      9  338.1  339.1  338.2
  359.0   8388  -20.2  -40.5     15   0.31    270     10  338.9  340.2  339.0
  345.0   8685  -22.5  -38.5     22   0.40    275     10  339.7  341.3  339.8
  344.0   8706  -22.7  -38.6     22   0.40    275     10  339.8  341.4  339.8
  336.0   8878  -24.1  -39.1     24   0.39    262     11  340.1  341.7  340.2
  328.0   9055  -23.5  -53.5      5   0.08    249     12  343.3  343.6  343.3
  317.0   9301  -25.6  -51.4      7   0.11    230     14  343.7  344.1  343.7
  300.0   9700  -29.1  -48.1     14   0.16    255     11  344.2  345.0  344.3
  282.0  10137  -33.1  -49.1     19   0.16    291     14  344.6  345.3  344.7
  268.0  10489  -36.0  -47.3     30   0.20    320     16  345.5  346.4  345.6
  250.0  10970  -39.9  -44.8     59   0.28    325     22  346.6  347.8  346.7
  249.0  10997  -40.1  -44.7     61   0.29    325     22  346.7  347.9  346.8
  200.0  12450  -52.9                         350     25  348.8         348.8
  195.0  12608  -54.3                           0     25  349.2         349.2
  186.0  12902  -56.8                           0     26  349.8         349.8
  150.0  14240  -68.5                           5     31  351.9         351.9
  146.0  14401  -70.3                          10     32  351.4         351.4
  144.0  14483  -71.3                          11     31  351.1         351.1
  132.0  14981  -74.3                          15     28  354.7         354.7
  119.0  15574  -77.8                          10      9  358.9         358.9
  113.0  15870  -79.5                         240      2  361.0         361.0
  107.0  16183  -81.4                         195      7  363.1         363.1
  101.0  16513  -83.4                         200      5  365.4         365.4
  100.0  16570  -83.7                         200      6  365.8         365.8
   92.4  17007  -85.1                         145      9  371.4         371.4
   86.0  17409  -82.8                          90     18  383.8         383.8
   78.0  17955  -79.5                          80     22  401.3         401.3
   77.4  17998  -79.3                          81     20  402.7         402.7
   74.0  18257  -74.9                          90      8  417.1         417.1
   73.7  18280  -74.5                          94      8  418.5         418.5
   70.0  18580  -74.3                         140      9  425.1         425.1
   66.0  18930  -72.6                         275     18  436.1         436.1
   54.8  20038  -67.1                         278     29  472.4         472.4
   50.0  20590  -69.5                         280     34  479.3         479.3
   49.7  20626  -69.5                         279     34  480.1         480.1
   49.0  20711  -69.6                         275     33  481.8         481.8
   47.0  20960  -69.9                         255     17  486.9         486.9
   45.7  21127  -70.1                         268     12  490.3         490.3
   44.0  21358  -66.5                         285      6  504.4         504.4
   42.0  21640  -62.1                          90      7  522.1         522.1
   34.0  22949  -62.3                          90     38  554.0         554.0
   33.0  23135  -61.9                          90     42  560.0         560.0
   31.8  23364  -61.3                          94     45  567.4         567.4
   31.0  23524  -59.3                          97     47  577.0         577.0
   30.0  23730  -58.5                         100     49  584.6         584.6
   26.8  24436  -58.9                          96     58  602.6         602.6
   26.1  24603  -57.9                          95     60  609.9         609.9
   26.0  24627  -57.8                          95     60  611.0         611.0
   23.9  25159  -54.7                          92     60  634.8         634.8
   20.0  26300  -52.7                          85     61  674.1         674.1
   15.0  28177  -48.6                          85     47  745.5         745.5
   14.3  28488  -47.9                          64     49  758.1         758.1
   14.0                                        55     50                     
</PRE><H3>Station information and sounding indices</H3><PRE>
                         Station identifier: WIII
                             Station number: 96749
                           Observation time: 171102/0000
                           Station latitude: -6.11
                          Station longitude: 106.65
                          Station elevation: 8.0
                            Showalter index: 2.26
                               Lifted index: -1.85
    LIFT computed using virtual temperature: -2.73
                                SWEAT index: 162.79
                                    K index: 28.30
                         Cross totals index: 17.90
                      Vertical totals index: 23.90
                        Totals totals index: 41.80
      Convective Available Potential Energy: 264.84
             CAPE using virtual temperature: 412.32
                      Convective Inhibition: -146.20
             CINS using virtual temperature: -70.18
                           Equilibrum Level: 260.71
 Equilibrum Level using virtual temperature: 257.83
                   Level of Free Convection: 674.74
             LFCT using virtual temperature: 693.51
                     Bulk Richardson Number: 22.22
          Bulk Richardson Number using CAPV: 34.59
  Temp [K] of the Lifted Condensation Level: 293.82
Pres [hPa] of the Lifted Condensation Level: 936.02
   Equivalent potential temp [K] of the LCL: 348.33
     Mean mixed layer potential temperature: 299.44
              Mean mixed layer mixing ratio: 16.70
              1000 hPa to 500 hPa thickness: 5781.00
Precipitable water [mm] for entire sounding: 41.08
</PRE>
<P>Description of the 
<A HREF="/upperair/columns.html">data columns</A>
or <A HREF="/upperair/indices.html">sounding indices</A>.

<P>
<FORM>
<INPUT CLASS="button" TYPE="button" VALUE=" Close this window " 
 onClick="window.close();">
<INPUT CLASS="button" TYPE="button" VALUE=" Select another map " 
 onClick="window.blur();">
</FORM>
<HR SIZE="1">
<I>Interested in graduate studies in atmospheric science?
Check out our program at the
<a href="http://www.uwyo.edu/atsc/howtoapply/"
target=_top>University of Wyoming
</a></I>
<HR SIZE="1"><FONT SIZE="-1">
Questions about the weather data provided by this site can be
addressed to <A HREF="mailto:ldoolman@uwyo.edu">
Larry Oolman (ldoolman@uwyo.edu)</A></FONT>
<HR SIZE="1">
<SCRIPT TYPE="text/javascript">
<!--
window.focus();
// -->
</SCRIPT>
</BODY>
</HTML>
