2018-02-07 00
<HTML>
<TITLE>University of Wyoming - Radiosonde Data</TITLE>
<BODY BGCOLOR="white">
<H2>96749 WIII Jakarta Observations at 00Z 07 Feb 2018</H2>
<PRE>
-----------------------------------------------------------------------------
   PRES   HGHT   TEMP   DWPT   RELH   MIXR   DRCT   SKNT   THTA   THTE   THTV
    hPa     m      C      C      %    g/kg    deg   knot     K      K      K 
-----------------------------------------------------------------------------
 1010.0      8   23.6   22.2     92  17.00    230      3  295.9  345.0  298.9
 1000.0     98   23.8   21.3     86  16.23    290     15  296.9  344.0  299.8
  994.0    151   24.2   21.0     82  16.02    290     16  297.9  344.5  300.7
  978.0    293   23.4   20.2     82  15.52    290     20  298.4  343.7  301.2
  925.0    780   20.6   17.6     83  13.88    290     24  300.4  341.3  302.9
  875.0   1260   17.2   15.9     92  13.16    283     17  301.6  340.6  304.0
  850.0   1509   16.0   15.3     96  13.03    280     13  302.9  341.7  305.3
  789.0   2140   12.4   11.3     93  10.77    278     13  305.6  338.1  307.5
  761.0   2445   12.4   10.5     88  10.58    277     14  308.7  341.2  310.7
  712.0   3001    9.4    8.3     93   9.72    275     14  311.3  341.5  313.1
  700.0   3143    8.6    7.7     94   9.51    265     11  312.0  341.6  313.8
  638.0   3900    4.7    3.3     91   7.65    250      9  315.9  340.3  317.4
  593.0   4498    1.6   -0.2     88   6.40    275      9  319.0  339.8  320.2
  571.0   4806    0.0   -2.0     86   5.82    266      8  320.6  339.7  321.7
  513.0   5658   -4.9   -8.7     75   3.88    241      6  324.6  337.8  325.4
  510.0   5704   -5.2   -8.5     78   3.97    240      6  324.8  338.3  325.6
  503.0   5813   -5.9   -8.0     85   4.19    212      5  325.2  339.4  326.1
  500.0   5860   -6.1   -8.9     81   3.92    200      5  325.5  338.9  326.3
  496.0   5923   -6.3  -12.3     62   3.02    191      5  326.0  336.5  326.6
  491.0   6001   -6.8  -14.4     55   2.56    180      4  326.4  335.4  326.9
  481.0   6161   -7.7  -18.7     41   1.83    172      4  327.2  333.7  327.6
  476.0   6242   -7.9  -19.9     38   1.67    168      4  327.9  333.9  328.2
  472.0   6307   -8.3  -17.9     46   2.00    165      4  328.2  335.3  328.6
  463.0   6456   -9.3  -13.3     73   2.98    217      3  328.8  339.2  329.4
  454.0   6607  -10.2  -13.4     78   3.02    270      2  329.4  340.0  330.1
  437.0   6899  -12.1  -13.5     89   3.11    305      9  330.8  341.7  331.4
  433.0   6969  -12.5  -13.5     92   3.13    303      9  331.1  342.1  331.7
  409.0   7402  -14.3  -16.4     84   2.61    294      8  334.2  343.5  334.7
  400.0   7570  -15.5  -17.3     86   2.48    290      8  334.8  343.7  335.3
  367.0   8215  -19.5  -23.0     74   1.65    271      4  337.8  343.9  338.1
  358.0   8396  -20.9  -24.3     74   1.50    265      3  338.3  343.9  338.6
  344.0   8686  -23.2  -26.4     74   1.29    245      6  339.1  344.0  339.4
  330.0   8988  -25.5  -28.6     75   1.10    270      9  339.9  344.1  340.2
  300.0   9680  -30.9  -33.7     76   0.74    285      8  341.7  344.6  341.9
  279.0  10188  -35.2  -37.9     77   0.53    295      5  342.6  344.8  342.7
  267.0  10495  -37.9  -40.4     77   0.42    315      4  343.1  344.9  343.2
  258.0  10735  -39.9  -42.4     77   0.36    310      3  343.5  345.0  343.6
  250.0  10950  -41.7                         305      2  343.9         343.9
  244.0  11112  -43.1                         290      3  344.2         344.2
  234.0  11391  -45.5                         320      2  344.7         344.7
  224.0  11682  -48.1                          42      7  345.1         345.1
  223.0  11711  -48.3                          50      7  345.2         345.2
  213.0  12011  -50.7                          65     15  346.1         346.1
  212.0  12042  -50.9                          57     14  346.2         346.2
  206.0  12228  -50.5                          11      9  349.7         349.7
  204.0  12291  -50.6                         355      7  350.4         350.4
  200.0  12420  -50.9                         310     11  352.0         352.0
  194.0  12611  -52.4                         290     13  352.6         352.6
  161.0  13777  -61.8                         285      9  356.2         356.2
  150.0  14220  -65.3                         265     17  357.4         357.4
  146.0  14378  -66.3                         255     19  358.3         358.3
  113.0  15876  -76.3                         280     20  366.9         366.9
  102.0  16474  -80.3                         325     14  370.2         370.2
  100.0  16590  -81.1                         325     14  370.8         370.8
   91.0  17118  -82.7                         310     11  377.8         377.8
   87.0  17369  -83.5                         340      6  381.1         381.1
   84.7  17519  -83.9                          10      5  383.1         383.1
   82.0  17699  -84.0                          15      5  386.4         386.4
   78.0  17976  -84.2                         320      7  391.6         391.6
   76.2  18105  -84.3                         296      7  394.1         394.1
   74.0  18269  -82.3                         265      8  401.5         401.5
   73.5  18307  -81.9                         256      8  403.2         403.2
   70.0  18580  -82.5                         190      7  407.6         407.6
   68.7  18685  -82.7                         163     10  409.3         409.3
   66.1  18900  -81.7                         107     16  416.1         416.1
   66.0  18909  -81.3                         105     16  417.1         417.1
   64.8  19013  -76.1                          96     16  430.6         430.6
   60.0  19462  -73.8                          60     15  445.5         445.5
   57.6  19699  -72.5                         336      5  453.5         453.5
   57.0  19761  -72.5                         315      2  454.8         454.8
   54.0  20078  -72.7                         210      6  461.5         461.5
   51.0  20414  -72.9                         155      2  468.7         468.7
   50.8  20437  -72.9                         138      3  469.2         469.2
   50.0  20530  -72.9                          70      5  471.3         471.3
   49.1  20636  -72.7                          57     10  474.2         474.2
   49.0  20648  -72.5                          55     11  475.1         475.1
   46.6  20947  -66.5                          74     12  496.2         496.2
   44.0  21293  -66.6                          95     14  504.2         504.2
   38.0  22177  -66.8                         100     33  525.2         525.2
   36.5  22419  -66.9                          97     37  531.1         531.1
   30.0  23610  -63.5                          85     56  571.0         571.0
   20.0  26160  -54.9                          95     73  667.4         667.4
   18.3  26730  -53.8                          95     77  688.0         688.0
   18.0  26836  -53.6                          95     77  691.9         691.9
   17.6  26980  -53.3                                     697.3         697.3
</PRE><H3>Station information and sounding indices</H3><PRE>
                         Station identifier: WIII
                             Station number: 96749
                           Observation time: 180207/0000
                           Station latitude: -6.11
                          Station longitude: 106.65
                          Station elevation: 8.0
                            Showalter index: 0.10
                               Lifted index: -0.71
    LIFT computed using virtual temperature: -0.91
                                SWEAT index: 214.58
                                    K index: 36.50
                         Cross totals index: 21.40
                      Vertical totals index: 22.10
                        Totals totals index: 43.50
      Convective Available Potential Energy: 70.92
             CAPE using virtual temperature: 107.63
                      Convective Inhibition: -26.08
             CINS using virtual temperature: -20.46
                           Equilibrum Level: 424.65
 Equilibrum Level using virtual temperature: 423.62
                   Level of Free Convection: 861.22
             LFCT using virtual temperature: 879.25
                     Bulk Richardson Number: 16.94
          Bulk Richardson Number using CAPV: 25.72
  Temp [K] of the Lifted Condensation Level: 292.92
Pres [hPa] of the Lifted Condensation Level: 941.13
   Equivalent potential temp [K] of the LCL: 343.73
     Mean mixed layer potential temperature: 298.06
              Mean mixed layer mixing ratio: 15.70
              1000 hPa to 500 hPa thickness: 5762.00
Precipitable water [mm] for entire sounding: 58.05
</PRE>
<P>Description of the 
<A HREF="/upperair/columns.html">data columns</A>
or <A HREF="/upperair/indices.html">sounding indices</A>.

<P>
<FORM>
<INPUT CLASS="button" TYPE="button" VALUE=" Close this window " 
 onClick="window.close();">
<INPUT CLASS="button" TYPE="button" VALUE=" Select another map " 
 onClick="window.blur();">
</FORM>
<HR SIZE="1">
<I>Interested in graduate studies in atmospheric science?
Check out our program at the
<a href="http://www.uwyo.edu/atsc/howtoapply/"
target=_top>University of Wyoming
</a></I>
<HR SIZE="1"><FONT SIZE="-1">
Questions about the weather data provided by this site can be
addressed to <A HREF="mailto:ldoolman@uwyo.edu">
Larry Oolman (ldoolman@uwyo.edu)</A></FONT>
<HR SIZE="1">
<SCRIPT TYPE="text/javascript">
<!--
window.focus();
// -->
</SCRIPT>
</BODY>
</HTML>
