2020-09-29 00
<HTML>
<TITLE>University of Wyoming - Radiosonde Data</TITLE>
<BODY BGCOLOR="white">
<H2>96749 WIII Jakarta Observations at 00Z 29 Sep 2020</H2>
<PRE>
-----------------------------------------------------------------------------
   PRES   HGHT   TEMP   DWPT   RELH   MIXR   DRCT   SKNT   THTA   THTE   THTV
    hPa     m      C      C      %    g/kg    deg   knot     K      K      K 
-----------------------------------------------------------------------------
 1010.0      8   25.2   20.3     74  15.08    210      1  297.5  341.4  300.2
 1000.0     94   24.8   20.0     75  14.95    200      9  297.9  341.5  300.6
  990.0    183   25.4   19.4     69  14.54    198      9  299.4  342.1  302.0
  953.0    520   23.6   19.6     78  15.31    192      9  300.9  346.0  303.6
  944.0    603   23.4   18.1     72  14.08    190      9  301.5  343.2  304.0
  925.0    782   23.0   15.0     61  11.72    165     10  302.8  337.8  304.9
  914.0    887   22.2   13.2     57  10.54    152     10  303.0  334.6  305.0
  881.0   1205   20.0   13.4     66  11.08    110     11  303.9  337.2  305.9
  850.0   1516   17.8   13.6     76  11.65    110     12  304.8  339.8  306.9
  840.0   1618   17.0   13.1     78  11.40    108     12  305.0  339.3  307.1
  754.0   2535   12.0    7.5     74   8.70     95     16  309.1  336.0  310.7
  737.0   2726   11.6    1.6     50   5.86     92     16  310.7  329.2  311.8
  715.0   2980   10.2   -3.8     37   4.06     88     17  311.9  324.9  312.6
  700.0   3156    8.8   -0.2     53   5.42     85     18  312.2  329.4  313.2
  698.0   3180    8.6    1.6     61   6.19     85     18  312.2  331.8  313.4
  678.0   3419    6.6    2.8     77   6.95     83     17  312.6  334.5  313.9
  664.0   3590    5.8    0.8     70   6.15     82     17  313.6  333.1  314.7
  657.0   3677    5.2   -0.8     65   5.52     81     17  313.9  331.5  314.9
  655.0   3702    5.4   -3.6     52   4.50     81     17  314.3  328.9  315.2
  640.0   3891    5.6   -9.4     33   2.94     80     16  316.7  326.5  317.2
  604.0   4362    3.4  -20.6     15   1.24    103     17  319.4  323.8  319.6
  594.0   4496    2.7  -19.0     19   1.45    110     17  320.1  325.2  320.4
  559.0   4985    0.0  -13.0     37   2.53    100     18  322.5  331.2  323.0
  548.0   5143   -0.9  -16.9     29   1.87     97     18  323.3  329.9  323.7
  541.0   5246   -1.7  -13.7     39   2.47     94     18  323.5  332.1  324.0
  540.0   5260   -1.9  -11.9     46   2.86     94     18  323.5  333.3  324.0
  535.0   5334   -2.1  -20.1     24   1.46     93     18  324.1  329.3  324.4
  519.0   5575   -1.9  -26.9     13   0.82     88     19  327.1  330.2  327.3
  511.0   5698   -2.9  -24.7     17   1.02     85     19  327.4  331.2  327.7
  504.0   5807   -3.7  -22.7     21   1.23     85     19  327.7  332.2  328.0
  500.0   5870   -4.3  -22.3     23   1.29     85     19  327.7  332.4  328.0
  498.0   5902   -4.7  -15.7     42   2.27     85     19  327.6  335.6  328.1
  488.0   6062   -5.9  -13.9     53   2.69     85     20  328.1  337.5  328.6
  482.0   6159   -6.7  -14.7     53   2.55     85     20  328.2  337.2  328.7
  481.0   6176   -6.7  -18.7     38   1.83     85     20  328.4  335.0  328.8
  474.0   6291   -7.7  -13.7     62   2.82     85     20  328.6  338.4  329.1
  462.0   6491   -9.1  -13.4     71   2.96     85     21  329.2  339.6  329.8
  452.0   6661  -10.3  -18.3     52   2.01     85     21  329.8  337.0  330.2
  430.0   7046  -12.5  -16.2     74   2.53     85     23  331.7  340.7  332.2
  422.0   7190  -12.6  -18.0     64   2.21     85     23  333.3  341.3  333.8
  419.0   7245  -12.7  -18.7     61   2.10     81     22  333.9  341.5  334.4
  400.0   7600  -14.5  -22.5     51   1.58     55     19  336.1  341.9  336.4
  390.0   7790  -16.1  -23.0     55   1.55     55     18  336.5  342.2  336.8
  371.0   8165  -19.1  -24.1     65   1.48     67     19  337.2  342.8  337.6
  346.0   8680  -22.7  -31.7     44   0.78     84     19  339.2  342.2  339.3
  318.0   9289  -27.3  -34.5     50   0.65    105     20  341.0  343.6  341.2
  300.0   9710  -30.5  -36.5     56   0.56     90     25  342.3  344.5  342.4
  270.0  10451  -37.5  -41.6     65   0.37     87     23  342.6  344.1  342.6
  250.0  10980  -41.5  -49.5     42   0.17     85     21  344.2  345.0  344.3
  245.0  11116  -42.6  -51.6     37   0.13     80     21  344.6  345.2  344.6
  240.0  11255  -43.7  -53.7     32   0.11     78     22  345.0  345.4  345.0
  200.0  12450  -54.7  -59.7     54   0.06     60     34  346.0  346.3  346.0
  199.0  12482  -54.9  -59.8     54   0.06     60     34  346.2  346.4  346.2
  177.0  13204  -60.7  -65.6     52   0.03     55     43  348.4  348.6  348.4
  153.0  14102  -67.9  -72.9     49   0.01     68     42  350.9  351.0  350.9
  150.0  14220  -68.5  -74.5     42   0.01     70     42  351.9  351.9  351.9
  143.0  14505  -69.7  -78.7     26   0.01     71     38  354.6  354.7  354.6
  125.0  15286  -73.7  -83.1     23   0.00     75     26  361.3  361.3  361.3
  119.0  15571  -75.1  -84.7     22   0.00     65     27  363.8  363.8  363.8
  107.0  16188  -78.3  -88.1     19   0.00     95     30  369.0  369.0  369.0
  100.0  16580  -80.3  -90.3     18   0.00     85     35  372.3  372.3  372.3
   97.8  16706  -81.3  -90.3     21   0.00     80     37  372.8  372.8  372.8
   96.0  16811  -79.0  -90.0     15   0.00     70     40  379.2  379.2  379.2
   95.1  16864  -77.9  -89.9     13   0.00     69     38  382.4  382.4  382.4
   91.0  17118  -76.4  -89.1     12   0.00     65     27  390.2  390.2  390.2
   89.0  17246  -75.7  -88.7     12   0.00     87     19  394.1  394.1  394.1
   87.0  17377  -76.3  -88.9     12   0.00    110     11  395.5  395.5  395.5
   82.0  17717  -77.8  -89.4     14   0.00    125     14  399.1  399.1  399.1
   79.4  17902  -78.7  -89.7     15   0.00    109     17  401.0  401.0  401.0
   75.6  18182  -78.9  -96.9      4   0.00     85     23  406.2  406.2  406.2
   74.2  18289  -78.3  -93.3      7   0.00     76     25  409.7  409.7  409.7
   74.0  18304  -77.8  -93.2      7   0.00     75     25  411.0  411.0  411.0
   70.9  18554  -70.5  -92.5      3   0.00     52     17  431.6  431.7  431.6
   70.0  18630  -69.7  -88.7      5   0.00     45     14  434.9  435.0  434.9
   64.0  19161  -70.8  -88.0      6   0.00    125     13  443.8  443.8  443.8
   63.6  19198  -70.9  -87.9      7   0.00    125     13  444.4  444.4  444.4
   56.3  19929  -64.7  -86.7      3   0.00    129     20  474.2  474.3  474.2
   55.0  20070  -64.9  -86.7      4   0.00    130     21  476.9  477.0  476.9
   51.6  20458  -65.5  -86.5      4   0.00    100     16  484.3  484.4  484.3
   50.0  20650  -63.1  -86.1      3   0.00     85     13  494.4  494.4  494.4
   47.7  20941  -59.7  -83.7      3   0.01    203      6  509.2  509.2  509.2
   47.0  21034  -59.6  -83.7      3   0.01    240      4  511.5  511.6  511.5
   45.0  21306  -59.4  -83.7      3   0.01    215      7  518.5  518.5  518.5
   43.0  21590  -59.2  -83.8      3   0.01    155      5  525.8  525.9  525.8
   41.0  21888  -58.9  -83.8      3   0.01    305      9  533.6  533.7  533.6
   39.0  22201  -58.6  -83.8      3   0.01    285     17  542.0  542.1  542.0
   37.0  22530  -58.4  -83.8      2   0.01    310     14  550.9  551.0  550.9
   35.0  22878  -58.1  -83.9      2   0.01    305     15  560.5  560.6  560.5
   34.0  23059  -57.9  -83.9      2   0.01    270     18  565.5  565.6  565.5
   33.8  23096  -57.9  -83.9      2   0.01    271     18  566.6  566.7  566.6
   31.0  23635  -60.1  -83.2      3   0.01    280     21  574.9  575.0  574.9
   30.0  23840  -60.9  -82.9      4   0.01    270     23  578.0  578.2  578.0
   28.7  24114  -62.9  -82.9      5   0.01    248     22  579.9  580.0  579.9
   28.0  24266  -62.6  -83.1      5   0.01    235     21  584.8  584.9  584.8
   25.8  24771  -61.7  -83.7      4   0.01    192     19  601.2  601.4  601.2
   25.0  24970  -60.1  -83.0      4   0.02    175     18  611.3  611.4  611.3
   24.0  25227  -58.0  -82.1      3   0.02    160     11  624.5  624.6  624.5
   23.0  25495  -55.9  -81.1      3   0.02    115     15  638.5  638.7  638.5
   22.4  25661  -54.5  -80.5      3   0.03                647.3  647.6  647.3
</PRE><H3>Station information and sounding indices</H3><PRE>
                         Station identifier: WIII
                             Station number: 96749
                           Observation time: 200929/0000
                           Station latitude: -6.11
                          Station longitude: 106.65
                          Station elevation: 8.0
                            Showalter index: 2.66
                               Lifted index: 1.35
    LIFT computed using virtual temperature: 0.74
                                SWEAT index: 206.21
                                    K index: 26.70
                         Cross totals index: 17.90
                      Vertical totals index: 22.10
                        Totals totals index: 40.00
      Convective Available Potential Energy: 8.25
             CAPE using virtual temperature: 32.74
                      Convective Inhibition: -150.10
             CINS using virtual temperature: -104.51
                           Equilibrum Level: 649.08
 Equilibrum Level using virtual temperature: 439.96
                   Level of Free Convection: 692.62
             LFCT using virtual temperature: 724.89
                     Bulk Richardson Number: 0.27
          Bulk Richardson Number using CAPV: 1.05
  Temp [K] of the Lifted Condensation Level: 291.60
Pres [hPa] of the Lifted Condensation Level: 911.73
   Equivalent potential temp [K] of the LCL: 343.03
     Mean mixed layer potential temperature: 299.43
              Mean mixed layer mixing ratio: 14.90
              1000 hPa to 500 hPa thickness: 5776.00
Precipitable water [mm] for entire sounding: 43.80
</PRE>
<P>Description of the 
<A HREF="/upperair/columns.html">data columns</A>
or <A HREF="/upperair/indices.html">sounding indices</A>.

<P>
<FORM>
<INPUT CLASS="button" TYPE="button" VALUE=" Close this window " 
 onClick="window.close();">
<INPUT CLASS="button" TYPE="button" VALUE=" Select another map " 
 onClick="window.blur();">
</FORM>
<HR SIZE="1">
<I>Interested in graduate studies in atmospheric science?
Check out our program at the
<a href="http://www.uwyo.edu/atsc/howtoapply/"
target=_top>University of Wyoming
</a></I>
<HR SIZE="1"><FONT SIZE="-1">
Questions about the weather data provided by this site can be
addressed to <A HREF="mailto:ldoolman@uwyo.edu">
Larry Oolman (ldoolman@uwyo.edu)</A></FONT>
<HR SIZE="1">
<SCRIPT TYPE="text/javascript">
<!--
window.focus();
// -->
</SCRIPT>
</BODY>
</HTML>
