2019-09-08 12
<HTML>
<TITLE>University of Wyoming - Radiosonde Data</TITLE>
<BODY BGCOLOR="white">
<H2>96749 WIII Jakarta Observations at 00Z 08 Sep 2019</H2>
<PRE>
-----------------------------------------------------------------------------
   PRES   HGHT   TEMP   DWPT   RELH   MIXR   DRCT   SKNT   THTA   THTE   THTV
    hPa     m      C      C      %    g/kg    deg   knot     K      K      K 
-----------------------------------------------------------------------------
 1013.0      8   25.2   19.2     69  14.02    180      1  297.2  338.0  299.8
 1000.0    125   24.4   18.4     69  13.50    170      6  297.6  336.9  300.0
  980.0    300   23.4   18.0     72  13.40    175      6  298.2  337.4  300.6
  947.0    598   21.6   17.2     76  13.22     90      4  299.4  338.2  301.8
  925.0    802   20.4   16.7     79  13.10     55      6  300.2  338.7  302.5
  883.0   1202   17.9   14.9     83  12.24     25      6  301.6  337.9  303.8
  853.0   1500   16.0   13.6     86  11.63     30      4  302.6  337.3  304.7
  850.0   1530   15.8   13.5     86  11.57     30      4  302.7  337.2  304.8
  833.0   1702   14.4   12.4     88  10.97     83      4  303.0  335.8  305.0
  823.0   1804   14.2   11.7     85  10.60    115      4  303.8  335.6  305.7
  795.0   2097   13.6    9.7     77   9.59    130      7  306.2  335.3  307.9
  792.0   2129   13.6    8.8     73   9.05    137      7  306.5  334.1  308.2
  776.0   2301   14.4   -0.6     36   4.74    174      5  309.2  324.2  310.1
  767.0   2400   14.4   -2.6     31   4.13    195      4  310.2  323.4  311.0
  754.0   2544   14.4   -5.6     25   3.36    202      5  311.7  322.6  312.3
  727.0   2851   12.4   -0.6     41   5.06    217      7  312.8  329.0  313.7
  714.0   3001   11.7   -6.0     28   3.43    225      8  313.7  324.9  314.3
  700.0   3167   11.0  -12.0     19   2.19    210     10  314.6  322.0  315.1
  690.0   3287   11.0  -18.0     11   1.35    215      7  315.9  320.6  316.2
  689.0   3299   10.9  -17.9     11   1.36    215      7  316.0  320.7  316.2
  664.0   3602    9.2  -16.6     14   1.58      0      1  317.3  322.8  317.6
  641.0   3892    7.5  -15.3     18   1.83      0      1  318.6  324.9  319.0
  618.0   4192    5.7  -13.9     23   2.12    235      7  320.0  327.2  320.4
  599.0   4449    4.2  -12.8     28   2.40    264     11  321.1  329.3  321.6
  595.0   4503    3.7  -12.9     28   2.38    270     12  321.1  329.3  321.6
  567.0   4892    0.0  -14.0     34   2.30    279     10  321.2  329.1  321.7
  532.0   5393   -4.8  -14.6     46   2.33    290      8  321.3  329.4  321.8
  512.0   5694   -7.8  -14.9     56   2.35    280      9  321.3  329.4  321.8
  503.0   5834   -9.1  -15.1     62   2.36    310      8  321.3  329.5  321.8
  500.0   5880   -9.5  -15.5     62   2.30    320      7  321.4  329.3  321.8
  497.0   5926   -9.9  -14.9     67   2.43    335      8  321.5  329.8  321.9
  495.0   5957   -9.9  -15.9     62   2.25    345      9  321.8  329.6  322.3
  492.0   6004   -9.8  -16.8     57   2.10      0     10  322.5  329.8  322.9
  483.0   6146   -9.5  -19.5     44   1.70      5     12  324.6  330.6  324.9
  477.0   6242   -8.3  -22.3     31   1.35      8     14  327.2  332.1  327.5
  463.0   6473   -7.1  -33.1     11   0.51     16     17  331.5  333.5  331.6
  460.0   6523   -6.9  -33.9     10   0.48     18     18  332.4  334.2  332.5
  456.0   6590   -7.5  -34.7      9   0.44     20     19  332.5  334.3  332.6
  405.0   7495  -15.1  -45.7      5   0.16      0      9  334.1  334.8  334.1
  400.0   7590  -15.9  -46.9      5   0.14    355      8  334.2  334.8  334.3
  389.0   7799  -17.6  -45.9      7   0.16    330      9  334.6  335.3  334.7
  374.0   8094  -20.1  -44.4     10   0.20    325     13  335.2  336.0  335.2
  369.0   8195  -20.9  -43.9     11   0.21    337     12  335.4  336.3  335.4
  360.0   8378  -22.3  -42.3     14   0.26    358     11  335.9  336.9  335.9
  359.0   8399  -22.2  -43.1     13   0.24      0     11  336.3  337.2  336.3
  353.0   8524  -21.7  -47.7      8   0.15     19     14  338.6  339.2  338.6
  345.0   8693  -22.5  -48.5      7   0.14     45     19  339.7  340.3  339.7
  334.0   8932  -23.7  -49.7      7   0.12     49     16  341.2  341.8  341.3
  317.0   9310  -27.0  -53.0      7   0.09     55     11  341.8  342.2  341.8
  300.0   9710  -30.5  -56.5      6   0.06     40      7  342.3  342.6  342.3
  280.0  10188  -34.7  -58.1      7   0.05      5      5  343.1  343.3  343.1
  268.0  10492  -37.3  -59.1      9   0.05     60      3  343.5  343.8  343.6
  256.0  10809  -40.1  -60.1     10   0.05     70      8  344.0  344.2  344.0
  250.0  10970  -41.5                          75     10  344.2         344.2
  216.0  11942  -50.9                          89     15  344.4         344.4
  214.0  12003  -51.3                          90     15  344.6         344.6
  200.0  12440  -54.3                          65     28  346.6         346.6
  195.0  12600  -55.6                          65     31  347.1         347.1
  178.0  13175  -60.3                          62     33  348.5         348.5
  169.0  13496  -61.3                          60     34  352.0         352.0
  161.0  13797  -62.3                          70     20  355.3         355.3
  150.0  14230  -65.1                         140      8  357.7         357.7
  146.0  14390  -66.7                         165     12  357.8         357.8
  125.0  15306  -75.7                         195     15  357.7         357.7
  113.0  15879  -78.4                         180      4  363.1         363.1
  107.0  16188  -79.9                         340      4  366.0         366.0
  103.0  16404  -80.9                         310     10  368.1         368.1
  101.0  16514  -80.1                         295     13  371.7         371.7
  100.0  16570  -79.7                         290     14  373.5         373.5
   96.0  16804  -78.4                         280     15  380.4         380.4
   91.0  17111  -76.7                         320     15  389.6         389.6
   90.9  17117  -76.7                         320     15  389.8         389.8
   82.0  17709  -78.3                         275     13  398.1         398.1
   79.2  17908  -78.9                         275     15  400.9         400.9
   78.0  17996  -78.5                         275     16  403.5         403.5
   74.0  18299  -77.0                         255     12  412.8         412.8
   71.2  18521  -75.9                         255      8  419.6         419.6
   70.0  18620  -74.1                         255      6  425.5         425.5
   67.0  18878  -70.3                         220      9  439.1         439.1
   66.7  18904  -69.9                         221      9  440.6         440.6
   61.4  19395  -70.3                         247     14  450.2         450.2
   57.0  19842  -66.3                         270     19  468.9         468.9
   55.5  20003  -64.9                         277     23  475.7         475.7
   52.0  20400  -64.0                         295     32  486.7         486.7
   50.0  20640  -63.5                         285     33  493.4         493.4
   46.9  21035  -62.9                         279     31  504.0         504.0
   33.2  23146  -67.5                         246     19  544.1         544.1
   33.0  23182  -67.4                         245     19  545.2         545.2
   32.0  23369  -67.0                         245     18  551.2         551.2
   30.0  23760  -66.1                         215     17  563.9         563.9
   29.0  23966  -65.8                         190     16  570.1         570.1
   25.4  24771  -64.7                         163     10  595.3         595.3
   25.0  24869  -63.4                         160      9  601.7         601.7
   24.0  25120  -60.2                         200      8  618.2         618.2
   23.8  25172  -59.5                         215      7  621.6         621.6
   23.0  25386  -58.8                         275      5  629.8         629.8
   22.0  25665  -57.9                         290     10  640.5         640.5
   20.1  26229  -60.9                         281     17  648.1         648.1
   20.0  26260  -61.3                         280     17  647.8         647.8
   19.0  26578  -61.2                         310      8  657.8         657.8
   18.4  26777  -61.1                          21      6  664.1         664.1
   18.0  26915  -59.7                          70      4  672.5         672.5
   17.2  27200  -56.9                          71      9  690.4         690.4
   16.5  27464  -55.3                          72     14  703.8         703.8
   15.0  28070  -56.1                          75     25  720.4         720.4
   14.4  28330  -56.5                                     727.7         727.7
</PRE><H3>Station information and sounding indices</H3><PRE>
                         Station identifier: WIII
                             Station number: 96749
                           Observation time: 190908/0000
                           Station latitude: -6.11
                          Station longitude: 106.65
                          Station elevation: 8.0
                            Showalter index: -1.43
                               Lifted index: -1.51
    LIFT computed using virtual temperature: -1.82
                                SWEAT index: 177.00
                                    K index: 15.80
                         Cross totals index: 23.00
                      Vertical totals index: 25.30
                        Totals totals index: 48.30
      Convective Available Potential Energy: 20.29
             CAPE using virtual temperature: 29.31
                      Convective Inhibition: -505.81
             CINS using virtual temperature: -402.88
                           Equilibrum Level: 484.26
 Equilibrum Level using virtual temperature: 482.42
                   Level of Free Convection: 527.15
             LFCT using virtual temperature: 534.83
                     Bulk Richardson Number: 7.26
          Bulk Richardson Number using CAPV: 10.48
  Temp [K] of the Lifted Condensation Level: 289.99
Pres [hPa] of the Lifted Condensation Level: 908.28
   Equivalent potential temp [K] of the LCL: 337.34
     Mean mixed layer potential temperature: 298.08
              Mean mixed layer mixing ratio: 13.47
              1000 hPa to 500 hPa thickness: 5755.00
Precipitable water [mm] for entire sounding: 36.99
</PRE>
<P>Description of the 
<A HREF="/upperair/columns.html">data columns</A>
or <A HREF="/upperair/indices.html">sounding indices</A>.

<P>
<FORM>
<INPUT CLASS="button" TYPE="button" VALUE=" Close this window " 
 onClick="window.close();">
<INPUT CLASS="button" TYPE="button" VALUE=" Select another map " 
 onClick="window.blur();">
</FORM>
<HR SIZE="1">
<I>Interested in graduate studies in atmospheric science?
Check out our program at the
<a href="http://www.uwyo.edu/atsc/howtoapply/"
target=_top>University of Wyoming
</a></I>
<HR SIZE="1"><FONT SIZE="-1">
Questions about the weather data provided by this site can be
addressed to <A HREF="mailto:ldoolman@uwyo.edu">
Larry Oolman (ldoolman@uwyo.edu)</A></FONT>
<HR SIZE="1">
<SCRIPT TYPE="text/javascript">
<!--
window.focus();
// -->
</SCRIPT>
</BODY>
</HTML>
