2020-06-05 00
<HTML>
<TITLE>University of Wyoming - Radiosonde Data</TITLE>
<BODY BGCOLOR="white">
<H2>96749 WIII Jakarta Observations at 00Z 05 Jun 2020</H2>
<PRE>
-----------------------------------------------------------------------------
   PRES   HGHT   TEMP   DWPT   RELH   MIXR   DRCT   SKNT   THTA   THTE   THTV
    hPa     m      C      C      %    g/kg    deg   knot     K      K      K 
-----------------------------------------------------------------------------
 1010.0      8   25.0   22.0     83  16.79    210      1  297.3  346.1  300.3
 1000.0     95   25.8   22.3     81  17.28    200      5  298.9  349.5  302.0
  996.0    131   26.4   22.4     79  17.46    188      5  299.9  351.2  303.0
  977.0    301   26.2   21.4     75  16.69    130      6  301.4  350.7  304.4
  974.0    329   26.2   21.2     74  16.57    131      6  301.6  350.7  304.6
  944.0    605   24.5   18.9     71  14.78    145      3  302.6  346.5  305.3
  925.0    784   23.4   17.4     69  13.70    150      4  303.2  344.1  305.7
  913.0    897   22.6   16.8     70  13.34    135      6  303.5  343.4  306.0
  882.0   1196   20.5   15.2     72  12.42    105      8  304.4  341.6  306.6
  850.0   1515   18.2   13.4     74  11.49    110     12  305.2  339.9  307.3
  828.0   1740   16.2   14.3     89  12.53    102      9  305.4  343.1  307.7
  822.0   1803   16.2   13.9     86  12.30    100      8  306.0  343.2  308.3
  805.0   1982   16.2   12.8     80  11.67     95      9  307.9  343.4  310.0
  767.0   2394   13.7   11.1     84  10.93     85     12  309.5  343.1  311.5
  765.0   2416   13.6   11.0     84  10.89     86     12  309.6  343.0  311.6
  743.0   2663   12.2    7.3     72   8.71     97     12  310.6  337.7  312.3
  730.0   2812   11.8    3.8     58   6.93    104     12  311.8  333.6  313.1
  723.0   2893   12.8    1.8     47   6.06    108     12  313.7  333.1  314.9
  706.0   3093   12.2    0.2     44   5.53    117     12  315.2  333.0  316.2
  700.0   3165   11.8   -0.2     44   5.42    120     12  315.5  333.0  316.6
  689.0   3297   10.8   -0.3     46   5.47    125     14  315.8  333.5  316.9
  654.0   3730    7.4   -0.6     57   5.63    109     13  316.7  335.0  317.8
  637.0   3947    6.0   -5.0     45   4.16    101     13  317.5  331.2  318.3
  617.0   4207    4.0   -3.0     60   5.00     91     13  318.1  334.5  319.1
  595.0   4502    2.5  -10.3     38   2.96     80     12  319.7  329.7  320.3
  594.0   4516    2.4  -10.6     38   2.89     81     12  319.8  329.5  320.3
  582.0   4680    1.4  -10.6     40   2.94     89      9  320.5  330.4  321.0
  574.0   4792    0.6   -4.1     71   4.95     94      8  320.8  337.1  321.8
  566.0   4905    0.0   -2.5     83   5.66    100      6  321.4  340.0  322.5
  552.0   5105   -1.2   -3.7     83   5.30    110      3  322.3  339.8  323.3
  535.0   5355   -2.7   -5.2     83   4.88     76      4  323.4  339.7  324.3
  532.0   5399   -2.8   -6.0     78   4.61     70      4  323.8  339.2  324.7
  521.0   5565   -3.1   -9.1     63   3.71     70      6  325.4  338.0  326.1
  500.0   5890   -5.3  -11.3     63   3.24     70     10  326.5  337.7  327.1
  461.0   6522   -9.1  -17.1     52   2.18     70     15  329.4  337.2  329.9
  456.0   6607   -9.4  -17.0     54   2.22     70     16  330.1  338.0  330.6
  447.0   6761   -9.9  -16.9     57   2.29     75     17  331.4  339.5  331.8
  436.0   6952  -10.5  -21.5     40   1.58     82     19  332.9  338.8  333.3
  426.0   7130  -11.9  -20.9     47   1.71     88     21  333.4  339.6  333.7
  424.0   7166  -11.9  -25.9     30   1.10     89     21  333.8  338.0  334.1
  421.0   7220  -11.7  -31.7     17   0.64     91     21  334.8  337.3  334.9
  400.0   7610  -13.9  -41.9      7   0.24    105     25  336.8  337.8  336.9
  390.0   7801  -15.4  -44.0      7   0.20    105     24  337.3  338.1  337.3
  383.0   7938  -16.5  -45.5      6   0.17    103     21  337.6  338.3  337.6
  365.0   8298  -19.1  -30.1     37   0.86     99     13  338.8  342.2  339.0
  346.0   8693  -21.7  -31.0     43   0.84     95      4  340.5  343.8  340.7
  332.0   8997  -23.7  -31.7     48   0.82    170      4  341.8  345.0  342.0
  307.0   9565  -27.9  -39.9     31   0.39    112      1  343.7  345.3  343.8
  306.0   9588  -28.0  -40.0     31   0.38    110      1  343.8  345.4  343.9
  300.0   9730  -28.9  -40.9     31   0.36     40      1  344.5  346.0  344.6
  293.0   9898  -30.3  -42.3     30   0.32      5      2  344.9  346.3  345.0
  281.0  10195  -32.7  -44.7     29   0.26    310      6  345.6  346.7  345.6
  278.0  10271  -33.3  -45.3     29   0.24    301      6  345.8  346.8  345.8
  262.0  10686  -36.5  -43.5     48   0.31    249      7  347.0  348.3  347.1
  258.0  10792  -37.4  -45.1     45   0.27    235      7  347.2  348.3  347.2
  250.0  11010  -39.3  -48.3     38   0.19    215     11  347.5  348.3  347.5
  247.0  11093  -39.9  -49.9     34   0.16    213     11  347.8  348.5  347.8
  216.0  11987  -47.8                         185     11  349.2         349.2
  206.0  12303  -50.6                         190      9  349.6         349.6
  200.0  12500  -52.3                         220      7  349.8         349.8
  188.0  12887  -55.9                         265     11  350.3         350.3
  171.0  13480  -61.3                         265      8  350.8         350.8
  163.0  13780  -64.1                         295     10  351.0         351.0
  150.0  14280  -68.7                         305     11  351.6         351.6
  133.0  14987  -74.6                         300     13  353.3         353.3
  129.0  15166  -76.1                         294     12  353.8         353.8
  126.0  15301  -77.1                         290     12  354.3         354.3
  120.0  15580  -79.2                         300      9  355.6         355.6
  119.0  15628  -79.5                         313      9  355.8         355.8
  114.0  15870  -79.9                          20      8  359.4         359.4
  102.0  16498  -80.9                          35     18  369.1         369.1
  100.0  16610  -81.1                          55     16  370.8         370.8
   97.0  16781  -81.8                          80     20  372.7         372.7
   90.0  17201  -83.5                          95     26  377.4         377.4
   82.0  17722  -82.7                         110     31  389.2         389.2
   71.7  18474  -81.5                          93     34  406.9         406.9
   70.0  18610  -79.1                          90     35  414.8         414.8
   68.7  18718  -75.7                          94     35  424.4         424.4
   67.0  18864  -75.4                         100     36  428.1         428.1
   66.6  18899  -75.3                          99     36  429.0         429.0
   64.1  19125  -70.1                          89     35  445.1         445.1
   63.0  19229  -69.8                          85     35  447.9         447.9
   57.0  19830  -68.4                         115     32  464.1         464.1
   56.5  19883  -68.3                         111     32  465.6         465.6
   53.0  20272  -64.5                          83     34  483.0         483.0
   52.0  20389  -64.5                          75     35  485.6         485.6
   50.0  20630  -64.5                          70     30  491.1         491.1
   48.2  20852  -65.3                          76     32  494.3         494.3
   47.0  21005  -65.0                          80     33  498.6         498.6
   43.3  21503  -64.1                          85     30  512.6         512.6
   43.0  21545  -63.7                          85     30  514.8         514.8
   40.8  21868  -60.3                         101     26  530.9         530.9
   39.0  22148  -60.1                         115     22  538.4         538.4
   34.0  23002  -59.4                         100     13  561.8         561.8
   32.0  23379  -59.0                          70      6  572.5         572.5
   30.0  23780  -58.7                          95      8  584.0         584.0
   29.5  23886  -58.5                          79      9  587.4         587.4
   28.0  24211  -60.1                          30     11  591.8         591.8
   26.9  24461  -61.3                          44     12  595.2         595.2
   26.0  24674  -59.5                          55     13  606.0         606.0
   25.0  24920  -57.5                         105     12  618.7         618.7
   24.8  24970  -57.1                         110     13  621.3         621.3
   24.0  25178  -56.8                         130     16  628.1         628.1
   23.0  25448  -56.3                         100     25  637.0         637.0
   21.6  25846  -55.7                          97     22  650.5         650.5
   21.0  26027  -54.4                          95     20  659.7         659.7
   20.0  26340  -52.1                          75     19  675.9         675.9
   19.1  26639  -50.3                                     690.5         690.5
</PRE><H3>Station information and sounding indices</H3><PRE>
                         Station identifier: WIII
                             Station number: 96749
                           Observation time: 200605/0000
                           Station latitude: -6.11
                          Station longitude: 106.65
                          Station elevation: 8.0
                            Showalter index: 1.65
                               Lifted index: -2.13
    LIFT computed using virtual temperature: -2.59
                                SWEAT index: 194.81
                                    K index: 24.90
                         Cross totals index: 18.70
                      Vertical totals index: 23.50
                        Totals totals index: 42.20
      Convective Available Potential Energy: 312.44
             CAPE using virtual temperature: 437.92
                      Convective Inhibition: -63.12
             CINS using virtual temperature: -44.30
                           Equilibrum Level: 249.28
 Equilibrum Level using virtual temperature: 248.16
                   Level of Free Convection: 836.09
             LFCT using virtual temperature: 848.97
                     Bulk Richardson Number: 54.91
          Bulk Richardson Number using CAPV: 76.96
  Temp [K] of the Lifted Condensation Level: 293.51
Pres [hPa] of the Lifted Condensation Level: 920.06
   Equivalent potential temp [K] of the LCL: 349.64
     Mean mixed layer potential temperature: 300.60
              Mean mixed layer mixing ratio: 16.68
              1000 hPa to 500 hPa thickness: 5795.00
Precipitable water [mm] for entire sounding: 50.72
</PRE>
<P>Description of the 
<A HREF="/upperair/columns.html">data columns</A>
or <A HREF="/upperair/indices.html">sounding indices</A>.

<P>
<FORM>
<INPUT CLASS="button" TYPE="button" VALUE=" Close this window " 
 onClick="window.close();">
<INPUT CLASS="button" TYPE="button" VALUE=" Select another map " 
 onClick="window.blur();">
</FORM>
<HR SIZE="1">
<I>Interested in graduate studies in atmospheric science?
Check out our program at the
<a href="http://www.uwyo.edu/atsc/howtoapply/"
target=_top>University of Wyoming
</a></I>
<HR SIZE="1"><FONT SIZE="-1">
Questions about the weather data provided by this site can be
addressed to <A HREF="mailto:ldoolman@uwyo.edu">
Larry Oolman (ldoolman@uwyo.edu)</A></FONT>
<HR SIZE="1">
<SCRIPT TYPE="text/javascript">
<!--
window.focus();
// -->
</SCRIPT>
</BODY>
</HTML>
