2021-05-20 00
<HTML>
<TITLE>University of Wyoming - Radiosonde Data</TITLE>
<BODY BGCOLOR="white">
<H2>96749 WIII Jakarta Observations at 00Z 20 May 2021</H2>
<PRE>
-----------------------------------------------------------------------------
   PRES   HGHT   TEMP   DWPT   RELH   MIXR   DRCT   SKNT   THTA   THTE   THTV
    hPa     m      C      C      %    g/kg    deg   knot     K      K      K 
-----------------------------------------------------------------------------
 1009.0      8   25.0   23.5     91  18.45    110      2  297.4  351.0  300.7
 1008.0     17   26.4   24.5     89  19.65    108      2  298.9  356.4  302.4
 1000.0     89   26.4   24.1     87  19.33     95      5  299.6  356.3  303.0
  944.0    596   23.7   21.1     85  16.97     85     13  301.8  352.1  304.9
  925.0    775   22.8   20.0     84  16.19     95     13  302.6  350.7  305.6
  912.0    898   22.0   19.3     85  15.74    100     11  303.0  349.9  305.9
  851.0   1499   18.1   16.1     88  13.67     75      3  305.0  346.0  307.5
  850.0   1509   18.0   16.0     88  13.64     70      3  305.0  346.0  307.5
  837.0   1641   17.0   16.0     94  13.85     37      4  305.3  346.9  307.8
  821.0   1805   16.3   14.7     90  12.93    355      5  306.2  345.3  308.6
  793.0   2100   15.0   12.2     84  11.40    345      4  307.9  342.6  310.0
  765.0   2405   13.6    9.7     77   9.97    265      3  309.6  340.3  311.5
  752.0   2551   13.0    8.5     74   9.34    312      2  310.4  339.4  312.2
  739.0   2697   12.4    4.4     58   7.14      0      1  311.3  333.7  312.7
  725.0   2858   11.8    2.8     54   6.50    323      3  312.4  332.9  313.6
  718.0   2939   11.0    6.3     73   8.41    304      3  312.4  338.7  313.9
  713.0   2997   10.9    4.9     66   7.68    290      4  312.9  337.1  314.4
  702.0   3127   10.8    1.8     54   6.25    265      5  314.2  334.1  315.3
  700.0   3151   10.6    1.6     54   6.18    260      5  314.2  333.9  315.4
  663.0   3602    8.6   -5.9     35   3.73    240      7  316.8  329.1  317.5
  653.0   3728    8.0   -8.0     31   3.22    251      6  317.6  328.3  318.2
  643.0   3856    6.8   -4.2     45   4.38    263      6  317.6  332.0  318.4
  616.0   4208    5.5  -13.3     25   2.25    295      4  320.0  327.7  320.4
  615.0   4221    5.4  -13.6     24   2.19    294      4  320.1  327.6  320.5
  594.0   4504    3.3  -16.5     22   1.78    265      6  320.8  327.0  321.2
  589.0   4572    2.8  -17.2     21   1.69    269      6  321.0  326.9  321.3
  572.0   4809    0.7   -6.5     59   4.13    285      5  321.2  335.0  322.0
  567.0   4880    0.0   -3.3     78   5.32    296      5  321.2  338.8  322.3
  561.0   4965   -0.7   -3.4     82   5.34    308      4  321.4  339.0  322.4
  559.0   4994   -0.7   -3.8     80   5.20    313      4  321.7  338.9  322.7
  556.0   5037   -0.5   -7.5     59   3.93    319      4  322.4  335.7  323.2
  551.0   5109   -1.1   -6.2     68   4.41    330      4  322.6  337.3  323.4
  549.0   5138   -1.3   -5.6     73   4.61    326      4  322.6  338.1  323.6
  533.0   5374   -2.5  -11.5     50   2.99    294      4  324.0  334.2  324.5
  531.0   5404   -2.6  -11.3     51   3.04    290      4  324.1  334.6  324.7
  514.0   5662   -3.9   -9.9     63   3.53    349      1  325.6  337.7  326.3
  511.0   5708   -4.1  -10.5     61   3.38      0      1  326.0  337.6  326.6
  500.0   5880   -4.7  -12.7     54   2.90      0      0  327.2  337.3  327.8
  492.0   6007   -5.2  -13.9     51   2.67      0      1  328.1  337.5  328.6
  488.0   6071   -5.5  -14.5     49   2.56     10      2  328.5  337.6  329.1
  474.0   6298   -6.7  -16.9     44   2.16     45      4  329.8  337.4  330.2
  456.0   6600   -8.4  -20.1     38   1.71    350      3  331.4  337.6  331.7
  442.0   6843   -9.7  -22.7     34   1.40    324      7  332.7  337.9  332.9
  407.0   7478  -12.7  -23.7     39   1.40    254     18  336.7  341.9  337.0
  405.0   7515  -13.0  -23.7     40   1.40    250     19  336.8  342.1  337.1
  400.0   7610  -13.7  -23.7     43   1.42    245     18  337.1  342.4  337.4
  375.0   8097  -18.0  -23.5     62   1.54    275      9  337.7  343.5  338.0
  372.0   8157  -18.5  -23.5     65   1.55    283      9  337.8  343.6  338.1
  360.0   8401  -19.4  -26.1     55   1.27    315      7  339.8  344.7  340.1
  358.0   8443  -19.5  -26.5     54   1.23    315      7  340.2  344.9  340.4
  332.0   8996  -24.1  -29.0     64   1.06    320      5  341.3  345.4  341.5
  318.0   9312  -26.7  -30.4     71   0.96    345      8  341.9  345.6  342.1
  305.0   9611  -28.9  -33.5     64   0.75    355     15  343.0  345.9  343.1
  300.0   9730  -29.7  -34.7     62   0.67      0     15  343.4  346.1  343.5
  293.0   9894  -31.1  -36.6     58   0.57      5     15  343.8  346.1  343.9
  250.0  11000  -40.1  -49.1     38   0.18      5     28  346.3  347.1  346.4
  246.0  11110  -40.9  -51.2     32   0.14      5     29  346.7  347.3  346.8
  241.0  11250  -41.9  -53.9     26   0.10      3     29  347.2  347.7  347.3
  236.0  11390  -43.1  -54.9     26   0.09      0     30  347.5  348.0  347.6
  215.0  12009  -48.4  -59.2     28   0.06    355     25  348.7  349.0  348.7
  200.0  12490  -52.5  -62.5     29   0.04    355     22  349.5  349.7  349.5
  187.0  12916  -56.6  -63.8     40   0.04      0     25  349.6  349.8  349.6
  182.0  13088  -58.3  -64.3     46   0.04      3     24  349.6  349.8  349.6
  179.0  13189  -59.1  -65.4     44   0.03      5     24  349.9  350.1  349.9
  154.0  14109  -66.4  -75.0     29   0.01     20     29  352.8  352.9  352.8
  150.0  14270  -67.7  -76.7     27   0.01     20     29  353.3  353.3  353.3
  148.0  14351  -68.5  -77.5     26   0.01     23     31  353.2  353.3  353.2
  147.0  14392  -68.6  -78.3     24   0.01     25     32  353.7  353.7  353.7
  139.0  14727  -69.7  -84.7     10   0.00     59     26  357.5  357.5  357.5
  126.0  15297  -73.1  -86.9     11   0.00    120     15  361.6  361.6  361.6
  108.0  16193  -78.4  -90.4     13   0.00    175     20  367.8  367.8  367.8
  100.0  16640  -81.1  -92.1     15   0.00    155     20  370.8  370.8  370.8
   97.0  16811  -82.6  -93.6     14   0.00    150     20  371.1  371.1  371.1
   94.8  16939  -83.7  -94.7     14   0.00    145     18  371.4  371.4  371.4
   89.4  17265  -84.3  -95.3     13   0.00    148     10  376.5  376.5  376.5
   87.1  17410  -81.3  -94.3     10   0.00    150      7  385.3  385.3  385.3
   87.0  17417  -81.3  -94.3     10   0.00    150      7  385.4  385.4  385.4
   83.2  17667  -82.9  -94.9     11   0.00    344      5  387.1  387.1  387.1
   83.0  17681  -82.8  -94.8     11   0.00    335      5  387.6  387.6  387.6
   78.0  18034  -80.3  -93.4     10   0.00    265     11  399.8  399.8  399.8
   74.0  18334  -78.2  -92.2      9   0.00    295     15  410.3  410.3  410.3
   70.0  18650  -75.9  -90.9      8   0.00    290     23  421.7  421.7  421.7
   69.2  18716  -75.1  -91.1      7   0.00    290     22  424.8  424.8  424.8
   64.0  19168  -75.2  -93.2      5   0.00    290     17  434.1  434.1  434.1
   61.3  19418  -75.3  -94.3      4   0.00    307     16  439.3  439.3  439.3
   60.0  19542  -74.2  -94.0      3   0.00    315     16  444.6  444.6  444.6
   59.7  19571  -73.9  -93.9      3   0.00    312     17  445.8  445.8  445.8
   58.7  19671  -68.9  -91.9      2   0.00    301     19  459.2  459.2  459.2
   57.7  19774  -66.5  -89.5      3   0.00    290     21  466.9  466.9  466.9
   55.0  20064  -66.3  -89.6      3   0.00    260     28  473.8  473.8  473.8
   50.0  20640  -65.9  -89.9      2   0.00    260     28  487.8  487.8  487.8
   45.0  21283  -65.7  -90.2      2   0.00    260     31  503.1  503.1  503.1
   41.0  21851  -65.6  -90.4      2   0.00    255     34  517.0  517.0  517.0
   38.7  22203  -65.5  -90.5      2   0.00    252     24  525.8  525.9  525.8
   37.0  22477  -65.1  -90.1      2   0.00    250     16  533.6  533.7  533.7
   36.2  22611  -64.9  -89.9      2   0.00    252     12  537.5  537.5  537.5
   35.0  22821  -62.8  -88.9      2   0.00    255      5  548.3  548.3  548.3
   33.0  23188  -59.0  -87.0      2   0.01     15     10  567.4  567.5  567.4
   32.0  23380  -57.1  -86.1      1   0.01     31     15  577.6  577.7  577.6
   30.0  23790  -57.5  -84.5      2   0.01     65     25  587.3  587.4  587.3
   28.0  24222  -58.2  -84.8      2   0.01     75     23  597.1  597.2  597.1
   26.0  24686  -58.9  -85.2      2   0.01    110     33  607.9  608.0  607.9
   24.4  25083  -59.5  -85.5      2   0.01    106     35  617.2  617.3  617.2
   22.6  25562  -58.1  -85.1      2   0.01    102     38  635.0  635.1  635.0
   21.8  25790  -54.7  -84.7      1   0.01    100     39  651.8  651.9  651.8
   20.0  26340  -54.1  -83.1      2   0.02     95     42  669.8  670.0  669.8
   18.2  26945  -53.9  -81.9      2   0.03     86     53  688.8  689.0  688.8
   18.0  27017  -53.4  -81.7      2   0.03     85     54  692.5  692.8  692.5
   15.5  27993  -46.5  -79.5      1   0.05     83     57  745.4  745.9  745.5
   13.0  29158  -47.2  -77.6      2   0.07     80     60  781.5  782.4  781.5
   12.6  29365  -47.3  -77.3      2   0.08                788.1  789.0  788.1
</PRE><H3>Station information and sounding indices</H3><PRE>
                         Station identifier: WIII
                             Station number: 96749
                           Observation time: 210520/0000
                           Station latitude: -6.11
                          Station longitude: 106.65
                          Station elevation: 8.0
                            Showalter index: -0.16
                               Lifted index: -3.25
    LIFT computed using virtual temperature: -3.91
                                SWEAT index: 197.98
                                    K index: 29.70
                         Cross totals index: 20.70
                      Vertical totals index: 22.70
                        Totals totals index: 43.40
      Convective Available Potential Energy: 1339.29
             CAPE using virtual temperature: 1548.61
                      Convective Inhibition: -19.45
             CINS using virtual temperature: -12.83
                           Equilibrum Level: 145.23
 Equilibrum Level using virtual temperature: 145.22
                   Level of Free Convection: 878.32
             LFCT using virtual temperature: 893.64
                     Bulk Richardson Number: 216.21
          Bulk Richardson Number using CAPV: 250.01
  Temp [K] of the Lifted Condensation Level: 295.65
Pres [hPa] of the Lifted Condensation Level: 947.56
   Equivalent potential temp [K] of the LCL: 354.66
     Mean mixed layer potential temperature: 300.26
              Mean mixed layer mixing ratio: 18.52
              1000 hPa to 500 hPa thickness: 5791.00
Precipitable water [mm] for entire sounding: 53.23
</PRE>
<P>Description of the 
<A HREF="/upperair/columns.html">data columns</A>
or <A HREF="/upperair/indices.html">sounding indices</A>.

<P>
<FORM>
<INPUT CLASS="button" TYPE="button" VALUE=" Close this window " 
 onClick="window.close();">
<INPUT CLASS="button" TYPE="button" VALUE=" Select another map " 
 onClick="window.blur();">
</FORM>
<HR SIZE="1">
<I>Interested in graduate studies in atmospheric science?
Check out our program at the
<a href="http://www.uwyo.edu/atsc/howtoapply/"
target=_top>University of Wyoming
</a></I>
<HR SIZE="1"><FONT SIZE="-1">
Questions about the weather data provided by this site can be
addressed to <A HREF="mailto:ldoolman@uwyo.edu">
Larry Oolman (ldoolman@uwyo.edu)</A></FONT>
<HR SIZE="1">
<SCRIPT TYPE="text/javascript">
<!--
window.focus();
// -->
</SCRIPT>
</BODY>
</HTML>
