2019-12-26 12
<HTML>
<TITLE>University of Wyoming - Radiosonde Data</TITLE>
<BODY BGCOLOR="white">
<H2>96749 WIII Jakarta Observations at 00Z 26 Dec 2019</H2>
<PRE>
-----------------------------------------------------------------------------
   PRES   HGHT   TEMP   DWPT   RELH   MIXR   DRCT   SKNT   THTA   THTE   THTV
    hPa     m      C      C      %    g/kg    deg   knot     K      K      K 
-----------------------------------------------------------------------------
 1010.0      8   25.4   24.2     93  19.25    340      4  297.7  353.8  301.1
 1000.0     94   25.2   22.5     85  17.50    265      1  298.4  349.4  301.5
  977.0    298   24.2   21.8     86  17.10     20      3  299.4  349.5  302.4
  944.0    600   22.8   20.6     88  16.53    300      6  300.9  349.6  303.9
  925.0    779   22.0   20.0     88  16.19    250      5  301.8  349.7  304.7
  912.0    902   21.4   19.4     89  15.81    230      5  302.4  349.3  305.2
  881.0   1201   19.8   17.9     89  14.90    275      1  303.8  348.3  306.5
  851.0   1501   18.2   16.4     89  14.03    225      2  305.1  347.3  307.7
  850.0   1511   18.2   16.4     89  14.00    220      2  305.2  347.3  307.8
  822.0   1796   17.0   14.3     84  12.61     60      2  306.8  345.0  309.1
  793.0   2102   15.6   12.0     79  11.25    120      2  308.6  343.0  310.6
  766.0   2397   14.3    9.8     74  10.05    235      2  310.2  341.3  312.1
  740.0   2691   13.1    7.7     70   8.97    260      3  311.9  339.9  313.6
  723.0   2889   12.2    6.2     67   8.29    256      4  313.1  339.1  314.6
  700.0   3160   10.8    4.8     66   7.76    250      5  314.4  339.0  315.9
  595.0   4495    2.3   -1.2     78   5.92    260      5  319.4  338.8  320.6
  573.0   4805    0.3   -2.6     81   5.54    275      6  320.6  338.8  321.7
  570.0   4848    0.0   -2.8     81   5.49    274      6  320.7  338.8  321.8
  532.0   5397   -3.3   -5.3     86   4.86    265      7  323.1  339.4  324.1
  512.0   5701   -5.2   -6.7     89   4.54    280      7  324.5  339.7  325.4
  500.0   5890   -6.3   -7.6     90   4.34    275      3  325.3  340.0  326.1
  474.0   6304   -9.1   -9.9     93   3.81    235      5  326.8  339.9  327.6
  465.0   6453  -10.1  -10.8     95   3.63    251      5  327.4  339.9  328.1
  422.0   7195  -13.3  -14.8     89   2.89    330      5  332.4  342.7  333.0
  420.0   7231  -13.5  -15.0     88   2.86    325      5  332.7  342.8  333.3
  412.0   7377  -14.1  -16.8     80   2.51    307      3  333.7  342.7  334.2
  405.0   7506  -15.0  -17.0     85   2.50    290      2  334.2  343.2  334.7
  400.0   7600  -15.7  -17.2     88   2.50    315      2  334.5  343.5  335.0
  392.0   7752  -16.5  -17.9     89   2.40    295      3  335.4  344.1  335.9
  390.0   7790  -16.7  -18.8     84   2.24    290      3  335.6  343.7  336.0
  374.0   8104  -18.7  -25.7     54   1.27    265      2  337.0  341.8  337.3
  360.0   8387  -20.7  -24.9     69   1.42    158      2  338.0  343.4  338.3
  359.0   8407  -20.8  -25.1     69   1.40    150      2  338.1  343.4  338.4
  345.0   8696  -22.8  -27.4     66   1.17      0      1  339.3  343.8  339.6
  305.0   9590  -28.9  -34.7     57   0.66    145      2  342.9  345.6  343.1
  300.0   9710  -29.7  -35.7     56   0.61    135      3  343.4  345.9  343.5
  299.0   9734  -29.9  -35.9     56   0.60    134      3  343.4  345.9  343.6
  292.0   9900  -31.3  -37.4     55   0.53    125      3  343.8  345.9  343.9
  280.0  10195  -33.7  -40.1     53   0.42    155      3  344.4  346.1  344.5
  268.0  10503  -36.3  -42.9     50   0.32     85      4  345.0  346.4  345.1
  257.0  10797  -38.8  -45.6     48   0.25    105      6  345.6  346.6  345.6
  252.0  10935  -39.9  -46.9     47   0.22     98      7  345.8  346.8  345.9
  250.0  10990  -40.5                          95      8  345.7         345.7
  246.0  11096  -41.4                          90      9  345.9         345.9
  215.0  11984  -49.1                         110     12  347.5         347.5
  200.0  12460  -53.3                         100     18  348.2         348.2
  187.0  12878  -57.0                         105     19  349.0         349.0
  162.0  13771  -64.9                         100     24  350.3         350.3
  150.0  14250  -69.1                          90     26  350.9         350.9
  137.0  14784  -73.5                          88     27  352.3         352.3
  121.0  15499  -78.3                          86     29  356.3         356.3
  113.0  15887  -78.7                          85     30  362.5         362.5
  102.0  16468  -79.4                          95     19  372.0         372.0
  100.0  16580  -79.5                          95     21  373.9         373.9
   96.0  16811  -80.0                          80     18  377.4         377.4
   93.1  16985  -80.3                          23     13  380.0         380.0
   91.6  17077  -77.5                         352     10  387.3         387.3
   91.0  17115  -77.4                         340      9  388.3         388.3
   87.0  17373  -76.5                         295     25  395.1         395.1
   86.2  17426  -76.3                         293     26  396.5         396.5
   77.8  18012  -79.7                         265     36  401.3         401.3
   74.0  18295  -79.8                         260     34  406.9         406.9
   70.0  18610  -79.9                         250     25  413.1         413.1
   68.9  18699  -80.5                         250     23  413.7         413.7
   63.0  19206  -79.6                         250     14  426.4         426.4
   58.8  19597  -78.9                         219     15  436.5         436.5
   54.0  20087  -75.2                         180     16  455.7         455.7
   53.6  20129  -74.9                         173     16  457.4         457.4
   52.3  20273  -71.3                         149     14  469.0         469.0
   50.0  20540  -69.5                         105     11  479.3         479.3
   49.0  20661  -68.3                          75     12  484.8         484.8
   48.1  20772  -67.3                          66     12  489.9         489.9
   44.0  21309  -67.8                          25     14  501.2         501.2
   43.6  21364  -67.9                          15     13  502.3         502.3
   42.0  21591  -65.3                         335      7  514.2         514.2
   41.4  21678  -64.3                         313      6  518.8         518.8
   40.0  21888  -65.6                         260      5  520.7         520.7
   39.2  22011  -66.3                         211      5  521.9         521.9
   38.0  22200  -66.2                         135      4  526.7         526.7
   36.0  22528  -66.2                         205      6  535.1         535.1
   35.1  22681  -66.1                         203      6  539.1         539.1
   34.0  22876  -65.6                         200      6  545.5         545.5
   33.0  23058  -65.1                         115      6  551.5         551.5
   31.0  23440  -64.0                          95     13  564.3         564.3
   30.1  23620  -63.5                          91     17  570.4         570.4
   30.0  23640  -63.5                          90     17  571.0         571.0
   29.0  23850  -60.3                          90     13  585.3         585.3
   27.2  24250  -59.5                          90      7  598.4         598.4
   27.0  24295  -59.7                          90      6  599.1         599.1
   26.0  24530  -60.6                         140      6  603.0         603.0
   25.0  24774  -61.6                         140     17  607.0         607.0
   24.3  24950  -62.3                                     609.9         609.9
</PRE><H3>Station information and sounding indices</H3><PRE>
                         Station identifier: WIII
                             Station number: 96749
                           Observation time: 191226/0000
                           Station latitude: -6.11
                          Station longitude: 106.65
                          Station elevation: 8.0
                            Showalter index: -2.25
                               Lifted index: -3.17
    LIFT computed using virtual temperature: -3.47
                                SWEAT index: 203.79
                                    K index: 34.90
                         Cross totals index: 22.70
                      Vertical totals index: 24.50
                        Totals totals index: 47.20
      Convective Available Potential Energy: 654.12
             CAPE using virtual temperature: 731.61
                      Convective Inhibition: -70.21
             CINS using virtual temperature: -39.56
                           Equilibrum Level: 178.61
 Equilibrum Level using virtual temperature: 177.63
                   Level of Free Convection: 682.08
             LFCT using virtual temperature: 758.16
                     Bulk Richardson Number: 421.78
          Bulk Richardson Number using CAPV: 471.74
  Temp [K] of the Lifted Condensation Level: 294.61
Pres [hPa] of the Lifted Condensation Level: 948.12
   Equivalent potential temp [K] of the LCL: 349.80
     Mean mixed layer potential temperature: 299.14
              Mean mixed layer mixing ratio: 17.33
              1000 hPa to 500 hPa thickness: 5796.00
Precipitable water [mm] for entire sounding: 59.71
</PRE>
<P>Description of the 
<A HREF="/upperair/columns.html">data columns</A>
or <A HREF="/upperair/indices.html">sounding indices</A>.

<P>
<FORM>
<INPUT CLASS="button" TYPE="button" VALUE=" Close this window " 
 onClick="window.close();">
<INPUT CLASS="button" TYPE="button" VALUE=" Select another map " 
 onClick="window.blur();">
</FORM>
<HR SIZE="1">
<I>Interested in graduate studies in atmospheric science?
Check out our program at the
<a href="http://www.uwyo.edu/atsc/howtoapply/"
target=_top>University of Wyoming
</a></I>
<HR SIZE="1"><FONT SIZE="-1">
Questions about the weather data provided by this site can be
addressed to <A HREF="mailto:ldoolman@uwyo.edu">
Larry Oolman (ldoolman@uwyo.edu)</A></FONT>
<HR SIZE="1">
<SCRIPT TYPE="text/javascript">
<!--
window.focus();
// -->
</SCRIPT>
</BODY>
</HTML>
