2017-10-01 00
<HTML>
<TITLE>University of Wyoming - Radiosonde Data</TITLE>
<BODY BGCOLOR="white">
<H2>96749 WIII Jakarta Observations at 00Z 01 Oct 2017</H2>
<PRE>
-----------------------------------------------------------------------------
   PRES   HGHT   TEMP   DWPT   RELH   MIXR   DRCT   SKNT   THTA   THTE   THTV
    hPa     m      C      C      %    g/kg    deg   knot     K      K      K 
-----------------------------------------------------------------------------
 1011.0      8   26.0   22.8     83  17.63    140      4  298.2  349.7  301.4
 1000.0    104   25.0   20.8     78  15.73    210      8  298.1  344.0  301.0
  978.0    298   24.7   19.5     73  14.82    225     17  299.7  343.2  302.4
  937.0    671   24.0   17.0     65  13.18    229     15  302.7  342.0  305.1
  925.0    783   23.0   17.0     69  13.35    230     15  302.8  342.6  305.2
  913.0    896   22.0   16.8     72  13.37    225     12  303.0  342.8  305.4
  874.0   1274   18.8   16.2     85  13.43    204      8  303.4  343.5  305.9
  850.0   1513   17.6   15.3     86  13.03    190      5  304.6  343.7  306.9
  822.0   1798   16.2   13.7     85  12.16    200      7  306.0  342.7  308.2
  794.0   2093   14.7   12.1     84  11.30    190      7  307.5  341.9  309.6
  759.0   2477   12.8   10.0     83  10.26    155      7  309.4  340.9  311.3
  739.0   2701   10.9    9.0     88   9.83    135      7  309.7  340.0  311.5
  724.0   2873    9.4    8.2     92   9.51    131      8  309.9  339.2  311.6
  700.0   3153    8.8    6.1     83   8.51    125      9  312.2  338.8  313.8
  691.0   3260    8.0    5.5     84   8.26    129      8  312.5  338.4  314.0
  688.0   3296    8.3    5.2     81   8.15    130      8  313.2  338.9  314.8
  684.0   3344    8.8    4.9     77   8.00    126      8  314.3  339.6  315.8
  639.0   3905    5.9   -2.3     56   5.09     85     13  317.2  333.8  318.1
  631.0   4008    5.4   -3.6     52   4.67     87     13  317.7  333.0  318.6
  602.0   4391    2.4   -4.6     60   4.54     93     12  318.6  333.5  319.4
  578.0   4719    1.2  -11.8     37   2.69     99     11  320.9  330.1  321.4
  572.0   4803    0.7  -10.5     43   3.02    100     11  321.2  331.4  321.8
  565.0   4902    0.0   -9.0     51   3.44     97     10  321.6  333.2  322.2
  563.0   4930   -0.1  -12.1     40   2.70     96     10  321.8  331.0  322.3
  559.0   4987   -0.5  -13.5     37   2.43     94      9  321.9  330.3  322.4
  553.0   5073   -1.5   -8.5     59   3.66     91      8  321.8  334.1  322.5
  551.0   5102   -1.3  -10.9     48   3.04     90      8  322.3  332.6  322.9
  546.0   5175   -0.9  -16.9     29   1.87     81      9  323.6  330.2  324.0
  531.0   5396   -2.7  -15.9     35   2.09     55     11  324.1  331.4  324.5
  524.0   5501   -3.5  -15.5     39   2.20     53     12  324.3  332.0  324.8
  511.0   5699   -4.7  -20.2     29   1.51     50     14  325.2  330.7  325.6
  502.0   5839   -5.5  -23.5     23   1.15     66     12  325.9  330.1  326.1
  500.0   5870   -5.5  -26.5     17   0.88     70     11  326.3  329.5  326.4
  497.0   5917   -5.7  -24.7     21   1.04     75     11  326.6  330.4  326.8
  496.0   5933   -5.7  -18.7     35   1.77     77     11  326.8  333.1  327.1
  488.0   6061   -6.1  -26.1     19   0.94     92     11  327.8  331.3  328.0
  473.0   6304   -7.9  -28.5     17   0.78    120     12  328.5  331.5  328.7
  463.0   6470   -9.1  -30.1     16   0.68    115     15  329.0  331.6  329.2
  448.0   6724  -11.1  -23.1     36   1.34    106     19  329.6  334.5  329.9
  442.0   6828  -11.7  -24.7     33   1.18    103     20  330.1  334.5  330.4
  440.0   6862  -11.9  -28.9     23   0.80    101     21  330.3  333.4  330.5
  438.0   6897  -12.1  -30.1     21   0.72    100     21  330.5  333.2  330.6
  437.0   6915  -12.3  -29.3     23   0.78    100     22  330.4  333.4  330.6
  435.0   6950  -12.5  -20.5     51   1.73     98     22  330.6  336.9  331.0
  429.0   7056  -12.9  -15.6     80   2.66     95     24  331.4  340.9  332.0
  426.0   7110  -12.7  -16.4     74   2.51     93     25  332.4  341.3  332.9
  425.0   7128  -12.7  -16.0     76   2.60     92     25  332.6  341.9  333.1
  421.0   7200  -12.4  -27.5     27   0.96     90     26  333.8  337.4  334.0
  419.0   7237  -12.3  -33.3     16   0.55     90     26  334.4  336.6  334.6
  400.0   7590  -14.5  -29.5     27   0.83     90     29  336.1  339.3  336.2
  387.0   7840  -15.5  -33.5     20   0.59     91     29  337.9  340.2  338.1
  346.0   8675  -22.3  -35.3     30   0.55     93     27  339.7  341.9  339.8
  307.0   9545  -28.3  -47.3     14   0.18     95     26  343.1  343.9  343.1
  300.0   9710  -29.7  -45.7     20   0.21     95     26  343.4  344.3  343.4
  288.0   9999  -32.3  -44.3     29   0.26     93     24  343.7  344.8  343.8
  268.0  10498  -36.1  -49.6     24   0.15     90     21  345.4  346.1  345.4
  250.0  10980  -39.7  -54.7     19   0.09     85     21  346.9  347.3  346.9
  249.0  11007  -39.9  -54.9     19   0.09     85     21  347.0  347.4  347.0
  205.0  12296  -51.3                          75     31  349.0         349.0
  200.0  12460  -52.7                          70     31  349.1         349.1
  162.0  13771  -64.1                          50     47  351.6         351.6
  150.0  14250  -68.3                          50     49  352.2         352.2
  145.0  14451  -70.3                          54     47  352.2         352.2
  132.0  14987  -73.7                          65     42  355.7         355.7
  113.0  15874  -79.4                         115     11  361.2         361.2
  101.0  16515  -83.5                          95     28  365.1         365.1
  100.0  16570  -83.5                          95     28  366.2         366.2
   96.0  16804  -81.3                         100     18  374.8         374.8
   91.0  17110  -78.3                         155     16  386.4         386.4
   84.9  17507  -74.5                         187     15  401.9         401.9
   78.0  18005  -74.2                         225     13  412.3         412.3
   74.0  18314  -74.1                         230     12  418.9         418.9
   70.0  18640  -73.9                         305      6  426.0         426.0
   67.0  18894  -73.5                         330     10  432.1         432.1
   64.0  19161  -73.1                         335     22  438.7         438.7
   63.8  19179  -73.1                         334     22  439.2         439.2
   57.0  19845  -67.6                         290     19  466.1         466.1
   56.0  19950  -66.7                         296     18  470.4         470.4
   52.2  20371  -67.5                         319     12  478.1         478.1
   52.0  20394  -67.3                         320     12  479.0         479.0
   50.0  20630  -65.5                         350     17  488.7         488.7
   48.7  20792  -61.7                         342     16  501.4         501.4
   41.0  21841  -65.6                         290     10  517.1         517.1
   39.0  22146  -66.7                         230      7  521.7         521.7
   37.0  22466  -67.9                         200     16  526.6         526.6
   36.6  22533  -68.1                                     527.6         527.6
</PRE><H3>Station information and sounding indices</H3><PRE>
                         Station identifier: WIII
                             Station number: 96749
                           Observation time: 171001/0000
                           Station latitude: -6.11
                          Station longitude: 106.65
                          Station elevation: 8.0
                            Showalter index: -0.07
                               Lifted index: -0.14
    LIFT computed using virtual temperature: -0.83
                                SWEAT index: 204.58
                                    K index: 35.70
                         Cross totals index: 20.80
                      Vertical totals index: 23.10
                        Totals totals index: 43.90
      Convective Available Potential Energy: 20.21
             CAPE using virtual temperature: 78.20
                      Convective Inhibition: -127.67
             CINS using virtual temperature: -112.74
                           Equilibrum Level: 427.31
 Equilibrum Level using virtual temperature: 426.63
                   Level of Free Convection: 737.43
             LFCT using virtual temperature: 742.42
                     Bulk Richardson Number: 1.11
          Bulk Richardson Number using CAPV: 4.31
  Temp [K] of the Lifted Condensation Level: 291.90
Pres [hPa] of the Lifted Condensation Level: 914.66
   Equivalent potential temp [K] of the LCL: 343.77
     Mean mixed layer potential temperature: 299.46
              Mean mixed layer mixing ratio: 15.16
              1000 hPa to 500 hPa thickness: 5766.00
Precipitable water [mm] for entire sounding: 50.00
</PRE>
<P>Description of the 
<A HREF="/upperair/columns.html">data columns</A>
or <A HREF="/upperair/indices.html">sounding indices</A>.

<P>
<FORM>
<INPUT CLASS="button" TYPE="button" VALUE=" Close this window " 
 onClick="window.close();">
<INPUT CLASS="button" TYPE="button" VALUE=" Select another map " 
 onClick="window.blur();">
</FORM>
<HR SIZE="1">
<I>Interested in graduate studies in atmospheric science?
Check out our program at the
<a href="http://www.uwyo.edu/atsc/howtoapply/"
target=_top>University of Wyoming
</a></I>
<HR SIZE="1"><FONT SIZE="-1">
Questions about the weather data provided by this site can be
addressed to <A HREF="mailto:ldoolman@uwyo.edu">
Larry Oolman (ldoolman@uwyo.edu)</A></FONT>
<HR SIZE="1">
<SCRIPT TYPE="text/javascript">
<!--
window.focus();
// -->
</SCRIPT>
</BODY>
</HTML>
