2016-05-17 12
<HTML>
<TITLE>University of Wyoming - Radiosonde Data</TITLE>
<BODY BGCOLOR="white">
<H2>96749 WIII Jakarta Observations at 00Z 17 May 2016</H2>
<PRE>
-----------------------------------------------------------------------------
   PRES   HGHT   TEMP   DWPT   RELH   MIXR   DRCT   SKNT   THTA   THTE   THTV
    hPa     m      C      C      %    g/kg    deg   knot     K      K      K 
-----------------------------------------------------------------------------
 1008.0      8   26.6   25.4     93  20.78    290      4  299.1  360.0  302.8
 1000.0     84   26.8   24.1     85  19.33    210      4  299.9  356.8  303.4
  976.0    299   26.1   22.2     79  17.58    150      1  301.4  353.4  304.5
  964.0    408   25.8   21.2     76  16.74    200      2  302.1  351.8  305.1
  943.0    601   24.7   19.4     72  15.27    290      3  302.9  348.4  305.7
  925.0    770   23.8   17.8     69  14.06    300      4  303.6  345.7  306.2
  912.0    894   23.1   17.3     70  13.78    290      5  304.1  345.4  306.7
  881.0   1196   21.4   16.0     71  13.11    255      5  305.4  344.9  307.8
  850.0   1509   19.6   14.6     73  12.44    310      4  306.7  344.4  308.9
  822.0   1797   17.4   14.0     80  12.37    350      2  307.3  344.8  309.6
  800.0   2030   15.6   13.5     87  12.30    358      1  307.8  345.2  310.0
  794.0   2094   15.3   13.1     87  12.07      0      1  308.1  344.9  310.3
  766.0   2397   13.8   11.2     84  11.02    300      1  309.7  343.6  311.8
  739.0   2701   12.4    9.3     81  10.04     15      3  311.3  342.4  313.2
  714.0   2992   11.0    7.5     79   9.16     90      5  312.9  341.5  314.6
  700.0   3159   10.2    6.4     77   8.69     90      8  313.8  341.1  315.4
  636.0   3954    7.2    0.2     61   6.14     95     12  319.1  339.0  320.2
  579.0   4722    3.0   -5.0     56   4.58     99     16  322.8  338.1  323.7
  573.0   4807    2.4   -4.7     60   4.73    100     16  323.0  338.8  323.9
  566.0   4906    1.6   -4.4     64   4.90     98     15  323.3  339.6  324.2
  562.0   4963    1.4   -4.6     64   4.86     97     15  323.7  340.0  324.6
  552.0   5108    1.6   -9.4     44   3.42     95     14  325.6  337.3  326.3
  543.0   5241    0.8   -9.2     47   3.53     93     13  326.2  338.3  326.9
  542.0   5256    0.6   -5.4     64   4.75     93     13  326.1  342.1  327.0
  532.0   5405    0.1   -9.7     48   3.46     90     12  327.3  339.2  328.0
  529.0   5451    0.0  -11.0     43   3.14     90     12  327.6  338.6  328.3
  519.0   5603   -1.1   -9.1     55   3.72     92     12  328.1  340.9  328.9
  508.0   5774   -2.3  -12.3     46   2.94     94     13  328.7  339.0  329.3
  503.0   5853   -2.9  -12.9     46   2.83     95     13  328.9  338.8  329.4
  500.0   5900   -3.1  -15.1     39   2.38     95     13  329.2  337.6  329.7
  494.0   5996   -4.1  -14.1     46   2.61     94     13  329.1  338.3  329.6
  492.0   6028   -4.3  -13.3     50   2.80     93     14  329.2  339.1  329.8
  491.0   6044   -4.3   -8.9     70   4.00     93     14  329.4  343.2  330.2
  479.0   6240   -4.9  -12.9     53   2.97     91     15  331.0  341.5  331.6
  475.0   6306   -5.4  -12.8     56   3.03     90     15  331.2  341.9  331.8
  453.0   6678   -8.3  -12.0     75   3.38    112     15  332.1  344.0  332.8
  440.0   6904   -9.2  -14.2     67   2.92    125     15  333.8  344.1  334.4
  421.0   7247  -10.5  -17.5     56   2.31    114     14  336.3  344.7  336.8
  407.0   7507  -12.4  -17.8     64   2.33    105     13  337.2  345.7  337.6
  403.0   7583  -12.9  -17.9     66   2.34    105     12  337.4  345.9  337.9
  400.0   7640  -13.3  -19.3     61   2.09    105     12  337.6  345.3  338.0
  391.0   7812  -14.3  -23.3     46   1.51    111     15  338.5  344.2  338.8
  380.0   8027  -15.7  -21.7     60   1.78    118     18  339.4  346.1  339.8
  361.0   8410  -18.3  -26.5     48   1.22    130     24  341.0  345.7  341.3
  355.0   8535  -19.1  -28.1     45   1.07    127     25  341.5  345.7  341.8
  350.0   8640  -19.7  -34.7     25   0.58    125     26  342.1  344.4  342.2
  339.0   8875  -21.1  -40.1     16   0.35    120     27  343.3  344.8  343.4
  323.0   9228  -23.7  -40.7     19   0.34    112     30  344.5  345.9  344.6
  320.0   9296  -24.4  -40.8     20   0.34    110     30  344.5  345.9  344.6
  313.0   9456  -25.9  -40.9     23   0.34    113     30  344.6  346.0  344.6
  310.0   9525  -26.5  -40.5     25   0.36    115     30  344.7  346.2  344.8
  307.0   9595  -27.3  -34.3     51   0.69    116     30  344.5  347.2  344.6
  300.0   9760  -28.7  -33.4     64   0.77    120     30  344.8  347.9  345.0
  297.0   9832  -29.3  -33.0     70   0.80    120     30  345.0  348.1  345.1
  281.0  10224  -31.9  -40.9     41   0.38    123     29  346.7  348.3  346.8
  275.0  10376  -32.5  -49.5     17   0.15    124     29  348.0  348.7  348.0
  270.0  10504  -33.4  -51.0     15   0.13    125     29  348.5  349.1  348.5
  250.0  11040  -37.3  -57.3     11   0.07    115     25  350.5  350.8  350.5
  240.0  11321  -39.9  -58.9     11   0.06    114     25  350.7  350.9  350.7
  208.0  12278  -48.1                         110     26  352.5         352.5
  200.0  12540  -50.3                         120     26  352.9         352.9
  150.0  14350  -65.9                         155     11  356.4         356.4
  141.0  14706  -68.8                         155     12  357.6         357.6
  134.0  14998  -71.2                         140     10  358.6         358.6
  115.0  15877  -78.3                         180     14  361.4         361.4
  100.0  16680  -84.9                         180     19  363.4         363.4
   98.0  16790  -85.6                         175     22  364.2         364.2
   87.2  17425  -89.5                         135     33  368.7         368.7
   82.8  17705  -87.7                         111     33  377.9         377.9
   81.4  17799  -83.7                         104     33  387.9         387.9
   79.0  17964  -83.8                          90     33  390.9         390.9
   78.3  18014  -83.9                          84     31  391.8         391.8
   75.0  18256  -78.2                          55     22  408.6         408.6
   74.7  18279  -77.7                          54     22  410.1         410.1
   70.0  18650  -78.1                          40     21  417.0         417.0
   67.9  18825  -78.1                          26     22  420.6         420.6
   67.0  18902  -77.2                          20     22  424.1         424.1
   64.0  19168  -74.2                         295      9  436.3         436.3
   63.5  19214  -73.7                         291      9  438.4         438.4
   60.3  19517  -74.1                         267      9  444.1         444.1
   60.0  19547  -73.3                         265      9  446.5         446.5
   58.3  19718  -68.7                         159      9  460.5         460.5
   58.0  19749  -68.8                         140      9  461.0         461.0
   53.5  20233  -69.9                         122     18  469.2         469.2
   52.0  20404  -69.1                         115     21  474.8         474.8
   50.0  20640  -68.1                         125     21  482.6         482.6
   47.0  21012  -67.4                         130     26  492.9         492.9
   41.2  21805  -65.9                          96     39  515.5         515.5
   41.0  21835  -65.6                          95     39  517.0         517.0
   39.2  22108  -62.9                          97     40  530.5         530.5
   37.0  22462  -63.1                         100     42  538.8         538.8
   32.6  23239  -63.5                          64     31  557.6         557.6
   31.3  23487  -63.7                          52     27  563.5         563.5
   30.0  23750  -58.7                          40     23  584.0         584.0
   29.6  23834  -56.9                          22     21  591.2         591.2
   29.0  23964  -56.5                         355     17  595.9         595.9
   28.8  24008  -56.3                         335     18  597.5         597.5
   28.0  24188  -51.9                         255     22  614.5         614.5
   25.0  24922  -51.2                         215     23  636.7         636.7
   23.7  25268  -50.9                         237     20  647.4         647.4
   23.0  25461  -51.9                         250     19  650.1         650.1
   21.4  25926  -54.3                         198     10  656.4         656.4
   21.0  26047  -53.9                         185      8  661.3         661.3
   20.0  26360  -52.7                         270      5  674.1         674.1
   19.0  26693  -51.1                         305     17  689.1         689.1
   18.3  26937  -49.9                         297     23  700.2         700.2
   17.0  27419  -49.4                         280     34  716.9         716.9
   16.0  27817  -48.9                                     730.9         730.9
</PRE><H3>Station information and sounding indices</H3><PRE>
                         Station identifier: WIII
                             Station number: 96749
                           Observation time: 160517/0000
                           Station latitude: -6.11
                          Station longitude: 106.65
                          Station elevation: 8.0
                            Showalter index: 2.05
                               Lifted index: -1.43
    LIFT computed using virtual temperature: -2.16
                                SWEAT index: 196.20
                                    K index: 33.50
                         Cross totals index: 17.70
                      Vertical totals index: 22.70
                        Totals totals index: 40.40
      Convective Available Potential Energy: 504.44
             CAPE using virtual temperature: 655.48
                      Convective Inhibition: -62.81
             CINS using virtual temperature: -38.60
                           Equilibrum Level: 196.60
 Equilibrum Level using virtual temperature: 195.94
                   Level of Free Convection: 821.41
             LFCT using virtual temperature: 837.60
                     Bulk Richardson Number: 126.65
          Bulk Richardson Number using CAPV: 164.56
  Temp [K] of the Lifted Condensation Level: 294.85
Pres [hPa] of the Lifted Condensation Level: 929.89
   Equivalent potential temp [K] of the LCL: 353.99
     Mean mixed layer potential temperature: 301.06
              Mean mixed layer mixing ratio: 17.99
              1000 hPa to 500 hPa thickness: 5816.00
Precipitable water [mm] for entire sounding: 56.59
</PRE>
<P>Description of the 
<A HREF="/upperair/columns.html">data columns</A>
or <A HREF="/upperair/indices.html">sounding indices</A>.

<P>
<FORM>
<INPUT CLASS="button" TYPE="button" VALUE=" Close this window " 
 onClick="window.close();">
<INPUT CLASS="button" TYPE="button" VALUE=" Select another map " 
 onClick="window.blur();">
</FORM>
<HR SIZE="1">
<I>Interested in graduate studies in atmospheric science?
Check out our program at the
<a href="http://www.uwyo.edu/atsc/howtoapply/"
target=_top>University of Wyoming
</a></I>
<HR SIZE="1"><FONT SIZE="-1">
Questions about the weather data provided by this site can be
addressed to <A HREF="mailto:ldoolman@uwyo.edu">
Larry Oolman (ldoolman@uwyo.edu)</A></FONT>
<HR SIZE="1">
<SCRIPT TYPE="text/javascript">
<!--
window.focus();
// -->
</SCRIPT>
</BODY>
</HTML>
