2018-08-19 12
<HTML>
<TITLE>University of Wyoming - Radiosonde Data</TITLE>
<BODY BGCOLOR="white">
<H2>96749 WIII Jakarta Observations at 00Z 19 Aug 2018</H2>
<PRE>
-----------------------------------------------------------------------------
   PRES   HGHT   TEMP   DWPT   RELH   MIXR   DRCT   SKNT   THTA   THTE   THTV
    hPa     m      C      C      %    g/kg    deg   knot     K      K      K 
-----------------------------------------------------------------------------
 1011.0      8   22.0   18.6     81  13.52    200      2  294.2  333.0  296.6
 1000.0     98   22.8   17.8     73  12.99    150      6  295.9  333.5  298.3
  996.0    133   23.8   17.8     69  13.04    139      6  297.3  335.3  299.6
  978.0    294   23.0   16.8     68  12.43     90      8  298.1  334.4  300.3
  925.0    783   20.6   13.6     64  10.69     90     14  300.4  332.0  302.3
  912.0    906   20.4   12.4     60  10.05     90     12  301.4  331.3  303.2
  898.0   1040   20.2   11.2     56   9.38     94      8  302.5  330.6  304.2
  881.0   1204   18.8   11.1     61   9.48    100      3  302.7  331.1  304.4
  872.0   1293   18.0   11.0     64   9.54    127      4  302.8  331.4  304.5
  865.0   1362   17.4   11.4     68   9.88    148      4  302.8  332.5  304.6
  863.0   1382   17.4   11.4     68   9.90    154      4  303.0  332.8  304.9
  856.0   1452   18.0    5.0     42   6.43    175      5  304.4  324.1  305.6
  851.0   1502   17.7    4.7     42   6.32    190      5  304.5  323.9  305.7
  850.0   1512   17.6    4.6     42   6.29    190      5  304.6  323.9  305.7
  822.0   1797   16.0    3.8     44   6.15    235      6  305.8  324.8  306.9
  815.0   1870   15.6    3.6     45   6.12    241      7  306.1  325.1  307.3
  803.0   1995   14.2    8.2     67   8.57    251      8  305.9  332.1  307.5
  798.0   2048   13.8    8.8     72   8.98    256      8  306.1  333.4  307.7
  797.0   2059   13.8    9.0     73   9.12    257      9  306.2  333.9  307.9
  793.0   2101   14.2    4.1     51   6.53    260      9  307.0  327.2  308.2
  787.0   2165   14.8   -3.2     29   3.86    258      9  308.4  320.6  309.1
  784.0   2197   14.8   -6.2     23   3.08    257     10  308.7  318.6  309.3
  765.0   2403   13.4   -6.5     24   3.09    250     11  309.4  319.4  310.0
  739.0   2693   11.5   -6.9     27   3.10    265     13  310.4  320.5  311.0
  732.0   2773   11.0   -7.0     28   3.10    262     13  310.6  320.8  311.2
  724.0   2864   10.4   -1.6     43   4.72    259     12  311.0  326.0  311.9
  719.0   2922   10.4   -5.6     32   3.52    258     12  311.6  323.0  312.2
  712.0   3003    9.7   -2.6     42   4.45    255     12  311.6  325.9  312.5
  704.0   3097    8.8    0.8     57   5.79    258     11  311.7  330.1  312.8
  701.0   3132    8.6    0.6     57   5.73    260     11  311.9  330.0  312.9
  700.0   3144    8.4    1.4     61   6.09    260     11  311.8  331.0  312.9
  697.0   3180    8.6   -2.4     46   4.62    265     10  312.4  327.2  313.2
  696.0   3191    8.8   -8.2     29   2.97    266     10  312.7  322.5  313.3
  695.0   3203    8.8   -9.2     27   2.75    268     10  312.8  321.9  313.4
  692.0   3239    8.4   -4.6     39   3.95    272      9  312.8  325.6  313.5
  691.0   3251    8.4   -3.6     43   4.26    274      9  312.9  326.7  313.7
  689.0   3275    8.6  -10.4     25   2.53    277      8  313.4  321.8  313.9
  687.0   3299    8.6  -10.8     24   2.45    280      8  313.6  321.8  314.1
  680.0   3384    8.6  -12.4     21   2.18    294      8  314.6  321.9  315.0
  674.0   3457    8.0   -8.0     31   3.12    306      9  314.7  325.0  315.3
  672.0   3481    7.6   -5.4     39   3.82    310      9  314.5  327.0  315.2
  665.0   3568    8.0  -17.0     15   1.53    324      9  315.9  321.2  316.2
  662.0   3605    7.9  -18.0     14   1.41    330      9  316.2  321.1  316.5
  648.0   3781    7.4  -22.6     10   0.97    330      9  317.6  321.0  317.8
  639.0   3896    7.2  -13.8     21   2.07    330      9  318.6  325.7  319.0
  638.0   3909    7.2  -15.1     19   1.86    330      9  318.8  325.2  319.1
  636.0   3934    7.2  -17.8     15   1.49    331      9  319.1  324.3  319.3
  635.0   3947    7.4  -22.6     10   0.99    332      9  319.4  323.0  319.6
  632.0   3986    7.2  -13.8     21   2.09    334      8  319.6  326.8  320.0
  631.0   3999    6.8   -8.2     33   3.28    335      8  319.3  330.3  319.9
  622.0   4117    6.6  -26.4      7   0.72    340      8  320.4  323.0  320.5
  615.0   4209    6.0  -25.8      8   0.76    345      7  320.8  323.6  320.9
  593.0   4504    4.2  -24.0     11   0.93      0      5  321.9  325.3  322.1
  572.0   4796    2.3  -22.2     14   1.13    205      5  323.1  327.2  323.3
  551.0   5099    0.4  -20.4     19   1.38    245      9  324.3  329.3  324.6
  547.0   5158    0.0  -20.0     21   1.44    242      9  324.5  329.7  324.8
  511.0   5698   -4.0  -27.1     15   0.82    215      4  326.0  329.1  326.2
  500.0   5870   -5.3  -29.3     13   0.68    215      2  326.5  329.1  326.6
  495.0   5949   -6.1  -30.1     13   0.64    305      1  326.5  328.9  326.6
  492.0   5996   -6.5  -29.6     14   0.68      0      1  326.6  329.1  326.7
  473.0   6301   -8.8  -26.0     23   0.97     55      5  327.4  331.0  327.6
  466.0   6417   -9.7  -24.7     28   1.11     67      9  327.7  331.8  327.9
  455.0   6600  -10.4  -25.7     27   1.04     85     15  329.1  332.9  329.3
  432.0   6998  -11.9  -27.9     25   0.90     73     18  332.1  335.4  332.2
  400.0   7580  -17.1  -28.1     38   0.95     55     22  332.7  336.3  332.9
  383.0   7905  -19.9  -28.9     45   0.92     52     25  333.1  336.6  333.3
  373.0   8100  -21.6  -29.4     50   0.90     50     27  333.4  336.8  333.6
  367.0   8220  -22.7  -29.7     53   0.89     53     28  333.5  336.9  333.7
  362.0   8321  -23.3  -30.3     53   0.86     55     28  334.0  337.3  334.2
  359.0   8382  -23.5  -30.5     53   0.85     56     28  334.5  337.8  334.7
  353.0   8505  -22.7  -38.7     22   0.38     59     29  337.2  338.8  337.3
  351.0   8547  -22.5  -42.5     14   0.26     60     29  338.1  339.1  338.1
  303.0   9608  -31.1  -48.3     17   0.16     85     35  340.4  341.1  340.5
  300.0   9680  -31.7  -48.7     17   0.15     85     35  340.6  341.2  340.6
  258.0  10726  -39.9  -55.9     16   0.08     64     46  343.5  343.9  343.5
  250.0  10940  -41.1                          60     48  344.8         344.8
  204.0  12280  -51.5                          55     63  349.1         349.1
  200.0  12410  -52.5                          55     63  349.5         349.5
  189.0  12775  -53.7                          60     57  353.2         353.2
  177.0  13185  -57.2                          65     51  354.2         354.2
  150.0  14220  -65.9                          85     24  356.4         356.4
  146.0  14380  -67.2                          90     20  356.9         356.9
  132.0  14979  -72.0                         150     15  358.7         358.7
  128.0  15161  -73.5                         151     14  359.2         359.2
  119.0  15580  -75.1                         155     11  363.8         363.8
  113.0  15878  -76.2                         120      5  367.1         367.1
  107.0  16191  -77.4                           0      1  370.7         370.7
  102.0  16466  -78.5                         180      8  373.8         373.8
  100.0  16580  -78.9                         170     14  375.0         375.0
   93.3  16972  -81.3                         155     26  377.8         377.8
   90.0  17176  -77.7                         132     29  388.9         388.9
   87.0  17370  -77.4                         110     32  393.3         393.3
   82.6  17667  -76.9                          97     30  400.2         400.2
   82.0  17710  -76.4                          95     30  402.1         402.1
   77.0  18075  -71.9                          40     16  418.7         418.7
   74.0  18310  -70.6                           5      7  426.1         426.1
   72.3  18448  -69.9                         348      4  430.5         430.5
   71.0  18556  -70.1                         335      2  432.3         432.3
   70.0  18640  -70.3                         330      2  433.7         433.7
   67.0  18899  -71.7                         320      5  436.1         436.1
   64.0  19169  -71.7                         130      4  441.8         441.8
   61.0  19452  -71.7                         135     15  447.9         447.9
   60.2  19530  -71.7                         131     18  449.6         449.6
   55.0  20070  -66.0                         100     35  474.5         474.5
   54.4  20136  -65.3                          99     37  477.5         477.5
   50.0  20650  -64.3                          90     51  491.5         491.5
   45.0  21306  -62.5                          80     52  511.0         511.0
   37.0  22525  -59.1                          75     57  549.0         549.0
   34.1  23034  -57.7                          79     55  565.7         565.7
   30.0  23850  -54.5                          85     53  595.5         595.5
   29.0  24067  -52.4                          90     50  607.2         607.2
   28.7  24134  -51.7                          93     50  610.8         610.8
   27.0  24526  -53.4                         110     51  616.8         616.8
   26.7  24597  -53.7                         110     50  617.9         617.9
   23.0  25565  -48.9                         105     32  659.0         659.0
   22.0  25854  -47.4                         110     14  671.6         671.6
   21.5  26003  -46.7                         174      8  678.3         678.3
   21.0  26158  -46.4                         240      2  683.8         683.8
   20.5  26317  -46.1                         270      9  689.4         689.4
   20.0  26480  -46.9                         300     17  691.8         691.8
   18.1  27134  -51.7                         286      8  696.8         696.8
   18.0  27170  -51.8                         285      8  697.5         697.5
   17.0  27539  -53.1                         310      5  704.7         704.7
   16.6  27692  -53.7                         300      5  707.7         707.7
   16.0  27930  -52.2                         285      6  720.1         720.1
   15.5  28136  -50.9                         292      6  731.0         731.0
   15.0  28350  -50.1                         300      7  740.6         740.6
   14.1  28755  -48.5                         287      5  759.1         759.1
   14.0  28801  -48.5                         285      5  760.5         760.5
   13.4  29089  -48.7                         294     14  769.5         769.5
   13.0                                       300     21                     
</PRE><H3>Station information and sounding indices</H3><PRE>
                         Station identifier: WIII
                             Station number: 96749
                           Observation time: 180819/0000
                           Station latitude: -6.11
                          Station longitude: 106.65
                          Station elevation: 8.0
                            Showalter index: 9.08
                               Lifted index: 4.16
    LIFT computed using virtual temperature: 3.68
                                SWEAT index: 67.19
                                    K index: 20.50
                         Cross totals index: 9.90
                      Vertical totals index: 22.90
                        Totals totals index: 32.80
      Convective Available Potential Energy: 0.00
             CAPE using virtual temperature: 0.00
                      Convective Inhibition: 0.00
             CINS using virtual temperature: 0.00
                     Bulk Richardson Number: 0.00
          Bulk Richardson Number using CAPV: 0.00
  Temp [K] of the Lifted Condensation Level: 288.79
Pres [hPa] of the Lifted Condensation Level: 901.77
   Equivalent potential temp [K] of the LCL: 333.97
     Mean mixed layer potential temperature: 297.46
              Mean mixed layer mixing ratio: 12.56
              1000 hPa to 500 hPa thickness: 5772.00
Precipitable water [mm] for entire sounding: 29.81
</PRE>
<P>Description of the 
<A HREF="/upperair/columns.html">data columns</A>
or <A HREF="/upperair/indices.html">sounding indices</A>.

<P>
<FORM>
<INPUT CLASS="button" TYPE="button" VALUE=" Close this window " 
 onClick="window.close();">
<INPUT CLASS="button" TYPE="button" VALUE=" Select another map " 
 onClick="window.blur();">
</FORM>
<HR SIZE="1">
<I>Interested in graduate studies in atmospheric science?
Check out our program at the
<a href="http://www.uwyo.edu/atsc/howtoapply/"
target=_top>University of Wyoming
</a></I>
<HR SIZE="1"><FONT SIZE="-1">
Questions about the weather data provided by this site can be
addressed to <A HREF="mailto:ldoolman@uwyo.edu">
Larry Oolman (ldoolman@uwyo.edu)</A></FONT>
<HR SIZE="1">
<SCRIPT TYPE="text/javascript">
<!--
window.focus();
// -->
</SCRIPT>
</BODY>
</HTML>
