2019-10-29 00
<HTML>
<TITLE>University of Wyoming - Radiosonde Data</TITLE>
<BODY BGCOLOR="white">
<H2>96749 WIII Jakarta Observations at 00Z 29 Oct 2019</H2>
<PRE>
-----------------------------------------------------------------------------
   PRES   HGHT   TEMP   DWPT   RELH   MIXR   DRCT   SKNT   THTA   THTE   THTV
    hPa     m      C      C      %    g/kg    deg   knot     K      K      K 
-----------------------------------------------------------------------------
 1010.0      8   22.2   18.6     80  13.54    210      3  294.5  333.4  296.9
 1009.0     16   23.0   18.0     73  13.04    205      3  295.4  333.0  297.7
 1006.0     39   24.4   19.4     74  14.30    190      4  297.0  338.6  299.6
 1000.0     87   24.8   19.9     74  14.86    160      5  297.9  341.2  300.6
  988.0    194   25.6   20.6     74  15.72    129      5  299.8  346.0  302.6
  977.0    292   24.9   20.3     75  15.56    100      5  300.1  345.9  302.9
  925.0    773   21.8   18.6     82  14.80     90      5  301.6  345.4  304.3
  912.0    897   21.0   18.0     83  14.48     85      5  302.0  344.9  304.6
  909.0    926   20.8   17.9     83  14.41     82      5  302.1  344.8  304.7
  881.0   1198   19.0   15.6     80  12.78     50      7  302.9  341.1  305.3
  850.0   1509   17.0   12.9     77  11.12     55      9  303.9  337.3  306.0
  806.0   1961   15.0   10.3     73   9.85     78      7  306.5  336.4  308.3
  793.0   2099   14.6    9.0     69   9.17     85      7  307.4  335.5  309.1
  758.0   2480   13.4    5.4     58   7.47    104      7  310.2  333.4  311.6
  755.0   2513   14.2   -0.8     36   4.80    106      7  311.4  326.7  312.3
  754.0   2524   14.4   -8.6     20   2.66    106      7  311.7  320.5  312.2
  751.0   2558   14.6  -15.4     11   1.54    108      6  312.3  317.6  312.6
  750.0   2569   14.4  -13.6     13   1.79    108      6  312.2  318.2  312.5
  749.0   2580   13.8   -3.2     31   4.05    109      6  311.6  324.7  312.4
  740.0   2682   13.8   -4.2     28   3.80    114      6  312.7  325.1  313.4
  712.0   3005   10.8   -2.2     40   4.59    130      6  312.9  327.7  313.8
  700.0   3146    9.8   -2.2     43   4.67    130      5  313.3  328.4  314.2
  681.0   3373    8.2   -3.8     42   4.26    115      6  314.0  327.8  314.8
  672.0   3483    8.0  -11.0     25   2.47    108      6  315.0  323.2  315.4
  662.0   3606    6.8   -9.0     31   2.93    100      7  315.0  324.8  315.6
  653.0   3718    5.8   -7.2     39   3.43    107      7  315.1  326.4  315.7
  645.0   3819    5.4   -4.6     49   4.24    113      8  315.7  329.6  316.5
  639.0   3895    5.2   -9.8     33   2.86    118      8  316.4  325.9  316.9
  634.0   3959    4.4   -6.6     45   3.70    122      9  316.1  328.3  316.9
  602.0   4378    3.0  -23.0     13   1.00    147     10  319.2  322.8  319.4
  593.0   4499    2.0  -24.6     12   0.88    155     11  319.5  322.7  319.6
  575.0   4747    0.0  -28.0     10   0.67    186     10  319.9  322.4  320.1
  550.0   5100   -2.1  -25.4     15   0.89    230      9  321.6  324.8  321.7
  538.0   5275   -3.1  -24.1     18   1.02    257     13  322.4  326.1  322.6
  530.0   5393   -4.0  -20.2     27   1.46    275     15  322.7  327.9  323.0
  523.0   5498   -4.7  -16.7     39   1.99    280     14  323.1  330.0  323.5
  513.0   5649   -5.5  -11.5     63   3.11    288     12  323.9  334.5  324.5
  510.0   5695   -5.5  -10.8     67   3.32    290     12  324.4  335.8  325.1
  509.0   5710   -5.5  -10.5     68   3.40    290     12  324.6  336.2  325.3
  500.0   5850   -6.1  -17.1     41   2.01    285     11  325.5  332.6  325.9
  494.0   5945   -5.9  -27.9     16   0.78    282     10  326.9  329.8  327.1
  491.0   5992   -6.2  -28.5     15   0.74    280     10  327.1  329.9  327.2
  472.0   6298   -8.2  -32.7     12   0.52    300      8  328.3  330.3  328.4
  454.0   6600  -10.2  -36.8      9   0.36    270      9  329.6  331.0  329.6
  451.0   6652  -10.5  -37.5      9   0.34    258      9  329.8  331.1  329.8
  437.0   6894  -11.0  -47.3      3   0.12    200      8  332.1  332.6  332.1
  430.0   7018  -11.3  -52.3      2   0.07    182     12  333.2  333.6  333.3
  420.0   7198  -12.3  -51.3      2   0.08    155     17  334.2  334.6  334.3
  400.0   7570  -14.3  -49.3      3   0.11    140     22  336.3  336.8  336.3
  364.0   8277  -19.1  -56.1      2   0.05    129     23  339.1  339.3  339.1
  300.0   9680  -30.3  -59.3      4   0.04    105     24  342.6  342.8  342.6
  289.0   9945  -32.7  -56.7      7   0.06    102     23  342.8  343.1  342.8
  275.0  10293  -35.3  -61.3      5   0.04     98     23  343.9  344.1  344.0
  255.0  10815  -39.9  -50.9     30   0.14     92     21  344.6  345.3  344.7
  250.0  10950  -41.3                          90     21  344.5         344.5
  244.0  11110  -42.6                          85     23  344.9         344.9
  200.0  12420  -53.7                          50     27  347.6         347.6
  195.0  12578  -55.1                          55     27  347.9         347.9
  150.0  14210  -69.7                          50     35  349.8         349.8
  142.0  14533  -72.3                          53     38  350.8         350.8
  138.0  14699  -73.2                          55     39  352.0         352.0
  123.0  15365  -77.1                          83     31  356.8         356.8
  120.0  15508  -73.7                          88     30  365.5         365.5
  112.0  15903  -76.7                         105     25  367.2         367.2
  106.0  16219  -79.1                          95     21  368.5         368.5
  105.0  16273  -79.5                          90     20  368.7         368.7
  100.0  16550  -78.1                          60     10  376.6         376.6
   96.0  16783  -79.0                          35      6  379.2         379.2
   93.3  16946  -79.7                           3      6  381.0         381.0
   91.0  17089  -79.5                         335      6  384.2         384.2
   82.0  17685  -78.4                         315     15  397.9         397.9
   78.0  17971  -78.0                         270     12  404.6         404.6
   74.0  18272  -77.4                         260      9  411.8         411.8
   70.0  18590  -76.9                         275     12  419.6         419.6
   69.4  18639  -77.1                         270     12  420.1         420.1
   66.0  18933  -75.1                         240     13  430.5         430.5
   63.0  19205  -73.3                         230     10  440.3         440.3
   60.0  19491  -71.4                         285     15  450.8         450.8
   55.5  19947  -68.3                         259     16  468.0         468.0
   54.0  20110  -68.4                         250     16  471.4         471.4
   50.0  20570  -68.7                         275     21  481.2         481.2
   43.4  21414  -70.3                         310     25  497.1         497.1
   40.0  21899  -69.5                         330     28  510.8         510.8
   39.1  22035  -69.3                         326     24  514.7         514.7
   38.0  22208  -66.3                         320     20  526.6         526.6
   36.4  22469  -61.7                         256     10  544.9         544.9
   36.0  22538  -61.6                         240      7  546.8         546.8
   35.0  22713  -61.4                         200      8  551.8         551.8
   31.0  23466  -60.5                         195     21  573.7         573.7
   30.0  23670  -60.1                         165     23  580.2         580.2
   26.4  24471  -55.3                          85     25  615.4         615.4
   26.0  24568  -54.8                          75     25  619.6         619.6
   25.4  24716  -53.9                          42     17  626.2         626.2
   25.0  24818  -50.9                          20     12  637.6         637.6
   24.0  25082  -50.9                           0      8  645.2         645.2
   23.0  25357  -50.8                          80      3  653.2         653.2
   20.0  26260  -50.7                          85     31  680.2         680.2
   19.4  26458  -51.7                          84     35  683.1         683.1
   18.3  26836  -51.9                          81     42  694.0         694.0
   18.0  26945  -51.0                          80     44  700.0         700.0
   16.5  27515  -46.3                          80     37  732.9         732.9
   16.0  27719  -46.5                          80     35  738.9         738.9
   13.4  28894  -47.3                          89     49  774.3         774.3
   12.0  29629  -45.6                          95     58  805.2         805.2
   11.3  30029  -44.7                          95     65  822.5         822.5
   11.0  30208  -44.2                          95     65  830.4         830.4
   10.9  30269  -44.1                                     833.0         833.0
</PRE><H3>Station information and sounding indices</H3><PRE>
                         Station identifier: WIII
                             Station number: 96749
                           Observation time: 191029/0000
                           Station latitude: -6.11
                          Station longitude: 106.65
                          Station elevation: 8.0
                            Showalter index: 1.92
                               Lifted index: -0.77
    LIFT computed using virtual temperature: -1.28
                                SWEAT index: 183.78
                                    K index: 24.00
                         Cross totals index: 19.00
                      Vertical totals index: 23.10
                        Totals totals index: 42.10
      Convective Available Potential Energy: 52.49
             CAPE using virtual temperature: 147.49
                      Convective Inhibition: -154.27
             CINS using virtual temperature: -92.56
                           Equilibrum Level: 445.84
 Equilibrum Level using virtual temperature: 438.03
                   Level of Free Convection: 656.13
             LFCT using virtual temperature: 695.14
                     Bulk Richardson Number: 517.05
          Bulk Richardson Number using CAPV: 1452.94
  Temp [K] of the Lifted Condensation Level: 292.00
Pres [hPa] of the Lifted Condensation Level: 916.56
   Equivalent potential temp [K] of the LCL: 343.84
     Mean mixed layer potential temperature: 299.37
              Mean mixed layer mixing ratio: 15.20
              1000 hPa to 500 hPa thickness: 5763.00
Precipitable water [mm] for entire sounding: 39.66
</PRE>
<P>Description of the 
<A HREF="/upperair/columns.html">data columns</A>
or <A HREF="/upperair/indices.html">sounding indices</A>.

<P>
<FORM>
<INPUT CLASS="button" TYPE="button" VALUE=" Close this window " 
 onClick="window.close();">
<INPUT CLASS="button" TYPE="button" VALUE=" Select another map " 
 onClick="window.blur();">
</FORM>
<HR SIZE="1">
<I>Interested in graduate studies in atmospheric science?
Check out our program at the
<a href="http://www.uwyo.edu/atsc/howtoapply/"
target=_top>University of Wyoming
</a></I>
<HR SIZE="1"><FONT SIZE="-1">
Questions about the weather data provided by this site can be
addressed to <A HREF="mailto:ldoolman@uwyo.edu">
Larry Oolman (ldoolman@uwyo.edu)</A></FONT>
<HR SIZE="1">
<SCRIPT TYPE="text/javascript">
<!--
window.focus();
// -->
</SCRIPT>
</BODY>
</HTML>
