2019-08-10 12
<HTML>
<TITLE>University of Wyoming - Radiosonde Data</TITLE>
<BODY BGCOLOR="white">
<H2>96749 WIII Jakarta Observations at 00Z 10 Aug 2019</H2>
<PRE>
-----------------------------------------------------------------------------
   PRES   HGHT   TEMP   DWPT   RELH   MIXR   DRCT   SKNT   THTA   THTE   THTV
    hPa     m      C      C      %    g/kg    deg   knot     K      K      K 
-----------------------------------------------------------------------------
 1011.0      8   23.0   18.6     76  13.52    220      2  295.2  334.2  297.6
 1000.0    100   23.6   17.6     69  12.82    165      6  296.8  334.0  299.0
  995.0    144   24.2   19.5     75  14.56    150      6  297.8  340.2  300.4
  977.0    303   23.4   18.3     73  13.76     95      5  298.5  338.7  300.9
  925.0    779   20.8   14.8     69  11.57    100      6  300.6  334.8  302.7
  912.0    901   20.0   14.4     70  11.44    110      3  300.9  334.8  303.0
  879.0   1218   17.8   13.4     75  11.11    175      6  301.9  334.9  303.9
  877.0   1237   17.4   13.3     77  11.06    179      6  301.6  334.5  303.7
  855.0   1455   18.6    6.6     45   7.20    225      8  305.1  327.1  306.4
  850.0   1505   18.4    7.4     49   7.65    235      8  305.4  328.8  306.8
  822.0   1792   18.2    4.2     39   6.33    252     14  308.1  327.8  309.3
  793.0   2099   16.4    0.8     35   5.15    270     20  309.4  325.7  310.4
  786.0   2175   16.0    0.0     34   4.89    271     20  309.7  325.3  310.7
  769.0   2360   14.2    6.2     59   7.79    274     18  309.7  333.9  311.2
  765.0   2404   14.0    5.6     57   7.53    275     18  309.9  333.4  311.4
  738.0   2705   12.4    1.7     48   5.91    260     19  311.4  330.1  312.5
  700.0   3149   10.0   -4.0     37   4.08    270     22  313.5  326.8  314.3
  696.0   3197    9.8   -6.2     32   3.47    270     22  313.8  325.2  314.5
  687.0   3304    9.0   -5.3     36   3.78    270     21  314.1  326.4  314.8
  656.0   3685    6.0   -2.0     56   5.06    255     18  314.9  331.2  315.9
  638.0   3913    4.2   -3.8     56   4.55    246     16  315.4  330.1  316.2
  637.0   3926    4.2   -3.8     56   4.56    246     16  315.5  330.3  316.4
  621.0   4133    4.8  -12.2     28   2.43    238     15  318.5  326.7  318.9
  616.0   4199    4.7  -14.2     24   2.07    235     14  319.1  326.2  319.5
  596.0   4468    4.4  -22.6     12   1.05    205     12  321.8  325.6  322.0
  553.0   5072    0.0  -24.0     14   1.00    138      7  323.5  327.2  323.7
  551.0   5101   -0.2  -23.8     15   1.02    135      7  323.6  327.3  323.8
  530.0   5409   -2.7  -22.0     21   1.24    150      2  324.3  328.8  324.5
  511.0   5698   -4.9  -20.3     29   1.50     20      9  324.9  330.3  325.2
  500.0   5870   -6.3  -19.3     35   1.67     30     12  325.3  331.2  325.6
  499.0   5886   -6.5  -19.5     35   1.64     31     12  325.2  331.1  325.6
  481.0   6172   -7.3  -22.3     29   1.34     47     20  327.7  332.6  327.9
  473.0   6301   -8.3  -22.6     31   1.33     55     24  328.0  332.8  328.2
  451.0   6668  -11.3  -23.3     36   1.31     53     22  328.8  333.5  329.0
  431.0   7014  -13.7  -28.7     27   0.84     51     19  330.0  333.1  330.1
  428.0   7067  -14.1  -30.1     25   0.74     51     19  330.1  332.9  330.3
  421.0   7192  -13.8  -34.6     15   0.48     50     18  332.0  333.9  332.1
  408.0   7430  -13.3  -43.3      6   0.20     65     23  335.7  336.6  335.8
  400.0   7580  -14.1  -44.1      6   0.19     75     26  336.6  337.4  336.6
  373.0   8101  -18.0  -47.6      6   0.14     95     25  338.2  338.8  338.2
  337.0   8858  -23.7  -52.7      5   0.09     93     25  340.4  340.8  340.4
  326.0   9100  -24.3  -49.3      8   0.13     92     26  342.8  343.4  342.8
  300.0   9700  -29.5  -50.5     11   0.12     90     26  343.7  344.2  343.7
  254.0  10862  -39.9  -58.9     11   0.05     81     35  345.0  345.3  345.1
  250.0  10970  -41.1                          80     36  344.8         344.8
  245.0  11104  -42.1                          75     38  345.4         345.4
  200.0  12450  -51.9                          45     51  350.4         350.4
  169.0  13502  -61.1                          35     58  352.3         352.3
  155.0  14042  -65.9                          42     67  353.0         353.0
  150.0  14240  -67.1                          45     71  354.3         354.3
  139.0  14683  -69.9                          45     74  357.2         357.2
  119.0  15588  -75.5                          40     82  363.0         363.0
  100.0  16600  -81.9                          75     44  369.2         369.2
   97.0  16771  -83.2                          85     42  369.9         369.9
   96.8  16782  -83.3                          85     42  370.0         370.0
   91.2  17115  -82.3                          71     24  378.3         378.3
   89.3  17235  -76.7                          66     18  391.8         391.8
   87.0  17387  -75.7                          60     10  396.7         396.7
   84.3  17569  -74.5                         117      7  402.7         402.7
   83.0  17660  -75.1                         145      5  403.3         403.3
   81.2  17787  -75.9                         136      6  404.2         404.2
   78.6  17977  -72.7                         123      7  414.6         414.6
   78.0  18023  -72.8                         120      7  415.2         415.2
   74.6  18284  -73.5                         247      7  419.1         419.1
   74.0  18332  -73.2                         270      7  420.7         420.7
   70.0  18660  -71.1                         255     13  431.9         431.9
   59.8  19598  -66.9                         248     25  461.2         461.2
   55.9  20002  -68.5                         246     31  466.6         466.6
   55.0  20099  -68.3                         245     32  469.2         469.2
   50.0  20670  -67.1                         250     25  484.9         484.9
   49.5  20730  -67.7                         252     25  484.9         484.9
   47.0  21046  -65.0                         260     24  498.6         498.6
   45.0  21310  -62.8                         285     24  510.2         510.2
   44.4  21392  -62.1                         285     25  513.9         513.9
   38.7  22239  -62.3                         281     36  533.9         533.9
   37.0  22518  -60.0                         280     39  546.8         546.8
   36.1  22671  -58.7                         276     40  554.0         554.0
   32.0  23426  -58.7                         255     42  573.4         573.4
   30.0  23830  -58.7                         260     30  584.0         584.0
   28.0  24262  -59.1                         255     24  594.6         594.6
   27.0  24489  -59.3                         240     20  600.3         600.3
   25.8  24774  -59.5                         246     14  607.5         607.5
   25.0  24972  -58.9                         250     10  614.7         614.7
   23.0  25497  -57.3                         310      7  634.3         634.3
   21.9  25805  -56.3                         313     11  646.1         646.1
   21.0  26071  -56.5                         315     14  653.4         653.4
   20.0  26380  -56.7                         300     14  661.9         661.9
   19.0  26704  -57.2                         300      5  670.2         670.2
   18.3  26942  -57.5                          37      8  676.4         676.4
   18.0  27046  -57.2                          80     10  680.6         680.6
   17.0  27408  -56.1                         105     14  695.3         695.3
   16.3  27678  -52.5                                     715.3         715.3
</PRE><H3>Station information and sounding indices</H3><PRE>
                         Station identifier: WIII
                             Station number: 96749
                           Observation time: 190810/0000
                           Station latitude: -6.11
                          Station longitude: 106.65
                          Station elevation: 8.0
                            Showalter index: 5.61
                               Lifted index: 1.65
    LIFT computed using virtual temperature: 1.24
                                SWEAT index: 116.81
                                    K index: 18.10
                         Cross totals index: 13.70
                      Vertical totals index: 24.70
                        Totals totals index: 38.40
      Convective Available Potential Energy: 0.00
             CAPE using virtual temperature: 0.00
                      Convective Inhibition: 0.00
             CINS using virtual temperature: 0.00
                     Bulk Richardson Number: 0.00
          Bulk Richardson Number using CAPV: 0.00
  Temp [K] of the Lifted Condensation Level: 290.13
Pres [hPa] of the Lifted Condensation Level: 911.23
   Equivalent potential temp [K] of the LCL: 337.43
     Mean mixed layer potential temperature: 297.96
              Mean mixed layer mixing ratio: 13.57
              1000 hPa to 500 hPa thickness: 5770.00
Precipitable water [mm] for entire sounding: 34.90
</PRE>
<P>Description of the 
<A HREF="/upperair/columns.html">data columns</A>
or <A HREF="/upperair/indices.html">sounding indices</A>.

<P>
<FORM>
<INPUT CLASS="button" TYPE="button" VALUE=" Close this window " 
 onClick="window.close();">
<INPUT CLASS="button" TYPE="button" VALUE=" Select another map " 
 onClick="window.blur();">
</FORM>
<HR SIZE="1">
<I>Interested in graduate studies in atmospheric science?
Check out our program at the
<a href="http://www.uwyo.edu/atsc/howtoapply/"
target=_top>University of Wyoming
</a></I>
<HR SIZE="1"><FONT SIZE="-1">
Questions about the weather data provided by this site can be
addressed to <A HREF="mailto:ldoolman@uwyo.edu">
Larry Oolman (ldoolman@uwyo.edu)</A></FONT>
<HR SIZE="1">
<SCRIPT TYPE="text/javascript">
<!--
window.focus();
// -->
</SCRIPT>
</BODY>
</HTML>
