2021-08-16 12
<HTML>
<TITLE>University of Wyoming - Radiosonde Data</TITLE>
<BODY BGCOLOR="white">
<H2>96749 WIII Jakarta Observations at 00Z 16 Aug 2021</H2>
<PRE>
-----------------------------------------------------------------------------
   PRES   HGHT   TEMP   DWPT   RELH   MIXR   DRCT   SKNT   THTA   THTE   THTV
    hPa     m      C      C      %    g/kg    deg   knot     K      K      K 
-----------------------------------------------------------------------------
 1012.0      8   24.2   20.7     81  15.44    200      3  296.3  341.0  299.1
 1000.0    113   25.0   20.0     74  14.95    170      5  298.1  341.8  300.8
  997.0    139   26.0   19.0     65  14.07    162      6  299.4  340.7  301.9
  979.0    299   24.9   19.4     71  14.69    115     11  299.9  343.1  302.5
  938.0    674   22.4   20.3     88  16.27     92     17  301.0  349.0  303.9
  925.0    795   21.4   19.2     87  15.38     85     19  301.2  346.6  304.0
  914.0    899   20.7   18.5     87  14.90     85     20  301.5  345.6  304.2
  909.0    947   20.4   18.2     87  14.69     87     20  301.7  345.1  304.3
  900.0   1034   20.6   14.6     68  11.74     89     21  302.7  337.8  304.9
  884.0   1189   19.2   16.7     85  13.72     94     21  302.8  343.7  305.3
  850.0   1528   17.4   12.8     74  11.04    105     23  304.4  337.6  306.4
  809.0   1948   14.4   10.8     79  10.15     98     25  305.5  336.2  307.4
  767.0   2396   12.7    2.3     49   5.94     90     28  308.3  326.9  309.4
  751.0   2573   12.0   -1.0     41   4.76     87     29  309.5  324.6  310.4
  739.0   2707   11.1   -1.2     42   4.77     85     30  309.9  325.1  310.8
  700.0   3157    8.2   -1.8     49   4.81     95     20  311.5  326.9  312.4
  695.0   3216    7.8   -1.2     53   5.07     99     18  311.7  327.9  312.7
  692.0   3252    7.6    0.6     61   5.81    102     17  311.9  330.3  313.0
  688.0   3300    7.7   -1.4     53   5.06    105     15  312.6  328.8  313.5
  675.0   3458    8.2   -7.8     31   3.16    108     14  314.8  325.2  315.4
  643.0   3857    5.0   -9.0     36   3.02    114     12  315.6  325.6  316.1
  640.0   3895    4.9   -9.3     35   2.96    115     12  315.9  325.7  316.4
  621.0   4141    4.4  -11.6     30   2.55     94      8  318.0  326.6  318.5
  617.0   4194    4.0   -9.6     36   3.01     90      7  318.2  328.3  318.8
  606.0   4340    3.0   -4.0     60   4.72     69     10  318.6  334.1  319.6
  601.0   4407    2.8   -9.2     41   3.19     59     11  319.2  329.9  319.8
  594.0   4502    2.2   -9.5     42   3.15     45     13  319.5  330.1  320.1
  578.0   4723    0.8  -10.2     44   3.06     47     12  320.4  330.8  321.0
  573.0   4793    0.0  -10.0     47   3.14     48     12  320.3  330.9  320.9
  566.0   4891    0.6  -18.4     23   1.59     49     12  322.1  327.7  322.4
  559.0   4991    0.0  -17.0     27   1.82     50     11  322.5  328.9  322.9
  539.0   5283   -0.9  -22.9     17   1.13     54     10  324.8  328.9  325.1
  531.0   5402   -1.5  -21.9     19   1.25     55     10  325.5  330.1  325.8
  511.0   5707   -3.0  -19.4     27   1.63     70      6  327.2  333.1  327.6
  500.0   5880   -3.9  -17.9     33   1.88     35      3  328.2  334.9  328.6
  492.0   6007   -4.2  -18.2     33   1.86    290      2  329.4  336.1  329.7
  484.0   6137   -4.5  -18.5     33   1.85    275      4  330.6  337.2  330.9
  475.0   6285   -5.5  -14.5     49   2.63    257      7  331.1  340.4  331.6
  474.0   6301   -5.6  -14.6     49   2.61    255      7  331.1  340.4  331.7
  456.0   6600   -7.8  -16.6     50   2.31    275      5  332.0  340.3  332.5
  422.0   7200  -12.3  -20.5     51   1.79    235     10  333.7  340.3  334.1
  412.0   7385  -13.7  -21.7     51   1.65    241     10  334.3  340.3  334.6
  406.0   7497  -14.2  -26.5     35   1.09    245     10  335.0  339.1  335.2
  405.0   7516  -14.3  -27.3     32   1.01    245     10  335.1  339.0  335.3
  400.0   7610  -14.7  -27.7     32   0.99    245      9  335.8  339.6  336.0
  379.0   8014  -18.1  -29.1     38   0.91    241      9  336.5  340.0  336.7
  375.0   8092  -18.7  -27.3     47   1.09    240      9  336.7  340.8  336.9
  374.0   8112  -18.9  -26.9     49   1.14    242      9  336.7  341.1  337.0
  361.0   8374  -20.9  -33.9     30   0.61    263      6  337.5  339.9  337.6
  360.0   8394  -21.1  -33.6     31   0.62    265      6  337.5  340.0  337.7
  345.0   8705  -23.5  -29.5     58   0.97    240     10  338.4  342.1  338.6
  321.0   9227  -26.3  -38.3     31   0.44    258      7  341.5  343.3  341.6
  318.0   9294  -26.8  -39.0     31   0.41    260      7  341.7  343.4  341.8
  305.0   9592  -29.2  -41.9     28   0.32    230      8  342.5  343.8  342.6
  300.0   9710  -30.1  -43.1     27   0.28    230     10  342.8  344.0  342.9
  296.0   9806  -31.1  -45.1     24   0.23    232      9  342.7  343.7  342.8
  289.0   9977  -32.5  -40.5     45   0.39    235      8  343.1  344.7  343.2
  280.0  10198  -34.3  -42.3     44   0.33    240      6  343.6  344.9  343.6
  250.0  10990  -40.9  -48.9     42   0.18    320      4  345.1  345.9  345.2
  246.0  11098  -41.8  -50.1     40   0.16    330      4  345.4  346.1  345.5
  235.0  11404  -44.1  -53.5     34   0.11    310      8  346.4  346.9  346.4
  229.0  11578  -45.5  -55.5     31   0.09    307      9  346.9  347.3  346.9
  225.0  11692  -46.5  -56.2     32   0.08    305     10  347.1  347.4  347.1
  205.0  12299  -51.9  -60.2     36   0.06    260     13  348.0  348.2  348.0
  200.0  12460  -53.3  -61.3     37   0.05    260     13  348.2  348.4  348.2
  177.0  13234  -60.5  -66.5     45   0.03    277     13  348.8  348.9  348.8
  162.0  13780  -63.8  -74.9     20   0.01    290     13  352.2  352.3  352.2
  157.0  13973  -64.9  -77.9     15   0.01    240     10  353.4  353.5  353.4
  154.0  14090  -65.6  -78.6     15   0.01    210      8  354.2  354.3  354.2
  150.0  14250  -66.5  -79.5     15   0.00    195     14  355.3  355.4  355.3
  139.0  14700  -70.5  -82.3     16   0.00    185     25  356.1  356.1  356.1
  126.0  15279  -75.7  -85.8     19   0.00    180     25  356.9  356.9  356.9
  125.0  15326  -76.1  -86.1     20   0.00    176     25  356.9  357.0  356.9
  118.0  15656  -78.3  -87.3     22   0.00    150     24  358.8  358.8  358.8
  113.0  15903  -78.0  -87.8     19   0.00    130     24  363.9  363.9  363.9
  112.0  15954  -77.9  -87.9     19   0.00    130     26  365.0  365.0  365.0
  107.0  16217  -74.1  -87.1     12   0.00    130     37  376.9  377.0  376.9
  102.0  16495  -74.8  -88.5     10   0.00    120     27  380.8  380.8  380.8
  100.0  16610  -75.1  -89.1     10   0.00    120     22  382.4  382.4  382.4
   93.4  17006  -76.3  -90.3     10   0.00    115     15  387.5  387.6  387.6
   92.0  17093  -76.2  -90.2     10   0.00    110     13  389.3  389.3  389.3
   87.0  17416  -76.0  -90.0     10   0.00     70      8  396.0  396.0  396.0
   83.7  17640  -75.9  -89.9     10   0.00     17     10  400.7  400.7  400.7
   83.0  17689  -75.2  -89.9      9   0.00      5     11  403.1  403.1  403.1
   79.6  17934  -71.7  -89.7      5   0.00    306     14  415.1  415.1  415.1
   79.0  17978  -71.8  -89.8      5   0.00    295     14  415.7  415.7  415.7
   75.0  18284  -72.9  -90.9      5   0.00    295     17  419.8  419.8  419.8
   74.2  18347  -73.1  -91.1      5   0.00    285     16  420.6  420.6  420.6
   71.0  18607  -72.7  -92.2      4   0.00    245     11  426.9  426.9  426.9
   70.0  18690  -72.5  -92.5      4   0.00    235      9  428.9  429.0  428.9
   68.0  18862  -71.6  -92.3      3   0.00    290      9  434.5  434.5  434.5
   64.0  19223  -69.7  -91.8      3   0.00    310     16  446.3  446.3  446.3
   61.7  19441  -68.5  -91.5      2   0.00    303     17  453.6  453.6  453.6
   58.3  19785  -63.5  -91.5      1   0.00    291     20  472.2  472.2  472.2
   52.6  20419  -63.1  -91.1      1   0.00    270     24  487.2  487.3  487.2
   50.0  20730  -65.1  -93.1      1   0.00    260     26  489.7  489.7  489.7
   48.8  20877  -66.3  -94.3      1   0.00    266     27  490.2  490.2  490.2
   48.0  20977  -66.4  -94.5      1   0.00    270     28  492.3  492.3  492.3
   46.0  21234  -66.6  -95.2      1   0.00    260     32  497.8  497.8  497.8
   43.7  21544  -66.9  -95.9      1   0.00    251     20  504.5  504.5  504.5
   41.0  21934  -64.9  -95.4      1   0.00    240      6  518.7  518.7  518.7
   39.0  22239  -63.3  -95.0      1   0.00    110      8  530.2  530.2  530.2
   37.0  22561  -61.7  -94.5      1   0.00    105     16  542.4  542.5  542.4
   36.8  22594  -61.5  -94.5      1   0.00    104     17  543.7  543.7  543.7
   31.0  23657  -61.0  -94.0      1   0.00     85     36  572.4  572.4  572.4
   30.0  23860  -60.9  -93.9      1   0.00     85     36  578.0  578.1  578.0
   29.6  23943  -61.5  -94.5      1   0.00     86     37  578.6  578.6  578.6
   27.0  24514  -60.7  -94.4      0   0.00     95     46  596.2  596.2  596.2
   25.7  24820  -60.3  -94.3      0   0.00     92     50  605.9  605.9  605.9
   25.0  24995  -58.2  -92.8      0   0.00     90     53  616.6  616.6  616.6
   23.1  25496  -52.3  -88.3      1   0.01     81     52  648.1  648.2  648.1
   22.0  25813  -51.8  -87.8      1   0.01     75     51  658.6  658.7  658.6
   20.0  26430  -50.9  -86.9      1   0.01    100     53  679.6  679.7  679.6
   18.0  27112  -52.8  -88.8      1   0.01    100     51  694.4  694.5  694.4
   17.9  27148  -52.9  -88.9      1   0.01    100     51  695.2  695.3  695.2
   15.5  28081  -50.9  -86.9      1   0.01     89     52  731.0  731.1  731.0
   14.5  28518  -47.3  -84.3      1   0.02     83     53  757.1  757.4  757.1
   13.0  29237  -48.3  -84.8      1   0.02     75     54  777.6  777.8  777.6
   12.0  29764  -49.1  -85.2      1   0.02     90     43  792.9  793.2  792.9
   11.7  29930  -49.3  -85.3      1   0.02                797.8  798.1  797.8
</PRE><H3>Station information and sounding indices</H3><PRE>
                         Station identifier: WIII
                             Station number: 96749
                           Observation time: 210816/0000
                           Station latitude: -6.11
                          Station longitude: 106.65
                          Station elevation: 8.0
                            Showalter index: 4.01
                               Lifted index: 1.84
    LIFT computed using virtual temperature: 1.34
                                SWEAT index: 202.59
                                    K index: 24.10
                         Cross totals index: 16.70
                      Vertical totals index: 21.30
                        Totals totals index: 38.00
      Convective Available Potential Energy: 1.42
             CAPE using virtual temperature: 42.47
                      Convective Inhibition: -98.96
             CINS using virtual temperature: -69.33
                           Equilibrum Level: 571.54
 Equilibrum Level using virtual temperature: 566.46
                   Level of Free Convection: 710.24
             LFCT using virtual temperature: 807.17
                     Bulk Richardson Number: 0.11
          Bulk Richardson Number using CAPV: 3.29
  Temp [K] of the Lifted Condensation Level: 291.58
Pres [hPa] of the Lifted Condensation Level: 912.63
   Equivalent potential temp [K] of the LCL: 342.80
     Mean mixed layer potential temperature: 299.31
              Mean mixed layer mixing ratio: 14.87
              1000 hPa to 500 hPa thickness: 5767.00
Precipitable water [mm] for entire sounding: 43.40
</PRE>
<P>Description of the 
<A HREF="/upperair/columns.html">data columns</A>
or <A HREF="/upperair/indices.html">sounding indices</A>.

<P>
<FORM>
<INPUT CLASS="button" TYPE="button" VALUE=" Close this window " 
 onClick="window.close();">
<INPUT CLASS="button" TYPE="button" VALUE=" Select another map " 
 onClick="window.blur();">
</FORM>
<HR SIZE="1">
<I>Interested in graduate studies in atmospheric science?
Check out our program at the
<a href="http://www.uwyo.edu/atsc/howtoapply/"
target=_top>University of Wyoming
</a></I>
<HR SIZE="1"><FONT SIZE="-1">
Questions about the weather data provided by this site can be
addressed to <A HREF="mailto:ldoolman@uwyo.edu">
Larry Oolman (ldoolman@uwyo.edu)</A></FONT>
<HR SIZE="1">
<SCRIPT TYPE="text/javascript">
<!--
window.focus();
// -->
</SCRIPT>
</BODY>
</HTML>
