2017-03-28 00
<HTML>
<TITLE>University of Wyoming - Radiosonde Data</TITLE>
<BODY BGCOLOR="white">
<H2>96749 WIII Jakarta Observations at 00Z 28 Mar 2017</H2>
<PRE>
-----------------------------------------------------------------------------
   PRES   HGHT   TEMP   DWPT   RELH   MIXR   DRCT   SKNT   THTA   THTE   THTV
    hPa     m      C      C      %    g/kg    deg   knot     K      K      K 
-----------------------------------------------------------------------------
 1011.0      8   25.2   23.2     89  18.08    240      4  297.4  350.0  300.6
 1000.0    103   24.6   21.7     84  16.64    220      7  297.8  346.2  300.7
  983.0    255   26.0   21.9     78  17.15    243      7  300.6  351.2  303.7
  945.0    603   23.0   20.6     86  16.46    295      7  301.0  349.6  304.0
  925.0    792   21.4   19.9     91  16.09    285      6  301.2  348.7  304.1
  921.0    830   21.0   19.7     92  15.95    282      6  301.1  348.3  304.0
  882.0   1201   19.1   17.6     92  14.62    255      5  302.9  346.4  305.5
  850.0   1519   17.4   15.9     91  13.55    265      5  304.4  345.0  306.8
  843.0   1590   17.0   15.5     91  13.31    264      4  304.7  344.6  307.1
  823.0   1794   16.4   13.8     84  12.20    260      3  306.2  343.1  308.4
  800.0   2035   15.8   11.8     77  10.98    252      4  308.0  341.5  310.0
  774.0   2315   13.8    7.8     67   8.65    243      6  308.7  335.4  310.4
  768.0   2380   13.4    5.4     58   7.37    241      6  309.0  331.9  310.4
  766.0   2402   13.2    6.3     63   7.90    240      6  309.0  333.5  310.5
  759.0   2479   12.4    9.7     84  10.05    244      6  309.0  339.8  310.8
  739.0   2702   11.3    7.5     78   8.87    255      6  310.1  337.6  311.8
  713.0   3000    9.8    4.5     70   7.47    230      5  311.6  335.1  313.0
  700.0   3153    9.0    3.0     66   6.83    225      5  312.4  334.0  313.7
  690.0   3272    8.2    3.9     74   7.39    229      5  312.8  336.1  314.2
  688.0   3296    8.2    3.2     71   7.04    230      5  313.0  335.3  314.4
  682.0   3369    8.0    1.0     61   6.07    223      5  313.6  333.0  314.8
  680.0   3393    8.2    1.2     61   6.18    221      5  314.1  333.8  315.3
  673.0   3479    8.4   -5.6     37   3.76    212      5  315.3  327.6  316.0
  663.0   3602    7.5   -4.6     42   4.12    200      5  315.6  329.1  316.4
  647.0   3803    6.0   -3.0     52   4.76    200      5  316.1  331.6  317.0
  628.0   4047    5.2  -11.8     28   2.48    200      6  317.9  326.3  318.4
  617.0   4190    4.2  -10.9     32   2.72    200      6  318.4  327.6  318.9
  573.0   4789    0.0   -7.0     59   3.97    220      9  320.3  333.5  321.0
  566.0   4887   -0.5  -10.5     47   3.05    217      9  320.8  331.1  321.4
  564.0   4916   -0.7  -10.7     47   3.01    216      9  320.9  331.1  321.5
  554.0   5058   -1.3  -14.3     37   2.29    211      9  321.8  329.7  322.3
  547.0   5160   -2.1   -7.1     69   4.13    208      9  322.0  335.9  322.8
  500.0   5870   -5.5  -13.5     53   2.71    185      8  326.3  335.7  326.8
  492.0   5996   -6.4  -14.4     53   2.57    185      9  326.7  335.7  327.2
  482.0   6157   -7.5  -15.5     53   2.39    171      9  327.2  335.6  327.7
  474.0   6287   -8.4  -15.6     56   2.40    160      9  327.7  336.2  328.2
  471.0   6337   -8.7  -15.7     57   2.40    165      9  327.9  336.4  328.4
  463.0   6469   -9.1  -15.1     62   2.57    178      8  329.0  338.1  329.5
  456.0   6587   -9.3  -19.8     42   1.76    190      8  330.1  336.5  330.5
  452.0   6655   -9.5  -22.5     34   1.40    192      8  330.8  335.9  331.1
  421.0   7201  -12.8  -25.0     36   1.20    210      7  333.3  337.8  333.5
  417.0   7274  -13.3  -25.3     36   1.18    230      7  333.6  338.0  333.9
  408.0   7440  -14.7  -22.7     51   1.52    275      5  333.9  339.5  334.2
  407.0   7459  -14.7  -20.7     60   1.82    280      5  334.1  340.8  334.5
  405.0   7496  -14.9  -20.9     60   1.80    290      5  334.4  340.9  334.7
  404.0   7515  -14.9  -24.9     42   1.26    292      5  334.6  339.3  334.8
  403.0   7533  -14.9  -26.9     35   1.06    294      5  334.8  338.8  335.0
  402.0   7552  -14.9  -28.9     29   0.88    296      5  335.1  338.4  335.2
  401.0   7571  -14.9  -30.9     24   0.73    298      5  335.3  338.1  335.4
  400.0   7590  -14.9  -32.9     20   0.60    300      5  335.5  337.9  335.7
  399.0   7609  -15.1  -35.1     16   0.49    300      5  335.5  337.4  335.6
  398.0   7628  -15.3  -21.3     60   1.76    299      5  335.5  342.0  335.9
  393.0   7724  -15.9  -20.5     68   1.92    297      6  335.9  343.0  336.3
  390.0   7781  -15.9  -24.9     46   1.31    295      6  336.7  341.6  336.9
  389.0   7801  -16.0  -24.8     47   1.32    295      6  336.8  341.7  337.0
  377.0   8037  -17.5  -23.5     60   1.53    279      6  337.8  343.6  338.1
  371.0   8157  -18.1  -27.1     45   1.13    271      6  338.6  342.9  338.8
  359.0   8401  -20.1  -27.3     53   1.14    255      6  339.1  343.4  339.3
  351.0   8569  -21.5  -27.5     58   1.15    326      5  339.4  343.8  339.6
  345.0   8696  -22.2  -30.3     48   0.90     20      4  340.1  343.6  340.3
  334.0   8934  -23.5  -35.5     32   0.56     30      7  341.5  343.8  341.6
  300.0   9710  -29.9  -38.9     41   0.44     65     16  343.1  344.9  343.2
  285.0  10073  -33.1  -39.1     55   0.46     72     17  343.6  345.5  343.7
  268.0  10499  -36.5  -42.5     54   0.34     80     18  344.8  346.2  344.8
  251.0  10953  -40.1  -46.1     53   0.24    104     10  345.9  347.0  346.0
  250.0  10980  -40.3                         105      9  346.0         346.0
  245.0  11113  -41.5                         105      6  346.2         346.2
  214.0  12004  -49.5                          65     14  347.4         347.4
  200.0  12450  -53.5                          70     19  347.9         347.9
  169.0  13508  -63.0                          80     37  349.3         349.3
  161.0  13812  -65.7                          78     41  349.6         349.6
  150.0  14240  -69.3                          75     47  350.5         350.5
  139.0  14680  -71.7                          65     38  354.0         354.0
  125.0  15292  -75.1                          30     15  358.8         358.8
  119.0  15576  -76.6                           0      7  361.1         361.1
  113.0  15875  -78.2                         195      2  363.4         363.4
  107.0  16190  -80.0                         145     13  365.8         365.8
  100.0  16580  -82.1                         175      7  368.9         368.9
   96.0  16809  -82.7                         160     10  372.0         372.0
   92.1  17041  -83.3                         160     14  375.3         375.3
   91.0  17108  -83.0                         155     15  377.1         377.1
   86.0  17426  -81.7                         115     19  385.9         385.9
   83.9  17564  -81.1                          81     21  389.9         389.9
   82.0  17695  -79.1                          50     22  396.5         396.5
   79.2  17894  -76.1                          42     22  406.7         406.7
   70.0  18610  -75.9                          15     24  421.7         421.7
   67.0  18862  -76.6                          10     13  425.5         425.5
   65.7  18975  -76.9                          16     11  427.2         427.2
   63.0  19221  -71.5                          30      7  444.4         444.4
   61.2  19392  -67.7                         342     12  456.4         456.4
   60.0  19511  -67.2                         310     16  460.0         460.0
   56.7  19853  -65.9                         310     19  470.6         470.6
   54.0  20146  -66.9                         310     21  474.8         474.8
   50.0  20610  -68.5                         350     17  481.6         481.6
   49.8  20634  -68.5                         351     17  482.2         482.2
   49.0  20732  -67.7                         355     18  486.2         486.2
   47.0  20985  -65.8                         340     12  496.8         496.8
   45.0  21248  -63.7                          65      5  507.9         507.9
   44.4  21330  -63.1                          77      6  511.4         511.4
   43.0  21526  -63.3                         105      8  515.7         515.7
   41.1  21804  -63.5                         124      7  521.8         521.8
   41.0  21819  -63.3                         125      7  522.6         522.6
   39.2  22096  -60.1                          67     12  537.5         537.5
   39.0  22128  -60.0                          60     13  538.5         538.5
   37.0  22458  -59.2                          20     14  548.8         548.8
   35.0  22805  -58.3                         320     21  559.8         559.8
   34.9  22823  -58.3                         319     21  560.4         560.4
   30.0  23770  -59.9                         260     20  580.8         580.8
   29.0  23980  -61.2                         235     16  582.7         582.7
   28.1  24175  -62.5                         197     15  584.5         584.5
   26.0  24658  -59.3                         105     13  606.6         606.6
   25.1  24877  -57.9                          87      5  616.9         616.9
   25.0  24902  -57.9                          85      4  617.4         617.4
   22.9  25452  -58.9                          78     20  630.3         630.3
   22.0  25704  -58.1                          75     27  639.9         639.9
   21.3  25907  -57.5                          68     23  647.7         647.7
   20.1  26278  -51.3                          56     15  677.4         677.4
   20.0  26310  -50.7                          55     14  680.2         680.2
   18.0  26999  -49.4                          40     17  705.2         705.2
   16.8  27451  -48.5                          47     18  722.0         722.0
   15.0  28192  -50.9                          58     19  737.8         737.8
   14.0  28642  -50.4                          65     20  754.4         754.4
   13.2  29026  -49.9                                     768.7         768.7
</PRE><H3>Station information and sounding indices</H3><PRE>
                         Station identifier: WIII
                             Station number: 96749
                           Observation time: 170328/0000
                           Station latitude: -6.11
                          Station longitude: 106.65
                          Station elevation: 8.0
                            Showalter index: -0.57
                               Lifted index: -2.25
    LIFT computed using virtual temperature: -2.79
                                SWEAT index: 208.79
                                    K index: 32.80
                         Cross totals index: 21.40
                      Vertical totals index: 22.90
                        Totals totals index: 44.30
      Convective Available Potential Energy: 553.16
             CAPE using virtual temperature: 712.35
                      Convective Inhibition: -19.26
             CINS using virtual temperature: -15.36
                           Equilibrum Level: 171.75
 Equilibrum Level using virtual temperature: 171.19
                   Level of Free Convection: 858.31
             LFCT using virtual temperature: 877.69
                     Bulk Richardson Number: 1805.35
          Bulk Richardson Number using CAPV: 2324.91
  Temp [K] of the Lifted Condensation Level: 294.11
Pres [hPa] of the Lifted Condensation Level: 936.90
   Equivalent potential temp [K] of the LCL: 349.43
     Mean mixed layer potential temperature: 299.65
              Mean mixed layer mixing ratio: 16.99
              1000 hPa to 500 hPa thickness: 5767.00
Precipitable water [mm] for entire sounding: 52.09
</PRE>
<P>Description of the 
<A HREF="/upperair/columns.html">data columns</A>
or <A HREF="/upperair/indices.html">sounding indices</A>.

<P>
<FORM>
<INPUT CLASS="button" TYPE="button" VALUE=" Close this window " 
 onClick="window.close();">
<INPUT CLASS="button" TYPE="button" VALUE=" Select another map " 
 onClick="window.blur();">
</FORM>
<HR SIZE="1">
<I>Interested in graduate studies in atmospheric science?
Check out our program at the
<a href="http://www.uwyo.edu/atsc/howtoapply/"
target=_top>University of Wyoming
</a></I>
<HR SIZE="1"><FONT SIZE="-1">
Questions about the weather data provided by this site can be
addressed to <A HREF="mailto:ldoolman@uwyo.edu">
Larry Oolman (ldoolman@uwyo.edu)</A></FONT>
<HR SIZE="1">
<SCRIPT TYPE="text/javascript">
<!--
window.focus();
// -->
</SCRIPT>
</BODY>
</HTML>
