2018-04-16 12
<HTML>
<TITLE>University of Wyoming - Radiosonde Data</TITLE>
<BODY BGCOLOR="white">
<H2>96749 WIII Jakarta Observations at 00Z 16 Apr 2018</H2>
<PRE>
-----------------------------------------------------------------------------
   PRES   HGHT   TEMP   DWPT   RELH   MIXR   DRCT   SKNT   THTA   THTE   THTV
    hPa     m      C      C      %    g/kg    deg   knot     K      K      K 
-----------------------------------------------------------------------------
 1009.0      8   24.8   22.6     88  17.45    230      4  297.2  347.9  300.3
 1003.0     59   25.6   23.2     87  18.22    203      5  298.5  351.7  301.7
 1000.0     84   25.8   22.4     82  17.39    190      6  298.9  349.8  302.1
  976.0    298   25.9   21.9     78  17.27      0      0  301.2  352.2  304.3
  967.0    380   26.0   21.7     77  17.23      5      1  302.0  353.1  305.1
  925.0    770   23.2   17.2     69  13.53     30      8  303.0  343.4  305.5
  921.0    808   22.8   16.8     69  13.24     30      7  303.0  342.5  305.4
  897.0   1038   20.8   19.0     89  15.67     33      4  303.2  349.9  306.1
  881.0   1194   19.6   18.2     92  15.17     35      2  303.6  348.8  306.3
  873.0   1273   19.0   17.8     93  14.92     55      3  303.7  348.2  306.4
  853.0   1474   19.0   14.1     73  12.00    107      4  305.7  342.0  307.9
  850.0   1504   19.0   14.0     73  11.96    115      4  306.0  342.2  308.2
  821.0   1800   17.0   13.3     79  11.85     85      7  306.9  342.9  309.1
  770.0   2346   13.2   12.1     93  11.65    135      5  308.6  344.1  310.7
  765.0   2401   13.3    8.1     71   8.91    140      5  309.2  336.7  310.9
  751.0   2556   13.6   -3.4     31   3.98    143      6  311.2  324.0  311.9
  747.0   2601   13.4   -4.6     28   3.66    143      6  311.4  323.3  312.1
  744.0   2635   13.4   -4.6     28   3.67    144      7  311.8  323.7  312.5
  740.0   2680   12.6    4.6     58   7.24    145      7  311.4  334.1  312.8
  733.0   2760   11.8    8.4     80   9.52    146      7  311.4  341.0  313.2
  717.0   2945   12.0    1.0     47   5.77    149      9  313.6  332.0  314.7
  712.0   3003   11.8   -1.7     39   4.78    150      9  314.0  329.5  314.9
  711.0   3015   11.8   -2.2     38   4.60    148      9  314.1  329.0  315.0
  706.0   3074   11.2    2.2     54   6.39    138      9  314.1  334.5  315.3
  700.0   3145   10.6    2.6     58   6.64    125      9  314.2  335.3  315.4
  690.0   3265   10.4   -4.6     35   3.96    122      9  315.3  328.2  316.0
  672.0   3484    9.2   -2.8     43   4.66    117     10  316.3  331.5  317.2
  663.0   3596    8.2    1.4     62   6.42    115     10  316.4  337.0  317.6
  660.0   3634    7.8    2.8     71   7.14    116     10  316.4  339.2  317.7
  633.0   3977    5.8    1.5     74   6.79    123     11  317.9  339.8  319.2
  629.0   4029    6.2   -7.8     36   3.40    125     11  318.9  330.3  319.6
  622.0   4121    4.8   -1.2     65   5.67    127     11  318.3  336.8  319.4
  596.0   4468    2.2   -1.8     75   5.66    134     12  319.2  337.7  320.3
  594.0   4495    2.2   -4.5     61   4.64    135     12  319.6  334.9  320.5
  588.0   4577    2.4  -12.6     32   2.48    133     12  320.7  329.2  321.2
  580.0   4688    1.6   -7.4     51   3.80    131     11  321.0  333.8  321.8
  568.0   4856    0.6  -13.4     34   2.41    127     10  321.8  330.1  322.2
  559.0   4984    0.0  -15.0     31   2.15    124     10  322.5  330.0  322.9
  543.0   5216   -0.9  -16.9     29   1.88    119      9  324.1  330.8  324.5
  531.0   5394   -1.9  -11.9     46   2.90    115      8  325.0  335.0  325.6
  529.0   5424   -2.1  -11.1     50   3.11    117      8  325.1  335.8  325.8
  519.0   5576   -3.1  -13.1     46   2.70    127      7  325.7  335.1  326.2
  511.0   5698   -4.0  -12.2     53   2.95    135      6  326.1  336.3  326.7
  501.0   5854   -5.1  -11.1     63   3.29    126      7  326.6  337.9  327.2
  500.0   5870   -5.3  -10.3     68   3.51    125      7  326.5  338.6  327.2
  481.0   6173   -6.5  -15.5     49   2.39    101     10  328.7  337.1  329.1
  473.0   6304   -7.5  -14.9     55   2.57     90     12  329.1  338.1  329.6
  471.0   6337   -7.7  -14.7     57   2.61     89     12  329.2  338.4  329.7
  455.0   6604   -8.8  -21.0     36   1.58     85     10  331.1  336.9  331.4
  444.0   6793   -9.5  -25.5     26   1.09     91     10  332.5  336.6  332.7
  421.0   7201  -12.2  -25.0     33   1.20    105     10  334.1  338.6  334.4
  415.0   7311  -12.9  -24.9     36   1.23    102     10  334.6  339.2  334.8
  400.0   7590  -14.3  -28.3     29   0.93     95      9  336.3  339.9  336.5
  392.0   7743  -15.1  -30.1     27   0.80     95      8  337.2  340.3  337.4
  389.0   7801  -15.6  -31.2     25   0.73     95      8  337.3  340.2  337.5
  382.0   7938  -16.7  -33.7     22   0.58    113      7  337.6  339.9  337.7
  374.0   8096  -17.9  -30.9     31   0.78    135      6  338.1  341.1  338.2
  373.0   8116  -17.9  -33.9     23   0.59    135      6  338.3  340.6  338.4
  370.0   8177  -18.5  -24.5     59   1.43    135      6  338.3  343.7  338.6
  368.0   8217  -18.9  -21.6     79   1.86    135      6  338.3  345.2  338.7
  359.0   8401  -20.3  -22.9     80   1.69    135      6  338.8  345.1  339.1
  358.0   8422  -20.5  -23.1     80   1.67    133      6  338.8  345.1  339.2
  356.0   8463  -20.3  -34.3     28   0.59    130      6  339.6  342.0  339.8
  354.0   8505  -20.5  -31.5     37   0.78    127      6  339.9  343.0  340.1
  353.0   8526  -20.7  -26.7     59   1.23    126      6  339.9  344.6  340.2
  334.0   8933  -23.3  -31.3     48   0.84     95      7  341.8  345.1  342.0
  331.0   8999  -23.7  -33.4     40   0.69     90      7  342.1  344.8  342.2
  317.0   9313  -25.7  -43.7     17   0.25    106      8  343.6  344.6  343.6
  305.0   9591  -27.9  -43.8     20   0.26    120      9  344.3  345.3  344.3
  300.0   9710  -28.9  -43.9     22   0.26    120     10  344.5  345.6  344.6
  250.0  10980  -39.1  -51.1     27   0.14    125     17  347.8  348.4  347.8
  247.0  11063  -39.9  -50.9     30   0.14    125     16  347.8  348.4  347.8
  246.0  11090  -40.1                         125     16  347.9         347.9
  200.0  12480  -51.5                          75     19  351.1         351.1
  170.0  13491  -60.3                          45      8  353.1         353.1
  150.0  14270  -67.1                          70     12  354.3         354.3
  140.0  14665  -70.4                          80     12  355.6         355.6
  126.0  15268  -75.4                          70     10  357.3         357.3
  102.0  16477  -85.5                         115     14  360.1         360.1
  100.0  16590  -86.5                         115     16  360.4         360.4
   92.1  17039  -88.9                          95     27  364.2         364.2
   87.7  17306  -86.1                          77     33  374.9         374.9
   86.0  17416  -83.3                          70     35  382.7         382.7
   83.5  17581  -79.1                          58     30  394.5         394.5
   78.0  17969  -79.8                          30     20  400.7         400.7
   77.6  17998  -79.9                          32     19  401.1         401.1
   74.0  18271  -78.0                          55     10  410.7         410.7
   70.0  18590  -75.7                          50     11  422.1         422.1
   69.7  18615  -75.9                          42     11  422.2         422.2
   67.8  18776  -72.3                         353     11  433.3         433.3
   66.0  18933  -72.9                         305     11  435.3         435.3
   64.4  19077  -73.5                         298     12  437.1         437.1
   62.6  19244  -70.7                         290     12  446.8         446.8
   55.9  19908  -73.9                         257     16  454.2         454.2
   51.6  20375  -73.3                         233     18  466.1         466.1
   51.0  20444  -72.9                         230     18  468.6         468.6
   50.0  20560  -72.3                         210     13  472.7         472.7
   47.0  20930  -68.7                         125     19  489.7         489.7
   44.3  21284  -65.3                         104     23  506.4         506.4
   42.0  21608  -65.6                          85     26  513.4         513.4
   40.0  21904  -65.9                          88     33  519.9         519.9
   36.6  22446  -64.1                          94     46  537.9         537.9
   36.0  22548  -63.0                          95     48  543.3         543.3
   33.1  23071  -57.3                          85     58  571.6         571.6
   33.0  23090  -57.3                          85     58  572.1         572.1
   32.1  23265  -57.1                                     577.1         577.1
</PRE><H3>Station information and sounding indices</H3><PRE>
                         Station identifier: WIII
                             Station number: 96749
                           Observation time: 180416/0000
                           Station latitude: -6.11
                          Station longitude: 106.65
                          Station elevation: 8.0
                            Showalter index: 0.70
                               Lifted index: -2.65
    LIFT computed using virtual temperature: -3.12
                                SWEAT index: 183.00
                                    K index: 30.30
                         Cross totals index: 19.30
                      Vertical totals index: 24.30
                        Totals totals index: 43.60
      Convective Available Potential Energy: 470.60
             CAPE using virtual temperature: 640.65
                      Convective Inhibition: -49.84
             CINS using virtual temperature: -28.35
                           Equilibrum Level: 213.93
 Equilibrum Level using virtual temperature: 214.38
                   Level of Free Convection: 809.65
             LFCT using virtual temperature: 873.60
                     Bulk Richardson Number: 111.86
          Bulk Richardson Number using CAPV: 152.28
  Temp [K] of the Lifted Condensation Level: 294.15
Pres [hPa] of the Lifted Condensation Level: 927.76
   Equivalent potential temp [K] of the LCL: 351.14
     Mean mixed layer potential temperature: 300.53
              Mean mixed layer mixing ratio: 17.21
              1000 hPa to 500 hPa thickness: 5786.00
Precipitable water [mm] for entire sounding: 50.89
</PRE>
<P>Description of the 
<A HREF="/upperair/columns.html">data columns</A>
or <A HREF="/upperair/indices.html">sounding indices</A>.

<P>
<FORM>
<INPUT CLASS="button" TYPE="button" VALUE=" Close this window " 
 onClick="window.close();">
<INPUT CLASS="button" TYPE="button" VALUE=" Select another map " 
 onClick="window.blur();">
</FORM>
<HR SIZE="1">
<I>Interested in graduate studies in atmospheric science?
Check out our program at the
<a href="http://www.uwyo.edu/atsc/howtoapply/"
target=_top>University of Wyoming
</a></I>
<HR SIZE="1"><FONT SIZE="-1">
Questions about the weather data provided by this site can be
addressed to <A HREF="mailto:ldoolman@uwyo.edu">
Larry Oolman (ldoolman@uwyo.edu)</A></FONT>
<HR SIZE="1">
<SCRIPT TYPE="text/javascript">
<!--
window.focus();
// -->
</SCRIPT>
</BODY>
</HTML>
