2019-12-20 12
<HTML>
<TITLE>University of Wyoming - Radiosonde Data</TITLE>
<BODY BGCOLOR="white">
<H2>96749 WIII Jakarta Observations at 00Z 20 Dec 2019</H2>
<PRE>
-----------------------------------------------------------------------------
   PRES   HGHT   TEMP   DWPT   RELH   MIXR   DRCT   SKNT   THTA   THTE   THTV
    hPa     m      C      C      %    g/kg    deg   knot     K      K      K 
-----------------------------------------------------------------------------
 1009.0      8   24.8   23.0     90  17.89    250      2  297.2  349.1  300.4
 1000.0     93   25.6   22.3     82  17.28    175      2  298.8  349.3  301.8
  977.0    297   24.9   22.0     84  17.33     80      5  300.1  351.0  303.2
  973.0    333   24.8   21.9     84  17.33     83      5  300.3  351.3  303.4
  948.0    561   25.4   18.4     65  14.25    105      6  303.1  345.6  305.7
  925.0    775   23.4   18.7     75  14.90    125      6  303.2  347.6  305.9
  915.0    871   22.4   19.7     85  16.06    133      6  303.1  351.0  306.1
  912.0    899   22.2   19.5     84  15.87    135      6  303.3  350.6  306.1
  881.0   1201   20.6   16.9     80  13.97    105      7  304.5  346.4  307.1
  850.0   1514   18.8   14.3     75  12.20    100     11  305.8  342.7  308.1
  797.0   2064   15.2   12.1     82  11.25    100     15  307.7  341.9  309.7
  793.0   2106   15.0   11.7     81  11.03    100     15  307.9  341.6  310.0
  742.0   2668   12.8    6.8     67   8.42     81     16  311.4  337.7  313.0
  739.0   2702   12.7    5.5     61   7.72     80     16  311.7  335.9  313.1
  725.0   2862   12.4   -0.6     41   5.08     80     16  313.0  329.3  314.0
  713.0   3001   11.4    1.4     50   5.99     80     16  313.5  332.6  314.6
  705.0   3096   10.8    2.8     58   6.68     77     14  313.8  335.0  315.0
  700.0   3155   10.4    1.4     54   6.09     75     13  314.0  333.4  315.1
  688.0   3299    9.5    1.0     55   6.01     65     12  314.5  333.7  315.6
  677.0   3433    8.6    0.6     57   5.94     70     13  315.0  334.0  316.1
  665.0   3581    8.4   -4.6     39   4.11     77     13  316.4  329.8  317.1
  645.0   3832    6.8   -0.2     61   5.88     87     15  317.3  336.4  318.4
  639.0   3909    6.5   -3.2     50   4.74     90     15  317.8  333.3  318.7
  634.0   3974    6.2   -5.8     42   3.93     89     15  318.2  331.2  318.9
  623.0   4117    4.8   -3.2     56   4.87     88     14  318.2  334.2  319.1
  610.0   4289    3.8   -1.2     70   5.78     86     13  319.0  337.8  320.1
  600.0   4423    3.2   -6.8     48   3.85     84     12  319.8  332.6  320.5
  572.0   4809    1.0   -9.9     44   3.18     80     10  321.6  332.4  322.2
  569.0   4852    0.8  -10.2     44   3.11     75     10  321.8  332.4  322.4
  551.0   5110    0.0  -22.0     17   1.20     45      7  323.9  328.2  324.1
  511.0   5707   -4.0  -26.7     15   0.84     45     10  326.1  329.2  326.3
  500.0   5880   -5.1  -28.1     15   0.76     40      9  326.8  329.6  326.9
  492.0   6006   -5.7  -28.7     14   0.73     30      9  327.5  330.2  327.6
  480.0   6198   -6.7  -29.7     14   0.68     33      8  328.6  331.2  328.8
  474.0   6295   -7.2  -25.1     22   1.06     35      7  329.2  333.1  329.4
  466.0   6427   -7.9  -18.9     41   1.85     26      6  329.9  336.6  330.3
  456.0   6593   -9.0  -19.8     41   1.76     15      5  330.6  336.9  330.9
  438.0   6901  -11.1  -21.4     42   1.59    335      5  331.8  337.6  332.1
  424.0   7150  -12.7  -22.7     43   1.46    335      6  332.8  338.2  333.1
  423.0   7168  -12.7  -24.7     36   1.23    335      6  333.0  337.6  333.3
  421.0   7204  -13.1  -21.8     48   1.60    335      6  333.0  338.8  333.3
  420.0   7222  -13.3  -20.3     56   1.82    337      6  332.9  339.6  333.3
  419.0   7240  -13.3  -18.2     67   2.19    338      6  333.2  341.1  333.6
  414.0   7331  -13.7  -19.7     61   1.95    346      6  333.8  340.9  334.2
  413.0   7349  -13.7  -23.7     43   1.38    347      6  334.0  339.1  334.3
  405.0   7496  -14.7  -20.7     60   1.83      0      5  334.7  341.4  335.0
  403.0   7534  -14.9  -19.9     66   1.97    356      5  334.8  342.0  335.2
  400.0   7590  -15.3  -20.0     67   1.97    350      4  335.0  342.2  335.4
  389.0   7796  -16.8  -22.1     63   1.68     10      4  335.8  342.0  336.1
  374.0   8086  -18.8  -25.1     58   1.34    345      3  336.9  341.9  337.2
  359.0   8389  -20.9  -28.2     52   1.05    325      6  338.0  342.0  338.2
  345.0   8683  -23.0  -31.2     47   0.82    335      6  339.1  342.3  339.2
  331.0   8988  -25.1  -34.3     42   0.63      5      9  340.1  342.6  340.3
  320.0   9238  -26.9  -36.9     38   0.51      7      7  341.0  343.1  341.1
  300.0   9700  -30.7  -39.7     41   0.41     10      4  342.0  343.6  342.1
  256.0  10799  -39.9  -47.9     42   0.20     15      4  344.3  345.1  344.3
  250.0  10960  -41.3                         350      3  344.5         344.5
  245.0  11094  -42.4                         345      2  344.9         344.9
  234.0  11399  -44.8                          60      1  345.8         345.8
  224.0  11688  -47.1                          90      3  346.6         346.6
  214.0  11991  -49.5                          90      5  347.4         347.4
  204.0  12309  -52.0                         110      8  348.2         348.2
  200.0  12440  -53.1                         110      9  348.5         348.5
  161.0  13790  -64.7                         105     24  351.2         351.2
  150.0  14230  -68.5                         100     27  351.9         351.9
  141.0  14596  -71.5                          95     24  352.9         352.9
  132.0  14981  -74.9                          90     20  353.6         353.6
  126.0  15248  -76.7                          81     22  355.1         355.1
  125.0  15294  -76.3                          80     22  356.6         356.6
  121.0  15481  -74.7                          56     19  362.8         362.8
  113.0  15872  -76.4                           5     12  366.8         366.8
  107.0  16183  -77.8                         300     11  369.9         369.9
  101.0  16513  -79.2                          60      3  373.3         373.3
  100.0  16570  -79.5                          75      5  373.9         373.9
   99.9  16576  -79.7                          75      5  373.6         373.6
   96.0  16801  -80.0                          75      7  377.3         377.3
   91.0  17104  -80.4                         280      8  382.2         382.2
   87.0  17359  -80.8                         225      9  386.5         386.5
   82.0  17694  -81.2                         240      3  392.1         392.1
   81.5  17729  -81.3                         235      3  392.7         392.7
   78.0  17979  -79.4                         200      4  401.6         401.6
   74.0  18279  -77.1                         205      7  412.5         412.5
   70.0  18600  -76.7                         285      2  420.0         420.0
   63.5  19157  -77.5                         257      8  430.1         430.1
   63.0  19203  -77.1                         255      9  432.0         432.0
   60.0  19485  -74.5                         310      5  443.7         443.7
   57.0  19783  -71.8                         315      8  456.4         456.4
   56.2  19865  -71.1                         299     11  459.9         459.9
   54.0  20099  -71.7                         255     18  463.9         463.9
   50.2  20527  -72.7                         260      9  471.2         471.2
   50.0  20550  -72.7                         260      9  471.8         471.8
   49.0  20669  -72.3                         260      4  475.4         475.4
   47.9  20802  -71.9                         319      5  479.5         479.5
   46.1  21030  -68.1                          59      6  493.9         493.9
   46.0  21043  -68.1                          65      6  494.3         494.3
   44.0  21312  -67.2                          75     17  502.8         502.8
   42.0  21593  -66.2                          70     22  511.9         511.9
   40.1  21873  -65.3                          90     19  521.0         521.0
   38.2  22171  -61.7                         112     16  537.4         537.4
   36.0  22536  -63.9                         138     13  540.9         540.9
   35.0  22708  -64.1                         150     11  544.9         544.9
   33.0  23068  -64.4                         155     12  553.2         553.2
   31.0  23450  -64.8                         190     18  562.2         562.2
   30.3  23589  -64.9                         180     25  565.5         565.5
   30.0  23650  -64.1                         175     28  569.3         569.3
   28.1  24051  -63.3                         142     32  582.3         582.3
   28.0  24073  -63.0                         140     32  583.6         583.6
   27.0  24298  -60.3                         121     33  597.4         597.4
   26.6  24391  -57.9                         113     34  606.7         606.7
   26.0  24536  -56.1                         101     35  615.8         615.8
   25.0  24784  -57.5                          80     36  618.7         618.7
   24.3  24963  -58.5                          82     38  620.9         620.9
   22.4  25475  -57.5                          86     43  638.4         638.4
   21.3  25796  -53.5                          89     46  659.7         659.7
   21.0  25887  -53.7                          90     47  661.7         661.7
   20.0  26200  -54.5                          95     59  668.6         668.6
   19.6  26329  -54.9                          93     60  671.2         671.2
   19.0  26529  -54.1                          90     62  679.8         679.8
   17.4  27095  -51.7                          89     65  704.6         704.6
   15.8  27719  -52.9                          88     68  720.4         720.4
   14.9  28099  -50.9                          88     70  739.2         739.2
   13.4  28786  -53.1                          87     74  754.5         754.5
   11.1  30008  -50.1                          85     80  806.9         806.9
   11.0  30067  -50.0                          85     80  809.5         809.5
   10.8  30186  -49.7                                     814.8         814.8
</PRE><H3>Station information and sounding indices</H3><PRE>
                         Station identifier: WIII
                             Station number: 96749
                           Observation time: 191220/0000
                           Station latitude: -6.11
                          Station longitude: 106.65
                          Station elevation: 8.0
                            Showalter index: 0.72
                               Lifted index: -1.89
    LIFT computed using virtual temperature: -2.76
                                SWEAT index: 202.58
                                    K index: 29.20
                         Cross totals index: 19.40
                      Vertical totals index: 23.90
                        Totals totals index: 43.30
      Convective Available Potential Energy: 549.17
             CAPE using virtual temperature: 708.40
                      Convective Inhibition: -94.84
             CINS using virtual temperature: -67.33
                           Equilibrum Level: 192.87
 Equilibrum Level using virtual temperature: 191.91
                   Level of Free Convection: 697.99
             LFCT using virtual temperature: 815.24
                     Bulk Richardson Number: 87.35
          Bulk Richardson Number using CAPV: 112.67
  Temp [K] of the Lifted Condensation Level: 293.96
Pres [hPa] of the Lifted Condensation Level: 932.44
   Equivalent potential temp [K] of the LCL: 349.55
     Mean mixed layer potential temperature: 299.92
              Mean mixed layer mixing ratio: 16.94
              1000 hPa to 500 hPa thickness: 5787.00
Precipitable water [mm] for entire sounding: 49.16
</PRE>
<P>Description of the 
<A HREF="/upperair/columns.html">data columns</A>
or <A HREF="/upperair/indices.html">sounding indices</A>.

<P>
<FORM>
<INPUT CLASS="button" TYPE="button" VALUE=" Close this window " 
 onClick="window.close();">
<INPUT CLASS="button" TYPE="button" VALUE=" Select another map " 
 onClick="window.blur();">
</FORM>
<HR SIZE="1">
<I>Interested in graduate studies in atmospheric science?
Check out our program at the
<a href="http://www.uwyo.edu/atsc/howtoapply/"
target=_top>University of Wyoming
</a></I>
<HR SIZE="1"><FONT SIZE="-1">
Questions about the weather data provided by this site can be
addressed to <A HREF="mailto:ldoolman@uwyo.edu">
Larry Oolman (ldoolman@uwyo.edu)</A></FONT>
<HR SIZE="1">
<SCRIPT TYPE="text/javascript">
<!--
window.focus();
// -->
</SCRIPT>
</BODY>
</HTML>
