2021-05-22 12
<HTML>
<TITLE>University of Wyoming - Radiosonde Data</TITLE>
<BODY BGCOLOR="white">
<H2>96749 WIII Jakarta Observations at 00Z 22 May 2021</H2>
<PRE>
-----------------------------------------------------------------------------
   PRES   HGHT   TEMP   DWPT   RELH   MIXR   DRCT   SKNT   THTA   THTE   THTV
    hPa     m      C      C      %    g/kg    deg   knot     K      K      K 
-----------------------------------------------------------------------------
 1008.0      8   25.4   23.5     89  18.47    220      2  297.9  351.7  301.1
 1000.0     79   25.8   23.9     89  19.09    190      3  298.9  354.9  302.4
  990.0    168   26.4   22.5     79  17.68    168      3  300.4  352.5  303.6
  975.0    303   25.6   22.6     83  18.02    135      3  300.9  354.1  304.1
  937.0    654   23.4   22.7     96  18.94     97      5  302.1  358.3  305.5
  925.0    767   22.8   20.7     88  16.92     85      6  302.6  352.9  305.7
  911.0    900   22.0   20.0     89  16.48     75      6  303.1  352.2  306.1
  880.0   1202   20.2   18.5     90  15.50     95      3  304.3  350.6  307.1
  850.0   1504   18.4   17.0     92  14.56    100      3  305.4  349.2  308.1
  843.0   1575   18.2   15.4     84  13.22     99      3  305.9  345.8  308.4
  821.0   1802   16.7   15.0     90  13.21     95      2  306.6  346.6  309.1
  793.0   2098   14.7   14.4     98  13.20    160      2  307.5  347.6  310.0
  792.0   2109   14.6   14.4     99  13.19    154      2  307.6  347.6  310.0
  765.0   2403   13.0   12.8     99  12.31      0      1  308.9  346.6  311.2
  758.0   2481   12.6   12.4     99  12.08      6      1  309.3  346.3  311.5
  738.0   2706   12.1   10.2     88  10.67     25      2  311.1  344.1  313.1
  734.0   2752   12.0    9.7     86  10.40     21      2  311.5  343.7  313.4
  720.0   2914   12.2    3.2     54   6.73      7      1  313.4  334.8  314.7
  713.0   2996   11.7    2.7     54   6.57      0      1  313.8  334.6  315.0
  700.0   3150   10.8    1.8     54   6.27      0      0  314.4  334.4  315.6
  687.0   3304    9.9    0.8     53   5.92    140      2  315.1  334.1  316.2
  620.0   4149    5.0   -5.0     48   4.28    168      4  318.9  333.0  319.7
  616.0   4201    4.5   -4.8     51   4.37    170      4  318.9  333.3  319.7
  594.0   4494    1.8   -3.7     67   4.92    150      3  319.1  335.2  320.0
  580.0   4687    0.0   -3.0     80   5.32     84      3  319.1  336.6  320.2
  572.0   4797   -0.6   -3.0     84   5.39     45      3  319.7  337.4  320.7
  551.0   5095   -2.3   -3.0     95   5.60     45      2  321.2  339.6  322.3
  548.0   5138   -2.5   -3.0     96   5.63     62      2  321.4  339.9  322.5
  530.0   5402   -3.7   -5.7     86   4.74    165      4  323.0  338.8  323.9
  511.0   5690   -5.1   -8.7     76   3.90    160      2  324.7  338.0  325.5
  510.0   5705   -5.2   -8.5     77   3.96    160      2  324.8  338.2  325.6
  500.0   5860   -5.9   -6.9     93   4.59    125      2  325.8  341.3  326.7
  491.0   6002   -6.9   -7.5     95   4.46     96      3  326.2  341.4  327.1
  473.0   6293   -8.4  -10.5     85   3.65     35      5  327.9  340.4  328.6
  472.0   6310   -8.5  -10.7     84   3.60     36      5  328.0  340.4  328.7
  468.0   6376   -9.1  -11.0     86   3.55     40      5  328.0  340.3  328.7
  466.0   6409   -9.3  -11.1     87   3.54     42      6  328.2  340.4  328.9
  464.0   6442   -8.9  -11.1     84   3.55     44      6  329.1  341.4  329.8
  456.0   6577   -6.9  -20.9     32   1.59     52      6  333.2  339.1  333.5
  451.0   6663   -6.7  -30.7     13   0.66     57      7  334.5  337.1  334.6
  449.0   6698   -6.1  -43.1      4   0.19     59      7  335.7  336.5  335.7
  438.0   6891   -7.4  -45.1      3   0.16     70      8  336.4  337.1  336.5
  434.0   6963   -7.9  -45.9      3   0.14     64      8  336.7  337.3  336.7
  427.0   7089   -9.1  -46.1      3   0.14     54      7  336.7  337.3  336.8
  424.0   7143   -9.5  -31.5     15   0.65     49      7  336.9  339.4  337.0
  421.0   7198  -10.0  -31.5     15   0.66     45      7  337.0  339.6  337.1
  400.0   7590  -13.3  -31.3     20   0.70     90      7  337.6  340.4  337.8
  397.0   7647  -13.7  -33.7     17   0.56    100      7  337.8  340.1  337.9
  386.0   7860  -15.1  -35.1     16   0.50    135      7  338.7  340.7  338.8
  380.0   7979  -16.3  -27.3     38   1.08    155      7  338.6  342.8  338.9
  374.0   8098  -16.8  -28.8     35   0.96    175      7  339.5  343.2  339.7
  356.0   8468  -18.3  -33.3     26   0.65    165      7  342.3  344.9  342.5
  333.0   8963  -22.3  -41.3     16   0.31    152      8  343.4  344.7  343.5
  313.0   9415  -26.9  -36.9     38   0.52    140      8  343.2  345.3  343.3
  305.0   9601  -27.7  -46.7     15   0.19    135      8  344.6  345.4  344.6
  300.0   9720  -28.3  -50.3     10   0.13    120      6  345.4  345.9  345.4
  293.0   9888  -29.6  -51.3     10   0.12     85      6  345.9  346.4  345.9
  281.0  10185  -31.9  -53.1     10   0.10     60     10  346.7  347.1  346.7
  277.0  10287  -32.7  -53.7     10   0.09     60      9  347.0  347.4  347.0
  269.0  10491  -34.6  -54.5     11   0.09     60      7  347.1  347.5  347.1
  250.0  11000  -39.5  -56.5     15   0.07     35      9  347.2  347.5  347.2
  246.0  11108  -40.5  -56.7     16   0.07     30      9  347.3  347.6  347.3
  236.0  11386  -43.1  -57.2     20   0.07     35     12  347.5  347.9  347.6
  213.0  12071  -49.5  -58.5     34   0.07     35     16  347.9  348.2  347.9
  200.0  12480  -53.3  -63.3     29   0.04     35     19  348.2  348.4  348.2
  187.0  12908  -56.2  -67.2     24   0.02     25     24  350.2  350.4  350.2
  179.0  13186  -58.1  -69.8     21   0.02     10     32  351.5  351.6  351.5
  175.0  13330  -59.1  -71.1     20   0.01      8     32  352.2  352.3  352.2
  170.0  13509  -60.6  -71.6     22   0.01      5     33  352.7  352.7  352.7
  155.0  14081  -65.3  -73.3     32   0.01      0     30  354.1  354.1  354.1
  154.0  14120  -65.6  -73.6     32   0.01      0     30  354.2  354.3  354.2
  150.0  14280  -66.7  -74.7     32   0.01      5     28  355.0  355.0  355.0
  147.0  14401  -67.5  -76.6     26   0.01     10     26  355.7  355.8  355.7
  140.0  14693  -69.3  -81.3     16   0.00     39     19  357.5  357.5  357.5
  133.0  14993  -71.9  -82.3     20   0.00     70     12  358.1  358.1  358.1
  123.0  15451  -75.9  -83.9     28   0.00    123     11  359.0  359.0  359.0
  120.0  15591  -77.1  -85.1     27   0.00    140     11  359.2  359.2  359.2
  114.0  15882  -79.7  -87.7     26   0.00    160     15  359.8  359.8  359.8
  110.0  16085  -81.5  -89.5     25   0.00    145     14  360.1  360.1  360.1
  100.0  16620  -79.9  -90.9     15   0.00    105     13  373.1  373.1  373.1
   97.0  16792  -80.8  -92.3     13   0.00     85     13  374.7  374.7  374.7
   89.9  17220  -82.9  -95.9      9   0.00     50     12  378.7  378.7  378.7
   87.0  17403  -83.2  -96.2      9   0.00     20      9  381.7  381.7  381.7
   83.0  17665  -83.6  -96.6      9   0.00    215      3  386.0  386.0  386.0
   81.8  17747  -83.7  -96.7      9   0.00    215      5  387.4  387.4  387.4
   78.6  17969  -83.3  -96.3      9   0.00    215      9  392.6  392.6  392.6
   78.0  18012  -82.8  -95.8      9   0.00    215     10  394.5  394.5  394.5
   76.3  18135  -81.5  -94.5     10   0.00    221      8  399.8  399.8  399.8
   74.0  18312  -73.7  -91.8      5   0.00    230      6  419.7  419.7  419.7
   73.6  18343  -72.3  -91.3      4   0.00    234      6  423.3  423.3  423.3
   70.0  18640  -70.9  -90.9      4   0.00    270     11  432.4  432.4  432.4
   67.0  18899  -71.2  -93.3      3   0.00    240     13  437.1  437.2  437.1
   64.3  19142  -71.5  -95.5      2   0.00    276     15  441.7  441.7  441.7
   64.0  19169  -71.2  -95.5      2   0.00    280     15  442.9  442.9  442.9
   60.1  19544  -67.7  -95.7      1   0.00    280     37  458.8  458.8  458.8
   58.0  19757  -67.6  -95.8      1   0.00    280     49  463.6  463.6  463.6
   52.0  20414  -67.4  -96.2      1   0.00    275     43  478.9  478.9  478.9
   50.0  20650  -67.3  -96.3      1   0.00    260     40  484.5  484.5  484.5
   47.0  21022  -67.7  -96.0      1   0.00    260     33  492.1  492.1  492.1
   45.0  21283  -68.0  -95.8      1   0.00    255     28  497.6  497.6  497.6
   41.9  21713  -68.5  -95.5      1   0.00    274     24  506.6  506.6  506.6
   41.0  21845  -67.9  -95.1      1   0.00    280     23  511.3  511.3  511.3
   39.0  22151  -66.4  -94.2      1   0.00    260     16  522.4  522.4  522.4
   35.0  22811  -63.2  -92.3      1   0.00    280      8  547.0  547.0  547.0
   33.0  23171  -61.5  -91.3      1   0.00    215      3  560.9  560.9  560.9
   32.3  23301  -60.9  -90.9      1   0.00    184      8  566.0  566.0  566.0
   32.0  23359  -61.0  -90.8      1   0.00    170     10  567.3  567.3  567.3
   30.1  23739  -61.5  -90.5      1   0.00    123     19  575.9  575.9  575.9
   30.0  23760  -61.7  -89.7      1   0.00    120     19  575.9  575.9  575.9
   29.0  23974  -59.6  -89.5      1   0.00    105     22  587.4  587.4  587.4
   26.6  24520  -54.1  -89.1      1   0.01     89     36  617.4  617.5  617.4
   26.0  24666  -54.4  -89.4      1   0.01     85     40  620.6  620.6  620.6
   23.0  25451  -56.1  -91.1      1   0.00     79     41  637.7  637.8  637.7
   21.0  26036  -53.6  -89.3      1   0.01     75     42  662.0  662.0  662.0
   20.0  26350  -52.3  -88.3      1   0.01     75     51  675.3  675.4  675.3
   19.0  26683  -51.0  -87.0      1   0.01     75     54  689.2  689.4  689.2
   18.3  26927  -50.1  -86.1      1   0.01     78     53  699.6  699.7  699.6
   16.0  27806  -49.4  -85.4      1   0.02     90     50  729.3  729.5  729.4
   15.8  27888  -49.3  -85.3      1   0.02     92     49  732.2  732.4  732.2
   15.0  28232  -47.6  -84.4      1   0.02    100     47  748.8  749.0  748.8
   14.0  28688  -45.3  -83.2      1   0.03    100     53  771.4  771.7  771.4
   13.9  28735  -45.1  -83.1      1   0.03    100     53  773.7  774.1  773.8
   10.4  30684  -42.3  -78.3      1   0.08     87     54  850.9  852.0  851.0
   10.0                                        85     54                     
</PRE><H3>Station information and sounding indices</H3><PRE>
                         Station identifier: WIII
                             Station number: 96749
                           Observation time: 210522/0000
                           Station latitude: -6.11
                          Station longitude: 106.65
                          Station elevation: 8.0
                            Showalter index: -2.54
                               Lifted index: -4.26
    LIFT computed using virtual temperature: -4.64
                                SWEAT index: 211.98
                                    K index: 32.30
                         Cross totals index: 22.90
                      Vertical totals index: 24.30
                        Totals totals index: 47.20
      Convective Available Potential Energy: 1058.03
             CAPE using virtual temperature: 1232.48
                      Convective Inhibition: -25.07
             CINS using virtual temperature: -21.46
                           Equilibrum Level: 156.81
 Equilibrum Level using virtual temperature: 156.64
                   Level of Free Convection: 859.24
             LFCT using virtual temperature: 871.83
                     Bulk Richardson Number: 3896.42
          Bulk Richardson Number using CAPV: 4538.89
  Temp [K] of the Lifted Condensation Level: 295.35
Pres [hPa] of the Lifted Condensation Level: 942.64
   Equivalent potential temp [K] of the LCL: 354.09
     Mean mixed layer potential temperature: 300.39
              Mean mixed layer mixing ratio: 18.26
              1000 hPa to 500 hPa thickness: 5781.00
Precipitable water [mm] for entire sounding: 58.00
</PRE>
<P>Description of the 
<A HREF="/upperair/columns.html">data columns</A>
or <A HREF="/upperair/indices.html">sounding indices</A>.

<P>
<FORM>
<INPUT CLASS="button" TYPE="button" VALUE=" Close this window " 
 onClick="window.close();">
<INPUT CLASS="button" TYPE="button" VALUE=" Select another map " 
 onClick="window.blur();">
</FORM>
<HR SIZE="1">
<I>Interested in graduate studies in atmospheric science?
Check out our program at the
<a href="http://www.uwyo.edu/atsc/howtoapply/"
target=_top>University of Wyoming
</a></I>
<HR SIZE="1"><FONT SIZE="-1">
Questions about the weather data provided by this site can be
addressed to <A HREF="mailto:ldoolman@uwyo.edu">
Larry Oolman (ldoolman@uwyo.edu)</A></FONT>
<HR SIZE="1">
<SCRIPT TYPE="text/javascript">
<!--
window.focus();
// -->
</SCRIPT>
</BODY>
</HTML>
