2019-11-28 00
<HTML>
<TITLE>University of Wyoming - Radiosonde Data</TITLE>
<BODY BGCOLOR="white">
<H2>96749 WIII Jakarta Observations at 00Z 28 Nov 2019</H2>
<PRE>
-----------------------------------------------------------------------------
   PRES   HGHT   TEMP   DWPT   RELH   MIXR   DRCT   SKNT   THTA   THTE   THTV
    hPa     m      C      C      %    g/kg    deg   knot     K      K      K 
-----------------------------------------------------------------------------
 1009.0      8   26.4   23.6     85  18.57    210      2  298.8  353.1  302.1
 1000.0     81   26.2   22.6     81  17.61    140      3  299.4  351.0  302.5
  986.0    206   26.6   22.4     78  17.64    157      2  301.0  353.1  304.1
  976.0    297   26.1   21.9     78  17.23    170      2  301.3  352.2  304.4
  943.0    601   24.2   20.0     77  15.90      0      0  302.4  349.6  305.3
  925.0    771   23.2   19.0     77  15.19     75      3  303.0  348.3  305.8
  912.0    894   22.4   18.5     79  14.92     80      4  303.4  347.9  306.1
  858.0   1423   18.8   16.3     85  13.78     80      4  305.0  346.4  307.5
  850.0   1503   18.4   16.1     86  13.73     80      4  305.4  346.7  307.9
  821.0   1800   16.8   13.9     83  12.31     85      6  306.7  344.0  309.0
  767.0   2381   13.6    9.6     77   9.88     71     12  309.3  339.7  311.2
  765.0   2403   13.5    9.3     76   9.73     70     12  309.5  339.5  311.3
  738.0   2707   12.6    5.7     63   7.85     70     10  311.6  336.2  313.1
  727.0   2833   12.2    4.2     58   7.16     91     10  312.6  335.1  313.9
  726.0   2845   12.0    4.0     58   7.07     93     10  312.5  334.8  313.8
  712.0   3009   12.0   -4.5     31   3.86    120     10  314.2  326.8  314.9
  708.0   3056   12.0   -7.0     26   3.21    120     11  314.7  325.3  315.3
  700.0   3151   11.4  -11.6     19   2.26    120     12  315.1  322.7  315.5
  663.0   3598    8.7   -8.8     28   2.99    145     12  317.0  327.0  317.6
  616.0   4202    5.1   -4.9     48   4.33    125      8  319.5  333.9  320.4
  610.0   4283    4.6   -4.4     52   4.55    114      8  319.9  334.9  320.8
  594.0   4497    3.4   -5.9     51   4.16     85      7  320.9  334.8  321.7
  553.0   5074    0.0  -10.0     47   3.25     56      4  323.5  334.6  324.2
  531.0   5395   -2.3  -11.9     48   2.90     40      3  324.5  334.5  325.1
  511.0   5698   -4.6  -13.8     49   2.60    280      2  325.4  334.4  325.9
  501.0   5854   -5.7  -14.7     49   2.45    316      2  325.8  334.4  326.3
  500.0   5870   -5.9  -13.9     53   2.63    320      2  325.8  334.9  326.3
  492.0   5997   -6.4  -17.4     41   1.99    355      2  326.7  333.7  327.1
  487.0   6077   -6.7  -19.7     35   1.66     11      3  327.3  333.2  327.6
  473.0   6306   -7.7  -18.5     41   1.89     55      5  328.8  335.6  329.2
  461.0   6507   -8.5  -17.5     48   2.11     62      6  330.2  337.7  330.6
  438.0   6903  -11.2  -19.0     52   1.96     75      7  331.7  338.7  332.1
  422.0   7190  -13.1  -20.1     56   1.85    103      3  332.7  339.5  333.1
  421.0   7209  -13.1  -20.7     53   1.76    105      3  332.9  339.4  333.3
  410.0   7411  -13.3  -27.3     30   1.00    102      2  335.2  339.0  335.4
  405.0   7505  -13.9  -28.9     27   0.87    100      2  335.6  339.0  335.8
  400.0   7600  -14.5  -30.5     24   0.76    120      2  336.1  339.0  336.2
  389.0   7810  -15.7  -35.7     16   0.47    180      3  337.2  339.1  337.3
  374.0   8102  -18.2  -35.9     20   0.48    220      4  337.6  339.5  337.7
  359.0   8406  -20.9  -36.1     24   0.49    210      1  338.0  340.0  338.1
  346.0   8679  -23.3  -36.3     29   0.50      3      5  338.4  340.3  338.5
  345.0   8700  -23.4  -36.6     29   0.49     15      5  338.5  340.4  338.6
  331.0   9001  -24.9  -40.6     22   0.34      5      8  340.5  341.9  340.6
  317.0   9314  -26.4  -44.8     16   0.22    340     10  342.7  343.6  342.7
  314.0   9383  -26.7  -45.7     15   0.20    326     10  343.1  344.0  343.2
  305.0   9592  -28.2  -47.9     13   0.17    285     10  343.9  344.6  343.9
  300.0   9710  -29.1  -49.1     13   0.15    270     10  344.2  344.9  344.3
  292.0   9898  -30.7  -49.8     14   0.14    250      9  344.6  345.2  344.6
  280.0  10191  -33.3  -50.9     15   0.13    240     13  345.1  345.6  345.1
  252.0  10926  -39.7  -53.7     21   0.10    273     15  346.1  346.6  346.1
  250.0  10980  -40.3                         275     15  346.0         346.0
  235.0  11393  -43.7                         285     16  347.0         347.0
  215.0  11987  -48.7                         260     23  348.2         348.2
  200.0  12470  -52.7                         260     29  349.1         349.1
  152.0  14171  -68.1                         250     45  351.2         351.2
  150.0  14250  -68.9                         250     46  351.2         351.2
  146.0  14410  -70.2                         250     46  351.7         351.7
  134.0  14917  -74.3                         263     44  353.1         353.1
  119.0  15596  -77.5                         280     41  359.3         359.3
  102.0  16477  -81.8                         280     12  367.4         367.4
  100.0  16590  -82.3                         285     11  368.5         368.5
   97.1  16754  -83.5                         310      3  369.2         369.2
   96.0  16818  -82.2                          35      2  373.1         373.1
   95.0  16877  -80.9                          44      4  376.7         376.7
   91.0  17117  -81.4                          80     14  380.3         380.3
   82.0  17701  -82.7                          10      5  389.2         389.2
   78.0  17981  -83.3                         260      6  393.6         393.6
   76.5  18089  -83.5                         271      5  395.3         395.3
   74.0  18277  -81.5                         290      3  403.1         403.1
   70.0  18590  -78.3                         290     11  416.6         416.6
   67.9  18767  -75.5                         277     13  426.2         426.2
   66.0  18933  -75.4                         265     15  429.9         429.9
   63.0  19205  -75.2                         300     17  436.1         436.1
   57.0  19791  -74.8                         300     24  449.7         449.7
   55.6  19937  -74.7                         291     22  453.1         453.1
   51.0  20452  -69.2                         260     14  477.4         477.4
   50.0  20570  -67.9                         295      9  483.1         483.1
   49.7  20606  -67.1                         295      8  485.8         485.8
   49.0  20692  -66.9                         295      7  488.2         488.2
   47.0  20944  -66.3                         260      1  495.4         495.4
   44.0  21343  -65.5                          35      9  507.0         507.0
   42.2  21596  -64.9                          17     13  514.5         514.5
   42.0  21625  -64.5                          15     13  516.2         516.2
   40.9  21788  -62.1                         348     16  526.1         526.1
   40.0  21925  -62.2                         325     18  529.1         529.1
   36.4  22505  -62.7                         271     24  542.3         542.3
   36.0  22574  -62.3                         265     25  545.0         545.0
   35.0  22749  -61.4                         255     14  551.8         551.8
   33.0  23115  -59.4                         270     10  566.4         566.4
   32.0  23306  -58.4                         255      9  574.1         574.1
   31.7  23364  -58.1                         249      9  576.5         576.5
   30.0  23710  -58.7                         215     10  584.0         584.0
   29.0  23919  -59.6                         215      8  587.1         587.1
   27.0  24359  -61.6                         145      9  593.7         593.7
   23.1  25319  -65.9                         110     29  608.2         608.2
   22.0  25617  -61.1                         105     25  631.0         631.0
   20.0  26210  -59.3                         110     35  653.9         653.9
   18.2  26811  -51.3                         110     46  696.9         696.9
   18.0  26883  -51.4                         110     47  699.0         699.0
   16.7  27369  -51.7                         102     51  713.0         713.0
   15.0  28079  -49.2                          90     57  743.6         743.6
   12.0  29553  -43.9                          85     65  811.2         811.2
   11.6  29777  -43.1                                     821.9         821.9
</PRE><H3>Station information and sounding indices</H3><PRE>
                         Station identifier: WIII
                             Station number: 96749
                           Observation time: 191128/0000
                           Station latitude: -6.11
                          Station longitude: 106.65
                          Station elevation: 8.0
                            Showalter index: -1.64
                               Lifted index: -3.46
    LIFT computed using virtual temperature: -4.09
                                SWEAT index: 203.20
                                    K index: 17.40
                         Cross totals index: 22.00
                      Vertical totals index: 24.30
                        Totals totals index: 46.30
      Convective Available Potential Energy: 786.15
             CAPE using virtual temperature: 980.76
                      Convective Inhibition: -45.91
             CINS using virtual temperature: -33.44
                           Equilibrum Level: 146.37
 Equilibrum Level using virtual temperature: 146.40
                   Level of Free Convection: 822.21
             LFCT using virtual temperature: 847.59
                     Bulk Richardson Number: 277.25
          Bulk Richardson Number using CAPV: 345.88
  Temp [K] of the Lifted Condensation Level: 294.20
Pres [hPa] of the Lifted Condensation Level: 925.70
   Equivalent potential temp [K] of the LCL: 351.74
     Mean mixed layer potential temperature: 300.78
              Mean mixed layer mixing ratio: 17.31
              1000 hPa to 500 hPa thickness: 5789.00
Precipitable water [mm] for entire sounding: 49.16
</PRE>
<P>Description of the 
<A HREF="/upperair/columns.html">data columns</A>
or <A HREF="/upperair/indices.html">sounding indices</A>.

<P>
<FORM>
<INPUT CLASS="button" TYPE="button" VALUE=" Close this window " 
 onClick="window.close();">
<INPUT CLASS="button" TYPE="button" VALUE=" Select another map " 
 onClick="window.blur();">
</FORM>
<HR SIZE="1">
<I>Interested in graduate studies in atmospheric science?
Check out our program at the
<a href="http://www.uwyo.edu/atsc/howtoapply/"
target=_top>University of Wyoming
</a></I>
<HR SIZE="1"><FONT SIZE="-1">
Questions about the weather data provided by this site can be
addressed to <A HREF="mailto:ldoolman@uwyo.edu">
Larry Oolman (ldoolman@uwyo.edu)</A></FONT>
<HR SIZE="1">
<SCRIPT TYPE="text/javascript">
<!--
window.focus();
// -->
</SCRIPT>
</BODY>
</HTML>
