2018-10-16 12
<HTML>
<TITLE>University of Wyoming - Radiosonde Data</TITLE>
<BODY BGCOLOR="white">
<H2>96749 WIII Jakarta Observations at 00Z 16 Oct 2018</H2>
<PRE>
-----------------------------------------------------------------------------
   PRES   HGHT   TEMP   DWPT   RELH   MIXR   DRCT   SKNT   THTA   THTE   THTV
    hPa     m      C      C      %    g/kg    deg   knot     K      K      K 
-----------------------------------------------------------------------------
 1012.0      8   24.8   23.3     91  18.17    190      3  296.9  349.6  300.2
 1000.0    113   25.2   21.7     81  16.64    165      4  298.4  346.9  301.3
  993.0    175   25.0   21.2     79  16.24    153      5  298.8  346.2  301.6
  979.0    301   25.2   20.2     73  15.43    130      6  300.2  345.6  303.0
  969.0    391   25.4   19.4     69  14.86    124      6  301.2  345.2  303.9
  925.0    800   22.0   18.0     78  14.24     95      6  301.8  344.0  304.4
  918.0    866   21.4   17.7     79  14.08     93      7  301.8  343.6  304.4
  883.0   1199   19.5   15.5     78  12.68     85     12  303.2  341.1  305.5
  850.0   1526   17.6   13.3     76  11.42     90     17  304.6  338.9  306.7
  813.0   1905   16.0    8.0     59   8.34     86     16  306.8  332.3  308.3
  767.0   2397   12.8    8.1     73   8.90     80     15  308.5  335.9  310.1
  761.0   2463   12.4    8.1     75   8.98     83     14  308.7  336.4  310.4
  741.0   2686   11.2    7.1     76   8.61     94     12  309.8  336.4  311.4
  740.0   2697   11.2    6.6     73   8.34     95     12  309.9  335.8  311.4
  733.0   2777   11.2    3.2     58   6.61    103     11  310.7  331.5  312.0
  716.0   2972    9.8    2.8     62   6.58    123      8  311.3  332.0  312.5
  714.0   2995    9.4    4.5     71   7.43    125      8  311.1  334.4  312.5
  713.0   3007    9.2    5.3     77   7.89    126      8  311.0  335.6  312.5
  708.0   3065    9.0    2.0     62   6.28    131      8  311.4  331.2  312.6
  700.0   3159    9.0    1.0     57   5.91    140      7  312.4  331.2  313.5
  691.0   3266    8.8   -1.2     49   5.10    138      7  313.4  329.7  314.3
  674.0   3472    7.4   -0.6     57   5.46    134      7  314.0  331.6  315.1
  667.0   3558    6.6   -0.4     61   5.60    132      8  314.1  332.0  315.1
  664.0   3595    6.6   -0.4     61   5.63    131      8  314.5  332.5  315.5
  659.0   3657    6.8   -8.2     33   3.14    130      8  315.4  325.8  316.0
  649.0   3782    5.6   -4.4     49   4.27    127      8  315.4  329.3  316.2
  640.0   3896    5.2   -8.0     38   3.28    125      8  316.2  327.1  316.8
  624.0   4102    4.4  -14.6     24   1.99    115      9  317.6  324.4  318.0
  617.0   4194    4.0  -14.7     24   2.00    110     10  318.1  325.0  318.5
  605.0   4353    3.2  -14.8     25   2.01    123     11  319.0  326.0  319.4
  594.0   4501    1.7   -8.0     48   3.54    135     11  319.0  330.8  319.7
  593.0   4515    1.6   -7.4     51   3.72    135     11  319.0  331.4  319.7
  588.0   4583    0.8   -6.2     59   4.11    134     11  318.8  332.4  319.6
  585.0   4624    0.4   -6.6     59   4.01    134     12  318.8  332.1  319.6
  583.0   4651    0.2   -6.8     59   3.96    133     12  318.9  332.1  319.7
  580.0   4693    0.4  -12.6     37   2.52    133     12  319.6  328.2  320.1
  577.0   4734    0.6  -18.4     23   1.56    132     12  320.3  325.8  320.6
  566.0   4888    0.0  -26.0     12   0.82    131     13  321.4  324.4  321.5
  531.0   5394   -2.7  -25.5     15   0.91    125     15  324.1  327.4  324.2
  502.0   5839   -5.1  -25.1     19   1.00    111     13  326.4  330.1  326.6
  500.0   5870   -5.1  -24.1     21   1.10    110     13  326.8  330.8  327.0
  498.0   5901   -5.5  -18.5     35   1.80    109     13  326.6  333.0  327.0
  492.0   5996   -6.1  -20.1     32   1.59    105     12  327.1  332.7  327.4
  486.0   6092   -6.7  -21.7     29   1.39     96     11  327.4  332.5  327.7
  474.0   6287   -7.5  -21.5     32   1.46     77     10  328.8  334.1  329.1
  473.0   6304   -7.7  -20.2     36   1.63     75     10  328.8  334.7  329.1
  472.0   6320   -7.9  -18.9     41   1.83     75     10  328.7  335.3  329.1
  469.0   6370   -8.1  -26.1     22   0.98     76     10  329.1  332.7  329.3
  468.0   6386   -7.9  -28.9     17   0.75     77     10  329.5  332.4  329.7
  465.0   6436   -8.5  -23.5     29   1.24     78     10  329.4  333.9  329.6
  460.0   6520   -8.7  -30.7     15   0.65     79     10  330.1  332.6  330.3
  457.0   6571   -8.9  -24.9     26   1.12     80     10  330.5  334.6  330.7
  455.0   6605   -9.3  -21.3     37   1.54     81     10  330.4  336.0  330.7
  453.0   6639   -9.5  -19.5     44   1.81     81     10  330.6  337.1  330.9
  452.0   6656   -9.7  -18.7     48   1.94     82     10  330.5  337.5  330.9
  451.0   6673   -9.7  -18.7     48   1.95     82     10  330.8  337.8  331.1
  450.0   6690   -9.7  -17.7     52   2.13     82     10  331.0  338.6  331.4
  449.0   6707   -9.7  -29.7     18   0.73     83     10  331.2  334.0  331.3
  447.0   6742   -9.5  -39.5      7   0.28     83     10  331.9  333.0  331.9
  419.0   7238  -13.1  -43.1      6   0.20     93     10  333.4  334.3  333.5
  411.0   7384  -13.9  -26.9     32   1.03     96     10  334.2  338.1  334.4
  404.0   7515  -14.7  -32.7     20   0.61     99     10  334.8  337.2  335.0
  400.0   7590  -15.3  -34.3     18   0.53    100     10  335.0  337.1  335.1
  387.0   7839  -17.7  -28.7     38   0.93    107     11  335.0  338.6  335.2
  380.0   7976  -18.5  -27.5     45   1.06    110     12  335.7  339.8  336.0
  376.0   8055  -19.1  -33.1     28   0.63    113     12  336.0  338.4  336.1
  364.0   8296  -20.9  -36.9     22   0.45    119     13  336.7  338.5  336.8
  359.0   8398  -21.5  -36.5     25   0.47    122     14  337.2  339.1  337.3
  358.0   8419  -21.7  -37.7     22   0.42    123     14  337.2  338.9  337.3
  357.0   8439  -21.7  -31.7     40   0.76    123     14  337.5  340.4  337.6
  355.0   8481  -21.5  -40.5     16   0.32    124     14  338.3  339.6  338.4
  354.0   8501  -21.3  -44.3     11   0.21    125     14  338.8  339.7  338.9
  345.0   8689  -22.9  -43.8     13   0.23    130     15  339.2  340.1  339.2
  317.0   9306  -28.1  -42.1     25   0.30    124     13  340.3  341.5  340.3
  300.0   9700  -31.5  -45.5     24   0.22    120     12  340.9  341.8  340.9
  279.0  10204  -35.8  -48.8     25   0.16    115      6  341.9  342.6  341.9
  267.0  10509  -38.3  -50.7     26   0.14    140      4  342.4  343.0  342.5
  260.0  10694  -39.9  -51.9     27   0.12    137      4  342.8  343.3  342.8
  256.0  10799  -40.8                         135      4  343.0         343.0
  250.0  10960  -42.1                         120      5  343.3         343.3
  234.0  11396  -45.8                          80      9  344.3         344.3
  214.0  11984  -50.7                          85     11  345.5         345.5
  200.0  12430  -54.5                          65     11  346.3         346.3
  177.0  13192  -61.0                          60     28  348.0         348.0
  160.0  13821  -66.3                          63     37  349.2         349.2
  150.0  14210  -69.1                          65     42  350.9         350.9
  145.0  14408  -70.3                          70     39  352.3         352.3
  125.0  15277  -75.3                         115     34  358.3         358.3
  116.0  15715  -77.9                         112     27  361.3         361.3
  101.0  16503  -79.8                         105     15  372.3         372.3
  100.0  16560  -79.9                         105     14  373.1         373.1
   91.0  17090  -82.9                         100      9  377.3         377.3
   87.8  17291  -84.1                          85     13  378.8         378.8
   85.7  17426  -83.3                          74     17  383.1         383.1
   84.3  17518  -81.9                          67     20  387.7         387.7
   83.5  17572  -78.5                          63     22  395.7         395.7
   82.0  17676  -78.2                          55     25  398.4         398.4
   77.6  17993  -77.1                          81     25  407.0         407.0
   74.5  18230  -72.7                         100     26  421.0         421.0
   70.0  18600  -69.5                         130     26  435.4         435.4
   69.0  18686  -69.3                         135     28  437.6         437.6
   67.0  18860  -70.0                         145     33  439.9         439.9
   63.1  19217  -71.3                         128     33  444.5         444.5
   57.0  19824  -67.7                         100     33  465.8         465.8
   55.1  20027  -66.5                          97     37  473.1         473.1
   51.1  20480  -69.3                          92     47  476.8         476.8
   50.0  20610  -68.3                          90     50  482.1         482.1
   47.0  20987  -64.4                          80     47  500.1         500.1
   44.9  21266  -61.5                          78     50  513.7         513.7
   39.0  22139  -61.5                          70     60  534.8         534.8
   38.6  22203  -61.5                          70     60  536.4         536.4
   37.7  22349  -61.5                          74     57  540.0         540.0
   34.9  22832  -56.7                          88     48  564.5         564.5
   31.2  23542  -57.1                         108     35  581.8         581.8
   30.0  23790  -56.9                         115     30  588.9         588.9
   29.2  23961  -56.3                         111     25  595.1         595.1
   28.4  24138  -53.9                         107     19  606.5         606.5
   28.0  24229  -53.8                         105     16  609.4         609.4
   26.0  24705  -53.1                         135     11  624.4         624.4
   25.0  24957  -52.7                         230      5  632.4         632.4
   24.0  25220  -52.3                         255     11  641.0         641.0
   23.4  25383  -52.1                         258     15  646.3         646.3
   23.1  25466  -50.7                         259     18  652.8         652.8
   21.0  26084  -51.4                         270     34  668.8         668.8
   20.0  26400  -51.7                         265     27  677.2         677.2
   18.8  26800  -52.7                         257     24  686.1         686.1
   17.0  27452  -51.1                         245     20  711.3         711.3
   16.1  27808  -48.1                         294     19  732.2         732.2
   16.0  27849  -48.0                         300     19  733.9         733.9
   15.0  28277  -46.8                         285     36  751.5         751.5
   14.0  28735  -45.5                         270     40  770.8         770.8
   13.7  28878  -45.1                                     777.0         777.0
</PRE><H3>Station information and sounding indices</H3><PRE>
                         Station identifier: WIII
                             Station number: 96749
                           Observation time: 181016/0000
                           Station latitude: -6.11
                          Station longitude: 106.65
                          Station elevation: 8.0
                            Showalter index: 2.24
                               Lifted index: -0.61
    LIFT computed using virtual temperature: -1.33
                                SWEAT index: 206.59
                                    K index: 28.00
                         Cross totals index: 18.40
                      Vertical totals index: 22.70
                        Totals totals index: 41.10
      Convective Available Potential Energy: 219.19
             CAPE using virtual temperature: 385.81
                      Convective Inhibition: -75.91
             CINS using virtual temperature: -47.84
                           Equilibrum Level: 218.60
 Equilibrum Level using virtual temperature: 218.51
                   Level of Free Convection: 768.13
             LFCT using virtual temperature: 806.43
                     Bulk Richardson Number: 38.28
          Bulk Richardson Number using CAPV: 67.39
  Temp [K] of the Lifted Condensation Level: 292.77
Pres [hPa] of the Lifted Condensation Level: 922.48
   Equivalent potential temp [K] of the LCL: 346.06
     Mean mixed layer potential temperature: 299.61
              Mean mixed layer mixing ratio: 15.88
              1000 hPa to 500 hPa thickness: 5757.00
Precipitable water [mm] for entire sounding: 43.31
</PRE>
<P>Description of the 
<A HREF="/upperair/columns.html">data columns</A>
or <A HREF="/upperair/indices.html">sounding indices</A>.

<P>
<FORM>
<INPUT CLASS="button" TYPE="button" VALUE=" Close this window " 
 onClick="window.close();">
<INPUT CLASS="button" TYPE="button" VALUE=" Select another map " 
 onClick="window.blur();">
</FORM>
<HR SIZE="1">
<I>Interested in graduate studies in atmospheric science?
Check out our program at the
<a href="http://www.uwyo.edu/atsc/howtoapply/"
target=_top>University of Wyoming
</a></I>
<HR SIZE="1"><FONT SIZE="-1">
Questions about the weather data provided by this site can be
addressed to <A HREF="mailto:ldoolman@uwyo.edu">
Larry Oolman (ldoolman@uwyo.edu)</A></FONT>
<HR SIZE="1">
<SCRIPT TYPE="text/javascript">
<!--
window.focus();
// -->
</SCRIPT>
</BODY>
</HTML>
