2019-08-04 12
<HTML>
<TITLE>University of Wyoming - Radiosonde Data</TITLE>
<BODY BGCOLOR="white">
<H2>96749 WIII Jakarta Observations at 00Z 04 Aug 2019</H2>
<PRE>
-----------------------------------------------------------------------------
   PRES   HGHT   TEMP   DWPT   RELH   MIXR   DRCT   SKNT   THTA   THTE   THTV
    hPa     m      C      C      %    g/kg    deg   knot     K      K      K 
-----------------------------------------------------------------------------
 1011.0      8   24.4   16.4     61  11.73    225      3  296.6  330.8  298.7
 1000.0    110   24.0   15.0     57  10.83    160      9  297.1  328.8  299.1
  985.0    242   24.4   15.4     57  11.29    156      9  298.8  332.0  300.9
  979.0    295   24.0   16.0     61  11.84    155      9  298.9  333.7  301.1
  953.0    530   22.2   18.8     81  14.55    172      7  299.4  342.1  302.1
  925.0    789   20.6   16.6     78  13.01    190      4  300.4  338.7  302.7
  906.0    969   20.2   14.2     68  11.36    194      4  301.7  335.5  303.8
  882.0   1200   18.6   13.8     74  11.35    200      3  302.4  336.3  304.5
  852.0   1498   16.5   13.2     81  11.34    180      2  303.2  337.2  305.3
  850.0   1518   16.4   13.2     81  11.34    180      2  303.3  337.2  305.4
  822.0   1802   14.4   11.6     83  10.51     35      1  304.1  335.7  306.0
  798.0   2053   12.6   10.1     85   9.82    304      3  304.8  334.4  306.6
  793.0   2106   12.3    9.9     86   9.78    285      4  305.0  334.5  306.8
  769.0   2363   10.6    9.2     91   9.58    276      6  305.9  335.0  307.6
  766.0   2396   10.5    8.9     90   9.45    275      6  306.1  334.9  307.9
  761.0   2451   10.4    8.5     88   9.23    253      5  306.6  334.7  308.3
  755.0   2517   11.2    8.1     81   9.05    227      5  308.1  335.9  309.8
  752.0   2550   11.8    3.8     58   6.73    213      4  309.1  330.1  310.4
  741.0   2673   11.6   -6.4     28   3.21    164      3  310.2  320.6  310.8
  739.0   2696   11.6   -6.7     27   3.14    155      3  310.4  320.6  311.0
  713.0   2995   11.4  -11.1     20   2.31      0      4  313.4  321.2  313.9
  710.0   3030   11.4  -11.6     19   2.23    352      4  313.8  321.3  314.2
  700.0   3148   10.6  -12.4     19   2.12    325      4  314.2  321.3  314.6
  687.0   3304    9.7   -9.3     25   2.77    285      2  314.8  324.1  315.4
  681.0   3376    9.2   -7.8     29   3.14    312      3  315.1  325.5  315.7
  671.0   3499    9.8  -12.2     20   2.25    358      5  317.1  324.8  317.6
  663.0   3597    9.0  -12.3     21   2.26     35      6  317.3  325.0  317.8
  639.0   3897    6.7  -12.5     24   2.31     65     12  318.0  325.9  318.4
  576.0   4743    0.0  -13.0     37   2.45     46      6  319.8  328.2  320.3
  572.0   4799   -0.5  -13.2     38   2.44     45      6  319.8  328.1  320.2
  555.0   5039   -2.9  -13.9     42   2.37     85      7  319.8  327.9  320.2
  551.0   5096   -3.1  -16.0     36   2.00     95      7  320.1  327.0  320.5
  520.0   5553   -5.1  -33.1      9   0.46    117     14  323.1  324.9  323.2
  510.0   5705   -5.8  -35.3      8   0.37    125     16  324.1  325.5  324.1
  500.0   5860   -6.5  -37.5      7   0.31    125     16  325.1  326.2  325.1
  491.0   6001   -6.5  -40.5      5   0.23    118     15  326.7  327.7  326.8
  455.0   6586   -9.9  -43.0      5   0.19     90     12  329.6  330.4  329.7
  420.0   7200  -13.5  -45.7      5   0.15     80     19  332.6  333.3  332.7
  413.0   7329  -14.3  -46.3      5   0.15     83     21  333.3  333.9  333.3
  400.0   7570  -15.3  -46.3      5   0.15     90     26  335.0  335.6  335.1
  374.0   8076  -16.9  -48.9      4   0.12     96     38  339.4  339.9  339.4
  358.0   8403  -19.0  -50.3      5   0.11    100     46  340.8  341.3  340.8
  353.0   8508  -19.7  -50.7      5   0.10    100     46  341.3  341.7  341.3
  300.0   9690  -30.5  -53.5      9   0.09    100     42  342.3  342.7  342.3
  267.0  10499  -38.1  -49.2     30   0.16     90     37  342.8  343.5  342.8
  259.0  10710  -40.1  -48.1     42   0.19     85     35  342.8  343.6  342.9
  250.0  10950  -42.1                          80     32  343.3         343.3
  234.0  11389  -45.2                          70     43  345.2         345.2
  204.0  12299  -51.6                          55     64  348.9         348.9
  200.0  12430  -52.5                          50     64  349.5         349.5
  169.0  13484  -60.1                          55     65  354.1         354.1
  150.0  14230  -65.5                          80     62  357.1         357.1
  126.0  15256  -74.9                          94     41  358.3         358.3
  125.0  15302  -75.2                          95     40  358.6         358.6
  116.0  15728  -77.7                         102     30  361.7         361.7
  113.0  15877  -77.7                         105     27  364.5         364.5
  107.0  16186  -77.6                         115     28  370.3         370.3
  101.0  16514  -77.5                         100     26  376.6         376.6
  100.0  16570  -77.5                         100     22  377.7         377.7
   96.0  16807  -74.5                          75      5  388.0         388.0
   95.2  16856  -73.9                          57      6  390.1         390.1
   91.0  17120  -74.3                         320      9  394.4         394.4
   87.0  17383  -74.7                         265      6  398.8         398.8
   84.6  17546  -74.9                         217      8  401.5         401.5
   83.0  17659  -74.4                         185      9  404.8         404.8
   78.0  18023  -72.6                         195      9  415.7         415.7
   77.7  18046  -72.5                         198      9  416.4         416.4
   74.0  18333  -73.3                         230     15  420.4         420.4
   72.4  18462  -73.7                         234     21  422.3         422.3
   70.0  18660  -73.3                         240     30  427.2         427.2
   67.0  18919  -71.6                         230     26  436.3         436.3
   64.0  19190  -69.8                         260     18  446.0         446.0
   61.3  19445  -68.1                         282     30  455.3         455.3
   61.0  19475  -68.3                         285     31  455.5         455.5
   57.8  19796  -70.3                         284     32  458.1         458.1
   53.9  20214  -66.1                         282     33  477.0         477.0
   50.0  20670  -65.1                         280     34  489.7         489.7
   48.7  20830  -65.9                         277     35  491.5         491.5
   45.1  21302  -60.9                         270     39  514.5         514.5
   41.0  21891  -62.8                         260     43  523.9         523.9
   39.6  22106  -63.5                         258     39  527.4         527.4
   37.0  22527  -62.1                         255     31  541.4         541.4
   34.0  23050  -60.3                         285     26  559.3         559.3
   33.7  23105  -60.1                         285     26  561.2         561.2
   31.0  23626  -60.5                         280     27  573.6         573.6
   30.0  23830  -60.7                         275     25  578.6         578.6
   28.1  24236  -59.9                         259     24  591.7         591.7
   26.6  24577  -59.1                         245     24  603.3         603.3
   25.0  24970  -56.2                         230     23  622.4         622.4
   24.0  25228  -54.3                         225     12  635.3         635.3
   23.2  25443  -52.7                         321     13  646.1         646.1
   23.0  25498  -52.9                         345     13  647.1         647.1
   21.3  25989  -54.7                         348     11  656.1         656.1
   20.0  26390  -54.9                         350     10  667.4         667.4
   19.9  26422  -54.7                         357     10  669.0         669.0
   19.0  26719  -52.7                          60      5  684.1         684.1
   18.0  27066  -54.7                         115     16  688.4         688.4
   17.8  27138  -55.1                         114     18  689.3         689.3
   16.5  27622  -55.3                         105     32  703.8         703.8
   15.0  28237  -50.6                          95     50  738.7         738.7
   14.9  28280  -50.3                                     741.2         741.2
</PRE><H3>Station information and sounding indices</H3><PRE>
                         Station identifier: WIII
                             Station number: 96749
                           Observation time: 190804/0000
                           Station latitude: -6.11
                          Station longitude: 106.65
                          Station elevation: 8.0
                            Showalter index: 1.55
                               Lifted index: 3.27
    LIFT computed using virtual temperature: 2.74
                                SWEAT index: 178.41
                                    K index: 13.10
                         Cross totals index: 19.70
                      Vertical totals index: 22.90
                        Totals totals index: 42.60
      Convective Available Potential Energy: 0.00
             CAPE using virtual temperature: 0.00
                      Convective Inhibition: 0.00
             CINS using virtual temperature: 0.00
                     Bulk Richardson Number: 0.00
          Bulk Richardson Number using CAPV: 0.00
  Temp [K] of the Lifted Condensation Level: 287.65
Pres [hPa] of the Lifted Condensation Level: 879.95
   Equivalent potential temp [K] of the LCL: 333.28
     Mean mixed layer potential temperature: 298.37
              Mean mixed layer mixing ratio: 12.00
              1000 hPa to 500 hPa thickness: 5750.00
Precipitable water [mm] for entire sounding: 36.10
</PRE>
<P>Description of the 
<A HREF="/upperair/columns.html">data columns</A>
or <A HREF="/upperair/indices.html">sounding indices</A>.

<P>
<FORM>
<INPUT CLASS="button" TYPE="button" VALUE=" Close this window " 
 onClick="window.close();">
<INPUT CLASS="button" TYPE="button" VALUE=" Select another map " 
 onClick="window.blur();">
</FORM>
<HR SIZE="1">
<I>Interested in graduate studies in atmospheric science?
Check out our program at the
<a href="http://www.uwyo.edu/atsc/howtoapply/"
target=_top>University of Wyoming
</a></I>
<HR SIZE="1"><FONT SIZE="-1">
Questions about the weather data provided by this site can be
addressed to <A HREF="mailto:ldoolman@uwyo.edu">
Larry Oolman (ldoolman@uwyo.edu)</A></FONT>
<HR SIZE="1">
<SCRIPT TYPE="text/javascript">
<!--
window.focus();
// -->
</SCRIPT>
</BODY>
</HTML>
