2019-05-10 12
<HTML>
<TITLE>University of Wyoming - Radiosonde Data</TITLE>
<BODY BGCOLOR="white">
<H2>96749 WIII Jakarta Observations at 00Z 10 May 2019</H2>
<PRE>
-----------------------------------------------------------------------------
   PRES   HGHT   TEMP   DWPT   RELH   MIXR   DRCT   SKNT   THTA   THTE   THTV
    hPa     m      C      C      %    g/kg    deg   knot     K      K      K 
-----------------------------------------------------------------------------
 1010.0      8   24.8   22.1     85  16.89    220      2  297.1  346.1  300.1
 1000.0     93   24.8   21.0     79  15.93    220     11  297.9  344.4  300.8
  997.0    120   24.6   20.8     79  15.77    221     11  298.0  344.0  300.8
  993.0    155   24.4   20.7     80  15.74    222     11  298.1  344.1  301.0
  987.0    209   26.2   22.1     78  17.30    223     12  300.5  351.4  303.6
  977.0    299   25.5   21.7     80  17.05    225     12  300.6  350.9  303.7
  944.0    604   23.1   20.4     85  16.25    205      2  301.2  349.2  304.1
  937.0    670   22.6   20.1     86  16.08    161      2  301.3  348.8  304.2
  925.0    783   22.4   19.9     86  16.09     85      3  302.2  349.9  305.1
  912.0    906   21.6   19.2     86  15.66     90      3  302.6  349.1  305.4
  882.0   1195   19.7   17.7     88  14.67    115      3  303.5  347.3  306.2
  851.0   1505   17.7   16.1     90  13.67    190      4  304.5  345.5  307.0
  850.0   1515   17.6   16.0     90  13.64    190      4  304.6  345.5  307.1
  790.0   2138   14.2   12.9     92  11.97    232      4  307.4  343.8  309.6
  766.0   2398   13.8   10.3     79  10.38    250      4  309.7  341.6  311.6
  765.0   2409   13.8   10.2     79  10.32    255      4  309.8  341.6  311.7
  739.0   2699   12.3    8.9     80   9.81     20      1  311.2  341.7  313.1
  713.0   2999   10.8    7.7     81   9.31    105      1  312.8  341.9  314.5
  700.0   3153   10.0    7.0     82   9.06     90      3  313.5  341.9  315.2
  688.0   3296    9.1    6.1     81   8.65     90      6  314.1  341.3  315.7
  663.0   3601    7.3    4.1     80   7.81    135      6  315.4  340.2  316.8
  640.0   3893    5.5    2.2     80   7.08    140      9  316.5  339.2  317.9
  624.0   4102    4.2    0.9     79   6.59    126      9  317.4  338.6  318.6
  617.0   4194    3.7    0.1     78   6.31    120      9  317.8  338.2  319.0
  593.0   4516    1.8   -2.5     73   5.40    120     11  319.2  336.9  320.3
  576.0   4751    1.2  -12.8     34   2.49    120     12  321.2  329.7  321.7
  565.0   4906    0.0   -9.0     51   3.44    120     13  321.6  333.2  322.2
  564.0   4920   -0.3   -8.3     55   3.64    120     13  321.4  333.6  322.1
  559.0   4991    0.6  -16.4     27   1.91    120     14  323.2  329.9  323.6
  552.0   5093    0.8  -23.2     15   1.08    120     14  324.6  328.6  324.9
  518.0   5600   -2.7  -29.7     10   0.63    120     17  326.4  328.8  326.5
  511.0   5708   -3.4  -30.8     10   0.58    120     18  326.8  329.0  326.9
  500.0   5880   -4.5  -32.5      9   0.50    120     14  327.5  329.4  327.6
  496.0   5943   -5.1  -33.1      9   0.48    119     14  327.5  329.4  327.6
  475.0   6281   -8.1  -25.1     24   1.05    110     14  327.9  331.8  328.1
  474.0   6297   -8.2  -23.5     28   1.22    110     14  327.9  332.3  328.1
  471.0   6347   -8.7  -18.7     44   1.87    107     14  327.9  334.6  328.3
  468.0   6396   -8.9  -16.9     52   2.19    103     13  328.3  336.0  328.7
  460.0   6530   -9.1  -24.1     29   1.19     95     12  329.6  334.0  329.9
  456.0   6597   -9.4  -22.9     33   1.34     90     12  330.1  335.0  330.4
  442.0   6838  -10.5  -18.5     52   2.02     92     11  331.6  338.9  332.1
  432.0   7014  -11.3  -23.3     36   1.36     93     10  332.8  337.9  333.1
  423.0   7175  -12.9  -20.9     51   1.72     95      9  332.8  339.1  333.1
  422.0   7193  -12.9  -19.9     56   1.88     95      9  333.0  339.8  333.4
  421.0   7211  -13.0  -20.0     56   1.87     95      9  333.1  339.9  333.5
  419.0   7248  -13.1  -20.1     56   1.86     98      9  333.4  340.2  333.8
  418.0   7266  -13.1  -24.1     39   1.31    100      9  333.6  338.5  333.9
  409.0   7431  -14.3  -22.3     51   1.57    114     10  334.2  340.0  334.5
  405.0   7506  -14.7  -23.6     47   1.41    120     10  334.6  339.8  334.8
  400.0   7600  -15.3  -25.3     42   1.23    135      9  335.0  339.6  335.3
  396.0   7676  -15.9  -26.9     38   1.07    130      8  335.2  339.3  335.4
  395.0   7695  -15.9  -27.9     35   0.98    128      8  335.4  339.2  335.6
  394.0   7714  -16.1  -29.1     32   0.88    127      7  335.4  338.8  335.6
  393.0   7733  -16.3  -28.3     35   0.95    126      7  335.4  339.0  335.6
  392.0   7752  -16.3  -23.3     55   1.50    124      7  335.6  341.2  335.9
  389.0   7810  -16.5  -29.5     32   0.86    120      6  336.1  339.4  336.3
  383.0   7926  -17.5  -32.5     26   0.65    104      8  336.3  338.9  336.4
  377.0   8044  -18.5  -31.5     31   0.73     88     10  336.5  339.4  336.6
  374.0   8103  -18.9  -29.1     40   0.93     80     11  336.7  340.2  336.9
  366.0   8263  -20.1  -22.6     80   1.71     83     12  337.2  343.6  337.6
  358.0   8426  -21.1  -22.0     92   1.85     85     13  338.0  344.9  338.4
  345.0   8698  -22.4  -26.3     71   1.31     90     14  339.9  344.8  340.1
  336.0   8892  -23.3  -29.3     58   1.01     84     14  341.2  345.1  341.4
  332.0   8979  -23.7  -32.7     43   0.74     81     14  341.8  344.8  342.0
  327.0   9089  -24.5  -37.5     29   0.47     77     14  342.2  344.1  342.3
  318.0   9291  -26.3  -34.8     45   0.63     70     14  342.4  345.0  342.6
  317.0   9314  -26.5  -34.5     47   0.65     70     14  342.5  345.1  342.6
  316.0   9337  -26.7  -33.7     52   0.71     69     14  342.5  345.3  342.7
  315.0   9360  -26.5  -37.5     35   0.49     69     14  343.1  345.1  343.2
  313.0   9405  -25.9  -43.9     17   0.25     69     14  344.6  345.6  344.6
  304.0   9615  -27.9  -39.9     31   0.39     66     15  344.6  346.3  344.7
  300.0   9710  -28.7  -40.7     31   0.37     65     15  344.8  346.3  344.9
  280.0  10194  -32.4  -45.9     25   0.22     80     20  346.3  347.3  346.4
  250.0  10990  -38.5  -54.5     17   0.09    110     18  348.7  349.1  348.7
  246.0  11101  -39.4  -54.8     18   0.09    110     17  348.9  349.3  348.9
  244.0  11157  -39.9  -54.9     19   0.09    110     17  349.0  349.4  349.0
  215.0  11999  -47.8                         105     17  349.6         349.6
  200.0  12480  -52.3                          85     18  349.8         349.8
  196.0  12608  -53.4                          85     19  350.1         350.1
  165.0  13698  -62.5                          78     25  352.5         352.5
  154.0  14119  -66.4                          75     27  352.8         352.8
  150.0  14280  -67.9                          65     28  352.9         352.9
  147.0  14398  -68.7                          60     30  353.5         353.5
  126.0  15300  -75.0                         100     17  358.0         358.0
  124.0  15394  -75.7                         110     16  358.5         358.5
  114.0  15869  -78.0                         160     13  363.0         363.0
  102.0  16498  -81.0                          70     14  369.0         369.0
  100.0  16610  -81.5                          60     13  370.0         370.0
</PRE><H3>Station information and sounding indices</H3><PRE>
                         Station identifier: WIII
                             Station number: 96749
                           Observation time: 190510/0000
                           Station latitude: -6.11
                          Station longitude: 106.65
                          Station elevation: 8.0
                            Showalter index: 0.23
                               Lifted index: -0.87
    LIFT computed using virtual temperature: -1.75
                                SWEAT index: 214.01
                                    K index: 35.10
                         Cross totals index: 20.50
                      Vertical totals index: 22.10
                        Totals totals index: 42.60
      Convective Available Potential Energy: 246.80
             CAPE using virtual temperature: 364.60
                      Convective Inhibition: -47.62
             CINS using virtual temperature: -42.24
                           Equilibrum Level: 315.09
 Equilibrum Level using virtual temperature: 314.84
                   Level of Free Convection: 819.84
             LFCT using virtual temperature: 836.67
                     Bulk Richardson Number: 19.27
          Bulk Richardson Number using CAPV: 28.46
  Temp [K] of the Lifted Condensation Level: 293.68
Pres [hPa] of the Lifted Condensation Level: 931.91
   Equivalent potential temp [K] of the LCL: 348.39
     Mean mixed layer potential temperature: 299.67
              Mean mixed layer mixing ratio: 16.63
              1000 hPa to 500 hPa thickness: 5787.00
Precipitable water [mm] for entire sounding: 54.90
</PRE>
<P>Description of the 
<A HREF="/upperair/columns.html">data columns</A>
or <A HREF="/upperair/indices.html">sounding indices</A>.

<P>
<FORM>
<INPUT CLASS="button" TYPE="button" VALUE=" Close this window " 
 onClick="window.close();">
<INPUT CLASS="button" TYPE="button" VALUE=" Select another map " 
 onClick="window.blur();">
</FORM>
<HR SIZE="1">
<I>Interested in graduate studies in atmospheric science?
Check out our program at the
<a href="http://www.uwyo.edu/atsc/howtoapply/"
target=_top>University of Wyoming
</a></I>
<HR SIZE="1"><FONT SIZE="-1">
Questions about the weather data provided by this site can be
addressed to <A HREF="mailto:ldoolman@uwyo.edu">
Larry Oolman (ldoolman@uwyo.edu)</A></FONT>
<HR SIZE="1">
<SCRIPT TYPE="text/javascript">
<!--
window.focus();
// -->
</SCRIPT>
</BODY>
</HTML>
