2018-02-16 12
<HTML>
<TITLE>University of Wyoming - Radiosonde Data</TITLE>
<BODY BGCOLOR="white">
<H2>96749 WIII Jakarta Observations at 00Z 16 Feb 2018</H2>
<PRE>
-----------------------------------------------------------------------------
   PRES   HGHT   TEMP   DWPT   RELH   MIXR   DRCT   SKNT   THTA   THTE   THTV
    hPa     m      C      C      %    g/kg    deg   knot     K      K      K 
-----------------------------------------------------------------------------
 1011.0      8   24.0   23.2     95  18.08    290      3  296.2  348.5  299.4
 1009.0     26   25.0   22.9     88  17.78    291      4  297.4  349.1  300.5
 1000.0    106   25.0   22.2     84  17.17    295      8  298.1  348.2  301.2
  925.0    786   21.0   17.9     82  14.15    290     22  300.8  342.5  303.3
  882.0   1196   18.6   16.6     88  13.61    275     20  302.4  342.9  304.9
  850.0   1514   16.8   15.5     92  13.20    265     22  303.7  343.2  306.1
  806.0   1966   14.4   13.6     95  12.29    264     21  305.8  342.9  308.1
  759.0   2473   11.8   10.8     94  10.83    262     19  308.3  341.4  310.3
  742.0   2662   10.8    9.2     90   9.94    262     19  309.2  339.8  311.1
  721.0   2901   10.4    2.4     58   6.35    261     18  311.3  331.4  312.5
  712.0   3006   10.2    1.2     54   5.90    260     17  312.2  330.9  313.3
  705.0   3088    9.4    4.6     72   7.60    260     17  312.2  336.1  313.7
  700.0   3147    9.0    3.0     66   6.83    260     17  312.4  334.0  313.7
  698.0   3171    9.0    1.0     57   5.93    260     17  312.7  331.5  313.8
  694.0   3219    8.8   -0.2     53   5.46    260     16  313.0  330.4  314.0
  693.0   3231    8.8   -2.2     46   4.72    260     16  313.1  328.3  314.0
  691.0   3254    8.6   -0.4     53   5.41    260     15  313.1  330.4  314.2
  689.0   3279    8.2    3.2     71   7.04    260     15  312.9  335.2  314.3
  685.0   3327    8.2   -1.8     49   4.92    260     14  313.5  329.3  314.4
  684.0   3339    8.2   -4.8     39   3.93    260     14  313.6  326.4  314.4
  682.0   3363    7.8    0.8     61   5.98    260     14  313.4  332.5  314.6
  681.0   3375    7.6    3.9     77   7.49    260     13  313.3  336.9  314.7
  666.0   3560    7.8    4.2     78   7.82    260     11  315.6  340.4  317.0
  663.0   3597    7.5    4.0     78   7.77    260     10  315.7  340.4  317.2
  639.0   3898    5.5    2.8     82   7.37    230     10  316.7  340.3  318.1
  594.0   4494    1.6    0.3     91   6.63    265     12  318.8  340.3  320.1
  577.0   4731    0.0   -0.7     95   6.34    265     13  319.6  340.3  320.9
  500.0   5870   -6.3   -6.9     96   4.59    265     19  325.3  340.8  326.2
  473.0   6301   -8.2   -9.9     88   3.84    275     24  328.1  341.3  328.9
  459.0   6534   -9.3  -11.5     84   3.48    268     21  329.6  341.7  330.3
  408.0   7431  -15.7  -15.9     98   2.73    242     11  332.6  342.3  333.2
  404.0   7505  -15.9  -16.4     96   2.64    240     10  333.3  342.7  333.8
  400.0   7580  -16.1  -16.9     94   2.56    235     11  334.0  343.2  334.5
  389.0   7789  -17.3  -18.4     92   2.33    220     12  335.1  343.5  335.5
  370.0   8164  -19.5  -21.0     88   1.95    229     12  337.0  344.1  337.4
  358.0   8404  -21.2  -23.1     84   1.67    235     12  337.9  344.1  338.2
  344.0   8694  -23.2  -25.7     80   1.38    260      6  339.0  344.2  339.3
  317.0   9289  -27.5  -30.9     72   0.92    245      9  341.1  344.7  341.3
  304.0   9594  -29.6  -33.6     68   0.74    205      6  342.2  345.1  342.4
  300.0   9690  -30.3  -34.5     67   0.69    190      8  342.6  345.3  342.7
  279.0  10196  -34.5  -39.9     58   0.43    150      6  343.7  345.5  343.8
  267.0  10503  -37.0  -43.1     53   0.32     70      5  344.4  345.7  344.4
  256.0  10796  -39.4  -46.2     48   0.24     50      8  345.0  346.0  345.0
  253.0  10879  -40.1  -47.1     47   0.22     48      9  345.1  346.1  345.2
  250.0  10960  -40.7                          45     10  345.4         345.4
  224.0  11692  -47.3                          70     13  346.4         346.4
  208.0  12186  -51.7                          73     16  346.8         346.8
  200.0  12440  -53.9                          75     17  347.2         347.2
  186.0  12894  -56.7                          80     34  350.0         350.0
  161.0  13797  -62.2                          90     55  355.5         355.5
  150.0  14240  -64.9                          80     54  358.1         358.1
  139.0  14689  -67.6                          70     39  361.3         361.3
  132.0  14994  -69.4                          70     22  363.4         363.4
  114.0  15858  -74.5                         110     26  369.4         369.4
  108.0  16176  -76.4                         110     25  371.6         371.6
  100.0  16630  -79.1                          70     29  374.6         374.6
   97.0  16801  -80.3                          60     26  375.7         375.7
   92.0  17097  -82.3                          50     18  377.4         377.4
   88.2  17333  -83.9                          80     12  378.7         378.7
   84.4  17579  -79.9                         131     11  391.6         391.6
   83.0  17674  -80.0                         150     10  393.2         393.2
   74.0  18320  -81.1                         175      4  404.2         404.2
   73.7  18343  -81.1                         183      4  404.6         404.6
   70.0  18630  -83.3                         280      7  405.9         405.9
   66.4  18920  -85.5                         286      8  407.3         407.3
   64.6  19070  -85.5                         290      8  410.5         410.5
   62.3  19272  -78.3                         294      9  430.7         430.7
   61.0  19391  -77.5                         296      9  435.0         435.0
   60.2  19467  -73.7                         298      9  445.2         445.2
   57.5  19736  -70.1                         303     10  459.2         459.2
   50.0  20560  -70.7                         320     12  476.5         476.5
   43.5  21385  -71.9                         354     23  492.9         492.9
   37.3  22299  -69.1                          32     36  522.2         522.2
   35.2  22650  -64.7                          46     40  542.3         542.3
   32.6  23116  -67.1                          65     46  548.0         548.0
   30.3  23560  -66.3                          83     52  561.7         561.7
   30.0  23620  -65.9                          85     53  564.4         564.4
   24.8  24792  -58.3                          90     69  617.8         617.8
   20.0  26150  -55.1                          95     88  666.8         666.8
   17.5  27009  -52.0                          85     88  702.6         702.6
   17.3  27083  -51.7                                     705.8         705.8
</PRE><H3>Station information and sounding indices</H3><PRE>
                         Station identifier: WIII
                             Station number: 96749
                           Observation time: 180216/0000
                           Station latitude: -6.11
                          Station longitude: 106.65
                          Station elevation: 8.0
                            Showalter index: -0.69
                               Lifted index: -2.07
    LIFT computed using virtual temperature: -2.24
                                SWEAT index: 249.01
                                    K index: 32.60
                         Cross totals index: 21.80
                      Vertical totals index: 23.10
                        Totals totals index: 44.90
      Convective Available Potential Energy: 321.04
             CAPE using virtual temperature: 386.57
                      Convective Inhibition: -24.78
             CINS using virtual temperature: -16.42
                           Equilibrum Level: 269.97
 Equilibrum Level using virtual temperature: 265.10
                   Level of Free Convection: 852.07
             LFCT using virtual temperature: 867.47
                     Bulk Richardson Number: 42.51
          Bulk Richardson Number using CAPV: 51.18
  Temp [K] of the Lifted Condensation Level: 293.75
Pres [hPa] of the Lifted Condensation Level: 943.84
   Equivalent potential temp [K] of the LCL: 346.77
     Mean mixed layer potential temperature: 298.67
              Mean mixed layer mixing ratio: 16.51
              1000 hPa to 500 hPa thickness: 5764.00
Precipitable water [mm] for entire sounding: 58.92
</PRE>
<P>Description of the 
<A HREF="/upperair/columns.html">data columns</A>
or <A HREF="/upperair/indices.html">sounding indices</A>.

<P>
<FORM>
<INPUT CLASS="button" TYPE="button" VALUE=" Close this window " 
 onClick="window.close();">
<INPUT CLASS="button" TYPE="button" VALUE=" Select another map " 
 onClick="window.blur();">
</FORM>
<HR SIZE="1">
<I>Interested in graduate studies in atmospheric science?
Check out our program at the
<a href="http://www.uwyo.edu/atsc/howtoapply/"
target=_top>University of Wyoming
</a></I>
<HR SIZE="1"><FONT SIZE="-1">
Questions about the weather data provided by this site can be
addressed to <A HREF="mailto:ldoolman@uwyo.edu">
Larry Oolman (ldoolman@uwyo.edu)</A></FONT>
<HR SIZE="1">
<SCRIPT TYPE="text/javascript">
<!--
window.focus();
// -->
</SCRIPT>
</BODY>
</HTML>
