2017-01-29 12
<HTML>
<TITLE>University of Wyoming - Radiosonde Data</TITLE>
<BODY BGCOLOR="white">
<H2>96749 WIII Jakarta Observations at 00Z 29 Jan 2017</H2>
<PRE>
-----------------------------------------------------------------------------
   PRES   HGHT   TEMP   DWPT   RELH   MIXR   DRCT   SKNT   THTA   THTE   THTV
    hPa     m      C      C      %    g/kg    deg   knot     K      K      K 
-----------------------------------------------------------------------------
 1010.0      8   24.8   23.7     94  18.67    260     10  297.1  351.3  300.4
 1000.0     95   23.8   22.3     91  17.28    240     15  296.9  347.1  300.0
  977.0    300   22.9   21.5     92  16.86    235     22  298.0  347.1  301.0
  925.0    781   20.8   19.7     93  15.88    265     29  300.6  347.4  303.4
  883.0   1180   19.0   15.8     82  12.95    270     34  302.7  341.3  305.1
  881.0   1200   18.9   15.7     82  12.93    270     34  302.8  341.3  305.1
  850.0   1505   17.0   14.8     87  12.61    275     32  303.9  341.7  306.2
  809.0   1926   14.2   13.2     94  11.92    270     32  305.3  341.2  307.5
  771.0   2331   12.0   10.9     93  10.73    266     32  307.1  339.8  309.1
  765.0   2397   11.9    9.7     86  10.00    265     32  307.8  338.3  309.6
  751.0   2552   11.8    7.0     72   8.44    265     32  309.2  335.3  310.8
  700.0   3138    9.2    2.2     62   6.45    265     30  312.6  333.1  313.9
  699.0   3150    9.2    1.2     57   6.01    265     30  312.8  331.9  313.9
  684.0   3330    7.8    3.6     75   7.30    265     30  313.1  336.2  314.5
  665.0   3562    6.8   -1.2     57   5.30    265     30  314.6  331.6  315.6
  631.0   3992    4.2    1.5     83   6.81    265     29  316.4  338.2  317.6
  607.0   4308    3.4   -1.6     70   5.64    265     29  318.9  337.4  320.0
  571.0   4802    0.8   -2.3     80   5.69    265     29  321.5  340.2  322.6
  561.0   4945    0.0   -2.5     83   5.71    259     28  322.2  341.1  323.3
  542.0   5221   -2.3   -2.4     99   5.95    248     26  322.6  342.3  323.8
  530.0   5398   -3.0   -3.4     97   5.65    240     25  323.9  342.7  325.0
  503.0   5813   -4.5   -5.7     91   5.00    249     23  326.9  343.8  327.9
  500.0   5860   -4.7   -6.1     90   4.88    250     23  327.2  343.8  328.2
  437.0   6898  -11.3  -11.9     95   3.52    260     12  331.7  344.0  332.4
  400.0   7580  -15.7  -15.8     99   2.81    210      9  334.5  344.5  335.1
  389.0   7789  -17.0  -17.2     98   2.56    205     11  335.5  344.7  336.0
  378.0   8004  -18.3  -18.7     97   2.33    212     14  336.5  345.0  337.0
  361.0   8346  -19.3  -22.4     76   1.77    223     18  339.6  346.2  340.0
  358.0   8407  -19.8  -23.1     75   1.67    225     19  339.8  346.1  340.1
  330.0   9005  -24.4  -30.2     59   0.95    205     11  341.5  345.2  341.7
  328.0   9050  -24.7  -30.7     57   0.91    201     11  341.6  345.2  341.8
  304.0   9595  -29.5  -34.1     64   0.71    150      9  342.4  345.2  342.6
  300.0   9690  -30.3  -34.7     65   0.67    145     11  342.6  345.2  342.7
  286.0  10028  -33.1  -36.0     75   0.62    168     14  343.3  345.8  343.4
  279.0  10200  -34.4  -38.3     68   0.50    180     15  343.8  345.8  343.9
  252.0  10906  -39.9  -47.9     42   0.20    101     14  345.8  346.7  345.9
  250.0  10960  -40.3                          95     14  346.0         346.0
  245.0  11095  -41.5                          85     16  346.2         346.2
  214.0  11998  -49.5                          60     30  347.4         347.4
  200.0  12450  -53.5                          60     34  347.9         347.9
  150.0  14230  -69.3                          90     47  350.5         350.5
  125.0  15273  -78.1                          95     51  353.2         353.2
  111.0  15952  -83.9                          85     65  354.6         354.6
  106.0  16206  -84.1                          80     65  359.0         359.0
  100.0  16530  -79.7                          75     42  373.5         373.5
   96.0  16763  -79.0                          90     18  379.2         379.2
   93.2  16931  -78.5                         115     11  383.4         383.4
   91.0  17067  -79.4                         135      5  384.3         384.3
   86.6  17348  -81.3                         122     11  385.9         385.9
   80.3  17773  -81.7                         101     20  393.5         393.5
   77.0  18010  -80.0                          90     25  401.8         401.8
   76.8  18025  -79.9                          89     25  402.3         402.3
   75.4  18130  -76.1                          80     25  412.4         412.4
   73.0  18317  -76.3                          65     25  415.8         415.8
   70.5  18519  -76.5                          61     28  419.6         419.6
   70.0  18560  -76.5                          60     29  420.4         420.4
   66.0  18903  -74.7                          90      8  431.5         431.5
   63.2  19156  -73.3                          81      9  439.9         439.9
   63.0  19175  -73.2                          80      9  440.6         440.6
   61.5  19317  -72.1                          45     12  446.0         446.0
   60.0  19466  -67.2                          10     16  460.2         460.2
   59.5  19516  -65.5                         357     16  465.0         465.0
   57.0  19779  -65.0                         290     18  471.9         471.9
   54.6  20043  -64.5                         254     17  478.9         478.9
   54.0  20110  -64.8                         245     17  479.6         479.6
   50.0  20580  -67.1                         270     22  484.9         484.9
   49.0  20701  -67.3                         270     25  487.3         487.3
   47.6  20876  -65.7                         262     24  495.1         495.1
   42.5  21555  -69.5                         233     19  502.1         502.1
   42.0  21626  -69.1                         230     19  504.8         504.8
   40.0  21921  -67.4                         270     10  516.0         516.0
   38.0  22231  -65.7                         270     18  528.1         528.1
   35.0  22728  -62.9                         165     11  548.0         548.0
   34.4  22832  -62.3                         168     12  552.2         552.2
   33.0  23087  -62.4                         175     15  558.5         558.5
   32.1  23257  -62.5                         166     13  562.7         562.7
   31.0  23475  -58.7                         155     10  578.5         578.5
   30.2  23638  -55.9                         195     10  590.5         590.5
   30.0  23680  -55.1                         205     10  593.8         593.8
   28.4  24030  -54.5                         234     15  604.9         604.9
   27.0  24350  -56.5                         260     19  608.2         608.2
   25.6  24688  -58.5                         265     18  611.7         611.7
   23.0  25361  -58.1                         275     24  631.8         631.8
   22.9  25388  -58.1                         273     24  632.6         632.6
   21.3  25848  -54.3                         248     20  657.3         657.3
   20.0  26250  -55.1                         225     17  666.8         666.8
   19.0  26576  -55.8                         200     18  674.3         674.3
   17.9  26955  -56.7                         186     15  683.2         683.2
   16.0  27664  -57.3                         160     10  703.5         703.5
   15.0  28072  -57.6                         165      7  715.4         715.4
   14.3  28374  -57.9                         123      4  724.4         724.4
   14.0  28508  -58.0                         105      3  728.6         728.6
   13.2  28878  -58.1                          89      9  740.5         740.5
   13.0  28975  -57.5                          85     11  745.9         745.9
   12.0  29484  -54.1                                     775.1         775.1
</PRE><H3>Station information and sounding indices</H3><PRE>
                         Station identifier: WIII
                             Station number: 96749
                           Observation time: 170129/0000
                           Station latitude: -6.11
                          Station longitude: 106.65
                          Station elevation: 8.0
                            Showalter index: 1.51
                               Lifted index: -0.72
    LIFT computed using virtual temperature: -0.86
                                SWEAT index: 264.59
                                    K index: 29.50
                         Cross totals index: 19.50
                      Vertical totals index: 21.70
                        Totals totals index: 41.20
      Convective Available Potential Energy: 267.87
             CAPE using virtual temperature: 345.13
                      Convective Inhibition: -19.76
             CINS using virtual temperature: -13.07
                           Equilibrum Level: 259.53
 Equilibrum Level using virtual temperature: 258.44
                   Level of Free Convection: 850.12
             LFCT using virtual temperature: 870.40
                     Bulk Richardson Number: 12.96
          Bulk Richardson Number using CAPV: 16.70
  Temp [K] of the Lifted Condensation Level: 294.61
Pres [hPa] of the Lifted Condensation Level: 962.55
   Equivalent potential temp [K] of the LCL: 347.45
     Mean mixed layer potential temperature: 297.85
              Mean mixed layer mixing ratio: 17.06
              1000 hPa to 500 hPa thickness: 5765.00
Precipitable water [mm] for entire sounding: 58.10
</PRE>
<P>Description of the 
<A HREF="/upperair/columns.html">data columns</A>
or <A HREF="/upperair/indices.html">sounding indices</A>.

<P>
<FORM>
<INPUT CLASS="button" TYPE="button" VALUE=" Close this window " 
 onClick="window.close();">
<INPUT CLASS="button" TYPE="button" VALUE=" Select another map " 
 onClick="window.blur();">
</FORM>
<HR SIZE="1">
<I>Interested in graduate studies in atmospheric science?
Check out our program at the
<a href="http://www.uwyo.edu/atsc/howtoapply/"
target=_top>University of Wyoming
</a></I>
<HR SIZE="1"><FONT SIZE="-1">
Questions about the weather data provided by this site can be
addressed to <A HREF="mailto:ldoolman@uwyo.edu">
Larry Oolman (ldoolman@uwyo.edu)</A></FONT>
<HR SIZE="1">
<SCRIPT TYPE="text/javascript">
<!--
window.focus();
// -->
</SCRIPT>
</BODY>
</HTML>
