2020-04-18 12
<HTML>
<TITLE>University of Wyoming - Radiosonde Data</TITLE>
<BODY BGCOLOR="white">
<H2>96749 WIII Jakarta Observations at 00Z 18 Apr 2020</H2>
<PRE>
-----------------------------------------------------------------------------
   PRES   HGHT   TEMP   DWPT   RELH   MIXR   DRCT   SKNT   THTA   THTE   THTV
    hPa     m      C      C      %    g/kg    deg   knot     K      K      K 
-----------------------------------------------------------------------------
 1010.0      8   24.2   22.6     91  17.43    180      3  296.5  347.0  299.6
 1002.0     74   25.0   21.9     83  16.82    188      5  298.0  347.0  301.0
 1000.0     90   25.2   22.0     82  16.96    190      5  298.4  347.9  301.4
  989.0    188   26.2   21.2     74  16.31    230      5  300.3  348.3  303.2
  977.0    295   26.2   21.8     77  17.11    275      6  301.4  351.9  304.4
  974.0    322   26.2   21.9     77  17.31    278      6  301.6  352.9  304.7
  944.0    597   24.8   18.8     70  14.70    310      6  302.8  346.6  305.5
  925.0    776   23.8   16.8     65  13.18    310      5  303.6  343.1  306.0
  912.0    899   22.8   16.7     68  13.27    320      4  303.8  343.5  306.3
  884.0   1171   20.6   16.4     77  13.45    347      3  304.3  344.6  306.7
  881.0   1200   20.5   16.2     76  13.30    350      3  304.5  344.4  306.9
  851.0   1500   19.8   13.9     69  11.85     40      6  306.8  342.8  309.0
  850.0   1510   19.8   13.8     68  11.80     40      6  306.9  342.7  309.1
  767.0   2393   17.2    7.2     52   8.37    114     15  313.2  339.5  314.8
  766.0   2404   17.1    7.1     52   8.35    115     15  313.2  339.5  314.8
  721.0   2918   13.4    4.4     54   7.32    124     18  314.6  337.9  316.0
  714.0   3000   13.2    4.2     54   7.29    125     19  315.3  338.5  316.7
  700.0   3167   12.8    3.8     54   7.23    120     19  316.6  339.8  318.0
  698.0   3191   12.6    3.6     54   7.15    119     19  316.7  339.6  318.0
  673.0   3497   10.4    0.4     50   5.89    109     15  317.5  336.6  318.6
  618.0   4195    5.4   -1.2     62   5.69     85      5  319.6  338.2  320.7
  574.0   4799    1.0   -2.7     76   5.51     75      9  321.3  339.5  322.4
  564.0   4943    0.0   -3.0     80   5.47     63      9  321.7  339.8  322.8
  533.0   5392   -2.7   -6.6     74   4.40     25      9  323.8  338.5  324.6
  500.0   5900   -5.7  -10.7     68   3.40     15      9  326.0  337.7  326.7
  494.0   5995   -5.5  -12.2     59   3.04     25      8  327.4  337.9  328.0
  493.0   6011   -5.5  -12.5     58   2.99     26      8  327.6  338.0  328.2
  475.0   6300   -7.3  -15.4     52   2.44     40      7  328.9  337.5  329.4
  446.0   6790  -10.3  -20.3     44   1.72     24      9  331.1  337.3  331.4
  439.0   6911  -11.2  -20.2     47   1.76     20      9  331.5  337.8  331.8
  407.0   7489  -15.3  -19.9     68   1.95     39     18  333.4  340.4  333.8
  406.0   7508  -15.4  -20.2     67   1.91     40     18  333.5  340.4  333.9
  400.0   7620  -15.9  -21.9     60   1.67     35     18  334.2  340.4  334.6
  382.0   7964  -17.7  -24.7     54   1.36     22     17  336.3  341.4  336.6
  362.0   8363  -20.5  -26.5     59   1.22      7     16  337.8  342.4  338.0
  360.0   8403  -20.8  -26.9     58   1.18      5     16  337.9  342.3  338.1
  327.0   9104  -26.3  -34.3     47   0.64     11     15  339.7  342.3  339.9
  320.0   9259  -27.3  -36.3     42   0.54     12     15  340.4  342.6  340.6
  317.0   9327  -27.3  -36.3     42   0.54     13     15  341.4  343.6  341.5
  316.0   9349  -27.3  -42.3     23   0.29     13     15  341.7  342.9  341.7
  306.0   9579  -28.7  -45.7     18   0.21     15     15  342.9  343.8  342.9
  305.0   9603  -28.9  -45.8     18   0.21     15     15  342.9  343.8  342.9
  300.0   9720  -30.1  -46.1     20   0.20     20     14  342.8  343.7  342.9
  296.0   9815  -30.7  -39.7     41   0.41     25     15  343.3  345.0  343.4
  291.0   9936  -31.3  -47.3     19   0.18     31     15  344.1  344.9  344.2
  268.0  10507  -36.0  -48.2     27   0.18     60     19  345.5  346.3  345.6
  250.0  10990  -39.9  -48.9     38   0.18     45     22  346.6  347.4  346.6
  249.0  11017  -40.1  -49.1     38   0.18     45     22  346.7  347.5  346.7
  200.0  12470  -52.5                          45     26  349.5         349.5
  178.0  13203  -58.8                          45     30  351.1         351.1
  157.0  13993  -65.5                          67     27  352.4         352.4
  154.0  14110  -66.4                          70     27  352.8         352.8
  150.0  14270  -67.7                          65     27  353.3         353.3
  133.0  14964  -72.0                          25     22  357.9         357.9
  120.0  15558  -75.7                           0      1  361.8         361.8
  114.0  15854  -77.6                         250      4  363.7         363.7
  108.0  16166  -79.5                         200      6  365.7         365.7
  102.0  16496  -81.6                         205     12  367.8         367.8
  100.0  16610  -82.3                         200     13  368.5         368.5
   92.6  17038  -84.5                         130     12  372.3         372.3
   92.0  17075  -84.1                         120     12  373.8         373.8
   87.9  17329  -81.5                          63     12  383.9         383.9
   87.0  17387  -81.6                          50     12  384.8         384.8
   82.0  17719  -82.4                          60     14  389.7         389.7
   79.2  17914  -82.9                          88     17  392.6         392.6
   78.0  17999  -82.5                         100     19  395.2         395.2
   71.8  18466  -80.1                          85     25  409.7         409.7
   70.0  18610  -78.7                          80     27  415.7         415.7
   63.0  19228  -71.6                          30     14  444.1         444.1
   60.0  19514  -68.3                           5      5  457.6         457.6
   57.0  19822  -68.4                         130      3  464.1         464.1
   52.0  20374  -68.6                         100     17  476.0         476.0
   50.0  20610  -68.7                         125     19  481.2         481.2
   49.0  20730  -69.4                         130     21  482.4         482.4
   48.8  20755  -69.5                         129     21  482.6         482.6
   43.9  21389  -65.7                         105     28  506.7         506.7
   42.0  21656  -66.5                          95     31  511.3         511.3
   39.0  22102  -67.7                         100     28  519.1         519.1
   33.0  23126  -62.0                         110     22  559.7         559.7
   32.0  23315  -60.9                          95     21  567.4         567.4
   30.0  23710  -58.7                          40      5  584.0         584.0
   29.9  23731  -58.7                          24      5  584.6         584.6
   29.0  23922  -59.1                         235      2  588.5         588.5
   27.1  24344  -60.1                          88      4  597.3         597.3
   27.0  24367  -60.0                          80      4  598.1         598.1
   25.4  24748  -59.1                          84     17  611.3         611.3
   25.0  24849  -57.5                          85     20  618.8         618.8
   23.4  25270  -50.7                          96     19  650.4         650.4
   21.0  25973  -50.4                         115     18  671.6         671.6
   20.0  26290  -50.3                         100     21  681.5         681.5
   19.8  26356  -50.3                          97     22  683.4         683.4
   19.0  26625  -50.0                          85     24  692.6         692.6
   18.0  26978  -49.5                          86     29  704.8         704.8
   17.4  27202  -46.7                          86     32  720.6         720.6
   16.2  27674  -47.7                          87     38  732.2         732.2
   14.7  28316  -47.1                          88     47  754.8         754.8
   14.0  28640  -45.7                          89     51  770.1         770.1
   12.4  29451  -44.3                          90     62  802.2         802.2
   12.0                                        90     62                     
</PRE><H3>Station information and sounding indices</H3><PRE>
                         Station identifier: WIII
                             Station number: 96749
                           Observation time: 200418/0000
                           Station latitude: -6.11
                          Station longitude: 106.65
                          Station elevation: 8.0
                            Showalter index: 0.10
                               Lifted index: -2.44
    LIFT computed using virtual temperature: -2.87
                                SWEAT index: 186.60
                                    K index: 30.30
                         Cross totals index: 19.50
                      Vertical totals index: 25.50
                        Totals totals index: 45.00
      Convective Available Potential Energy: 439.26
             CAPE using virtual temperature: 518.54
                      Convective Inhibition: -272.70
             CINS using virtual temperature: -195.09
                           Equilibrum Level: 222.09
 Equilibrum Level using virtual temperature: 221.80
                   Level of Free Convection: 621.34
             LFCT using virtual temperature: 643.64
                     Bulk Richardson Number: 35.13
          Bulk Richardson Number using CAPV: 41.47
  Temp [K] of the Lifted Condensation Level: 293.56
Pres [hPa] of the Lifted Condensation Level: 922.79
   Equivalent potential temp [K] of the LCL: 349.40
     Mean mixed layer potential temperature: 300.40
              Mean mixed layer mixing ratio: 16.68
              1000 hPa to 500 hPa thickness: 5810.00
Precipitable water [mm] for entire sounding: 51.78
</PRE>
<P>Description of the 
<A HREF="/upperair/columns.html">data columns</A>
or <A HREF="/upperair/indices.html">sounding indices</A>.

<P>
<FORM>
<INPUT CLASS="button" TYPE="button" VALUE=" Close this window " 
 onClick="window.close();">
<INPUT CLASS="button" TYPE="button" VALUE=" Select another map " 
 onClick="window.blur();">
</FORM>
<HR SIZE="1">
<I>Interested in graduate studies in atmospheric science?
Check out our program at the
<a href="http://www.uwyo.edu/atsc/howtoapply/"
target=_top>University of Wyoming
</a></I>
<HR SIZE="1"><FONT SIZE="-1">
Questions about the weather data provided by this site can be
addressed to <A HREF="mailto:ldoolman@uwyo.edu">
Larry Oolman (ldoolman@uwyo.edu)</A></FONT>
<HR SIZE="1">
<SCRIPT TYPE="text/javascript">
<!--
window.focus();
// -->
</SCRIPT>
</BODY>
</HTML>
