2017-09-09 12
<HTML>
<TITLE>University of Wyoming - Radiosonde Data</TITLE>
<BODY BGCOLOR="white">
<H2>96749 WIII Jakarta Observations at 00Z 09 Sep 2017</H2>
<PRE>
-----------------------------------------------------------------------------
   PRES   HGHT   TEMP   DWPT   RELH   MIXR   DRCT   SKNT   THTA   THTE   THTV
    hPa     m      C      C      %    g/kg    deg   knot     K      K      K 
-----------------------------------------------------------------------------
 1009.0      8   25.2   23.0     88  17.89    160      4  297.6  349.6  300.8
 1000.0     87   26.0   21.6     77  16.54    150      6  299.1  347.6  302.1
  999.0     96   26.0   21.6     77  16.56    148      6  299.2  347.8  302.2
  976.0    301   24.4   20.8     80  16.08    105      8  299.6  346.8  302.5
  940.0    632   21.8   19.4     86  15.33     95     14  300.2  345.3  303.0
  925.0    773   21.2   18.8     86  15.00     90     16  301.0  345.2  303.7
  920.0    820   20.8   18.4     86  14.70     88     16  301.0  344.4  303.7
  911.0    905   21.0   16.9     77  13.43     85     17  302.1  342.0  304.6
  897.0   1039   21.4   14.4     64  11.63     87     17  303.8  338.7  306.0
  850.0   1503   18.4   12.4     68  10.75     95     17  305.4  337.9  307.4
  842.0   1584   17.8   12.8     73  11.15     92     16  305.6  339.3  307.6
  828.0   1728   17.2   12.5     74  11.12     87     15  306.4  340.2  308.5
  821.0   1801   17.5   10.8     65  10.04     85     15  307.5  338.2  309.4
  809.0   1927   18.0    8.0     52   8.39     79     16  309.3  335.3  310.9
  793.0   2096   17.0    6.7     50   7.80     70     17  310.1  334.3  311.5
  729.0   2811   13.0    1.0     44   5.68     94     19  313.2  331.3  314.3
  713.0   2997   12.8  -10.9     18   2.34    100     19  315.0  322.9  315.4
  710.0   3032   12.8  -13.2     15   1.96    100     19  315.4  322.0  315.7
  700.0   3151   12.2  -17.8     11   1.36    100     21  316.0  320.7  316.2
  664.0   3590    9.4  -17.6     13   1.45     98     19  317.6  322.7  317.9
  627.0   4060    4.8  -13.2     26   2.22     97     18  317.6  325.2  318.0
  619.0   4165    3.8   -6.2     48   3.91     96     17  317.6  330.5  318.4
  617.0   4191    3.8   -4.2     56   4.56     96     17  317.9  332.9  318.8
  606.0   4337    4.6  -11.4     30   2.65     96     17  320.5  329.5  321.0
  594.0   4498    3.5  -10.8     34   2.84     95     16  321.0  330.7  321.6
  558.0   5003    0.0   -9.0     51   3.49     62     17  322.7  334.5  323.4
  551.0   5103   -0.8   -9.9     50   3.29     55     17  322.9  334.1  323.6
  500.0   5870   -6.9  -16.9     45   2.05     50     17  324.6  331.8  325.0
  497.0   5917   -7.5  -16.5     49   2.13     50     17  324.4  331.8  324.8
  486.0   6092   -8.1  -22.1     31   1.35     48     17  325.7  330.6  326.0
  455.0   6601  -11.7  -24.7     33   1.14     45     18  327.5  331.6  327.7
  453.0   6635  -11.9  -24.9     33   1.13     47     18  327.6  331.7  327.8
  450.0   6686  -12.1  -25.1     33   1.11     49     19  327.9  332.0  328.2
  435.0   6947  -10.9  -39.9      7   0.27     62     22  332.7  333.8  332.7
  414.0   7327  -11.9  -43.9      5   0.19     82     26  336.1  336.9  336.1
  405.0   7495  -12.9  -45.6      5   0.16     90     28  336.9  337.6  336.9
  400.0   7590  -13.5  -46.5      4   0.15     90     27  337.4  338.0  337.4
  359.0   8396  -19.1  -52.1      4   0.09     75     13  340.4  340.8  340.4
  345.0   8693  -21.2  -54.2      3   0.07     95     16  341.5  341.8  341.5
  334.0   8935  -22.9  -55.9      3   0.06    104     15  342.3  342.6  342.3
  300.0   9710  -29.7  -53.7      8   0.09    135     10  343.4  343.8  343.4
  292.0   9898  -31.2  -54.6      8   0.08    135     10  344.0  344.3  344.0
  268.0  10496  -35.9  -57.4      9   0.06    165     12  345.6  345.9  345.6
  257.0  10788  -38.2  -58.8     10   0.05    155     11  346.4  346.7  346.4
  250.0  10980  -39.7  -59.7     10   0.05    150      7  346.9  347.1  346.9
  249.0  11007  -39.9  -59.9     10   0.05    153      6  347.0  347.2  347.0
  245.0  11115  -40.8                         165      3  347.2         347.2
  235.0  11391  -43.2                         310      3  347.8         347.8
  205.0  12296  -50.9                         350      7  349.5         349.5
  200.0  12460  -52.3                         345      9  349.8         349.8
  170.0  13479  -61.3                         330     12  351.5         351.5
  154.0  14100  -66.7                         290     11  352.3         352.3
  153.0  14140  -67.1                         288     11  352.3         352.3
  150.0  14260  -68.1                         280      9  352.6         352.6
  146.0  14417  -69.3                         275      9  353.3         353.3
  139.0  14702  -71.4                         310      6  354.6         354.6
  132.0  15002  -73.6                          10      4  355.9         355.9
  113.0  15905  -80.3                          35     19  359.5         359.5
  112.0  15956  -80.7                          34     19  359.7         359.7
  102.0  16479  -82.3                          20     18  366.3         366.3
  100.0  16590  -82.7                          20     14  367.7         367.7
   98.9  16651  -83.3                          25     11  367.7         367.7
   96.0  16817  -83.3                          80      8  370.8         370.8
   93.3  16975  -83.3                          91      9  373.9         373.9
   91.0  17116  -80.7                         100      9  381.6         381.6
   87.0  17371  -76.1                         145      8  395.8         395.8
   86.3  17417  -75.3                         161      9  398.4         398.4
   82.0  17715  -72.2                         265     13  410.6         410.6
   81.6  17744  -71.9                         264     14  411.8         411.8
   72.5  18436  -73.9                         248     30  421.7         421.7
   71.0  18557  -73.9                         245     33  424.2         424.2
   70.0  18640  -73.9                         245     32  426.0         426.0
   64.4  19125  -74.3                         259     29  435.4         435.4
   64.0  19161  -73.4                         260     29  438.2         438.2
   62.8  19272  -70.5                         256     27  446.9         446.9
   52.0  20413  -63.4                         220      2  488.2         488.2
   50.0  20650  -61.9                           0     12  497.2         497.2
   49.9  20662  -61.7                         360     12  497.9         497.9
   47.0  21030  -63.3                         355     12  502.8         502.8
   45.0  21298  -64.4                         315     18  506.3         506.3
   43.8  21464  -65.1                         300     19  508.5         508.5
   43.0  21576  -64.9                         300     17  511.7         511.7
   41.0  21868  -64.4                         310      7  519.9         519.9
   39.0  22174  -63.9                          10      9  528.6         528.6
   38.1  22316  -63.7                          38      8  532.8         532.8
   35.0  22834  -65.2                         140      3  542.0         542.0
   34.0  23011  -65.7                          90     12  545.1         545.1
   33.6  23084  -65.9                          91     15  546.4         546.4
   31.9  23400  -64.9                          98     29  557.3         557.3
   30.2  23738  -59.1                         104     43  581.8         581.8
   30.0  23780  -58.7                         105     45  584.0         584.0
   28.0  24211  -59.0                         100     53  594.8         594.8
   22.8  25494  -59.9                          91     57  628.1         628.1
   20.0  26320  -54.7                          85     60  668.0         668.0
   19.7  26417  -53.9                          85     60  673.3         673.3
   18.0  26996  -54.1                          85     60  690.3         690.3
   16.2  27677  -50.1                          85     60  724.4         724.4
   14.0  28630  -50.3                          85     60  754.7         754.7
   13.5  28867  -50.3                                     762.4         762.4
</PRE><H3>Station information and sounding indices</H3><PRE>
                         Station identifier: WIII
                             Station number: 96749
                           Observation time: 170909/0000
                           Station latitude: -6.11
                          Station longitude: 106.65
                          Station elevation: 8.0
                            Showalter index: 0.86
                               Lifted index: -2.77
    LIFT computed using virtual temperature: -3.36
                                SWEAT index: 199.79
                                    K index: 7.70
                         Cross totals index: 19.30
                      Vertical totals index: 25.30
                        Totals totals index: 44.60
      Convective Available Potential Energy: 170.95
             CAPE using virtual temperature: 250.80
                      Convective Inhibition: -219.88
             CINS using virtual temperature: -117.22
                           Equilibrum Level: 428.99
 Equilibrum Level using virtual temperature: 420.87
                   Level of Free Convection: 635.39
             LFCT using virtual temperature: 657.52
                     Bulk Richardson Number: 13.62
          Bulk Richardson Number using CAPV: 19.98
  Temp [K] of the Lifted Condensation Level: 293.32
Pres [hPa] of the Lifted Condensation Level: 930.77
   Equivalent potential temp [K] of the LCL: 347.03
     Mean mixed layer potential temperature: 299.40
              Mean mixed layer mixing ratio: 16.27
              1000 hPa to 500 hPa thickness: 5783.00
Precipitable water [mm] for entire sounding: 39.92
</PRE>
<P>Description of the 
<A HREF="/upperair/columns.html">data columns</A>
or <A HREF="/upperair/indices.html">sounding indices</A>.

<P>
<FORM>
<INPUT CLASS="button" TYPE="button" VALUE=" Close this window " 
 onClick="window.close();">
<INPUT CLASS="button" TYPE="button" VALUE=" Select another map " 
 onClick="window.blur();">
</FORM>
<HR SIZE="1">
<I>Interested in graduate studies in atmospheric science?
Check out our program at the
<a href="http://www.uwyo.edu/atsc/howtoapply/"
target=_top>University of Wyoming
</a></I>
<HR SIZE="1"><FONT SIZE="-1">
Questions about the weather data provided by this site can be
addressed to <A HREF="mailto:ldoolman@uwyo.edu">
Larry Oolman (ldoolman@uwyo.edu)</A></FONT>
<HR SIZE="1">
<SCRIPT TYPE="text/javascript">
<!--
window.focus();
// -->
</SCRIPT>
</BODY>
</HTML>
