2020-10-03 12
<HTML>
<TITLE>University of Wyoming - Radiosonde Data</TITLE>
<BODY BGCOLOR="white">
<H2>96749 WIII Jakarta Observations at 00Z 03 Oct 2020</H2>
<PRE>
-----------------------------------------------------------------------------
   PRES   HGHT   TEMP   DWPT   RELH   MIXR   DRCT   SKNT   THTA   THTE   THTV
    hPa     m      C      C      %    g/kg    deg   knot     K      K      K 
-----------------------------------------------------------------------------
 1011.0      8   24.6   22.8     90  17.63    200      3  296.8  347.9  299.9
 1009.0     25   24.6   22.4     88  17.23    195      4  297.0  347.0  300.1
 1000.0    102   25.2   22.1     83  17.07    170      7  298.4  348.2  301.4
  975.0    325   25.0   22.1     84  17.52    141      6  300.3  351.9  303.5
  945.0    599   22.6   20.3     87  16.16    105      4  300.6  348.2  303.5
  930.0    739   21.4   19.4     88  15.50    112      3  300.7  346.4  303.5
  925.0    786   21.2   19.4     89  15.58    115      2  301.0  347.0  303.8
  913.0    900   20.8   18.9     89  15.34    155      2  301.7  347.1  304.5
  881.0   1210   19.8   17.7     88  14.68    165      5  303.8  347.6  306.4
  852.0   1500   17.9   15.8     88  13.46    175      7  304.7  345.1  307.2
  850.0   1520   17.8   15.7     88  13.37    170      7  304.8  344.9  307.2
  795.0   2088   13.4   12.4     94  11.51    145      9  306.0  340.8  308.1
  794.0   2099   13.4   12.4     94  11.49    145      9  306.0  340.8  308.1
  737.0   2724   11.2   10.1     93  10.64    127     11  310.3  343.1  312.2
  700.0   3153    8.8    7.6     92   9.44    115     12  312.2  341.6  314.0
  688.0   3294    8.1    6.8     92   9.11    105     12  312.9  341.4  314.6
  594.0   4488    1.6    0.3     91   6.62    135     14  318.9  340.3  320.2
  572.0   4795    0.0   -1.4     90   6.08    130     13  320.4  340.3  321.6
  530.0   5400   -2.9   -3.7     94   5.54    105     12  324.1  342.5  325.1
  510.0   5705   -4.3   -4.8     96   5.28    112     13  325.9  343.6  326.9
  500.0   5860   -5.3   -6.1     94   4.88    115     14  326.5  343.0  327.5
  485.0   6098   -7.7   -8.5     94   4.17    115     13  326.4  340.6  327.2
  473.0   6294   -8.1   -8.9     94   4.15    115     12  328.3  342.5  329.1
  467.0   6393   -8.3   -9.1     94   4.14    114     13  329.2  343.4  330.0
  460.0   6510   -8.3   -9.2     93   4.17    113     14  330.6  345.0  331.5
  444.0   6784  -11.3  -14.1     80   2.91    111     18  330.2  340.4  330.8
  417.0   7264  -13.1  -13.8     94   3.18    107     23  333.9  345.1  334.5
  404.0   7505  -15.2  -17.3     84   2.45    105     26  334.1  343.0  334.6
  400.0   7580  -15.9  -18.4     81   2.25    100     24  334.2  342.4  334.7
  389.0   7789  -17.4  -20.2     79   1.99     85     21  335.0  342.2  335.4
  378.0   8004  -18.9  -22.0     76   1.75     89     21  335.7  342.2  336.1
  373.0   8103  -19.7  -24.6     65   1.41     91     22  335.9  341.2  336.2
  359.0   8387  -21.3  -22.6     89   1.75     97     22  337.5  344.0  337.8
  330.0   9004  -24.8  -27.4     79   1.23    110     23  340.9  345.6  341.2
  329.0   9026  -24.9  -27.6     78   1.21    109     23  341.1  345.7  341.3
  302.0   9643  -29.9  -31.8     83   0.89     82     31  342.5  345.9  342.6
  300.0   9690  -30.3  -32.4     82   0.84     80     32  342.6  345.9  342.7
  291.0   9906  -32.1  -36.0     68   0.61     78     35  343.0  345.4  343.1
  288.0   9979  -32.7  -38.7     55   0.47     77     35  343.1  345.1  343.2
  287.0  10003  -32.9  -39.9     50   0.42     77     36  343.2  344.9  343.3
  284.0  10077  -33.5  -38.5     61   0.49     76     37  343.4  345.4  343.5
  282.0  10127  -33.5  -36.6     74   0.59     76     37  344.1  346.5  344.2
  279.0  10201  -34.1  -37.7     70   0.54     75     38  344.3  346.4  344.4
  271.0  10405  -35.7  -40.7     60   0.41     72     39  344.8  346.5  344.9
  250.0  10960  -40.3  -44.8     62   0.28     65     40  346.0  347.2  346.1
  220.0  11818  -47.3  -54.3     44   0.11     65     31  348.1  348.6  348.1
  200.0  12440  -52.7  -57.4     57   0.08     65     25  349.1  349.5  349.2
  189.0  12803  -56.3  -60.3     61   0.06     60     28  349.1  349.3  349.1
  177.0  13208  -59.8  -64.0     58   0.04     55     32  349.9  350.1  349.9
  153.0  14108  -67.6  -72.1     53   0.01     40     44  351.4  351.5  351.4
  150.0  14230  -68.7  -73.2     52   0.01     45     46  351.6  351.6  351.6
  134.0  14893  -74.9  -78.9     54   0.01     57     45  352.1  352.1  352.1
  118.0  15617  -80.7  -86.6     37   0.00     70     43  354.4  354.4  354.4
  117.0  15666  -81.1  -87.1     36   0.00     72     42  354.5  354.5  354.5
  114.0  15811  -81.5  -87.5     36   0.00     78     40  356.4  356.4  356.4
  109.0  16062  -81.9  -85.8     52   0.00     88     37  360.3  360.3  360.3
  106.0  16217  -82.7  -87.0     48   0.00     95     35  361.6  361.6  361.6
  100.0  16540  -84.5  -89.5     42   0.00     90     31  364.2  364.2  364.2
   94.3  16865  -84.1  -90.1     35   0.00     96     30  371.2  371.2  371.2
   92.2  16989  -84.3  -88.5     48   0.00     98     30  373.2  373.2  373.2
   91.3  17044  -81.5  -87.5     36   0.00     99     30  379.8  379.8  379.8
   86.0  17382  -79.2  -83.4     50   0.00    105     29  391.0  391.1  391.0
   85.0  17448  -78.7  -82.6     53   0.01    107     29  393.3  393.3  393.3
   82.2  17640  -77.9  -82.9     45   0.01    113     31  398.7  398.7  398.7
   81.3  17703  -75.7  -82.7     33   0.01    115     31  404.4  404.5  404.4
   78.1  17936  -74.1  -80.1     39   0.01    122     32  412.4  412.5  412.4
   77.0  18020  -72.8  -79.7     35   0.01    125     33  416.8  416.8  416.8
   75.7  18120  -71.3  -79.3     30   0.01    113     31  422.0  422.0  422.0
   72.1  18411  -66.9  -73.9     37   0.02     80     26  437.2  437.4  437.2
   70.0  18590  -65.7  -73.7     32   0.03     60     23  443.5  443.6  443.5
   67.4  18821  -64.3  -71.3     38   0.04     25     24  451.3  451.6  451.4
   67.0  18857  -64.5  -71.0     41   0.04     20     24  451.7  452.0  451.8
   65.1  19033  -65.3  -69.3     57   0.05     11     22  453.7  454.0  453.7
   63.0  19231  -66.6  -70.2     61   0.05      0     20  455.0  455.3  455.1
   61.3  19397  -67.7  -70.9     64   0.04    348     19  456.2  456.5  456.2
   59.0  19628  -65.5  -70.5     50   0.05    331     17  466.1  466.4  466.1
   55.0  20057  -64.0  -68.2     56   0.07    300     13  478.9  479.4  478.9
   54.1  20158  -63.7  -67.7     58   0.08    290     15  482.0  482.5  482.0
   53.2  20261  -64.1  -69.1     50   0.07    279     17  483.4  483.8  483.4
   52.0  20400  -64.4  -67.7     63   0.08    265     19  485.9  486.4  485.9
   51.4  20471  -64.5  -67.0     71   0.09    261     18  487.2  487.8  487.2
   50.0  20640  -64.9  -66.8     77   0.10    250     14  490.1  490.8  490.1
   47.6  20939  -65.1  -68.9     59   0.07    270     16  496.6  497.1  496.6
   47.0  21016  -65.0  -68.4     62   0.08    275     16  498.7  499.3  498.7
   45.8  21173  -64.7  -67.4     69   0.10    263     21  503.1  503.7  503.1
   45.0  21280  -65.2  -69.0     59   0.08    255     25  504.3  504.8  504.3
   44.9  21294  -65.3  -69.2     58   0.08    255     25  504.5  505.0  504.5
   41.0  21847  -64.3  -66.1     79   0.13    275      7  520.1  521.0  520.2
   40.9  21861  -64.3  -66.0     79   0.13    279      7  520.6  521.5  520.6
   39.0  22153  -62.9  -65.9     67   0.14      0      1  531.2  532.2  531.2
   38.7  22200  -62.7  -65.9     65   0.14    353      1  532.9  533.9  533.0
   37.0  22476  -62.4  -64.3     77   0.18    310      4  540.7  542.0  540.7
   36.7  22526  -62.3  -64.0     80   0.19    300      4  542.1  543.5  542.1
   35.0  22819  -61.7  -63.9     75   0.20    245      5  551.1  552.6  551.2
   33.5  23089  -61.1  -63.8     70   0.21    167      9  559.6  561.2  559.6
   33.0  23183  -60.0  -63.0     68   0.24    140     10  565.0  566.8  565.0
   32.1  23356  -57.9  -61.5     63   0.30    118      3  575.0  577.3  575.1
   32.0  23375  -57.9  -61.5     64   0.31    115      2  575.4  577.7  575.5
   30.2  23738  -58.7  -60.7     78   0.36    272      7  582.9  585.6  583.0
   30.0  23780  -59.1  -60.5     84   0.37    290      8  582.9  585.8  583.1
   29.7  23843  -58.7  -61.0     75   0.35    287      8  585.7  588.4  585.8
   29.4  23907  -58.3  -61.0     71   0.35    284      8  588.5  591.2  588.6
   29.3  23928  -58.5  -60.9     74   0.36    283      8  588.5  591.3  588.7
   29.2  23950  -58.5  -60.7     76   0.37    282      8  589.1  592.0  589.2
   29.1  23971  -58.3  -60.5     76   0.38    281      8  590.2  593.2  590.4
   29.0  23993  -58.3  -60.4     77   0.39    280      8  590.8  593.8  591.0
   28.9  24015  -57.9  -60.6     71   0.38                592.5  595.4  592.6
   28.8  24037  -57.9  -61.6     62   0.33                593.1  595.7  593.2
   28.6  24081  -57.7  -86.7      1   0.01                594.8  594.9  594.8
   28.4  24125  -57.5                                     596.6         596.6
</PRE><H3>Station information and sounding indices</H3><PRE>
                         Station identifier: WIII
                             Station number: 96749
                           Observation time: 201003/0000
                           Station latitude: -6.11
                          Station longitude: 106.65
                          Station elevation: 8.0
                            Showalter index: -0.36
                               Lifted index: -2.13
    LIFT computed using virtual temperature: -2.34
                                SWEAT index: 216.39
                                    K index: 37.60
                         Cross totals index: 21.00
                      Vertical totals index: 23.10
                        Totals totals index: 44.10
      Convective Available Potential Energy: 693.92
             CAPE using virtual temperature: 766.81
                      Convective Inhibition: -27.24
             CINS using virtual temperature: -19.95
                           Equilibrum Level: 185.83
 Equilibrum Level using virtual temperature: 185.55
                   Level of Free Convection: 842.78
             LFCT using virtual temperature: 851.37
                     Bulk Richardson Number: 257.37
          Bulk Richardson Number using CAPV: 284.40
  Temp [K] of the Lifted Condensation Level: 294.40
Pres [hPa] of the Lifted Condensation Level: 943.39
   Equivalent potential temp [K] of the LCL: 349.68
     Mean mixed layer potential temperature: 299.36
              Mean mixed layer mixing ratio: 17.19
              1000 hPa to 500 hPa thickness: 5758.00
Precipitable water [mm] for entire sounding: 62.99
</PRE>
<P>Description of the 
<A HREF="/upperair/columns.html">data columns</A>
or <A HREF="/upperair/indices.html">sounding indices</A>.

<P>
<FORM>
<INPUT CLASS="button" TYPE="button" VALUE=" Close this window " 
 onClick="window.close();">
<INPUT CLASS="button" TYPE="button" VALUE=" Select another map " 
 onClick="window.blur();">
</FORM>
<HR SIZE="1">
<I>Interested in graduate studies in atmospheric science?
Check out our program at the
<a href="http://www.uwyo.edu/atsc/howtoapply/"
target=_top>University of Wyoming
</a></I>
<HR SIZE="1"><FONT SIZE="-1">
Questions about the weather data provided by this site can be
addressed to <A HREF="mailto:ldoolman@uwyo.edu">
Larry Oolman (ldoolman@uwyo.edu)</A></FONT>
<HR SIZE="1">
<SCRIPT TYPE="text/javascript">
<!--
window.focus();
// -->
</SCRIPT>
</BODY>
</HTML>
