2022-04-19 12
<HTML>
<TITLE>University of Wyoming - Radiosonde Data</TITLE>
<BODY BGCOLOR="white">
<H2>96749 WIII Jakarta Observations at 00Z 19 Apr 2022</H2>
<PRE>
-----------------------------------------------------------------------------
   PRES   HGHT   TEMP   DWPT   RELH   MIXR   DRCT   SKNT   THTA   THTE   THTV
    hPa     m      C      C      %    g/kg    deg   knot     K      K      K 
-----------------------------------------------------------------------------
 1008.0      8   25.0   23.2     90  18.13    230      2  297.5  350.2  300.7
 1000.0     80   25.4   22.5     84  17.50    215      4  298.6  349.7  301.7
  982.0    241   26.0   22.7     82  18.05    243      5  300.7  353.9  303.9
  943.0    597   24.0   19.9     78  15.73    305      8  302.1  348.8  305.0
  925.0    767   23.0   18.5     76  14.71    310      7  302.8  346.6  305.5
  850.0   1503   19.0   14.0     73  11.96    300      6  306.0  342.2  308.2
  821.0   1799   17.4   13.0     75  11.59    260      4  307.4  342.7  309.5
  766.0   2391   14.2   11.0     81  10.88    231      4  310.1  343.6  312.1
  765.0   2402   14.2   10.9     81  10.83    230      4  310.1  343.5  312.2
  712.0   3005   11.4    6.8     73   8.77    180      5  313.6  341.1  315.2
  700.0   3148   10.8    5.8     71   8.33    180      9  314.4  340.7  316.0
  687.0   3304   10.0    3.4     63   7.15    175     11  315.2  338.0  316.6
  663.0   3599    8.6   -1.2     50   5.30    160      7  316.9  334.1  317.9
  647.0   3802    7.6   -4.4     42   4.29    145      7  317.9  332.1  318.8
  624.0   4100    5.4   -3.6     52   4.72    123      7  318.7  334.3  319.6
  616.0   4205    5.0   -8.4     37   3.31    115      7  319.5  330.6  320.1
  615.0   4218    5.0   -9.0     36   3.16    115      7  319.6  330.2  320.2
  604.0   4366    4.2   -9.8     35   3.02    110      7  320.3  330.6  320.9
  594.0   4501    3.0   -4.0     60   4.81    105      7  320.5  336.4  321.4
  576.0   4751    2.0   -9.0     44   3.38     97      7  322.1  333.6  322.8
  568.0   4863    1.4   -6.6     55   4.13     93      7  322.7  336.6  323.5
  548.0   5152    0.0  -10.0     47   3.28     83      7  324.4  335.6  325.0
  531.0   5402   -1.8  -10.8     50   3.18     75      7  325.1  336.0  325.7
  500.0   5880   -5.3  -12.3     58   2.99     80      9  326.5  336.9  327.1
  492.0   6006   -6.1  -12.4     61   3.01     90      9  327.1  337.5  327.6
  488.0   6070   -6.5  -12.5     62   3.02     93      9  327.3  337.8  327.9
  474.0   6297   -7.4  -14.0     59   2.75    105     10  328.9  338.6  329.4
  464.0   6462   -8.1  -15.1     57   2.56     88      9  330.1  339.1  330.6
  458.0   6563   -8.1  -20.1     37   1.70     78      9  331.3  337.5  331.6
  456.0   6597   -8.3  -20.1     38   1.71     75      9  331.4  337.6  331.8
  423.0   7175  -12.3  -20.3     51   1.81     61     11  333.5  340.1  333.9
  421.0   7211  -12.4  -21.1     48   1.70     60     11  333.8  340.0  334.2
  400.0   7600  -13.9  -29.9     25   0.80     85     14  336.8  339.9  337.0
  389.0   7811  -15.0  -32.4     21   0.65     85     11  338.1  340.7  338.2
  384.0   7909  -15.5  -33.5     20   0.59     78     11  338.7  341.0  338.8
  374.0   8103  -17.0  -34.5     20   0.55     65     10  339.3  341.4  339.4
  318.0   9294  -26.2  -41.0     23   0.33     75     12  342.6  344.0  342.7
  302.0   9673  -29.1  -43.1     25   0.28     66      9  343.6  344.8  343.6
  300.0   9720  -29.5  -42.5     27   0.30     65      9  343.7  344.9  343.8
  292.0   9911  -30.8  -46.6     20   0.20     70      8  344.5  345.4  344.6
  283.0  10132  -32.3  -51.3     13   0.12     66     10  345.4  346.0  345.5
  280.0  10207  -32.9  -52.3     13   0.11     65     10  345.6  346.1  345.7
  276.0  10308  -33.7  -53.7     12   0.09     67     10  345.9  346.3  345.9
  270.0  10461  -34.9  -50.9     18   0.13     70     10  346.3  346.9  346.4
  266.0  10564  -36.1  -44.1     44   0.29     72     10  346.1  347.3  346.1
  255.0  10855  -38.7  -43.2     62   0.33     77     11  346.4  347.8  346.5
  250.0  10990  -39.5  -44.5     59   0.29     80     11  347.2  348.4  347.3
  246.0  11099  -40.5  -45.4     60   0.27     80     10  347.3  348.4  347.3
  235.0  11408  -43.4  -47.8     62   0.22     65      8  347.5  348.4  347.5
  231.0  11524  -44.5  -48.7     63   0.20     69     10  347.5  348.4  347.6
  225.0  11697  -45.9  -51.1     55   0.16     75     12  348.1  348.8  348.1
  215.0  11996  -48.2  -55.2     44   0.10     70     10  349.0  349.4  349.0
  204.0  12342  -50.9  -59.9     33   0.06    106     11  350.0  350.3  350.0
  200.0  12470  -51.9  -61.9     29   0.05    120     12  350.4  350.6  350.4
  196.0  12596  -53.0  -62.7     30   0.04    115     13  350.7  350.9  350.7
  170.0  13481  -60.8  -68.0     38   0.02     75      8  352.3  352.4  352.3
  162.0  13781  -63.5  -69.8     42   0.02     50     11  352.7  352.8  352.7
  150.0  14260  -67.7  -72.7     49   0.01     40     13  353.3  353.3  353.3
  126.0  15262  -74.6  -82.2     30   0.00     30     14  358.9  358.9  358.9
  119.0  15590  -76.8  -85.3     25   0.00    355      8  360.6  360.7  360.6
  113.0  15888  -78.9  -88.1     21   0.00    305      2  362.2  362.2  362.2
  107.0  16201  -81.0  -91.0     18   0.00    165      7  363.8  363.8  363.8
  100.0  16590  -83.7  -94.7     14   0.00    120      8  365.8  365.8  365.8
   96.0  16815  -84.8  -96.1     13   0.00    105      9  367.9  367.9  367.9
   91.0  17110  -86.3  -97.9     11   0.00    140     14  370.6  370.6  370.6
   86.4  17396  -87.7  -99.7     10   0.00    120     22  373.3  373.3  373.3
   86.0  17421  -87.3  -99.4     10   0.00    120     22  374.5  374.5  374.5
   80.4  17794  -82.3  -95.3     10   0.00     41     15  392.2  392.2  392.2
   78.0  17964  -82.4  -95.4     10   0.00      5     12  395.4  395.4  395.4
   73.0  18335  -82.6  -95.6     10   0.00    340      8  402.6  402.6  402.6
   70.0  18570  -82.7  -95.7     10   0.00    315      7  407.1  407.1  407.1
   69.1  18642  -82.7  -95.7     10   0.00    293      9  408.7  408.7  408.7
   67.8  18749  -76.3  -94.3      4   0.00    261     13  424.7  424.7  424.7
   66.1  18897  -72.3  -89.3      6   0.00    218     18  436.5  436.5  436.5
   66.0  18906  -72.3  -89.4      6   0.00    215     18  436.6  436.6  436.6
   63.0  19178  -72.7  -91.7      4   0.00    205      9  441.6  441.6  441.6
   61.5  19319  -72.9  -92.9      4   0.00    156     12  444.2  444.2  444.2
   60.0  19465  -71.5  -94.2      2   0.00    105     15  450.6  450.6  450.6
   58.2  19644  -69.7  -95.7      1   0.00     99     23  458.5  458.5  458.5
   57.0  19769  -69.5  -96.4      1   0.00     95     29  461.6  461.7  461.6
   51.0  20431  -68.5 -100.4      0   0.00    100     26  478.9  478.9  478.9
   50.8  20455  -68.5 -100.5      0   0.00     99     26  479.5  479.5  479.5
   50.0  20550  -67.1  -99.1      0   0.00     95     28  484.9  484.9  484.9
   47.4  20875  -64.1  -97.1      0   0.00     91     33  499.6  499.6  499.6
   47.0  20927  -64.0  -97.0      0   0.00     90     34  501.0  501.0  501.0
   43.3  21430  -63.1  -96.1      0   0.00     91     36  515.1  515.1  515.1
   39.5  22002  -58.3  -92.3      1   0.00     92     38  540.9  540.9  540.9
   32.4  23242  -61.1  -94.1      1   0.00     94     42  564.9  565.0  564.9
   30.0  23720  -60.9  -93.9      1   0.00     95     44  578.0  578.1  578.0
   29.0  23932  -60.6  -93.4      1   0.00     85     53  584.6  584.6  584.6
   26.0  24613  -59.5  -91.8      1   0.00     80     66  606.1  606.1  606.1
   24.4  25010  -58.9  -90.9      1   0.00     80     70  619.0  619.0  619.0
   24.0  25115  -58.2  -90.6      1   0.00     80     71  623.8  623.9  623.8
   23.7  25195  -57.7  -90.4      1   0.00     80     71  627.5  627.6  627.5
   22.0  25670  -54.7  -89.1      1   0.01     80     62  649.9  650.0  649.9
   21.0  25966  -52.9  -88.3      1   0.01     85     47  664.3  664.4  664.3
   20.5  26120  -51.9  -87.9      1   0.01     92     45  671.8  671.9  671.8
   20.0  26280  -50.9  -86.9      1   0.01    100     43  679.6  679.7  679.6
   18.5  26787  -51.3  -86.3      1   0.01    105     39  693.7  693.8  693.7
   17.3  27225  -48.9  -85.9      1   0.01    109     35  714.7  714.9  714.8
   17.0  27341  -47.5  -84.8      1   0.02    110     34  722.9  723.1  722.9
   16.4  27579  -44.5  -82.5      1   0.03     92     24  740.0  740.3  740.0
   16.0  27744  -44.7  -82.1      1   0.03     80     17  744.6  745.0  744.6
   14.3  28494  -45.5  -80.5      1   0.04     80     24  766.1  766.6  766.2
   14.0  28636  -45.0  -80.7      1   0.04     80     25  772.5  773.0  772.6
   13.5  28879  -44.1  -81.1      1   0.04     46     19  783.6  784.1  783.7
   13.1  29082  -40.9  -79.9      1   0.05     17     13  801.5  802.1  801.5
   13.0  29134  -39.9  -78.9      1   0.06     10     12  806.7  807.4  806.7
   12.9  29187  -38.9  -77.9      1   0.07      4     13  811.9  812.8  812.0
   12.0  29679  -40.8  -78.1      1   0.08    310     19  822.3  823.2  822.3
   11.3  30088  -42.3  -78.3      1   0.08                831.0  831.9  831.0
</PRE><H3>Station information and sounding indices</H3><PRE>
                         Station identifier: WIII
                             Station number: 96749
                           Observation time: 220419/0000
                           Station latitude: -6.11
                          Station longitude: 106.65
                          Station elevation: 8.0
                            Showalter index: 0.70
                               Lifted index: -2.78
    LIFT computed using virtual temperature: -3.34
                                SWEAT index: 189.00
                                    K index: 33.30
                         Cross totals index: 19.30
                      Vertical totals index: 24.30
                        Totals totals index: 43.60
      Convective Available Potential Energy: 529.44
             CAPE using virtual temperature: 685.35
                      Convective Inhibition: -68.19
             CINS using virtual temperature: -40.63
                           Equilibrum Level: 191.70
 Equilibrum Level using virtual temperature: 190.91
                   Level of Free Convection: 768.03
             LFCT using virtual temperature: 811.93
                     Bulk Richardson Number: 232.25
          Bulk Richardson Number using CAPV: 300.64
  Temp [K] of the Lifted Condensation Level: 294.49
Pres [hPa] of the Lifted Condensation Level: 934.63
   Equivalent potential temp [K] of the LCL: 351.52
     Mean mixed layer potential temperature: 300.25
              Mean mixed layer mixing ratio: 17.46
              1000 hPa to 500 hPa thickness: 5800.00
Precipitable water [mm] for entire sounding: 52.31
</PRE>
<P>Description of the 
<A HREF="/upperair/columns.html">data columns</A>
or <A HREF="/upperair/indices.html">sounding indices</A>.

<P>
<FORM>
<INPUT CLASS="button" TYPE="button" VALUE=" Close this window " 
 onClick="window.close();">
<INPUT CLASS="button" TYPE="button" VALUE=" Select another map " 
 onClick="window.blur();">
</FORM>
<HR SIZE="1">
<I>Interested in graduate studies in atmospheric science?
Check out our program at the
<a href="http://www.uwyo.edu/atsc/howtoapply/"
target=_top>University of Wyoming
</a></I>
<HR SIZE="1"><FONT SIZE="-1">
Questions about the weather data provided by this site can be
addressed to <A HREF="mailto:ldoolman@uwyo.edu">
Larry Oolman (ldoolman@uwyo.edu)</A></FONT>
<HR SIZE="1">
<SCRIPT TYPE="text/javascript">
<!--
window.focus();
// -->
</SCRIPT>
</BODY>
</HTML>
