2020-07-17 00
<HTML>
<TITLE>University of Wyoming - Radiosonde Data</TITLE>
<BODY BGCOLOR="white">
<H2>96749 WIII Jakarta Observations at 00Z 17 Jul 2020</H2>
<PRE>
-----------------------------------------------------------------------------
   PRES   HGHT   TEMP   DWPT   RELH   MIXR   DRCT   SKNT   THTA   THTE   THTV
    hPa     m      C      C      %    g/kg    deg   knot     K      K      K 
-----------------------------------------------------------------------------
 1008.0      8   23.8   22.4     92  17.25    150      2  296.3  346.2  299.3
 1007.0     17   25.2   22.4     84  17.27    146      2  297.8  348.0  300.8
 1000.0     83   25.8   22.3     81  17.28    120      5  298.9  349.5  302.0
  983.0    235   25.6   22.0     81  17.26    106     10  300.2  351.0  303.3
  976.0    297   25.2   21.6     81  17.01    100     12  300.4  350.5  303.5
  925.0    769   22.4   19.0     81  15.19     85     15  302.2  347.3  305.0
  868.0   1319   19.4   14.4     73  12.02     77     13  304.6  340.8  306.8
  851.0   1489   18.0   15.9     88  13.53     75     12  304.9  345.5  307.4
  850.0   1499   18.0   16.0     88  13.64     75     12  305.0  346.0  307.5
  765.0   2398   14.3    8.1     66   8.93    100     12  310.3  338.0  312.0
  750.0   2567   13.6    6.6     63   8.21     94     12  311.3  337.0  312.9
  712.0   3005   10.8    6.2     73   8.42     80     12  312.9  339.3  314.5
  700.0   3147    9.8    3.8     66   7.23     80     11  313.3  336.2  314.7
  687.0   3302    8.8    3.2     68   7.05     90     11  313.9  336.2  315.2
  667.0   3547    7.2    2.2     71   6.77     86     12  314.7  336.3  316.0
  648.0   3784    5.8   -4.2     49   4.35     82     13  315.8  329.9  316.6
  639.0   3899    5.4   -7.4     39   3.46     80     14  316.6  328.0  317.2
  635.0   3950    5.2   -8.8     36   3.11     82     14  316.9  327.3  317.5
  625.0   4080    4.8   -8.2     38   3.31     87     16  317.9  328.9  318.5
  620.0   4145    4.2   -3.8     56   4.68     90     16  317.9  333.3  318.8
  606.0   4331    3.2   -3.8     60   4.79     97     18  318.9  334.6  319.8
  604.0   4357    3.2   -3.8     60   4.81     98     18  319.2  335.0  320.1
  598.0   4439    3.6  -10.4     35   2.91    101     19  320.5  330.4  321.1
  585.0   4617    3.8  -11.2     33   2.79    108     20  322.8  332.4  323.3
  572.0   4798    2.4  -11.5     35   2.79    115     22  323.2  332.8  323.8
  551.0   5100    0.0  -12.0     40   2.78    107     19  323.9  333.4  324.4
  532.0   5380   -2.5   -9.5     59   3.52     99     16  324.1  336.1  324.8
  511.0   5698   -4.2  -11.8     55   3.04     90     12  325.8  336.3  326.4
  500.0   5870   -5.1  -13.1     53   2.80     75     12  326.8  336.5  327.3
  438.0   6894  -12.5  -17.5     66   2.22     35     17  330.0  337.9  330.4
  408.0   7431  -15.7  -22.7     55   1.52      8     18  332.6  338.2  332.9
  400.0   7580  -16.1  -25.1     46   1.25      0     18  334.0  338.6  334.2
  389.0   7790  -17.7  -22.3     67   1.65      5     13  334.6  340.6  334.9
  388.0   7809  -17.7  -21.9     70   1.72      7     13  334.8  341.1  335.1
  387.0   7828  -17.7  -21.7     71   1.75      8     12  335.0  341.5  335.4
  386.0   7848  -17.9  -22.2     69   1.68     10     12  335.0  341.2  335.4
  385.0   7867  -17.7  -24.7     54   1.35     11     12  335.5  340.6  335.8
  384.0   7887  -17.5  -30.5     31   0.79     13     11  336.1  339.1  336.2
  374.0   8084  -17.1  -46.1      6   0.16     28      7  339.1  339.8  339.2
  373.0   8104  -17.2  -46.4      6   0.16     30      7  339.3  339.9  339.3
  359.0   8391  -18.6  -50.1      4   0.11     85      9  341.1  341.6  341.1
  356.0   8453  -18.9  -50.9      4   0.10     85      9  341.5  342.0  341.5
  300.0   9700  -30.3  -49.3     14   0.14     90     17  342.6  343.2  342.6
  292.0   9889  -31.9  -49.9     15   0.14     80     15  342.9  343.5  343.0
  255.0  10835  -39.9  -52.9     24   0.11     76     18  344.6  345.1  344.7
  250.0  10970  -41.1                          75     18  344.8         344.8
  245.0  11104  -42.2                          70     18  345.1         345.1
  224.0  11698  -47.3                          40     20  346.3         346.3
  200.0  12450  -53.7                          55     14  347.6         347.6
  195.0  12608  -54.9                          55     14  348.1         348.1
  169.0  13498  -61.9                           5      8  351.1         351.1
  150.0  14240  -67.7                          10      8  353.3         353.3
  146.0  14400  -69.1                          20      8  353.5         353.5
  137.0  14777  -72.5                          39     14  354.1         354.1
  132.0  14992  -73.7                          50     18  355.7         355.7
  119.0  15591  -77.0                           5     14  360.3         360.3
  115.0  15788  -78.1                           8     15  361.8         361.8
  108.0  16144  -79.9                          14     16  365.0         365.0
  107.0  16197  -79.8                          15     16  366.2         366.2
  101.0  16524  -78.9                         350      1  374.1         374.1
  100.0  16580  -78.7                         235      3  375.4         375.4
   96.0  16811  -79.2                         185      7  378.8         378.8
   87.5  17334  -80.5                         157     31  386.4         386.4
   87.0  17367  -80.3                         155     32  387.4         387.4
   78.0  17990  -77.0                          85     33  406.5         406.5
   72.2  18431  -74.7                          71     27  420.5         420.5
   70.0  18610  -75.1                          65     24  423.4         423.4
   63.0  19225  -74.3                         120     34  438.1         438.1
   61.3  19386  -70.7                         116     35  449.5         449.5
   53.8  20166  -68.9                          95     40  470.8         470.8
   52.0  20371  -67.8                          90     41  477.9         477.9
   51.2  20465  -67.3                          84     38  481.2         481.2
   50.4  20561  -64.1                          78     35  490.9         490.9
   50.0  20610  -62.7                          75     34  495.3         495.3
   49.0  20735  -62.0                          70     31  499.7         499.7
   45.0  21263  -59.2                          70     22  518.8         518.8
   44.8  21290  -59.1                          68     22  519.8         519.8
   43.0  21545  -60.1                          50     17  523.6         523.6
   41.0  21841  -61.2                          55     14  527.9         527.9
   40.5  21917  -61.5                          35     12  529.0         529.0
   39.0  22152  -60.8                         335      6  536.5         536.5
   37.0  22480  -59.9                         105      9  547.1         547.1
   35.0  22826  -58.9                          75     17  558.5         558.5
   34.0  23007  -58.3                         350      7  564.5         564.5
   33.2  23155  -57.9                         309      9  569.5         569.5
   32.0  23386  -58.5                         245     11  573.8         573.8
   31.0  23585  -59.1                         203     11  577.5         577.5
   30.0  23790  -58.3                         160     12  585.1         585.1
   29.0  24006  -56.9                          90     11  594.8         594.8
   28.0  24229  -55.4                          30      9  605.0         605.0
   26.2  24651  -52.5                          26      5  624.6         624.6
   26.0  24700  -52.5                          25      4  626.0         626.0
   25.0  24953  -52.5                         305      3  633.0         633.0
   24.0  25216  -52.6                         180      1  640.3         640.3
   23.0  25490  -52.6                          20      4  648.0         648.0
   22.0  25776  -52.6                          25      4  656.2         656.2
   21.0  26076  -52.7                          80      5  664.9         664.9
   20.0  26390  -52.7                          95     11  674.1         674.1
   19.0  26720  -53.0                         110     13  683.1         683.1
   17.0  27436  -53.7                         105     17  703.0         703.0
   16.5  27628  -54.3                         101     19  707.0         707.0
   15.3  28117  -49.1                          92     24  739.6         739.6
   15.0  28248  -48.2                          90     25  746.6         746.6
   14.6  28426  -47.1                         108     23  756.3         756.3
   14.0  28703  -47.4                         135     19  764.3         764.3
   13.0  29192  -48.0                         140     19  778.7         778.7
   12.5  29451  -48.3                                     786.4         786.4
</PRE><H3>Station information and sounding indices</H3><PRE>
                         Station identifier: WIII
                             Station number: 96749
                           Observation time: 200717/0000
                           Station latitude: -6.11
                          Station longitude: 106.65
                          Station elevation: 8.0
                            Showalter index: -0.56
                               Lifted index: -1.98
    LIFT computed using virtual temperature: -2.52
                                SWEAT index: 228.01
                                    K index: 33.10
                         Cross totals index: 21.10
                      Vertical totals index: 23.10
                        Totals totals index: 44.20
      Convective Available Potential Energy: 600.71
             CAPE using virtual temperature: 742.93
                      Convective Inhibition: -66.06
             CINS using virtual temperature: -33.43
                           Equilibrum Level: 183.52
 Equilibrum Level using virtual temperature: 183.14
                   Level of Free Convection: 723.65
             LFCT using virtual temperature: 806.78
                     Bulk Richardson Number: 240.69
          Bulk Richardson Number using CAPV: 297.68
  Temp [K] of the Lifted Condensation Level: 294.00
Pres [hPa] of the Lifted Condensation Level: 931.82
   Equivalent potential temp [K] of the LCL: 349.80
     Mean mixed layer potential temperature: 300.01
              Mean mixed layer mixing ratio: 16.97
              1000 hPa to 500 hPa thickness: 5787.00
Precipitable water [mm] for entire sounding: 50.70
</PRE>
<P>Description of the 
<A HREF="/upperair/columns.html">data columns</A>
or <A HREF="/upperair/indices.html">sounding indices</A>.

<P>
<FORM>
<INPUT CLASS="button" TYPE="button" VALUE=" Close this window " 
 onClick="window.close();">
<INPUT CLASS="button" TYPE="button" VALUE=" Select another map " 
 onClick="window.blur();">
</FORM>
<HR SIZE="1">
<I>Interested in graduate studies in atmospheric science?
Check out our program at the
<a href="http://www.uwyo.edu/atsc/howtoapply/"
target=_top>University of Wyoming
</a></I>
<HR SIZE="1"><FONT SIZE="-1">
Questions about the weather data provided by this site can be
addressed to <A HREF="mailto:ldoolman@uwyo.edu">
Larry Oolman (ldoolman@uwyo.edu)</A></FONT>
<HR SIZE="1">
<SCRIPT TYPE="text/javascript">
<!--
window.focus();
// -->
</SCRIPT>
</BODY>
</HTML>
