2022-05-07 12
<HTML>
<TITLE>University of Wyoming - Radiosonde Data</TITLE>
<BODY BGCOLOR="white">
<H2>96749 WIII Jakarta Observations at 00Z 07 May 2022</H2>
<PRE>
-----------------------------------------------------------------------------
   PRES   HGHT   TEMP   DWPT   RELH   MIXR   DRCT   SKNT   THTA   THTE   THTV
    hPa     m      C      C      %    g/kg    deg   knot     K      K      K 
-----------------------------------------------------------------------------
 1007.0      8   25.8   24.3     91  19.43    240      2  298.4  355.1  301.8
 1000.0     70   26.4   23.1     82  18.17    170      4  299.6  352.9  302.8
  987.0    186   26.4   22.6     80  17.85    156      4  300.7  353.3  303.9
  942.0    596   23.9   19.4     76  15.26    105      5  302.2  347.5  305.0
  925.0    756   23.0   18.1     74  14.34     95      7  302.8  345.5  305.4
  850.0   1495   19.0   15.0     78  12.77     75      8  306.0  344.6  308.4
  820.0   1802   17.6   12.4     71  11.12     70      9  307.7  341.6  309.8
  779.0   2240   15.6    8.6     63   9.08     77      5  310.1  338.2  311.8
  764.0   2404   14.6    9.6     72   9.92     80      3  310.7  341.4  312.6
  748.0   2583   13.4   10.7     84  10.92     59      4  311.3  345.1  313.4
  738.0   2696   12.8   10.1     84  10.63     45      5  311.9  344.9  313.9
  700.0   3139   10.6    7.8     83   9.57     65      3  314.2  344.3  316.0
  687.0   3295    9.7    6.5     80   8.90     70      3  314.9  343.0  316.6
  670.0   3503    8.6    4.7     76   8.06     23      2  315.9  341.5  317.4
  662.0   3602    8.2    3.2     71   7.33      0      1  316.6  340.0  318.0
  639.0   3894    7.1   -1.2     55   5.50     80      2  318.6  336.5  319.6
  628.0   4037    6.6   -3.4     49   4.76     71      4  319.5  335.2  320.4
  616.0   4194    5.6   -4.6     48   4.44     60      6  320.2  334.9  321.1
  577.0   4727    2.4   -8.6     44   3.48     66      7  322.4  334.2  323.1
  551.0   5098    0.0  -10.0     47   3.26     71      8  323.9  335.0  324.5
  531.0   5393   -1.3  -16.3     31   2.03     74      8  325.7  332.9  326.1
  514.0   5652   -2.7  -18.7     28   1.71     77      9  327.1  333.2  327.4
  509.0   5729   -3.1  -13.1     46   2.75     78      9  327.5  337.1  328.1
  503.0   5823   -3.5  -18.5     30   1.78     79      9  328.1  334.5  328.5
  500.0   5870   -3.5  -17.5     33   1.95     80      9  328.7  335.7  329.1
  495.0   5949   -4.3  -12.3     54   3.02     80      9  328.7  339.2  329.3
  494.0   5965   -4.5  -11.5     58   3.23     80      9  328.6  339.9  329.3
  483.0   6142   -5.3  -18.3     35   1.88     80      8  329.8  336.5  330.1
  475.0   6273   -5.9  -19.9     32   1.67     80      7  330.6  336.6  330.9
  473.0   6306   -6.2  -18.9     36   1.83     80      7  330.6  337.2  331.0
  460.0   6523   -8.1  -12.3     72   3.25     65      5  330.9  342.3  331.5
  456.0   6591   -8.3  -13.3     67   3.02     60      5  331.4  342.0  332.0
  438.0   6902   -9.5  -18.1     50   2.12     70      6  333.8  341.4  334.2
  412.0   7374  -11.3  -25.3     30   1.19     30      7  337.4  341.9  337.6
  406.0   7486  -12.0  -25.0     33   1.24     20      7  337.9  342.6  338.1
  400.0   7600  -12.7  -24.7     36   1.30     30      8  338.4  343.3  338.7
  378.0   8031  -15.5  -31.5     24   0.73     54      6  340.2  343.1  340.4
  360.0   8398  -18.4  -26.7     48   1.20     75      5  341.1  345.7  341.4
  357.0   8461  -18.9  -25.9     54   1.31     64      5  341.2  346.2  341.5
  348.0   8652  -19.5  -31.5     34   0.79     32      6  342.9  346.1  343.1
  346.0   8695  -19.8  -31.2     36   0.82     25      6  343.1  346.3  343.2
  342.0   8781  -20.5  -30.5     40   0.89     22      6  343.3  346.8  343.5
  338.0   8869  -21.1  -33.1     33   0.70     19      6  343.6  346.4  343.8
  337.0   8891  -21.1  -37.1     22   0.47     19      6  343.9  345.8  344.0
  334.0   8957  -21.9  -30.9     44   0.88     16      6  343.7  347.1  343.9
  332.0   9001  -22.3  -31.2     44   0.86     15      6  343.8  347.2  344.0
  319.0   9292  -24.6  -33.2     45   0.73     50      6  344.4  347.4  344.6
  306.0   9596  -27.1  -35.3     46   0.62     50      5  345.1  347.6  345.2
  300.0   9740  -28.3  -36.3     46   0.57     35      2  345.4  347.7  345.5
  293.0   9908  -29.7  -37.3     48   0.53    295      4  345.8  347.9  345.9
  282.0  10181  -31.9  -38.9     50   0.47    286     11  346.4  348.3  346.5
  281.0  10206  -32.1  -39.2     49   0.46    285     12  346.4  348.3  346.5
  258.0  10803  -37.1  -47.1     35   0.21    270     13  347.6  348.6  347.7
  250.0  11020  -38.7  -47.7     38   0.21    265     13  348.4  349.3  348.4
  248.0  11075  -39.1  -49.1     34   0.18    265     12  348.6  349.4  348.6
  247.0  11103  -39.4  -48.9     35   0.18    265     12  348.6  349.4  348.6
  239.0  11327  -41.5  -47.5     52   0.22    272     12  348.7  349.6  348.7
  236.0  11412  -42.0  -49.0     46   0.19    275     12  349.2  350.0  349.2
  227.0  11674  -43.5  -53.5     32   0.12    306     11  350.8  351.3  350.8
  226.0  11703  -43.8  -53.7     33   0.11    310     11  350.8  351.3  350.9
  200.0  12510  -51.3  -58.3     43   0.07    295     14  351.4  351.7  351.4
  194.0  12707  -53.1  -58.1     54   0.08    295     14  351.6  351.9  351.6
  163.0  13798  -62.3  -67.3     51   0.03    295     11  354.0  354.2  354.0
  157.0  14033  -64.3  -69.3     50   0.02    306      9  354.5  354.6  354.5
  150.0  14310  -66.7  -71.7     49   0.02    320      7  355.0  355.1  355.0
  148.0  14390  -67.3  -73.2     43   0.01    320      7  355.3  355.3  355.3
  139.0  14765  -70.3  -80.3     22   0.00    330     11  356.5  356.5  356.5
  127.0  15279  -74.6  -84.4     21   0.00    345     17  358.0  358.0  358.0
  120.0  15602  -77.3  -86.9     21   0.00    355     15  358.8  358.9  358.8
  114.0  15894  -79.8  -89.2     20   0.00     15     18  359.6  359.6  359.6
  100.0  16640  -86.1  -95.1     19   0.00     45     18  361.1  361.1  361.1
   87.0  17395  -89.3  -97.5     21   0.00     80     22  369.3  369.3  369.3
   84.1  17579  -90.1  -98.1     21   0.00     60     22  371.3  371.3  371.3
   82.6  17677  -84.1  -96.1     11   0.00     46     20  385.5  385.5  385.5
   82.0  17718  -83.5  -95.2     12   0.00     40     19  387.6  387.6  387.6
   78.9  17934  -80.1  -90.1     18   0.00    269     11  398.8  398.8  398.8
   78.0  17999  -80.3  -90.7     17   0.00    230      8  399.8  399.8  399.8
   72.9  18380  -81.3  -94.3     10   0.00    274     11  405.4  405.4  405.4
   70.0  18610  -78.5  -92.5      9   0.00    300     12  416.1  416.1  416.1
   67.0  18865  -75.7  -92.0      6   0.00    290     12  427.5  427.5  427.5
   63.0  19224  -71.7  -91.2      4   0.00      5      6  443.8  443.8  443.8
   62.4  19280  -71.1  -91.1      4   0.00     19      7  446.4  446.4  446.4
   60.0  19512  -71.2  -94.8      2   0.00     75     12  451.2  451.2  451.2
   55.5  19975  -71.3 -102.3      0   0.00    102     20  461.1  461.1  461.1
   52.0  20365  -68.8 -100.5      0   0.00    125     26  475.5  475.5  475.5
   50.2  20576  -67.5  -99.5      0   0.00    121     31  483.5  483.5  483.5
   50.0  20600  -67.1  -99.1      0   0.00    120     32  484.9  484.9  484.9
   47.0  20972  -67.5  -99.5      0   0.00     95     36  492.5  492.5  492.5
   43.6  21423  -68.1 -100.1      0   0.00     93     40  501.9  501.9  501.9
   39.3  22054  -62.5  -95.5      1   0.00     91     44  531.1  531.1  531.1
   38.0  22261  -62.7  -95.7      0   0.00     90     46  535.7  535.7  535.7
   37.0  22425  -62.9  -95.8      0   0.00     95     48  539.4  539.4  539.4
   36.7  22475  -62.9  -95.9      0   0.00     95     48  540.5  540.5  540.5
   35.0  22770  -60.2  -93.8      1   0.00     95     50  555.0  555.0  555.0
   34.0  22950  -58.5  -92.5      1   0.00     93     50  564.0  564.1  564.0
   30.0  23740  -56.1  -91.1      1   0.00     85     50  591.1  591.1  591.1
   28.0  24177  -56.9  -91.2      1   0.00     85     50  600.5  600.6  600.5
   27.2  24360  -57.3  -91.3      1   0.00     81     49  604.5  604.6  604.5
   25.1  24873  -52.9  -88.9      1   0.01     71     48  631.2  631.2  631.2
   25.0  24899  -52.9  -88.8      1   0.01     70     48  632.0  632.1  632.0
   23.0  25439  -51.7  -87.7      1   0.01     45     30  650.5  650.6  650.6
   22.0  25726  -51.1  -87.1      1   0.01     25     22  660.6  660.7  660.6
   21.6  25845  -50.9  -86.9      1   0.01     23     19  664.8  664.9  664.8
   21.0  26030  -49.5  -85.9      1   0.01     20     15  674.5  674.6  674.5
   20.2  26284  -47.5  -84.5      1   0.02    324     10  688.0  688.2  688.1
   20.0  26350  -47.1  -84.1      1   0.02    310      9  691.2  691.4  691.2
   19.0  26690  -46.2  -83.2      1   0.02    240     23  704.2  704.5  704.3
   18.9  26725  -46.1  -83.1      1   0.02    240     23  705.6  705.8  705.6
   17.1  27385  -49.9  -85.9      1   0.01    231     25  713.9  714.1  713.9
   17.0                                       230     25                     
</PRE><H3>Station information and sounding indices</H3><PRE>
                         Station identifier: WIII
                             Station number: 96749
                           Observation time: 220507/0000
                           Station latitude: -6.11
                          Station longitude: 106.65
                          Station elevation: 8.0
                            Showalter index: 1.55
                               Lifted index: -1.04
    LIFT computed using virtual temperature: -1.78
                                SWEAT index: 205.00
                                    K index: 34.70
                         Cross totals index: 18.50
                      Vertical totals index: 22.50
                        Totals totals index: 41.00
      Convective Available Potential Energy: 246.61
             CAPE using virtual temperature: 384.30
                      Convective Inhibition: -74.89
             CINS using virtual temperature: -39.16
                           Equilibrum Level: 230.97
 Equilibrum Level using virtual temperature: 230.63
                   Level of Free Convection: 747.33
             LFCT using virtual temperature: 792.84
                     Bulk Richardson Number: 70.86
          Bulk Richardson Number using CAPV: 110.42
  Temp [K] of the Lifted Condensation Level: 294.23
Pres [hPa] of the Lifted Condensation Level: 926.77
   Equivalent potential temp [K] of the LCL: 351.69
     Mean mixed layer potential temperature: 300.71
              Mean mixed layer mixing ratio: 17.35
              1000 hPa to 500 hPa thickness: 5800.00
Precipitable water [mm] for entire sounding: 53.26
</PRE>
<P>Description of the 
<A HREF="/upperair/columns.html">data columns</A>
or <A HREF="/upperair/indices.html">sounding indices</A>.

<P>
<FORM>
<INPUT CLASS="button" TYPE="button" VALUE=" Close this window " 
 onClick="window.close();">
<INPUT CLASS="button" TYPE="button" VALUE=" Select another map " 
 onClick="window.blur();">
</FORM>
<HR SIZE="1">
<I>Interested in graduate studies in atmospheric science?
Check out our program at the
<a href="http://www.uwyo.edu/atsc/howtoapply/"
target=_top>University of Wyoming
</a></I>
<HR SIZE="1"><FONT SIZE="-1">
Questions about the weather data provided by this site can be
addressed to <A HREF="mailto:ldoolman@uwyo.edu">
Larry Oolman (ldoolman@uwyo.edu)</A></FONT>
<HR SIZE="1">
<SCRIPT TYPE="text/javascript">
<!--
window.focus();
// -->
</SCRIPT>
</BODY>
</HTML>
