2017-10-24 00
<HTML>
<TITLE>University of Wyoming - Radiosonde Data</TITLE>
<BODY BGCOLOR="white">
<H2>96749 WIII Jakarta Observations at 00Z 24 Oct 2017</H2>
<PRE>
-----------------------------------------------------------------------------
   PRES   HGHT   TEMP   DWPT   RELH   MIXR   DRCT   SKNT   THTA   THTE   THTV
    hPa     m      C      C      %    g/kg    deg   knot     K      K      K 
-----------------------------------------------------------------------------
 1012.0      8   25.6   23.9     90  18.86    260      2  297.7  352.7  301.1
 1000.0    113   24.2   21.6     85  16.54    240      3  297.4  345.4  300.3
  995.0    157   24.0   21.3     85  16.31    244      3  297.6  345.0  300.5
  989.0    210   25.2   21.0     78  16.11    248      3  299.3  346.5  302.2
  979.0    300   25.3   20.0     73  15.29    255      3  300.2  345.2  303.0
  963.0    445   25.4   18.4     65  14.03    284      3  301.8  343.4  304.3
  946.0    602   24.3   17.3     65  13.34    315      2  302.2  341.9  304.7
  925.0    799   23.0   16.0     65  12.51    260      5  302.8  340.1  305.1
  914.0    902   22.4   15.1     63  11.96    245      9  303.2  339.0  305.4
  850.0   1525   18.8    9.8     56   9.02    225     12  305.8  333.3  307.5
  818.0   1854   16.6   11.6     72  10.59    218     11  306.9  339.1  308.8
  767.0   2399   13.6   -1.0     36   4.66    205     10  309.4  324.2  310.2
  740.0   2702   12.0   -8.0     24   2.84    207     12  310.8  320.1  311.3
  714.0   3001   10.0   -3.0     40   4.31    209     13  311.8  325.6  312.6
  700.0   3165    9.2   -7.8     29   3.05    210     14  312.6  322.7  313.2
  689.0   3296    8.9  -15.1     17   1.72    205     14  313.8  319.6  314.1
  683.0   3369    8.8  -19.2     12   1.23    203     14  314.4  318.7  314.6
  628.0   4059    4.6  -29.4      6   0.54    183      9  317.2  319.2  317.3
  614.0   4243    3.8  -25.2     10   0.81    178      8  318.4  321.3  318.5
  596.0   4485    2.2  -13.8     30   2.22    171      6  319.2  326.8  319.7
  594.0   4512    2.0  -10.8     38   2.83    170      6  319.3  328.8  319.8
  591.0   4553    1.6   -6.4     55   4.03    177      5  319.3  332.7  320.1
  588.0   4594    1.2   -4.8     64   4.58    184      5  319.3  334.4  320.2
  587.0   4608    1.2   -7.8     51   3.64    186      4  319.4  331.6  320.2
  584.0   4649    1.0   -3.5     72   5.09    194      4  319.7  336.4  320.7
  573.0   4802    0.2   -3.1     78   5.34    220      1  320.5  338.1  321.6
  570.0   4845    0.0   -3.0     80   5.41    196      1  320.7  338.6  321.8
  552.0   5102   -0.7   -8.6     55   3.63     50      3  322.8  335.1  323.5
  548.0   5161   -0.9   -9.9     50   3.31     47      4  323.3  334.6  323.9
  541.0   5264   -0.5  -21.5     19   1.28     42      6  325.0  329.6  325.2
  531.0   5413   -1.4  -24.8     15   0.97     35      9  325.6  329.1  325.8
  524.0   5519   -2.1  -27.1     13   0.80     37     10  326.0  329.0  326.2
  518.0   5610   -2.9  -21.9     22   1.29     39     10  326.1  330.8  326.4
  516.0   5641   -3.1  -21.1     23   1.38     40     10  326.2  331.2  326.5
  515.0   5656   -3.3  -26.3     15   0.87     40     11  326.2  329.4  326.4
  511.0   5718   -3.9  -18.9     30   1.69     41     11  326.2  332.2  326.5
  510.0   5734   -4.1  -14.1     46   2.53     42     11  326.1  335.0  326.6
  509.0   5749   -4.1  -18.1     33   1.82     42     11  326.3  332.8  326.7
  508.0   5765   -4.3  -11.3     58   3.19     42     11  326.2  337.2  326.9
  506.0   5796   -4.7  -10.7     63   3.36     43     11  326.1  337.7  326.8
  502.0   5859   -4.9  -16.9     38   2.04     44     12  326.6  333.8  327.0
  501.0   5874   -4.5  -28.5     13   0.73     45     12  327.3  330.1  327.4
  500.0   5890   -4.7  -28.7     13   0.72     45     12  327.2  329.9  327.4
  498.0   5921   -5.3  -18.3     35   1.83     46     12  326.9  333.4  327.2
  496.0   5953   -5.5  -14.5     49   2.52     47     12  327.0  335.8  327.5
  494.0   5984   -5.7  -17.7     38   1.94     47     13  327.1  334.0  327.5
  483.0   6160   -7.1  -13.1     62   2.90     52     13  327.5  337.6  328.1
  481.0   6192   -7.5  -11.6     72   3.29     53     14  327.4  338.8  328.1
  472.0   6338   -8.3  -19.3     41   1.77     57     14  328.2  334.6  328.6
  470.0   6371   -8.1  -32.1     13   0.55     58     15  328.9  331.0  329.0
  433.0   7000  -11.3  -35.3     12   0.44     75     18  332.6  334.3  332.7
  422.0   7195  -12.8  -31.6     19   0.65     80     19  333.1  335.6  333.3
  400.0   7600  -15.9  -23.9     50   1.40     75     18  334.2  339.4  334.5
  390.0   7790  -17.5  -22.5     65   1.62     75     19  334.6  340.5  334.9
  365.0   8284  -19.7  -24.1     68   1.50     99     14  338.0  343.6  338.3
  359.0   8407  -20.4  -26.8     56   1.19    105     13  338.7  343.3  339.0
  349.0   8615  -21.5  -31.5     40   0.79     91     12  339.9  343.1  340.1
  331.0   9000  -24.6  -35.5     36   0.56     65     10  340.8  343.1  341.0
  309.0   9499  -28.7  -40.7     31   0.36     78      7  341.9  343.4  342.0
  305.0   9592  -29.3  -41.3     30   0.34     80      7  342.3  343.7  342.4
  300.0   9710  -30.1  -42.1     30   0.32     85      7  342.8  344.1  342.9
  294.0   9854  -31.5  -39.5     45   0.42    104      7  342.8  344.6  342.9
  292.0   9903  -31.9  -39.6     46   0.42    110      7  343.0  344.7  343.1
  285.0  10075  -33.1  -40.1     49   0.41    110      7  343.6  345.3  343.7
  280.0  10200  -33.8  -44.1     35   0.27    110      7  344.3  345.4  344.3
  273.0  10379  -34.9  -49.9     20   0.15     87      6  345.2  345.9  345.3
  268.0  10507  -36.0  -51.2     19   0.13     70      6  345.5  346.0  345.5
  252.0  10935  -39.7  -55.7     17   0.08     70     11  346.1  346.5  346.1
  250.0  10990  -40.3                          70     12  346.0         346.0
  200.0  12470  -52.9                          75     24  348.8         348.8
  196.0  12596  -54.0                          75     23  349.1         349.1
  162.0  13781  -64.5                          75     31  351.0         351.0
  154.0  14096  -67.2                          95     30  351.4         351.4
  150.0  14260  -68.7                         100     31  351.6         351.6
  145.0  14461  -70.7                          97     33  351.5         351.5
  121.0  15510  -77.1                          81     47  358.4         358.4
  119.0  15604  -77.3                          80     48  359.7         359.7
  113.0  15897  -78.0                          80     34  363.8         363.8
  107.0  16207  -78.8                         100     19  368.1         368.1
  102.0  16478  -79.4                         145     24  371.9         371.9
  100.0  16590  -79.7                         150     29  373.5         373.5
   87.0  17380  -80.1                         190     39  387.8         387.8
   82.1  17709  -80.3                         197     33  393.9         393.9
   77.3  18053  -77.7                         205     27  406.2         406.2
   76.7  18098  -77.7                         206     26  407.1         407.1
   75.4  18197  -71.5                         208     24  422.0         422.0
   73.5  18349  -69.7                         211     22  428.9         428.9
   71.0  18556  -70.7                         215     18  431.1         431.1
   70.0  18640  -71.1                         215     17  431.9         431.9
   55.0  20061  -72.6                         315     22  459.3         459.3
   54.3  20136  -72.7                                     460.8         460.8
</PRE><H3>Station information and sounding indices</H3><PRE>
                         Station identifier: WIII
                             Station number: 96749
                           Observation time: 171024/0000
                           Station latitude: -6.11
                          Station longitude: 106.65
                          Station elevation: 8.0
                            Showalter index: 5.10
                               Lifted index: 0.01
    LIFT computed using virtual temperature: -0.75
                                SWEAT index: 153.61
                                    K index: 16.30
                         Cross totals index: 14.50
                      Vertical totals index: 23.50
                        Totals totals index: 38.00
      Convective Available Potential Energy: 62.39
             CAPE using virtual temperature: 199.02
                      Convective Inhibition: -151.97
             CINS using virtual temperature: -93.94
                           Equilibrum Level: 371.27
 Equilibrum Level using virtual temperature: 369.27
                   Level of Free Convection: 700.16
             LFCT using virtual temperature: 779.57
                     Bulk Richardson Number: 23.48
          Bulk Richardson Number using CAPV: 74.88
  Temp [K] of the Lifted Condensation Level: 292.56
Pres [hPa] of the Lifted Condensation Level: 920.80
   Equivalent potential temp [K] of the LCL: 345.46
     Mean mixed layer potential temperature: 299.55
              Mean mixed layer mixing ratio: 15.73
              1000 hPa to 500 hPa thickness: 5777.00
Precipitable water [mm] for entire sounding: 37.50
</PRE>
<P>Description of the 
<A HREF="/upperair/columns.html">data columns</A>
or <A HREF="/upperair/indices.html">sounding indices</A>.

<P>
<FORM>
<INPUT CLASS="button" TYPE="button" VALUE=" Close this window " 
 onClick="window.close();">
<INPUT CLASS="button" TYPE="button" VALUE=" Select another map " 
 onClick="window.blur();">
</FORM>
<HR SIZE="1">
<I>Interested in graduate studies in atmospheric science?
Check out our program at the
<a href="http://www.uwyo.edu/atsc/howtoapply/"
target=_top>University of Wyoming
</a></I>
<HR SIZE="1"><FONT SIZE="-1">
Questions about the weather data provided by this site can be
addressed to <A HREF="mailto:ldoolman@uwyo.edu">
Larry Oolman (ldoolman@uwyo.edu)</A></FONT>
<HR SIZE="1">
<SCRIPT TYPE="text/javascript">
<!--
window.focus();
// -->
</SCRIPT>
</BODY>
</HTML>
