2016-02-19 00
<HTML>
<TITLE>University of Wyoming - Radiosonde Data</TITLE>
<BODY BGCOLOR="white">
<H2>96749 WIII Jakarta Observations at 00Z 19 Feb 2016</H2>
<PRE>
-----------------------------------------------------------------------------
   PRES   HGHT   TEMP   DWPT   RELH   MIXR   DRCT   SKNT   THTA   THTE   THTV
    hPa     m      C      C      %    g/kg    deg   knot     K      K      K 
-----------------------------------------------------------------------------
 1010.0      8   25.6   23.8     90  18.78    170      3  297.9  352.6  301.2
 1000.0     97   26.2   22.5     80  17.50    175      2  299.4  350.7  302.5
  978.0    294   26.0   21.4     76  16.71    180      2  301.1  350.4  304.1
  977.0    303   25.9   21.4     76  16.70    180      2  301.1  350.4  304.1
  945.0    596   23.8   20.6     82  16.45    320      4  301.8  350.5  304.7
  925.0    784   22.4   20.1     87  16.29    305      2  302.2  350.5  305.1
  913.0    897   21.8   19.4     86  15.83    295      2  302.7  349.8  305.6
  882.0   1197   20.3   17.7     85  14.65    280      4  304.1  347.9  306.8
  851.0   1507   18.6   15.9     84  13.50     70      2  305.6  346.2  308.0
  850.0   1517   18.6   15.8     84  13.46     70      2  305.6  346.2  308.1
  794.0   2100   15.6   12.0     79  11.21     90      6  308.4  342.7  310.5
  769.0   2373   14.2   10.2     77  10.26     95      9  309.7  341.4  311.7
  714.0   2997   10.6    5.9     73   8.24    105     17  312.4  338.2  313.9
  700.0   3163    9.6    4.8     72   7.76     90     14  313.1  337.5  314.6
  668.0   3550    7.0    1.0     66   6.20     68     10  314.4  334.2  315.6
  664.0   3600    6.8    1.0     66   6.22     65     10  314.7  334.6  315.9
  646.0   3826    5.8    0.8     70   6.32     89      9  316.0  336.3  317.2
  645.0   3838    6.2   -4.8     45   4.17     91      8  316.6  330.3  317.4
  642.0   3877    6.0    1.5     73   6.69     95      8  316.8  338.3  318.1
  636.0   3954    7.8  -17.2     15   1.57    103      8  319.7  325.2  320.0
  629.0   4045    7.8  -12.2     23   2.40    113      7  320.7  329.0  321.2
  617.0   4203    6.7  -14.1     21   2.09    130      6  321.3  328.5  321.7
  589.0   4583    4.2  -18.8     17   1.48    133      6  322.6  327.9  322.9
  577.0   4750    3.2  -16.8     21   1.79    135      6  323.4  329.7  323.7
  573.0   4807    2.9  -14.4     27   2.20    135      6  323.7  331.4  324.1
  571.0   4835    2.8  -13.2     30   2.43    137      6  323.9  332.3  324.3
  566.0   4906    3.4  -25.6     10   0.85    141      6  325.4  328.5  325.6
  548.0   5167    1.6  -24.4     12   0.97    156      6  326.3  329.9  326.5
  533.0   5390    0.0  -11.0     43   3.12    169      6  326.9  337.7  327.6
  532.0   5405   -0.1  -11.0     44   3.12    170      6  327.0  337.8  327.6
  522.0   5557   -1.1  -11.1     47   3.16    152      6  327.6  338.5  328.2
  513.0   5696   -1.8  -13.0     42   2.76    135      6  328.4  338.1  329.0
  500.0   5900   -2.7  -15.7     36   2.26    130      6  329.7  337.7  330.1
  494.0   5995   -3.6  -16.6     36   2.13    125      6  329.7  337.3  330.1
  488.0   6092   -4.5  -17.5     36   1.99    141      5  329.8  336.9  330.2
  475.0   6304   -6.1  -14.4     52   2.66    175      4  330.3  339.7  330.8
  469.0   6404   -6.9  -12.9     62   3.04    172      4  330.6  341.2  331.2
  457.0   6606   -7.7  -21.7     32   1.48    165      3  332.0  337.5  332.3
  439.0   6915   -9.6  -22.4     35   1.46    155      2  333.5  338.9  333.8
  406.0   7516  -13.2  -23.6     41   1.40    300      2  336.3  341.6  336.6
  400.0   7630  -13.9  -23.9     43   1.40    305      4  336.8  342.1  337.1
  375.0   8115  -17.7  -26.5     46   1.17    320      8  338.1  342.5  338.3
  359.0   8442  -20.3  -28.3     49   1.04    320      8  338.8  342.8  339.0
  349.0   8651  -21.7  -27.7     58   1.13    320      8  339.7  344.0  339.9
  346.0   8714  -22.1  -28.4     56   1.07    320      8  340.0  344.1  340.2
  332.0   9018  -24.0  -31.9     48   0.80    340      2  341.5  344.6  341.6
  331.0   9040  -24.1  -32.1     48   0.79    332      2  341.6  344.7  341.7
  319.0   9306  -26.1  -34.5     45   0.65    230      2  342.4  345.0  342.5
  306.0   9607  -28.4  -37.2     43   0.51     80      4  343.3  345.4  343.4
  300.0   9750  -29.5  -38.5     41   0.46     40      4  343.7  345.6  343.8
  281.0  10206  -33.4  -42.4     40   0.33    250      2  344.6  345.9  344.6
  269.0  10510  -36.0  -45.0     39   0.26    240      4  345.1  346.2  345.2
  251.0  10993  -40.1  -49.1     38   0.17    287      4  345.9  346.7  345.9
  250.0  11020  -40.3                         290      4  346.0         346.0
  247.0  11100  -41.0                         295      4  346.2         346.2
  236.0  11402  -43.5                           5      4  347.0         347.0
  226.0  11689  -45.8                         350      8  347.7         347.7
  200.0  12500  -52.5                          15     14  349.5         349.5
  179.0  13194  -58.0                          25     19  351.8         351.8
  163.0  13780  -62.6                          35     19  353.6         353.6
  150.0  14300  -66.7                          60     25  355.0         355.0
  147.0  14419  -67.5                          60     25  355.6         355.6
  133.0  15010  -71.6                          60     10  358.7         358.7
  126.0  15329  -73.8                         215      4  360.2         360.2
  118.0  15716  -76.5                         226      9  362.1         362.1
  108.0  16221  -78.4                         240     16  367.8         367.8
  101.0  16604  -79.9                         196      9  372.1         372.1
  100.0  16660  -79.9                         190      8  373.1         373.1
   92.0  17128  -81.0                         145     12  379.9         379.9
   87.0  17442  -81.8                          85      4  384.5         384.5
   83.0  17706  -82.4                         295     12  388.4         388.4
   78.7  18004  -83.1                         260     12  392.9         392.9
   74.0  18349  -81.9                         225     10  402.3         402.3
   70.0  18660  -80.9                         270      4  411.0         411.0
   67.0  18912  -79.1                         315     12  420.1         420.1
   57.0  19841  -72.4                         275     14  455.1         455.1
   56.6  19881  -72.1                         276     14  456.7         456.7
   50.1  20598  -71.9                         290     12  473.4         473.4
   50.0  20610  -71.7                         290     12  474.1         474.1
   47.0  20978  -70.2                         310      8  486.1         486.1
   45.0  21237  -69.2                         305      6  494.7         494.7
   42.6  21563  -67.9                         357      8  505.7         505.7
   42.0  21649  -66.1                          10      8  512.1         512.1
   41.2  21766  -63.7                           6      8  521.0         521.0
   40.0  21947  -63.7                           0      8  525.5         525.5
   37.0  22426  -63.6                          80     12  537.5         537.5
   33.0  23127  -63.5                          60     19  555.6         555.6
   32.7  23183  -63.5                          60     18  557.1         557.1
   31.4  23435  -59.5                          60     15  574.3         574.3
   30.0  23720  -59.1                          60     12  582.9         582.9
   27.0  24390  -57.8                          25     16  604.4         604.4
   26.0  24631  -57.3                         345      4  612.3         612.3
   24.0  25140  -56.4                         315      8  629.3         629.3
   23.0  25411  -55.8                         165      6  638.5         638.5
   22.0  25694  -55.3                         155      4  648.3         648.3
   21.0  25990  -54.7                         180      2  658.7         658.7
   20.0  26300  -54.1                         285      2  669.8         669.8
   19.8  26364  -54.1                         307      3  671.8         671.8
   19.0  26629  -54.1                          35      6  679.6         679.6
   17.0  27342  -54.2                          35     12  701.2         701.2
   16.0  27730  -54.3                         335      8  713.3         713.3
   15.8  27811  -54.3                                     715.8         715.8
</PRE><H3>Station information and sounding indices</H3><PRE>
                         Station identifier: WIII
                             Station number: 96749
                           Observation time: 160219/0000
                           Station latitude: -6.11
                          Station longitude: 106.65
                          Station elevation: 8.0
                            Showalter index: 1.76
                               Lifted index: 0.14
    LIFT computed using virtual temperature: -0.51
                                SWEAT index: 199.60
                                    K index: 32.30
                         Cross totals index: 18.50
                      Vertical totals index: 21.30
                        Totals totals index: 39.80
      Convective Available Potential Energy: 376.12
             CAPE using virtual temperature: 509.26
                      Convective Inhibition: -56.29
             CINS using virtual temperature: -40.73
                           Equilibrum Level: 195.06
 Equilibrum Level using virtual temperature: 194.93
                   Level of Free Convection: 764.81
             LFCT using virtual temperature: 808.00
                     Bulk Richardson Number: 124.17
          Bulk Richardson Number using CAPV: 168.12
  Temp [K] of the Lifted Condensation Level: 294.03
Pres [hPa] of the Lifted Condensation Level: 928.08
   Equivalent potential temp [K] of the LCL: 350.59
     Mean mixed layer potential temperature: 300.39
              Mean mixed layer mixing ratio: 17.08
              1000 hPa to 500 hPa thickness: 5803.00
Precipitable water [mm] for entire sounding: 52.01
</PRE>
<P>Description of the 
<A HREF="/upperair/columns.html">data columns</A>
or <A HREF="/upperair/indices.html">sounding indices</A>.

<P>
<FORM>
<INPUT CLASS="button" TYPE="button" VALUE=" Close this window " 
 onClick="window.close();">
<INPUT CLASS="button" TYPE="button" VALUE=" Select another map " 
 onClick="window.blur();">
</FORM>
<HR SIZE="1">
<I>Interested in graduate studies in atmospheric science?
Check out our program at the
<a href="http://www.uwyo.edu/atsc/howtoapply/"
target=_top>University of Wyoming
</a></I>
<HR SIZE="1"><FONT SIZE="-1">
Questions about the weather data provided by this site can be
addressed to <A HREF="mailto:ldoolman@uwyo.edu">
Larry Oolman (ldoolman@uwyo.edu)</A></FONT>
<HR SIZE="1">
<SCRIPT TYPE="text/javascript">
<!--
window.focus();
// -->
</SCRIPT>
</BODY>
</HTML>
