2020-08-08 00
<HTML>
<TITLE>University of Wyoming - Radiosonde Data</TITLE>
<BODY BGCOLOR="white">
<H2>96749 WIII Jakarta Observations at 00Z 08 Aug 2020</H2>
<PRE>
-----------------------------------------------------------------------------
   PRES   HGHT   TEMP   DWPT   RELH   MIXR   DRCT   SKNT   THTA   THTE   THTV
    hPa     m      C      C      %    g/kg    deg   knot     K      K      K 
-----------------------------------------------------------------------------
 1009.0      8   24.6   23.6     94  18.57    220      1  297.0  350.9  300.3
 1000.0     84   25.4   23.9     91  19.09    145      4  298.6  354.4  301.9
  988.0    191   25.4   23.0     87  18.28    143      4  299.6  353.2  302.9
  976.0    300   24.7   22.6     88  18.06    140      4  299.9  353.0  303.1
  943.0    604   22.7   21.5     93  17.44    150      5  300.8  352.3  303.9
  926.0    765   21.6   20.9     96  17.12    136      2  301.3  351.9  304.4
  925.0    774   21.6   21.1     97  17.36    135      2  301.4  352.7  304.5
  912.0    896   21.0   19.9     93  16.28      0      0  302.0  350.2  304.9
  881.0   1194   19.5   16.8     84  13.88    245      3  303.5  344.9  306.0
  851.0   1493   18.1   13.8     76  11.79    250      3  304.9  340.4  307.1
  850.0   1503   18.0   13.7     76  11.72    245      3  305.0  340.3  307.1
  821.0   1800   16.6   11.8     73  10.70    315      3  306.6  339.1  308.5
  793.0   2095   14.6   12.3     86  11.44    350      5  307.4  342.2  309.5
  780.0   2236   13.6   12.5     93  11.81      8      5  307.9  343.8  310.0
  765.0   2400   13.9   11.3     84  11.12     30      6  309.9  344.1  311.9
  760.0   2456   14.0   10.9     82  10.89     21      6  310.6  344.2  312.6
  738.0   2704   12.2    8.2     76   9.30    340      8  311.2  340.1  312.9
  736.0   2726   12.0    7.9     76   9.16    340      8  311.2  339.7  313.0
  712.0   3005   11.5    5.8     68   8.17    335      4  313.6  339.4  315.2
  708.0   3052   11.4    5.4     67   8.01    328      3  314.1  339.3  315.6
  700.0   3147   11.8    1.8     50   6.27    315      1  315.5  335.6  316.7
  688.0   3292   11.2   -4.3     33   4.06    145      3  316.5  329.8  317.2
  687.0   3304   11.2   -4.8     32   3.92    145      3  316.6  329.4  317.3
  664.0   3588   10.0  -11.0     22   2.50    148      6  318.3  326.8  318.8
  616.0   4205    4.6   -8.7     37   3.23    155     12  319.0  329.9  319.7
  602.0   4394    3.0   -8.0     44   3.49    190     10  319.2  330.9  319.9
  589.0   4571    2.4  -13.6     30   2.28    223      8  320.5  328.4  321.0
  577.0   4737    1.0  -13.0     34   2.45    254      6  320.8  329.2  321.3
  573.0   4793    0.7  -11.2     41   2.86    265      5  321.1  330.8  321.6
  564.0   4920    0.0   -7.0     59   4.03    275      4  321.7  335.2  322.5
  553.0   5078   -0.7  -12.7     40   2.62    288      3  322.7  331.7  323.2
  551.0   5107   -0.6  -15.7     31   2.05    290      3  323.1  330.3  323.5
  542.0   5239   -0.3  -29.3      9   0.63      8      3  325.0  327.4  325.1
  533.0   5373   -1.5  -12.5     43   2.76     87      2  325.1  334.7  325.7
  531.0   5403   -1.7  -13.3     41   2.59    105      2  325.3  334.3  325.8
  524.0   5509   -2.3  -16.3     33   2.05     84      3  325.8  333.0  326.2
  511.0   5708   -3.8  -15.3     40   2.29     45      5  326.3  334.4  326.8
  503.0   5833   -4.7  -14.7     46   2.44     23      4  326.7  335.2  327.2
  500.0   5880   -4.7  -10.7     63   3.40     15      4  327.2  339.0  327.9
  493.0   5990   -5.1  -13.1     53   2.84    340      4  328.1  338.0  328.6
  492.0   6006   -4.9  -17.6     36   1.97    335      4  328.5  335.5  328.9
  490.0   6038   -4.5  -26.5     16   0.90    341      4  329.4  332.8  329.6
  438.0   6902  -11.1  -36.5     10   0.39    135      3  331.8  333.3  331.9
  429.0   7062  -12.3  -38.3      9   0.33    123      6  332.2  333.5  332.3
  420.0   7223  -13.3  -39.3      9   0.30    111     10  332.9  334.2  333.0
  418.0   7259  -13.3  -28.3     27   0.89    108     11  333.4  336.8  333.6
  417.0   7277  -13.5  -22.5     47   1.52    107     11  333.4  338.9  333.7
  405.0   7497  -15.5  -21.4     61   1.72     90     16  333.6  339.9  334.0
  400.0   7590  -16.3  -20.9     68   1.82     95     17  333.7  340.4  334.1
  384.0   7897  -17.9  -20.9     77   1.89     95     14  335.5  342.5  335.9
  374.0   8095  -18.9  -23.8     65   1.51     95     12  336.8  342.4  337.1
  368.0   8216  -19.5  -25.5     59   1.31     93     12  337.5  342.4  337.8
  359.0   8399  -20.7  -26.2     61   1.26     90     12  338.3  343.1  338.6
  345.0   8694  -22.6  -27.4     65   1.18    100     12  339.6  344.1  339.8
  340.0   8802  -23.3  -27.8     67   1.15     95     13  340.1  344.5  340.3
  328.0   9065  -24.7  -30.7     57   0.91     82     16  341.6  345.2  341.8
  323.0   9177  -25.7  -31.7     57   0.84     76     17  341.8  345.0  341.9
  316.0   9336  -26.7  -39.7     28   0.39     68     19  342.5  344.1  342.6
  305.0   9591  -28.5  -45.6     18   0.21     55     22  343.5  344.4  343.6
  300.0   9710  -29.3  -48.3     14   0.16     55     24  344.0  344.7  344.0
  251.0  10953  -40.1  -53.1     24   0.11     45     34  345.9  346.4  345.9
  250.0  10980  -40.3                          45     34  346.0         346.0
  215.0  11987  -48.1                          50     35  349.1         349.1
  200.0  12470  -51.9                          55     31  350.4         350.4
  196.0  12600  -52.7                          65     31  351.2         351.2
  191.0  12767  -53.7                          70     31  352.2         352.2
  150.0  14270  -67.5                         120     28  353.6         353.6
  126.0  15284  -76.4                         145     33  355.6         355.6
  120.0  15568  -78.9                         136     30  356.0         356.0
  119.0  15615  -79.5                         135     30  355.8         355.8
  115.0  15807  -81.7                         119     29  355.2         355.2
  107.0  16206  -83.0                          85     28  360.0         360.0
  100.0  16580  -84.3                          80     27  364.6         364.6
   98.1  16688  -78.7                          81     25  377.5         377.5
   87.3  17359  -74.1                          85     13  399.5         399.5
   87.0  17379  -74.2                          85     13  399.6         399.6
   84.3  17562  -75.5                                     400.7         400.7
</PRE><H3>Station information and sounding indices</H3><PRE>
                         Station identifier: WIII
                             Station number: 96749
                           Observation time: 200808/0000
                           Station latitude: -6.11
                          Station longitude: 106.65
                          Station elevation: 8.0
                            Showalter index: 2.07
                               Lifted index: -2.67
    LIFT computed using virtual temperature: -3.21
                                SWEAT index: 174.38
                                    K index: 26.40
                         Cross totals index: 18.40
                      Vertical totals index: 22.70
                        Totals totals index: 41.10
      Convective Available Potential Energy: 946.22
             CAPE using virtual temperature: 1154.17
                      Convective Inhibition: -7.12
             CINS using virtual temperature: -5.16
                           Equilibrum Level: 184.78
 Equilibrum Level using virtual temperature: 182.17
                   Level of Free Convection: 888.45
             LFCT using virtual temperature: 910.91
                     Bulk Richardson Number: 702.74
          Bulk Richardson Number using CAPV: 857.18
  Temp [K] of the Lifted Condensation Level: 295.57
Pres [hPa] of the Lifted Condensation Level: 955.23
   Equivalent potential temp [K] of the LCL: 352.96
     Mean mixed layer potential temperature: 299.47
              Mean mixed layer mixing ratio: 18.26
              1000 hPa to 500 hPa thickness: 5796.00
Precipitable water [mm] for entire sounding: 50.37
</PRE>
<P>Description of the 
<A HREF="/upperair/columns.html">data columns</A>
or <A HREF="/upperair/indices.html">sounding indices</A>.

<P>
<FORM>
<INPUT CLASS="button" TYPE="button" VALUE=" Close this window " 
 onClick="window.close();">
<INPUT CLASS="button" TYPE="button" VALUE=" Select another map " 
 onClick="window.blur();">
</FORM>
<HR SIZE="1">
<I>Interested in graduate studies in atmospheric science?
Check out our program at the
<a href="http://www.uwyo.edu/atsc/howtoapply/"
target=_top>University of Wyoming
</a></I>
<HR SIZE="1"><FONT SIZE="-1">
Questions about the weather data provided by this site can be
addressed to <A HREF="mailto:ldoolman@uwyo.edu">
Larry Oolman (ldoolman@uwyo.edu)</A></FONT>
<HR SIZE="1">
<SCRIPT TYPE="text/javascript">
<!--
window.focus();
// -->
</SCRIPT>
</BODY>
</HTML>
