2019-08-25 12
<HTML>
<TITLE>University of Wyoming - Radiosonde Data</TITLE>
<BODY BGCOLOR="white">
<H2>96749 WIII Jakarta Observations at 00Z 25 Aug 2019</H2>
<PRE>
-----------------------------------------------------------------------------
   PRES   HGHT   TEMP   DWPT   RELH   MIXR   DRCT   SKNT   THTA   THTE   THTV
    hPa     m      C      C      %    g/kg    deg   knot     K      K      K 
-----------------------------------------------------------------------------
 1011.0      8   23.6   20.7     84  15.45    210      3  295.8  340.4  298.6
 1000.0    109   22.8   19.7     83  14.67    185      4  295.9  338.3  298.6
  994.0    162   22.6   19.2     81  14.30    188      5  296.3  337.6  298.8
  981.0    277   23.8   19.4     76  14.67    194      7  298.6  341.5  301.2
  978.0    304   23.6   19.3     77  14.59    195      7  298.7  341.3  301.3
  945.0    604   21.6   17.7     78  13.66    205      2  299.6  339.7  302.0
  925.0    791   20.4   16.7     79  13.10    120      4  300.2  338.7  302.5
  913.0    904   20.5   15.4     73  12.23    110      8  301.4  337.7  303.6
  905.0    980   20.6   14.6     68  11.67    108      9  302.2  337.0  304.4
  850.0   1520   16.8   11.8     72  10.33     90     15  303.7  334.8  305.6
  835.0   1672   15.6   10.6     72   9.70     85     13  304.0  333.2  305.8
  827.0   1754   15.4    5.4     51   6.84     82     13  304.6  325.6  305.9
  822.0   1805   15.2    9.2     67   8.96     80     12  305.0  332.1  306.6
  816.0   1867   14.8    8.8     67   8.78     69     12  305.2  331.9  306.8
  814.0   1888   14.8    7.8     63   8.22     66     12  305.4  330.4  306.9
  808.0   1951   15.4    3.4     45   6.08     55     12  306.7  325.5  307.8
  797.0   2067   16.2   -6.8     20   2.89     35     11  308.7  318.1  309.3
  794.0   2099   16.3   -8.3     18   2.58     30     11  309.2  317.6  309.6
  784.0   2207   16.6  -13.4     12   1.74     19     11  310.6  316.5  310.9
  766.0   2402   15.6  -13.8     12   1.73      0     12  311.6  317.4  311.9
  740.0   2693   14.1  -14.4     13   1.70      5      9  313.0  318.8  313.3
  713.0   3006   12.4  -15.1     13   1.67     45      8  314.5  320.3  314.9
  700.0   3161   11.6  -15.4     14   1.66     35      9  315.3  321.0  315.6
  677.0   3439   10.8  -15.2     15   1.74     41      8  317.4  323.4  317.8
  664.0   3600    9.4  -14.6     17   1.87     45      7  317.6  324.0  317.9
  652.0   3751    8.0  -14.0     19   2.00     57      8  317.7  324.5  318.1
  645.0   3840    7.4   -5.6     39   3.92     65      9  318.0  331.0  318.8
  640.0   3903    6.9   -6.5     38   3.69     70     10  318.1  330.4  318.9
  621.0   4150    5.0  -10.0     33   2.89     67     12  318.7  328.5  319.3
  576.0   4758    0.0   -7.0     59   3.95     60     16  319.8  332.9  320.5
  573.0   4799   -0.4   -7.2     60   3.92     60     16  319.8  332.8  320.6
  526.0   5476   -6.9  -10.0     79   3.42     75     15  319.9  331.4  320.6
  516.0   5626   -8.3  -10.1     87   3.46     78     14  320.0  331.6  320.6
  511.0   5701   -9.0  -10.5     89   3.37     80     14  320.0  331.3  320.6
  509.0   5732   -9.3  -10.7     90   3.34     80     15  320.0  331.2  320.6
  507.0   5762   -9.5  -10.4     93   3.44     80     15  320.1  331.6  320.8
  506.0   5777   -9.5  -10.4     93   3.44     80     15  320.3  331.9  321.0
  505.0   5793   -9.9  -10.7     94   3.37     80     16  320.0  331.3  320.6
  504.0   5808   -9.3  -14.3     67   2.52     80     16  320.9  329.5  321.4
  502.0   5839   -6.9  -18.9     38   1.72     80     16  324.2  330.3  324.5
  501.0   5854   -5.7  -19.7     32   1.61     80     17  325.8  331.6  326.2
  500.0   5870   -5.5  -21.5     27   1.38     80     17  326.3  331.2  326.5
  496.0   5933   -4.9  -26.9     16   0.86     80     18  327.8  330.9  327.9
  492.0   5997   -5.3  -27.2     16   0.84     80     19  328.1  331.2  328.2
  474.0   6288   -6.9  -28.6     16   0.77    100     14  329.5  332.5  329.7
  437.0   6923  -10.5  -31.5     16   0.63     90     19  332.7  335.2  332.9
  421.0   7208  -12.5  -34.0     15   0.52     85     21  333.7  335.7  333.8
  400.0   7600  -15.3  -37.3     13   0.39     90     16  335.0  336.6  335.1
  374.0   8105  -18.4  -42.3     10   0.25    115      9  337.3  338.4  337.4
  372.0   8145  -18.7  -42.7     10   0.24    116      9  337.5  338.5  337.6
  331.0   8995  -25.6  -47.5     11   0.16    130     10  339.4  340.1  339.5
  300.0   9710  -31.5  -51.5     12   0.11    105     19  340.9  341.4  340.9
  292.0   9898  -33.1  -52.5     13   0.10    100     22  341.2  341.6  341.2
  261.0  10678  -39.9  -56.9     15   0.07    104     28  342.4  342.7  342.4
  256.0  10809  -41.1                         105     29  342.5         342.5
  250.0  10970  -42.5                         100     32  342.7         342.7
  224.0  11693  -47.9                          90     42  345.4         345.4
  200.0  12440  -53.5                         105     36  347.9         347.9
  186.0  12892  -56.8                         120     37  349.8         349.8
  150.0  14230  -66.7                          70     43  355.0         355.0
  139.0  14678  -70.4                          55     54  356.3         356.3
  123.0  15398  -76.3                          51     76  358.2         358.2
  119.0  15587  -76.7                          50     82  360.9         360.9
  102.0  16467  -78.5                          70     31  373.8         373.8
  100.0  16580  -78.7                          75     25  375.4         375.4
   94.8  16884  -79.7                          86     25  379.2         379.2
   91.0  17119  -78.0                          95     25  387.0         387.0
   87.0  17377  -76.2                          65     15  395.6         395.6
   86.7  17397  -76.1                          58     15  396.3         396.3
   85.3  17491  -74.5                          25     16  401.4         401.4
   84.4  17554  -70.5                           4     16  410.7         410.7
   83.0  17654  -68.9                         330     17  415.9         415.9
   82.5  17690  -68.3                         324     17  417.9         417.9
   75.0  18259  -71.5                         235     12  422.7         422.7
   70.0  18670  -69.5                         245     28  435.4         435.4
   69.2  18738  -69.1                         246     28  437.7         437.7
   64.0  19200  -70.2                         255     26  445.1         445.1
   60.0  19582  -71.1                         261     28  451.4         451.4
   55.0  20101  -66.1                         270     30  474.2         474.2
   50.0  20680  -63.1                         260     36  494.4         494.4
   47.6  20982  -61.9                         257     34  504.2         504.2
   41.4  21833  -66.5                         250     29  513.3         513.3
   41.0  21893  -66.1                         250     27  515.8         515.8
   37.0  22524  -61.7                         285     19  542.5         542.5
   33.9  23063  -57.9                         261     20  566.1         566.1
   32.0  23425  -58.0                         245     21  575.2         575.2
   31.0  23624  -58.0                         255     15  580.4         580.4
   30.0  23830  -58.1                         240     13  585.7         585.7
   28.0  24262  -59.1                         170      9  594.6         594.6
   27.0  24490  -59.6                         150      6  599.3         599.3
   25.4  24872  -60.5                          75     13  607.3         607.3
   25.0  24973  -59.4                          55     15  613.3         613.3
   23.0  25503  -53.5                          20     23  645.2         645.2
   22.4  25670  -51.7                         359     26  655.6         655.6
   22.0  25787  -51.8                         345     28  658.8         658.8
   21.0  26088  -52.0                         325     26  667.0         667.0
   20.3  26308  -52.1                                     673.1         673.1
</PRE><H3>Station information and sounding indices</H3><PRE>
                         Station identifier: WIII
                             Station number: 96749
                           Observation time: 190825/0000
                           Station latitude: -6.11
                          Station longitude: 106.65
                          Station elevation: 8.0
                            Showalter index: 3.63
                               Lifted index: 1.43
    LIFT computed using virtual temperature: 0.92
                                SWEAT index: 188.59
                                    K index: 7.10
                         Cross totals index: 17.30
                      Vertical totals index: 22.30
                        Totals totals index: 39.60
      Convective Available Potential Energy: 60.74
             CAPE using virtual temperature: 72.51
                      Convective Inhibition: -434.99
             CINS using virtual temperature: -306.30
                           Equilibrum Level: 501.89
 Equilibrum Level using virtual temperature: 501.57
                   Level of Free Convection: 565.53
             LFCT using virtual temperature: 572.50
                     Bulk Richardson Number: 3.23
          Bulk Richardson Number using CAPV: 3.85
  Temp [K] of the Lifted Condensation Level: 291.51
Pres [hPa] of the Lifted Condensation Level: 929.58
   Equivalent potential temp [K] of the LCL: 339.86
     Mean mixed layer potential temperature: 297.67
              Mean mixed layer mixing ratio: 14.52
              1000 hPa to 500 hPa thickness: 5761.00
Precipitable water [mm] for entire sounding: 34.29
</PRE>
<P>Description of the 
<A HREF="/upperair/columns.html">data columns</A>
or <A HREF="/upperair/indices.html">sounding indices</A>.

<P>
<FORM>
<INPUT CLASS="button" TYPE="button" VALUE=" Close this window " 
 onClick="window.close();">
<INPUT CLASS="button" TYPE="button" VALUE=" Select another map " 
 onClick="window.blur();">
</FORM>
<HR SIZE="1">
<I>Interested in graduate studies in atmospheric science?
Check out our program at the
<a href="http://www.uwyo.edu/atsc/howtoapply/"
target=_top>University of Wyoming
</a></I>
<HR SIZE="1"><FONT SIZE="-1">
Questions about the weather data provided by this site can be
addressed to <A HREF="mailto:ldoolman@uwyo.edu">
Larry Oolman (ldoolman@uwyo.edu)</A></FONT>
<HR SIZE="1">
<SCRIPT TYPE="text/javascript">
<!--
window.focus();
// -->
</SCRIPT>
</BODY>
</HTML>
