2019-02-08 00
<HTML>
<TITLE>University of Wyoming - Radiosonde Data</TITLE>
<BODY BGCOLOR="white">
<H2>96749 WIII Jakarta Observations at 00Z 08 Feb 2019</H2>
<PRE>
-----------------------------------------------------------------------------
   PRES   HGHT   TEMP   DWPT   RELH   MIXR   DRCT   SKNT   THTA   THTE   THTV
    hPa     m      C      C      %    g/kg    deg   knot     K      K      K 
-----------------------------------------------------------------------------
 1010.0      8   24.2   23.2     94  18.10    240      4  296.5  348.9  299.7
 1009.0     17   25.6   22.8     85  17.67    252      4  298.0  349.5  301.1
 1000.0     96   25.6   21.2     77  16.13      0      1  298.8  345.9  301.6
  988.0    203   25.6   20.6     74  15.72    290      2  299.8  346.0  302.6
  977.0    301   25.0   20.2     75  15.48    225      3  300.1  345.7  302.9
  925.0    781   22.0   18.1     79  14.34    260      4  301.8  344.3  304.4
  913.0    894   21.3   17.4     78  13.86    275      5  302.2  343.4  304.7
  882.0   1194   19.5   15.4     77  12.67    280      6  303.4  341.2  305.7
  851.0   1504   17.7   13.5     76  11.53    265      5  304.5  339.2  306.6
  850.0   1514   17.6   13.4     76  11.49    265      5  304.6  339.1  306.7
  822.0   1798   16.2   12.0     76  10.81    310      5  306.0  338.7  308.0
  794.0   2092   14.7   10.5     76  10.13    325      1  307.4  338.4  309.3
  766.0   2396   13.2    9.0     76   9.46    195      1  309.0  338.1  310.7
  749.0   2586   12.2    8.0     76   9.06    286      1  309.9  337.9  311.6
  739.0   2698   11.7    6.6     71   8.32    340      1  310.6  336.5  312.1
  713.0   2997   10.4    2.8     59   6.59    300      5  312.4  333.2  313.6
  700.0   3151    9.8    0.8     53   5.83    290      5  313.3  331.9  314.4
  673.0   3477    8.4   -2.6     46   4.72    284      8  315.3  330.6  316.2
  667.0   3551    8.2   -6.8     34   3.46    282      8  315.9  327.3  316.5
  639.0   3903    6.1   -4.0     48   4.47    275     11  317.3  332.0  318.2
  633.0   3981    5.6   -3.4     52   4.73    276     11  317.7  333.1  318.6
  619.0   4163    5.0  -16.0     20   1.78    277     10  319.0  325.2  319.4
  596.0   4471    3.6  -17.4     20   1.65    280      8  320.9  326.6  321.2
  594.0   4498    3.3  -14.7     25   2.07    280      8  320.9  328.0  321.2
  590.0   4553    2.8   -9.2     41   3.25    277      8  320.9  331.8  321.5
  578.0   4719    1.8  -17.2     23   1.73    269      8  321.6  327.6  321.9
  568.0   4859    1.0  -24.0     13   0.97    262      9  322.2  325.8  322.4
  565.0   4902    0.8  -24.2     13   0.96    260      9  322.5  326.0  322.7
  561.0   4959    0.0  -11.0     43   2.96    257      9  322.2  332.3  322.8
  551.0   5102   -0.5  -20.5     20   1.37    250      9  323.3  328.1  323.5
  548.0   5146   -0.9  -12.9     40   2.60    243      9  323.3  332.3  323.8
  547.0   5160   -1.1  -12.1     43   2.78    241      9  323.2  332.8  323.8
  545.0   5190   -0.9  -22.9     17   1.12    237      8  323.8  327.9  324.0
  531.0   5396   -2.6  -25.1     16   0.94    205      7  324.2  327.7  324.4
  520.0   5562   -3.9  -26.9     15   0.82    219      9  324.6  327.6  324.7
  511.0   5699   -4.7  -24.7     19   1.02    231     10  325.2  328.9  325.4
  503.0   5823   -5.9  -14.9     49   2.40    241     12  325.2  333.6  325.7
  500.0   5870   -6.1  -12.1     63   3.04    245     12  325.5  336.0  326.1
  486.0   6091   -7.7  -11.3     75   3.34    262     10  326.2  337.7  326.9
  466.0   6416   -9.9  -12.9     79   3.06    286      7  327.4  338.0  328.0
  455.0   6600  -10.1  -17.7     54   2.10    300      5  329.4  336.9  329.8
  447.0   6736  -10.3  -21.3     40   1.57    326      5  330.8  336.6  331.2
  439.0   6874  -11.1  -23.1     36   1.36    352      6  331.5  336.6  331.8
  438.0   6892  -11.2  -22.5     39   1.44    355      6  331.6  336.9  331.9
  431.0   7015  -12.3  -18.3     61   2.11    335      8  331.8  339.4  332.2
  421.0   7193  -13.4  -19.1     62   2.01    305     10  332.5  339.8  332.9
  400.0   7580  -15.9  -20.9     65   1.82    285     13  334.2  340.9  334.6
  395.0   7675  -16.7  -21.3     68   1.78    285     13  334.4  340.9  334.8
  389.0   7789  -17.3  -23.6     58   1.47    285     14  335.1  340.5  335.4
  376.0   8044  -18.7  -28.7     41   0.96    321     13  336.5  340.1  336.7
  373.0   8103  -19.3  -29.3     41   0.91    330     13  336.5  340.0  336.7
  362.0   8326  -21.5  -31.5     40   0.76    326     12  336.4  339.4  336.6
  342.0   8743  -23.1  -33.1     40   0.69    319      9  339.8  342.5  339.9
  330.0   9002  -25.0  -36.9     32   0.49    315      7  340.6  342.6  340.7
  317.0   9293  -27.2  -41.1     26   0.33    350      7  341.5  342.9  341.5
  304.0   9596  -29.5  -45.5     20   0.22    350      7  342.4  343.3  342.4
  300.0   9690  -30.1  -45.1     22   0.23    350      6  342.8  343.8  342.9
  291.0   9901  -31.9  -46.2     23   0.21      5      5  343.2  344.1  343.3
  256.0  10789  -39.7  -50.8     30   0.14     25      8  344.6  345.2  344.6
  255.0  10816  -39.9  -50.9     30   0.14     28      8  344.6  345.3  344.7
  250.0  10950  -41.1                          45      8  344.8         344.8
  245.0  11084  -42.2                          50      8  345.1         345.1
  224.0  11678  -47.3                          55     15  346.3         346.3
  204.0  12299  -52.6                          60     16  347.4         347.4
  200.0  12430  -53.7                          55     17  347.6         347.6
  185.0  12926  -58.1                          51     25  348.3         348.3
  161.0  13793  -61.8                          45     38  356.1         356.1
  157.0  13950  -62.5                          38     34  357.5         357.5
  150.0  14230  -64.5                          25     28  358.8         358.8
  139.0  14673  -68.0                          10     20  360.6         360.6
  132.0  14974  -70.3                         340     19  361.8         361.8
  125.0  15291  -72.8                         315     20  363.0         363.0
  107.0  16196  -79.8                         295      4  366.1         366.1
  102.0  16475  -82.0                         150      4  367.0         367.0
  100.0  16590  -82.9                         135      7  367.3         367.3
   91.9  17057  -84.7                         115     18  372.7         372.7
   91.0  17112  -84.7                         110     18  373.8         373.8
   86.0  17423  -84.5                         120     14  380.2         380.2
   78.0  17962  -84.3                          65     29  391.5         391.5
   72.9  18335  -84.1                          65     31  399.5         399.5
   70.0  18560  -82.9                          65     32  406.7         406.7
   66.0  18890  -81.1                          70     41  417.5         417.5
   63.9  19072  -80.1                          70     39  423.6         423.6
   59.0  19531  -74.6                          70     35  445.7         445.7
   57.4  19689  -72.7                          50     28  453.5         453.5
   54.0  20048  -72.7                           5     12  461.5         461.5
   51.3  20349  -72.7                         226      5  468.3         468.3
   51.0  20383  -72.2                         210      4  470.3         470.3
   50.0  20500  -70.5                         155      8  476.9         476.9
   48.0  20744  -68.2                         125     20  488.1         488.1
   47.1  20857  -67.1                         125     22  493.3         493.3
   46.0  20999  -67.0                         125     25  496.9         496.9
   44.6  21185  -66.9                         105     20  501.5         501.5
   42.0  21552  -63.4                          65     11  518.9         518.9
   40.4  21789  -61.1                         310      9  530.4         530.4
   40.0  21851  -61.0                         280      9  532.3         532.3
   38.0  22170  -60.3                         255     19  541.9         541.9
   35.9  22523  -59.5                         242     17  552.8         552.8
   34.0  22861  -60.9                         230     16  557.8         557.8
   33.0  23046  -61.6                         185     13  560.6         560.6
   32.9  23065  -61.7                         180     13  560.9         560.9
   31.0  23436  -59.2                          85      4  577.1         577.1
   30.0  23640  -57.9                         335      8  586.2         586.2
   29.3  23789  -56.5                         319     10  594.0         594.0
   27.0  24310  -55.0                         265     18  612.4         612.4
   24.2  25008  -52.9                         293     25  637.8         637.8
   24.0  25061  -52.9                         295     26  639.2         639.2
   21.0  25917  -53.6                         245     22  661.9         661.9
   20.0  26230  -53.9                         240     20  670.4         670.4
   19.0  26559  -54.3                         260     28  679.0         679.0
   18.2  26834  -54.7                         259     24  686.2         686.2
   16.0                                       255     13                     
   14.0                                       215     26                     
</PRE><H3>Station information and sounding indices</H3><PRE>
                         Station identifier: WIII
                             Station number: 96749
                           Observation time: 190208/0000
                           Station latitude: -6.11
                          Station longitude: 106.65
                          Station elevation: 8.0
                            Showalter index: 1.15
                               Lifted index: -1.55
    LIFT computed using virtual temperature: -1.95
                                SWEAT index: 182.79
                                    K index: 28.10
                         Cross totals index: 19.50
                      Vertical totals index: 23.70
                        Totals totals index: 43.20
      Convective Available Potential Energy: 134.63
             CAPE using virtual temperature: 227.70
                      Convective Inhibition: -111.54
             CINS using virtual temperature: -50.21
                           Equilibrum Level: 344.66
 Equilibrum Level using virtual temperature: 342.64
                   Level of Free Convection: 564.31
             LFCT using virtual temperature: 778.23
                     Bulk Richardson Number: 104.47
          Bulk Richardson Number using CAPV: 176.69
  Temp [K] of the Lifted Condensation Level: 292.62
Pres [hPa] of the Lifted Condensation Level: 919.68
   Equivalent potential temp [K] of the LCL: 345.91
     Mean mixed layer potential temperature: 299.72
              Mean mixed layer mixing ratio: 15.77
              1000 hPa to 500 hPa thickness: 5774.00
Precipitable water [mm] for entire sounding: 46.35
</PRE>
<P>Description of the 
<A HREF="/upperair/columns.html">data columns</A>
or <A HREF="/upperair/indices.html">sounding indices</A>.

<P>
<FORM>
<INPUT CLASS="button" TYPE="button" VALUE=" Close this window " 
 onClick="window.close();">
<INPUT CLASS="button" TYPE="button" VALUE=" Select another map " 
 onClick="window.blur();">
</FORM>
<HR SIZE="1">
<I>Interested in graduate studies in atmospheric science?
Check out our program at the
<a href="http://www.uwyo.edu/atsc/howtoapply/"
target=_top>University of Wyoming
</a></I>
<HR SIZE="1"><FONT SIZE="-1">
Questions about the weather data provided by this site can be
addressed to <A HREF="mailto:ldoolman@uwyo.edu">
Larry Oolman (ldoolman@uwyo.edu)</A></FONT>
<HR SIZE="1">
<SCRIPT TYPE="text/javascript">
<!--
window.focus();
// -->
</SCRIPT>
</BODY>
</HTML>
