2019-01-06 00
<HTML>
<TITLE>University of Wyoming - Radiosonde Data</TITLE>
<BODY BGCOLOR="white">
<H2>96749 WIII Jakarta Observations at 00Z 06 Jan 2019</H2>
<PRE>
-----------------------------------------------------------------------------
   PRES   HGHT   TEMP   DWPT   RELH   MIXR   DRCT   SKNT   THTA   THTE   THTV
    hPa     m      C      C      %    g/kg    deg   knot     K      K      K 
-----------------------------------------------------------------------------
 1011.0      8   24.6   23.1     91  17.96    240      2  296.8  348.9  300.0
 1010.0     17   25.8   21.3     76  16.07    236      2  298.1  344.9  301.0
 1000.0    104   25.6   21.1     76  16.03    195      5  298.8  345.6  301.6
  991.0    184   26.2   21.2     74  16.28    209      5  300.1  348.0  303.1
  978.0    300   25.4   20.2     73  15.53    230      5  300.5  346.2  303.3
  945.0    601   23.4   17.8     70  13.72    250      3  301.4  342.0  303.9
  925.0    789   22.2   16.2     69  12.68    310      3  302.0  339.7  304.3
  913.0    902   21.5   15.9     70  12.58    320      4  302.4  339.8  304.7
  882.0   1201   19.6   15.0     75  12.32    345      3  303.4  340.3  305.7
  852.0   1500   17.7   14.2     80  12.06     20      5  304.5  340.7  306.7
  850.0   1520   17.6   14.1     80  12.04     25      5  304.6  340.7  306.8
  846.0   1560   17.2   13.9     81  11.94     24      5  304.6  340.4  306.7
  795.0   2090   14.7   11.6     82  10.91     15     10  307.4  340.6  309.4
  761.0   2462   13.0   10.0     82  10.23     12     11  309.4  340.8  311.3
  740.0   2697   12.1    7.7     75   9.00     10     11  310.8  338.8  312.5
  714.0   2997   10.9    4.8     66   7.62     25     13  312.7  336.7  314.1
  700.0   3163   10.2    3.2     62   6.93     20     14  313.8  335.7  315.1
  694.0   3235    9.8    2.8     62   6.79     19     14  314.1  335.7  315.4
  677.0   3440    9.0    1.0     57   6.11     14     13  315.4  335.0  316.6
  666.0   3576    8.2   -3.8     42   4.36     12     12  316.0  330.2  316.8
  664.0   3601    8.2   -6.8     34   3.48     11     12  316.3  327.8  316.9
  663.0   3613    8.2   -9.8     27   2.75     11     12  316.4  325.6  316.9
  662.0   3626    8.2  -10.8     25   2.55     11     12  316.5  325.1  317.0
  660.0   3651    7.8   -6.2     36   3.66     10     11  316.4  328.4  317.1
  652.0   3751    6.6    0.6     66   6.17      8     11  316.1  335.9  317.3
  650.0   3776    6.4    2.0     73   6.85      8     11  316.2  338.1  317.5
  647.0   3814    6.2    1.2     70   6.49      7     10  316.4  337.2  317.6
  645.0   3840    6.4   -0.6     61   5.71      6     10  316.9  335.3  318.0
  642.0   3878    6.6   -1.4     57   5.41      6     10  317.5  335.1  318.6
  641.0   3891    6.8   -6.2     39   3.77      5     10  317.9  330.4  318.6
  640.0   3903    6.6   -1.4     57   5.43      5     10  317.8  335.5  318.8
  638.0   3929    6.4    1.5     71   6.73      3     10  317.9  339.6  319.1
  628.0   4059    6.6   -4.4     45   4.42    352     11  319.5  334.1  320.4
  617.0   4202    5.6   -4.5     48   4.47    340     11  320.0  334.8  320.9
  573.0   4802    1.6   -4.8     62   4.68    325      8  322.2  337.8  323.1
  556.0   5047    0.0   -5.0     69   4.77     16      9  323.0  338.9  324.0
  553.0   5090   -0.2   -5.3     69   4.69     25      9  323.2  338.9  324.2
  512.0   5702   -3.6   -9.4     64   3.68     20      9  326.3  338.9  327.0
  500.0   5890   -4.7  -10.7     63   3.40     30      9  327.2  339.0  327.9
  493.0   6001   -5.3  -12.5     57   2.99     35      8  327.9  338.3  328.5
  483.0   6163   -6.1  -15.1     49   2.46     21      9  328.8  337.5  329.3
  475.0   6294   -7.1  -13.7     59   2.82     10     10  329.2  339.1  329.7
  473.0   6327   -7.3  -13.3     62   2.92      8     10  329.3  339.5  329.8
  457.0   6596   -8.5  -17.4     49   2.16    350     11  331.1  338.8  331.5
  451.0   6699   -8.9  -18.9     44   1.92    358     10  331.8  338.7  332.1
  439.0   6906  -10.4  -19.8     46   1.83     15      8  332.4  339.0  332.8
  423.0   7191  -12.5  -20.9     50   1.71     30      9  333.2  339.5  333.6
  406.0   7506  -14.9  -22.2     53   1.59      5     12  334.2  340.0  334.5
  400.0   7620  -15.7  -22.7     55   1.55      0     13  334.5  340.2  334.8
  398.0   7658  -16.1  -22.1     60   1.64      0     13  334.4  340.5  334.8
  390.0   7809  -16.9  -24.2     53   1.39      0     15  335.3  340.5  335.6
  375.0   8101  -18.5  -28.2     42   1.00      0     18  337.0  340.9  337.2
  362.0   8363  -19.9  -31.9     34   0.73      9     15  338.6  341.4  338.7
  360.0   8404  -20.2  -31.7     35   0.75     10     14  338.6  341.6  338.8
  344.0   8737  -23.1  -30.1     53   0.92     17     12  339.2  342.7  339.4
  341.0   8801  -23.3  -35.3     32   0.56     19     12  339.8  342.0  339.9
  325.0   9149  -26.3  -34.3     47   0.65     26     10  340.3  342.9  340.5
  323.0   9194  -26.5  -31.5     63   0.85     27     10  340.6  344.0  340.8
  318.0   9305  -27.5  -32.4     63   0.80     30      9  340.8  343.9  340.9
  317.0   9328  -27.7  -32.6     63   0.78     29      9  340.8  343.9  341.0
  316.0   9351  -27.9  -32.2     67   0.82     28      9  340.8  344.0  341.0
  315.0   9373  -28.1  -32.3     67   0.81     27      9  340.9  344.1  341.0
  314.0   9396  -28.1  -37.1     42   0.51     25      9  341.2  343.2  341.3
  310.0   9487  -28.9  -34.9     56   0.64     21      8  341.3  343.9  341.4
  305.0   9603  -29.9  -35.9     56   0.59     15      8  341.5  343.9  341.6
  300.0   9720  -30.9  -36.9     56   0.54      5      8  341.7  343.9  341.8
  293.0   9887  -32.3  -37.2     62   0.54    340      7  342.0  344.2  342.1
  280.0  10205  -34.6  -43.8     39   0.28    290      6  343.1  344.3  343.2
  269.0  10486  -36.7  -49.7     25   0.15    299      2  344.1  344.8  344.1
  268.0  10512  -36.9  -49.9     25   0.15    300      2  344.1  344.8  344.2
  257.0  10800  -39.2  -51.5     26   0.13     15      1  344.9  345.4  344.9
  253.0  10909  -40.1  -52.1     27   0.12     41      3  345.1  345.7  345.2
  250.0  10990  -40.9                          60      4  345.1         345.1
  246.0  11097  -41.7                          70      5  345.5         345.5
  235.0  11400  -44.1                          70      7  346.5         346.5
  215.0  11990  -48.6                         100     10  348.4         348.4
  205.0  12306  -51.0                          85     12  349.3         349.3
  200.0  12470  -52.3                          95     11  349.8         349.8
  196.0  12596  -53.4                         100     11  350.1         350.1
  154.0  14105  -66.5                          60     28  352.7         352.7
  150.0  14270  -67.9                          60     30  352.9         352.9
  137.0  14808  -72.3                          60     34  354.4         354.4
  130.0  15114  -74.7                          60     37  355.5         355.5
  126.0  15295  -75.9                          60     39  356.5         356.5
  124.0  15387  -76.5                          60     39  357.0         357.0
  120.0  15577  -73.7                          60     41  365.5         365.5
  119.0  15626  -71.9                          61     39  369.7         369.7
  102.0  16516  -78.6                          70      5  373.4         373.4
  100.0  16630  -79.5                         115      2  373.9         373.9
   97.0  16801  -80.3                         185      5  375.6         375.6
   92.0  17098  -81.7                         210      9  378.6         378.6
   87.0  17411  -83.1                         340      4  381.8         381.8
   83.0  17675  -84.3                          50     12  384.5         384.5
   80.5  17847  -85.1                          65     18  386.3         386.3
   78.5  17988  -81.1                          57     17  397.3         397.3
   78.0  18023  -81.3                          55     17  397.8         397.8
   74.0  18319  -82.5                         345     12  401.1         401.1
   70.0  18630  -83.9                         280     11  404.6         404.6
   67.7  18815  -85.1                         236     13  405.9         405.9
   63.0  19214  -83.0                         140     17  418.9         418.9
   61.5  19348  -82.3                         129     23  423.4         423.4
   57.0  19782  -75.7                          95     42  447.6         447.6
   56.6  19822  -75.1                          94     42  449.9         449.9
   53.2  20182  -73.9                          86     41  460.7         460.7
   51.3  20397  -70.1                          81     41  474.4         474.4
   51.0  20432  -70.0                          80     41  475.5         475.5
   50.0  20550  -69.5                          80     35  479.3         479.3
   46.7  20955  -71.3                          88     47  484.4         484.4
   46.0  21044  -71.3                          90     50  486.5         486.5
   45.9  21057  -71.3                          90     50  486.8         486.8
   44.7  21215  -67.7                          84     51  499.3         499.3
   44.3  21270  -64.9                          82     51  507.4         507.4
   44.0  21311  -64.9                          80     51  508.5         508.5
   42.0  21596  -64.6                          55     26  515.9         515.9
   40.0  21894  -64.3                         350     12  523.9         523.9
   36.1  22521  -63.7                         243      5  541.0         541.0
   36.0  22538  -63.5                         240      5  541.9         541.9
   35.0  22713  -61.8                         150      8  550.8         550.8
   33.6  22966  -59.3                                     563.8         563.8
</PRE><H3>Station information and sounding indices</H3><PRE>
                         Station identifier: WIII
                             Station number: 96749
                           Observation time: 190106/0000
                           Station latitude: -6.11
                          Station longitude: 106.65
                          Station elevation: 8.0
                            Showalter index: 1.89
                               Lifted index: -0.06
    LIFT computed using virtual temperature: -0.39
                                SWEAT index: 188.18
                                    K index: 29.40
                         Cross totals index: 18.80
                      Vertical totals index: 22.30
                        Totals totals index: 41.10
      Convective Available Potential Energy: 12.71
             CAPE using virtual temperature: 47.50
                      Convective Inhibition: -152.70
             CINS using virtual temperature: -65.31
                           Equilibrum Level: 288.30
 Equilibrum Level using virtual temperature: 286.11
                   Level of Free Convection: 538.15
             LFCT using virtual temperature: 666.57
                     Bulk Richardson Number: 0.89
          Bulk Richardson Number using CAPV: 3.34
  Temp [K] of the Lifted Condensation Level: 292.32
Pres [hPa] of the Lifted Condensation Level: 913.50
   Equivalent potential temp [K] of the LCL: 345.65
     Mean mixed layer potential temperature: 299.99
              Mean mixed layer mixing ratio: 15.58
              1000 hPa to 500 hPa thickness: 5786.00
Precipitable water [mm] for entire sounding: 50.97
</PRE>
<P>Description of the 
<A HREF="/upperair/columns.html">data columns</A>
or <A HREF="/upperair/indices.html">sounding indices</A>.

<P>
<FORM>
<INPUT CLASS="button" TYPE="button" VALUE=" Close this window " 
 onClick="window.close();">
<INPUT CLASS="button" TYPE="button" VALUE=" Select another map " 
 onClick="window.blur();">
</FORM>
<HR SIZE="1">
<I>Interested in graduate studies in atmospheric science?
Check out our program at the
<a href="http://www.uwyo.edu/atsc/howtoapply/"
target=_top>University of Wyoming
</a></I>
<HR SIZE="1"><FONT SIZE="-1">
Questions about the weather data provided by this site can be
addressed to <A HREF="mailto:ldoolman@uwyo.edu">
Larry Oolman (ldoolman@uwyo.edu)</A></FONT>
<HR SIZE="1">
<SCRIPT TYPE="text/javascript">
<!--
window.focus();
// -->
</SCRIPT>
</BODY>
</HTML>
