2022-06-30 00
<HTML>
<TITLE>University of Wyoming - Radiosonde Data</TITLE>
<BODY BGCOLOR="white">
<H2>96749 WIII Jakarta Observations at 00Z 30 Jun 2022</H2>
<PRE>
-----------------------------------------------------------------------------
   PRES   HGHT   TEMP   DWPT   RELH   MIXR   DRCT   SKNT   THTA   THTE   THTV
    hPa     m      C      C      %    g/kg    deg   knot     K      K      K 
-----------------------------------------------------------------------------
 1008.0      8   22.6   18.0     75  13.05    170      3  295.1  332.7  297.4
 1007.0     16   24.4   17.4     65  12.57    169      3  297.0  333.5  299.2
 1000.0     75   24.6   15.6     57  11.26    165      7  297.8  330.7  299.8
  992.0    146   24.8   14.8     54  10.78    155      8  298.6  330.3  300.6
  975.0    298   24.6   20.9     80  16.24    135     11  299.9  347.6  302.8
  961.0    425   23.4   21.4     89  17.01    119      9  299.9  349.9  303.0
  943.0    591   23.0   17.0     69  13.09     97      7  301.2  339.9  303.5
  925.0    759   22.2   17.2     73  13.53     75      4  302.0  342.2  304.4
  910.0    900   20.9   16.9     78  13.52     95      6  302.1  342.2  304.5
  891.0   1082   19.2   16.6     85  13.52    104      6  302.1  342.3  304.6
  882.0   1170   18.8   16.2     85  13.31    109      6  302.6  342.2  305.0
  881.0   1179   18.8   16.2     85  13.32    109      6  302.7  342.4  305.1
  876.0   1228   20.0   11.0     56   9.49    112      7  304.4  333.1  306.2
  874.0   1248   20.0    9.0     49   8.31    113      7  304.6  329.9  306.2
  850.0   1486   18.0    8.0     52   7.98    125      7  305.0  329.3  306.5
  849.0   1496   17.9    7.8     52   7.89    125      7  305.0  329.1  306.5
  840.0   1587   17.2    6.2     48   7.13    122      6  305.2  327.0  306.5
  819.0   1803   15.5    8.2     62   8.41    115      5  305.6  331.2  307.1
  804.0   1960   14.2    9.7     74   9.48    165      5  305.8  334.6  307.6
  801.0   1992   13.8   10.2     79   9.85    176      5  305.7  335.6  307.5
  800.0   2003   13.6    9.7     77   9.53    179      5  305.6  334.6  307.4
  791.0   2098   14.2   -1.8     33   4.26    210      5  307.3  320.7  308.1
  763.0   2402   14.1  -17.0     10   1.33    230      9  310.3  314.8  310.5
  754.0   2502   14.0  -22.0      7   0.88    237     10  311.3  314.4  311.4
  737.0   2694   13.7  -25.8      5   0.64    250     12  313.0  315.3  313.1
  730.0   2775   13.6  -27.4      4   0.56    244     11  313.7  315.8  313.8
  700.0   3126   10.8  -25.2      6   0.71    220      8  314.4  317.0  314.6
  694.0   3197   10.2  -21.8      9   0.97    229      8  314.5  317.9  314.7
  686.0   3293    9.7  -22.2      9   0.95    240      9  315.0  318.4  315.2
  661.0   3598    8.1  -23.5      9   0.88    245     11  316.5  319.7  316.7
  637.0   3902    6.4  -24.8      9   0.81    205      5  318.0  321.0  318.2
  625.0   4059    5.6  -25.4      9   0.78    214      6  318.8  321.6  319.0
  620.0   4124    6.2  -32.8      4   0.39    217      6  320.2  321.7  320.3
  603.0   4351    5.2  -13.8     24   2.19    230      7  321.6  329.2  322.1
  570.0   4806    1.9  -19.0     20   1.50    255      9  323.0  328.3  323.2
  552.0   5065    0.0  -22.0     17   1.20    135      3  323.7  328.0  323.9
  549.0   5108   -0.1  -23.1     16   1.09    115      2  324.1  328.1  324.3
  535.0   5315   -0.5  -28.5     10   0.69    112      9  326.0  328.6  326.1
  529.0   5404   -1.2  -29.9      9   0.61    110     12  326.2  328.5  326.3
  500.0   5850   -4.9  -36.9      6   0.32    105     13  327.0  328.3  327.1
  472.0   6300   -7.5  -42.1      4   0.20    110     13  329.2  330.0  329.2
  468.0   6366   -7.9  -42.9      4   0.19    105     13  329.5  330.3  329.6
  451.0   6653   -9.3  -28.3     20   0.83     83     12  331.3  334.4  331.4
  437.0   6895  -10.8  -35.0     12   0.45     65     11  332.3  334.1  332.4
  419.0   7217  -12.9  -43.9      6   0.19     62     10  333.7  334.4  333.7
  406.0   7457  -13.7  -32.7     19   0.61     60      9  335.7  338.0  335.8
  404.0   7495  -14.1  -32.4     20   0.62     60      9  335.6  338.1  335.8
  400.0   7570  -14.9  -31.9     22   0.66     65      9  335.5  338.1  335.7
  398.0   7608  -15.3  -31.3     24   0.71     67      9  335.5  338.2  335.6
  395.0   7665  -15.1  -38.1     12   0.36     70     10  336.5  337.9  336.6
  373.0   8096  -17.6  -46.5      6   0.16     90     13  338.7  339.4  338.7
  351.0   8553  -20.3  -55.3      3   0.06     79     13  341.0  341.3  341.0
  343.0   8724  -21.5  -53.5      4   0.08     75     13  341.6  342.0  341.7
  339.0   8811  -22.3  -52.3      5   0.09     72     13  341.7  342.1  341.7
  337.0   8854  -22.3  -40.3     18   0.34     71     13  342.3  343.7  342.4
  335.0   8898  -22.7  -33.7     36   0.67     70     13  342.3  345.0  342.4
  303.0   9629  -29.1  -37.1     46   0.53     52     12  343.3  345.4  343.4
  300.0   9700  -29.7  -36.7     51   0.55     50     12  343.4  345.6  343.5
  292.0   9890  -31.2  -39.7     43   0.42     40     11  343.9  345.7  344.0
  269.0  10466  -35.7  -48.7     25   0.17     40     14  345.5  346.3  345.6
  256.0  10807  -38.7  -48.3     36   0.19     40     16  346.1  346.9  346.1
  250.0  10970  -40.1  -48.1     42   0.20     55     16  346.3  347.2  346.4
  245.0  11107  -41.3  -52.3     29   0.12     62     17  346.5  347.1  346.6
  235.0  11385  -43.7  -53.3     34   0.11     75     19  347.1  347.6  347.1
  214.0  12008  -49.0  -55.6     46   0.09     80     27  348.2  348.6  348.2
  210.0  12134  -50.1  -56.1     49   0.09     80     29  348.4  348.8  348.4
  205.0  12290  -51.5  -58.0     46   0.07     80     31  348.6  348.9  348.6
  200.0  12450  -52.9  -59.9     42   0.06     75     31  348.8  349.1  348.9
  171.0  13444  -60.3  -73.3     17   0.01     56     33  352.6  352.6  352.6
  169.0  13517  -60.8  -73.8     16   0.01     55     33  352.8  352.9  352.8
  150.0  14250  -66.3  -79.3     15   0.00     85     30  355.7  355.7  355.7
  126.0  15265  -75.4  -86.0     18   0.00    115     32  357.4  357.4  357.4
  113.0  15899  -81.1  -90.1     21   0.00    108     38  358.1  358.1  358.1
  100.0  16580  -83.1  -93.1     17   0.00    100     45  366.9  366.9  366.9
   96.0  16811  -80.4  -91.8     14   0.00     90     42  376.5  376.5  376.5
   91.0  17114  -76.9  -90.0     11   0.00     75     27  389.2  389.2  389.2
   88.5  17272  -75.1  -89.1     10   0.00     75     22  396.0  396.0  396.0
   82.0  17716  -73.8  -89.7      7   0.00     75      7  407.3  407.3  407.3
   78.0  18008  -73.0  -90.1      6   0.00    170      1  414.9  414.9  414.9
   74.0  18315  -72.1  -90.5      5   0.00      5      3  423.1  423.1  423.1
   72.3  18450  -71.7  -90.7      4   0.00     72      9  426.7  426.7  426.7
   71.0  18557  -71.8  -90.8      4   0.00    125     13  428.7  428.7  428.7
   70.0  18640  -71.9  -90.9      4   0.00    125     15  430.2  430.2  430.2
   66.8  18915  -73.3  -91.3      5   0.00    112     13  433.0  433.0  433.0
   64.0  19171  -71.8  -90.8      4   0.00    100     11  441.5  441.5  441.5
   61.0  19457  -70.2  -90.3      4   0.00    110     18  451.2  451.2  451.2
   55.0  20076  -66.7  -89.2      3   0.00     75     41  472.8  472.8  472.8
   51.5  20469  -64.5  -88.5      2   0.00     96     38  486.9  487.0  486.9
   50.0  20650  -64.1  -87.1      3   0.00    105     36  492.0  492.0  492.0
   45.0  21301  -62.3  -85.8      3   0.01    105     48  511.4  511.4  511.4
   39.9  22043  -60.3  -84.3      3   0.01     90     41  534.3  534.4  534.3
   37.0  22519  -57.8  -82.8      3   0.01     80     36  552.4  552.5  552.4
   35.0  22869  -56.0  -81.7      3   0.01     60     21  566.0  566.1  566.0
   34.3  22996  -55.3  -81.3      3   0.02     52     20  571.0  571.1  571.0
   31.0  23641  -55.5  -79.9      3   0.02     10     15  587.4  587.5  587.4
   30.0  23850  -55.5  -79.5      4   0.02     10      9  592.7  593.0  592.8
   29.6  23935  -55.7  -79.7      3   0.02     16      7  594.5  594.7  594.5
   29.0  24067  -54.4  -79.5      3   0.03     25      4  601.5  601.8  601.5
   28.5  24178  -53.3  -79.3      3   0.03     10      5  607.6  607.8  607.6
   28.0  24291  -53.9  -79.3      3   0.03    355      6  609.0  609.2  609.0
   26.9  24548  -55.3  -79.3      4   0.03    339      8  612.1  612.3  612.1
   26.0  24766  -53.9  -79.0      3   0.03    325      9  622.1  622.4  622.1
   25.3  24941  -52.7  -78.7      3   0.03    313     12  630.3  630.6  630.3
   24.9  25045  -49.7  -77.7      2   0.04    306     14  641.8  642.2  641.8
   23.6  25397  -47.9  -75.9      3   0.05    282     21  657.0  657.5  657.0
   22.0  25857  -50.0  -75.0      4   0.07    250     29  664.0  664.6  664.0
   21.5  26007  -50.7  -74.7      4   0.07    252     27  666.3  667.0  666.3
   21.0  26161  -50.1  -74.8      4   0.07    255     24  672.6  673.3  672.6
   20.0  26480  -48.9  -74.9      3   0.07    270     36  685.7  686.5  685.8
   19.9  26513  -48.3  -75.3      3   0.07    270     37  688.5  689.2  688.6
   19.0  26816  -49.0  -75.5      3   0.07    270     42  695.4  696.1  695.5
   16.9  27582  -50.9  -75.9      4   0.08    268     40  713.1  713.9  713.1
   14.0  28809  -50.3  -75.3      4   0.10    265     38  754.5  755.6  754.5
   13.9  28855  -50.3  -75.3      4   0.10                756.1  757.2  756.1
</PRE><H3>Station information and sounding indices</H3><PRE>
                         Station identifier: WIII
                             Station number: 96749
                           Observation time: 220630/0000
                           Station latitude: -6.11
                          Station longitude: 106.65
                          Station elevation: 8.0
                            Showalter index: 6.77
                               Lifted index: 2.06
    LIFT computed using virtual temperature: 1.38
                                SWEAT index: 122.98
                                    K index: -5.10
                         Cross totals index: 12.90
                      Vertical totals index: 22.90
                        Totals totals index: 35.80
      Convective Available Potential Energy: 0.00
             CAPE using virtual temperature: 0.00
                      Convective Inhibition: 0.00
             CINS using virtual temperature: 0.00
                     Bulk Richardson Number: 0.00
          Bulk Richardson Number using CAPV: 0.00
  Temp [K] of the Lifted Condensation Level: 290.33
Pres [hPa] of the Lifted Condensation Level: 900.76
   Equivalent potential temp [K] of the LCL: 339.78
     Mean mixed layer potential temperature: 299.14
              Mean mixed layer mixing ratio: 14.12
              1000 hPa to 500 hPa thickness: 5775.00
Precipitable water [mm] for entire sounding: 29.82
</PRE>
<P>Description of the 
<A HREF="/upperair/columns.html">data columns</A>
or <A HREF="/upperair/indices.html">sounding indices</A>.

<P>
<FORM>
<INPUT CLASS="button" TYPE="button" VALUE=" Close this window " 
 onClick="window.close();">
<INPUT CLASS="button" TYPE="button" VALUE=" Select another map " 
 onClick="window.blur();">
</FORM>
<HR SIZE="1">
<I>Interested in graduate studies in atmospheric science?
Check out our program at the
<a href="http://www.uwyo.edu/atsc/howtoapply/"
target=_top>University of Wyoming
</a></I>
<HR SIZE="1"><FONT SIZE="-1">
Questions about the weather data provided by this site can be
addressed to <A HREF="mailto:ldoolman@uwyo.edu">
Larry Oolman (ldoolman@uwyo.edu)</A></FONT>
<HR SIZE="1">
<SCRIPT TYPE="text/javascript">
<!--
window.focus();
// -->
</SCRIPT>
</BODY>
</HTML>
