2020-08-18 00
<HTML>
<TITLE>University of Wyoming - Radiosonde Data</TITLE>
<BODY BGCOLOR="white">
<H2>96749 WIII Jakarta Observations at 00Z 18 Aug 2020</H2>
<PRE>
-----------------------------------------------------------------------------
   PRES   HGHT   TEMP   DWPT   RELH   MIXR   DRCT   SKNT   THTA   THTE   THTV
    hPa     m      C      C      %    g/kg    deg   knot     K      K      K 
-----------------------------------------------------------------------------
 1010.0      8   24.4   21.5     84  16.27    180      1  296.7  343.9  299.6
 1003.0     66   26.2   21.5     75  16.39    190      4  299.1  347.1  302.0
 1000.0     91   26.6   21.6     74  16.54    195      5  299.8  348.3  302.7
  995.0    136   26.8   20.8     70  15.81    187      5  300.4  346.9  303.2
  977.0    297   25.5   20.6     74  15.90    160      5  300.6  347.5  303.5
  944.0    600   23.1   20.2     84  16.08     75      6  301.1  348.6  304.0
  925.0    779   21.6   20.0     91  16.19     70     10  301.4  349.2  304.3
  867.0   1337   18.0   16.9     93  14.17     74     12  303.3  345.5  305.8
  850.0   1506   17.0   15.1     89  12.86     75     12  303.9  342.4  306.3
  754.0   2521   11.2   10.8     97  10.90     72     12  308.2  341.6  310.3
  722.0   2882    8.2    4.3     76   7.26     71     12  308.8  331.3  310.1
  700.0   3138    7.4    3.8     78   7.23     70     12  310.6  333.2  312.0
  662.0   3596    5.3    4.0     92   7.76     70     15  313.2  337.7  314.7
  661.0   3609    5.2    4.0     92   7.77     70     15  313.3  337.8  314.8
  625.0   4066    4.4    0.9     78   6.58     62     15  317.4  338.6  318.7
  567.0   4854    0.0   -4.1     74   5.01     49     16  321.2  337.8  322.2
  551.0   5083   -0.5   -7.5     59   3.97     45     16  323.3  336.7  324.0
  529.0   5406   -3.4   -8.6     67   3.80     40     16  323.6  336.4  324.3
  511.0   5680   -5.9   -9.5     76   3.66     40     13  323.8  336.2  324.5
  510.0   5695   -6.0   -9.6     76   3.65     40     13  323.9  336.2  324.6
  500.0   5850   -6.7  -10.3     76   3.51     50      9  324.8  336.8  325.5
  490.0   6008   -7.7  -10.2     82   3.61     65      7  325.5  337.8  326.2
  488.0   6039   -7.9  -10.2     84   3.63     63      7  325.6  338.0  326.3
  454.0   6596  -11.1  -17.6     59   2.13     25     10  328.4  335.9  328.8
  442.0   6803  -12.3  -20.3     51   1.73     31     12  329.4  335.6  329.7
  432.0   6977  -13.5  -19.5     61   1.90     37     13  330.0  336.8  330.4
  412.0   7337  -14.7  -25.7     39   1.15     48     16  333.0  337.3  333.2
  404.0   7485  -15.3  -28.3     32   0.92     53     17  334.1  337.6  334.2
  400.0   7560  -15.9  -28.9     32   0.88     55     18  334.2  337.6  334.4
  388.0   7789  -17.3  -26.3     45   1.16     55     19  335.3  339.7  335.6
  387.0   7808  -17.3  -26.3     45   1.16     55     19  335.6  339.9  335.8
  386.0   7828  -17.5  -22.5     65   1.64     55     19  335.6  341.6  335.9
  382.0   7906  -17.5  -28.5     38   0.96     55     20  336.6  340.2  336.8
  377.0   8004  -18.1  -35.1     21   0.52     55     20  337.0  339.1  337.1
  372.0   8103  -18.8  -35.8     21   0.49     55     21  337.4  339.3  337.5
  326.0   9074  -25.7  -42.7     19   0.27     55     14  340.9  342.0  340.9
  316.0   9297  -27.7  -41.4     26   0.32     55     12  341.1  342.4  341.2
  300.0   9670  -31.1  -39.1     45   0.43     60     14  341.4  343.2  341.5
  291.0   9884  -32.9  -39.9     50   0.41     58     17  341.9  343.5  341.9
  284.0  10054  -34.1  -43.1     40   0.30     57     19  342.5  343.8  342.6
  276.0  10253  -35.9  -45.9     35   0.23     55     21  342.7  343.7  342.8
  271.0  10379  -37.1  -44.1     48   0.28     54     23  342.8  344.0  342.8
  266.0  10507  -37.7  -41.2     70   0.39     53     25  343.7  345.3  343.8
  253.0  10849  -40.1  -42.8     75   0.35     51     29  345.1  346.6  345.2
  250.0  10930  -40.5                          50     30  345.7         345.7
  204.0  12288  -51.1                          50     37  349.8         349.8
  200.0  12420  -52.1                          55     35  350.1         350.1
  160.0  13808  -64.7                          55     22  351.9         351.9
  150.0  14210  -68.3                          35     20  352.2         352.2
  145.0  14411  -70.3                          33     19  352.2         352.2
  131.0  15003  -74.3                          25     16  355.4         355.4
  125.0  15276  -76.2                          40     20  356.8         356.8
  124.0  15322  -76.5                          39     20  357.0         357.0
  121.0  15463  -77.5                          37     19  357.7         357.7
  112.0  15909  -73.5                          30     16  373.3         373.3
  110.0  16013  -72.5                          18     10  377.0         377.0
  107.0  16175  -72.6                           0      1  379.8         379.8
  101.0  16512  -72.9                         215     15  385.6         385.6
  100.0  16570  -72.9                         220     17  386.6         386.6
   96.0  16807  -73.7                         220     23  389.6         389.6
   87.0  17379  -75.6                         180      8  396.9         396.9
   82.0  17723  -76.8                         180     11  401.3         401.3
   78.0  18014  -77.8                         145      7  405.0         405.0
   74.3  18296  -78.7                          85     10  408.7         408.7
   74.0  18320  -78.5                          85     11  409.6         409.6
   70.0  18640  -75.9                          95     29  421.7         421.7
   69.4  18690  -74.9                          94     30  424.9         424.9
   67.0  18893  -75.8                          90     34  427.2         427.2
   65.7  19006  -76.3                          86     35  428.5         428.5
   62.2  19324  -71.1                          73     39  446.8         446.8
   60.0  19537  -71.3                          65     41  451.0         451.0
   57.0  19839  -71.5                          68     40  457.1         457.1
   55.0  20053  -67.4                          70     40  471.3         471.3
   53.1  20265  -63.3                          76     30  485.5         485.5
   52.4  20346  -60.7                          79     26  493.4         493.4
   52.0  20394  -59.5                          80     24  497.4         497.4
   51.7  20430  -58.5                          86     22  500.4         500.4
   50.0  20640  -58.1                         120      9  506.1         506.1
   47.0  21027  -59.5                         195     14  511.8         511.8
   45.0  21298  -60.5                         160     10  515.8         515.8
   43.0  21582  -59.2                         300      2  525.6         525.6
   42.2  21699  -58.7                         297      5  529.8         529.8
   39.0  22189  -60.9                         285     19  536.4         536.4
   37.0  22516  -62.3                         275     10  540.8         540.8
   36.5  22600  -62.7                         280     10  541.9         541.9
   35.0  22859  -62.4                         295     12  549.1         549.1
   34.0  23038  -62.3                         280     10  554.1         554.1
   32.0  23412  -61.9                         125      3  564.8         564.8
   30.0  23810  -61.5                          75     14  576.4         576.4
   28.0  24245  -57.6                          15     17  598.8         598.8
   27.1  24451  -55.7                         344     18  609.6         609.6
   27.0  24474  -55.6                         340     18  610.5         610.5
   23.0  25508  -53.3                         275     19  646.1         646.1
   21.0  26094  -51.9                         215     16  667.1         667.1
   20.7  26187  -51.7                         216     15  670.5         670.5
   20.0  26410  -52.3                         220     14  675.3         675.3
   19.0  26743  -51.8                         240     14  686.7         686.7
   18.0  27094  -51.4                         185     10  698.9         698.9
   17.0  27464  -50.9                         175      9  712.0         712.0
   16.7  27580  -50.7                         206     12  716.2         716.2
   16.0  27857  -51.5                         280     18  722.2         722.2
   15.0  28275  -52.8                         280     20  731.4         731.4
   14.8  28362  -53.1                                     733.3         733.3
</PRE><H3>Station information and sounding indices</H3><PRE>
                         Station identifier: WIII
                             Station number: 96749
                           Observation time: 200818/0000
                           Station latitude: -6.11
                          Station longitude: 106.65
                          Station elevation: 8.0
                            Showalter index: -0.79
                               Lifted index: -2.66
    LIFT computed using virtual temperature: -3.02
                                SWEAT index: 214.20
                                    K index: 35.20
                         Cross totals index: 21.80
                      Vertical totals index: 23.70
                        Totals totals index: 45.50
      Convective Available Potential Energy: 492.92
             CAPE using virtual temperature: 599.39
                      Convective Inhibition: -26.99
             CINS using virtual temperature: -25.11
                           Equilibrum Level: 251.67
 Equilibrum Level using virtual temperature: 251.56
                   Level of Free Convection: 846.90
             LFCT using virtual temperature: 859.35
                     Bulk Richardson Number: 26.37
          Bulk Richardson Number using CAPV: 32.07
  Temp [K] of the Lifted Condensation Level: 292.83
Pres [hPa] of the Lifted Condensation Level: 916.71
   Equivalent potential temp [K] of the LCL: 347.26
     Mean mixed layer potential temperature: 300.21
              Mean mixed layer mixing ratio: 16.02
              1000 hPa to 500 hPa thickness: 5759.00
Precipitable water [mm] for entire sounding: 56.18
</PRE>
<P>Description of the 
<A HREF="/upperair/columns.html">data columns</A>
or <A HREF="/upperair/indices.html">sounding indices</A>.

<P>
<FORM>
<INPUT CLASS="button" TYPE="button" VALUE=" Close this window " 
 onClick="window.close();">
<INPUT CLASS="button" TYPE="button" VALUE=" Select another map " 
 onClick="window.blur();">
</FORM>
<HR SIZE="1">
<I>Interested in graduate studies in atmospheric science?
Check out our program at the
<a href="http://www.uwyo.edu/atsc/howtoapply/"
target=_top>University of Wyoming
</a></I>
<HR SIZE="1"><FONT SIZE="-1">
Questions about the weather data provided by this site can be
addressed to <A HREF="mailto:ldoolman@uwyo.edu">
Larry Oolman (ldoolman@uwyo.edu)</A></FONT>
<HR SIZE="1">
<SCRIPT TYPE="text/javascript">
<!--
window.focus();
// -->
</SCRIPT>
</BODY>
</HTML>
