2016-02-01 00
<HTML>
<TITLE>University of Wyoming - Radiosonde Data</TITLE>
<BODY BGCOLOR="white">
<H2>96749 WIII Jakarta Observations at 00Z 01 Feb 2016</H2>
<PRE>
-----------------------------------------------------------------------------
   PRES   HGHT   TEMP   DWPT   RELH   MIXR   DRCT   SKNT   THTA   THTE   THTV
    hPa     m      C      C      %    g/kg    deg   knot     K      K      K 
-----------------------------------------------------------------------------
 1008.0      8   24.4   23.9     97  18.94      0      0  296.9  351.8  300.2
 1000.0     77   26.0   23.1     84  18.17    255      2  299.1  352.4  302.4
  997.0    104   26.6   23.5     83  18.68    255      3  300.0  355.0  303.4
  975.0    300   25.4   22.7     85  18.22    255      8  300.7  354.5  304.0
  942.0    603   23.6   21.5     88  17.51    315     14  301.8  353.7  305.0
  925.0    763   22.6   20.9     90  17.14    315     17  302.4  353.3  305.5
  911.0    895   21.8   20.1     90  16.56    320     21  302.9  352.1  305.9
  850.0   1496   18.0   16.5     91  14.09    310     25  305.0  347.3  307.6
  792.0   2097   15.0   12.5     85  11.66    295     21  308.0  343.6  310.2
  737.0   2708   12.0    8.5     79   9.54    295     20  311.1  340.7  312.9
  700.0   3139    9.8    5.4     74   8.10    295     19  313.3  338.8  314.8
  639.0   3887    6.0    2.3     77   7.13    290     14  317.3  340.2  318.7
  616.0   4188    4.5    1.1     78   6.76    305     14  318.9  340.8  320.2
  571.0   4810    1.4   -1.5     81   6.04    308     13  322.2  342.1  323.4
  564.0   4910    1.4   -7.6     51   3.85    308     13  323.4  336.4  324.1
  550.0   5112    0.0   -9.0     51   3.54    309     13  324.0  336.1  324.7
  539.0   5273   -1.3   -7.3     64   4.12    309     12  324.4  338.3  325.2
  530.0   5408   -1.6  -10.9     49   3.16    310     12  325.5  336.4  326.1
  528.0   5438   -1.7  -11.7     46   2.97    312     12  325.8  336.1  326.4
  504.0   5807   -4.3   -8.4     73   4.05    332     12  327.0  340.8  327.8
  500.0   5870   -4.3   -9.3     68   3.80    335     12  327.7  340.8  328.5
  492.0   5995   -5.0  -10.9     64   3.41    340     14  328.4  340.1  329.0
  446.0   6759   -9.5  -20.5     40   1.69    340     12  332.1  338.2  332.4
  438.0   6898  -10.5  -16.5     61   2.42    340     12  332.5  341.2  333.0
  437.0   6916  -10.3  -21.3     40   1.61    340     12  333.0  338.9  333.3
  428.0   7075  -11.1  -18.1     56   2.16    340     11  333.9  341.8  334.4
  426.0   7111  -11.1  -25.1     31   1.18    340     11  334.4  338.8  334.6
  425.0   7129  -11.3  -19.3     52   1.96    340     11  334.4  341.5  334.8
  405.0   7496  -13.8  -21.8     51   1.65    340     10  335.7  341.8  336.1
  400.0   7590  -14.5  -22.5     51   1.58    350     12  336.1  341.9  336.4
  389.0   7799  -16.0  -25.7     43   1.22      5     14  336.8  341.4  337.0
  363.0   8319  -19.7  -33.7     28   0.61      1     12  338.6  341.0  338.7
  359.0   8401  -20.2  -30.2     40   0.87      0     12  339.0  342.3  339.1
  355.0   8484  -20.7  -26.7     59   1.22    353     10  339.4  344.0  339.6
  348.0   8632  -21.5  -30.5     44   0.87    340      7  340.2  343.6  340.4
  345.0   8695  -22.0  -30.2     47   0.91    335      6  340.4  344.0  340.6
  331.0   8998  -24.2  -28.8     66   1.07    245      8  341.4  345.6  341.6
  322.0   9200  -25.7  -27.9     82   1.20    237      9  342.1  346.7  342.3
  300.0   9710  -29.3  -33.2     69   0.78    215     10  344.0  347.1  344.1
  283.0  10125  -31.9  -39.9     45   0.42    201     13  346.0  347.8  346.1
  250.0  10990  -39.3  -44.3     59   0.30    170     19  347.5  348.8  347.6
  247.0  11072  -40.1  -43.6     69   0.33    169     19  347.5  348.9  347.6
  235.0  11402  -42.9                         165     21  348.2         348.2
  200.0  12470  -52.1                         145     27  350.1         350.1
  150.0  14270  -68.1                         105     31  352.6         352.6
  133.0  14972  -74.0                          90     39  354.4         354.4
  119.0  15620  -79.5                          75     64  355.8         355.8
  113.0  15917  -77.8                          75     60  364.2         364.2
  107.0  16229  -76.0                          75     43  373.3         373.3
  104.0  16392  -75.1                          57     30  378.1         378.1
  102.0  16505  -74.8                          45     21  380.8         380.8
  100.0  16620  -74.5                          10     17  383.5         383.5
   97.0  16793  -75.1                         320     12  385.6         385.6
   92.0  17095  -76.3                         270     21  389.3         389.3
   83.0  17681  -78.4                         240     31  396.5         396.5
   74.0  18334  -80.8                         260     23  404.6         404.6
   71.0  18570  -81.7                         245     21  407.6         407.6
   70.4  18618  -81.9                         245     21  408.2         408.2
   70.0  18650  -81.7                         245     19  409.3         409.3
   67.0  18897  -81.2                         260      6  415.6         415.6
   62.3  19306  -80.3                           9      6  426.2         426.2
   60.0  19526  -78.2                          65      6  435.6         435.6
   57.0  19825  -75.3                         125     12  448.6         448.6
   50.0  20590  -67.9                         205      8  483.1         483.1
   49.9  20602  -67.7                         206      8  483.8         483.8
   49.0  20711  -67.9                         215      8  485.9         485.9
   47.0  20961  -68.3                         225      6  490.6         490.6
   44.7  21262  -68.9                         164      6  496.4         496.4
   44.0  21358  -68.4                         145      6  499.8         499.8
   42.0  21642  -66.9                         105     12  510.2         510.2
   40.0  21939  -65.4                         145      6  521.2         521.2
   38.0  22252  -63.7                         135      4  533.1         533.1
   37.0  22414  -62.9                         190      8  539.3         539.3
   35.2  22718  -61.3                         170      6  551.2         551.2
   33.0  23119  -61.3                         145      4  561.5         561.5
   32.0  23310  -61.3                         275      8  566.4         566.4
   30.0  23710  -61.3                         220      8  577.0         577.0
   27.0  24365  -61.7                         240     17  593.5         593.5
   26.0  24599  -61.8                         235     16  599.5         599.5
   25.6  24695  -61.9                         221     15  602.0         602.0
   25.0  24845  -61.3                         200     14  607.8         607.8
   23.0  25370  -59.1                         205     19  628.9         628.9
   21.0  25943  -56.8                         155     27  652.5         652.5
   20.0  26250  -55.5                         145     25  665.5         665.5
   18.0  26926  -54.1                          60     19  690.2         690.2
   17.0  27292  -53.4                          35      8  703.9         703.9
   16.1  27641  -52.7                         341     10  717.2         717.2
   16.0                                       335     10                     
</PRE><H3>Station information and sounding indices</H3><PRE>
                         Station identifier: WIII
                             Station number: 96749
                           Observation time: 160201/0000
                           Station latitude: -6.11
                          Station longitude: 106.65
                          Station elevation: 8.0
                            Showalter index: -0.26
                               Lifted index: -2.63
    LIFT computed using virtual temperature: -3.13
                                SWEAT index: 260.00
                                    K index: 34.40
                         Cross totals index: 20.80
                      Vertical totals index: 22.30
                        Totals totals index: 43.10
      Convective Available Potential Energy: 1116.02
             CAPE using virtual temperature: 1272.18
                      Convective Inhibition: -19.22
             CINS using virtual temperature: -15.57
                           Equilibrum Level: 137.36
 Equilibrum Level using virtual temperature: 137.03
                   Level of Free Convection: 875.18
             LFCT using virtual temperature: 886.11
                     Bulk Richardson Number: 63.68
          Bulk Richardson Number using CAPV: 72.59
  Temp [K] of the Lifted Condensation Level: 295.39
Pres [hPa] of the Lifted Condensation Level: 944.19
   Equivalent potential temp [K] of the LCL: 354.00
     Mean mixed layer potential temperature: 300.29
              Mean mixed layer mixing ratio: 18.27
              1000 hPa to 500 hPa thickness: 5793.00
Precipitable water [mm] for entire sounding: 59.71
</PRE>
<P>Description of the 
<A HREF="/upperair/columns.html">data columns</A>
or <A HREF="/upperair/indices.html">sounding indices</A>.

<P>
<FORM>
<INPUT CLASS="button" TYPE="button" VALUE=" Close this window " 
 onClick="window.close();">
<INPUT CLASS="button" TYPE="button" VALUE=" Select another map " 
 onClick="window.blur();">
</FORM>
<HR SIZE="1">
<I>Interested in graduate studies in atmospheric science?
Check out our program at the
<a href="http://www.uwyo.edu/atsc/howtoapply/"
target=_top>University of Wyoming
</a></I>
<HR SIZE="1"><FONT SIZE="-1">
Questions about the weather data provided by this site can be
addressed to <A HREF="mailto:ldoolman@uwyo.edu">
Larry Oolman (ldoolman@uwyo.edu)</A></FONT>
<HR SIZE="1">
<SCRIPT TYPE="text/javascript">
<!--
window.focus();
// -->
</SCRIPT>
</BODY>
</HTML>
