2019-08-17 12
<HTML>
<TITLE>University of Wyoming - Radiosonde Data</TITLE>
<BODY BGCOLOR="white">
<H2>96749 WIII Jakarta Observations at 00Z 17 Aug 2019</H2>
<PRE>
-----------------------------------------------------------------------------
   PRES   HGHT   TEMP   DWPT   RELH   MIXR   DRCT   SKNT   THTA   THTE   THTV
    hPa     m      C      C      %    g/kg    deg   knot     K      K      K 
-----------------------------------------------------------------------------
 1012.0      8   24.8   20.5     77  15.24    175      2  296.9  341.2  299.6
 1000.0    113   25.2   21.5     80  16.44    165      5  298.4  346.3  301.3
  979.0    300   24.6   20.2     76  15.44     90      4  299.6  344.9  302.4
  978.0    309   24.6   20.1     76  15.39     89      4  299.6  344.8  302.4
  946.0    600   22.7   18.8     79  14.64     65      7  300.6  343.7  303.2
  925.0    797   21.4   17.9     80  14.15     70      8  301.2  343.0  303.7
  883.0   1198   18.9   16.1     84  13.24     90      2  302.6  342.0  305.0
  850.0   1527   16.8   14.7     87  12.52    125      3  303.7  341.2  306.0
  794.0   2106   12.4   10.4     88  10.09    190      4  305.1  335.6  306.9
  791.0   2139   12.2   10.2     88   9.97    185      4  305.1  335.3  306.9
  769.0   2377   13.2    6.2     63   7.79    148      4  308.7  332.8  310.1
  767.0   2398   13.0    6.2     63   7.81    145      4  308.7  332.9  310.2
  745.0   2643   11.2    6.2     71   8.04    149      6  309.3  334.2  310.8
  734.0   2768   10.6    5.6     71   7.83    151      8  310.0  334.3  311.4
  727.0   2848   10.4    1.4     54   5.86    152      8  310.6  329.1  311.7
  714.0   2998    9.4   -0.2     51   5.30    155     10  311.1  328.0  312.1
  708.0   3069    9.0   -1.0     50   5.05    153     10  311.4  327.5  312.4
  700.0   3163    8.0    0.0     57   5.50    150     10  311.3  328.7  312.4
  682.0   3377    6.2    3.0     80   7.01    124     10  311.6  333.7  312.9
  671.0   3511    6.8   -6.2     39   3.60    107     10  313.8  325.5  314.4
  664.0   3597    6.2   -6.8     39   3.48     97     10  314.0  325.4  314.7
  663.0   3609    6.1   -6.2     41   3.64     95     10  314.0  326.0  314.7
  654.0   3721    5.2   -0.8     65   5.55    112     10  314.3  332.1  315.3
  648.0   3796    6.2   -9.8     31   2.82    124     11  316.2  325.6  316.8
  640.0   3898    5.5   -9.4     33   2.94    140     11  316.6  326.4  317.1
  612.0   4262    3.0   -8.0     44   3.44    110     12  317.7  329.2  318.4
  604.0   4368    3.0  -13.0     30   2.34    101     13  318.9  326.9  319.4
  594.0   4503    2.3  -15.8     25   1.88     90     13  319.6  326.2  320.0
  590.0   4558    2.0  -17.0     23   1.72     90     12  319.9  325.9  320.2
  574.0   4779    0.0  -10.0     47   3.13     90     10  320.1  330.7  320.7
  572.0   4806   -0.2   -9.7     49   3.23     90     10  320.2  331.1  320.8
  555.0   5047   -2.1   -6.6     71   4.23     66      8  320.7  334.8  321.5
  551.0   5104   -2.4   -7.4     69   4.02     60      8  321.0  334.4  321.8
  531.0   5396   -3.9  -11.2     57   3.07     80     10  322.7  333.1  323.3
  502.0   5839   -6.1  -17.1     41   2.01     71     13  325.2  332.2  325.6
  500.0   5870   -6.3  -17.3     41   1.98     70     13  325.3  332.3  325.7
  492.0   5995   -7.2  -19.8     36   1.63     70     13  325.6  331.4  326.0
  464.0   6451  -10.7  -28.7     21   0.78     89     12  326.8  329.7  327.0
  455.0   6601  -11.7  -30.2     20   0.69     95     12  327.4  330.0  327.5
  445.0   6771  -12.9  -31.9     19   0.60     67     11  328.0  330.3  328.1
  437.0   6910  -13.7  -27.9     29   0.89     45     11  328.7  332.0  328.9
  427.0   7086  -14.7  -22.7     51   1.45     30     16  329.6  334.9  329.9
  420.0   7211  -15.1  -24.4     45   1.27     20     20  330.6  335.3  330.9
  400.0   7580  -16.3  -29.3     32   0.85     20     27  333.7  337.0  333.9
  358.0   8396  -21.3  -36.2     25   0.49     25     43  337.8  339.8  337.9
  336.0   8862  -24.1  -40.1     21   0.35     21     37  340.1  341.5  340.2
  300.0   9670  -31.9  -41.9     36   0.32     15     27  340.3  341.6  340.4
  299.0   9694  -32.1  -42.1     36   0.32     15     27  340.3  341.6  340.4
  291.0   9883  -33.4  -44.3     33   0.26     15     30  341.1  342.2  341.1
  266.0  10510  -37.8  -51.5     23   0.13     40     20  343.5  344.1  343.6
  255.0  10804  -39.9  -54.9     19   0.09     35      7  344.6  345.0  344.7
  250.0  10940  -41.1                          30      4  344.8         344.8
  244.0  11100  -42.4                         345      1  345.3         345.3
  233.0  11404  -44.8                         210      9  346.2         346.2
  204.0  12280  -51.9                         200     25  348.5         348.5
  200.0  12410  -52.9                         200     26  348.8         348.8
  177.0  13178  -60.0                         190     18  349.7         349.7
  168.0  13505  -63.0                         160     11  349.9         349.9
  163.0  13695  -64.7                         123     12  350.0         350.0
  160.0  13808  -65.3                         100     13  350.9         350.9
  153.0  14080  -66.7                          80     23  353.0         353.0
  150.0  14200  -67.3                          80     23  354.0         354.0
  138.0  14691  -71.0                         115     20  356.0         356.0
  125.0  15273  -75.4                         160     32  358.2         358.2
  123.0  15368  -76.1                         159     33  358.6         358.6
  118.0  15605  -76.9                         155     37  361.3         361.3
  106.0  16217  -79.1                          80     27  368.4         368.4
  105.0  16271  -79.3                          75     24  369.1         369.1
  101.0  16493  -76.8                          30     11  378.1         378.1
  100.0  16550  -76.1                          15     10  380.4         380.4
   96.0  16786  -76.7                         340      9  383.7         383.7
   92.3  17014  -77.3                         347      6  386.9         386.9
   91.0  17096  -77.0                         350      5  389.1         389.1
   87.0  17357  -75.8                         340     11  396.4         396.4
   86.5  17390  -75.7                         335     11  397.3         397.3
   85.1  17486  -72.9                         321     13  404.9         404.9
   82.0  17705  -72.9                         290     16  409.2         409.2
   74.0  18312  -72.8                         255     23  421.7         421.7
   70.0  18640  -72.7                         260     25  428.5         428.5
   66.7  18924  -72.7                         265     26  434.5         434.5
   60.1  19540  -71.1                         276     28  451.2         451.2
   58.0  19752  -68.6                         280     29  461.4         461.4
   57.4  19815  -67.9                         278     29  464.4         464.4
   52.0  20412  -66.8                         260     27  480.4         480.4
   50.9  20541  -66.5                         260     25  483.9         483.9
   50.0  20650  -64.7                         260     24  490.6         490.6
   42.3  21678  -59.7                         273     25  527.0         527.0
   41.0  21873  -59.4                         275     25  532.5         532.5
   37.0  22514  -58.4                         310     25  551.0         551.0
   36.1  22668  -58.1                         304     25  555.5         555.5
   30.9  23637  -60.9                         263     22  573.2         573.2
   30.0  23820  -60.5                         255     21  579.1         579.1
   28.8  24074  -58.9                         240     20  590.3         590.3
   27.0  24476  -60.4                         215     19  597.2         597.2
   26.6  24569  -60.7                         210     18  598.8         598.8
   24.0  25215  -58.6                         175      9  622.7         622.7
   23.0  25482  -57.7                          20     11  632.9         632.9
   22.0  25761  -56.8                         350     24  643.7         643.7
   20.0  26360  -54.9                         320     20  667.4         667.4
   19.4  26555  -54.5                         290     16  674.5         674.5
   19.0  26688  -54.3                         270     14  679.2         679.2
   17.8  27107  -53.5                         249     13  694.4         694.4
   17.0  27401  -54.3                         235     13  701.0         701.0
   15.9  27829  -55.5                         187     23  710.6         710.6
   15.6  27951  -56.1                         173     25  712.5         712.5
   14.8  28289  -50.3                         135     33  742.7         742.7
   14.4  28469  -48.7                         115     37  753.9         753.9
   14.0  28653  -49.6                          95     41  756.9         756.9
   13.3  28988  -51.3                                     762.3         762.3
</PRE><H3>Station information and sounding indices</H3><PRE>
                         Station identifier: WIII
                             Station number: 96749
                           Observation time: 190817/0000
                           Station latitude: -6.11
                          Station longitude: 106.65
                          Station elevation: 8.0
                            Showalter index: 0.10
                               Lifted index: -1.27
    LIFT computed using virtual temperature: -1.81
                                SWEAT index: 195.38
                                    K index: 29.80
                         Cross totals index: 21.00
                      Vertical totals index: 23.10
                        Totals totals index: 44.10
      Convective Available Potential Energy: 243.51
             CAPE using virtual temperature: 380.54
                      Convective Inhibition: -47.65
             CINS using virtual temperature: -39.05
                           Equilibrum Level: 283.42
 Equilibrum Level using virtual temperature: 281.81
                   Level of Free Convection: 834.32
             LFCT using virtual temperature: 842.47
                     Bulk Richardson Number: 251.89
          Bulk Richardson Number using CAPV: 393.64
  Temp [K] of the Lifted Condensation Level: 292.56
Pres [hPa] of the Lifted Condensation Level: 925.80
   Equivalent potential temp [K] of the LCL: 344.64
     Mean mixed layer potential temperature: 299.09
              Mean mixed layer mixing ratio: 15.59
              1000 hPa to 500 hPa thickness: 5757.00
Precipitable water [mm] for entire sounding: 46.13
</PRE>
<P>Description of the 
<A HREF="/upperair/columns.html">data columns</A>
or <A HREF="/upperair/indices.html">sounding indices</A>.

<P>
<FORM>
<INPUT CLASS="button" TYPE="button" VALUE=" Close this window " 
 onClick="window.close();">
<INPUT CLASS="button" TYPE="button" VALUE=" Select another map " 
 onClick="window.blur();">
</FORM>
<HR SIZE="1">
<I>Interested in graduate studies in atmospheric science?
Check out our program at the
<a href="http://www.uwyo.edu/atsc/howtoapply/"
target=_top>University of Wyoming
</a></I>
<HR SIZE="1"><FONT SIZE="-1">
Questions about the weather data provided by this site can be
addressed to <A HREF="mailto:ldoolman@uwyo.edu">
Larry Oolman (ldoolman@uwyo.edu)</A></FONT>
<HR SIZE="1">
<SCRIPT TYPE="text/javascript">
<!--
window.focus();
// -->
</SCRIPT>
</BODY>
</HTML>
