2022-04-14 12
<HTML>
<TITLE>University of Wyoming - Radiosonde Data</TITLE>
<BODY BGCOLOR="white">
<H2>96749 WIII Jakarta Observations at 00Z 14 Apr 2022</H2>
<PRE>
-----------------------------------------------------------------------------
   PRES   HGHT   TEMP   DWPT   RELH   MIXR   DRCT   SKNT   THTA   THTE   THTV
    hPa     m      C      C      %    g/kg    deg   knot     K      K      K 
-----------------------------------------------------------------------------
 1008.0      8   25.2   22.3     84  17.14    180      3  297.7  347.6  300.7
 1000.0     80   25.0   22.2     84  17.17    175      6  298.1  348.2  301.2
  999.0     89   25.0   22.2     84  17.19    174      6  298.2  348.4  301.3
  997.0    106   25.0   22.0     83  17.01    172      6  298.4  348.1  301.4
  992.0    151   26.2   21.2     74  16.26    167      6  300.0  347.9  303.0
  977.0    286   26.6   19.6     65  14.92    153      6  301.8  346.0  304.4
  943.0    597   24.4   19.2     73  15.10    120      5  302.6  347.5  305.3
  925.0    767   23.2   19.0     77  15.19    120      5  303.0  348.3  305.8
  899.0   1016   21.2   18.2     83  14.86    135      4  303.4  347.8  306.1
  850.0   1501   18.2   14.9     81  12.69    165      2  305.2  343.4  307.5
  807.0   1942   16.0   10.0     68   9.64    110      1  307.4  336.9  309.2
  792.0   2100   14.9    8.9     67   9.11     90      1  307.9  335.9  309.6
  772.0   2315   13.4    7.4     67   8.43    126      2  308.5  334.6  310.1
  764.0   2402   12.8    8.3     74   9.10    140      3  308.8  336.8  310.5
  746.0   2601   11.4   10.5     94  10.80    137      6  309.4  342.6  311.4
  737.0   2702   11.0    9.1     88   9.93    135      8  310.0  340.7  311.9
  711.0   3000    9.8    4.9     71   7.69    115     10  311.9  336.0  313.4
  702.0   3105    9.4    3.4     66   7.01    107     11  312.6  334.7  313.9
  700.0   3129    9.6    2.6     62   6.64    105     11  313.1  334.1  314.3
  696.0   3177    9.0    6.5     84   8.80    107     11  312.9  340.5  314.6
  683.0   3333    8.2    1.2     61   6.15    114      9  313.7  333.3  314.9
  677.0   3406    7.8    5.4     85   8.38    117      9  314.1  340.5  315.7
  662.0   3590    7.1    5.0     86   8.33    125      7  315.3  341.7  316.9
  647.0   3779    6.4    4.6     88   8.29    120      8  316.6  343.0  318.2
  615.0   4191    3.1    2.2     94   7.36    110     10  317.4  341.0  318.8
  594.0   4474    0.8    0.6     99   6.78    120      8  317.9  339.8  319.2
  593.0   4487    0.8    0.5     97   6.71    120      8  318.1  339.8  319.4
  577.0   4708    1.2   -2.0     79   5.76    116      7  321.0  339.9  322.1
  571.0   4792    0.8   -2.0     82   5.84    115      7  321.5  340.7  322.6
  560.0   4948    0.0   -1.9     87   5.98    114      9  322.4  342.1  323.5
  557.0   4991    0.4   -4.4     70   4.98    113     10  323.3  340.0  324.3
  533.0   5343   -1.3  -15.3     34   2.19    110     15  325.4  333.1  325.8
  530.0   5388   -1.5  -14.8     36   2.30    110     16  325.7  333.8  326.1
  520.0   5539   -2.1  -13.1     43   2.70    110     17  326.7  336.1  327.3
  514.0   5631   -2.3  -18.3     28   1.77    110     17  327.6  333.9  327.9
  510.0   5693   -2.7  -14.7     39   2.41    110     17  327.8  336.3  328.3
  500.0   5850   -3.5  -22.5     21   1.26    110     18  328.7  333.3  329.0
  498.0   5882   -3.7  -22.7     21   1.25    110     18  328.8  333.4  329.1
  473.0   6288   -6.9  -14.9     53   2.56    115     11  329.8  338.8  330.3
  462.0   6472   -7.9  -16.9     48   2.22    109     10  330.7  338.6  331.2
  456.0   6574   -8.3  -24.3     26   1.18    106      9  331.5  335.9  331.7
  455.0   6590   -8.4  -24.3     27   1.18    105      9  331.5  335.9  331.8
  437.0   6901  -10.7  -24.0     33   1.27     85      6  332.5  337.2  332.8
  408.0   7430  -14.5  -23.5     46   1.42    116      6  334.2  339.4  334.4
  404.0   7504  -14.9  -25.9     39   1.15    120      6  334.6  338.9  334.8
  400.0   7580  -15.3  -28.3     32   0.93    125      8  335.0  338.6  335.2
  389.0   7790  -17.0  -31.7     27   0.70    120     12  335.5  338.2  335.6
  387.0   7829  -17.3  -32.3     26   0.66    119     13  335.6  338.1  335.7
  382.0   7927  -17.9  -33.9     23   0.57    118     14  336.0  338.3  336.1
  373.0   8105  -19.3  -25.3     59   1.32    115     16  336.5  341.4  336.7
  346.0   8662  -21.5  -36.5     25   0.49    106     24  340.8  342.8  340.9
  339.0   8813  -21.7  -40.7     16   0.32    103     26  342.5  343.9  342.6
  330.0   9008  -23.5  -41.1     18   0.32    100     29  342.7  344.1  342.8
  300.0   9700  -29.7  -42.7     27   0.30    100     26  343.4  344.6  343.5
  275.0  10313  -35.3  -42.3     49   0.34     97     27  343.9  345.4  344.0
  256.0  10807  -39.4  -45.6     51   0.25     95     27  345.1  346.1  345.1
  250.0  10970  -40.7  -46.7     52   0.23     90     26  345.4  346.4  345.5
  239.0  11273  -43.1  -50.1     46   0.16     82     28  346.3  347.0  346.3
  234.0  11414  -44.3  -54.3     32   0.10     78     28  346.6  347.0  346.6
  224.0  11701  -46.8  -54.8     40   0.10     70     30  347.1  347.5  347.1
  214.0  12002  -49.4  -55.3     50   0.10     65     28  347.6  348.0  347.6
  210.0  12126  -50.5  -55.5     55   0.10     68     30  347.8  348.2  347.8
  200.0  12440  -53.1  -59.1     48   0.07     75     35  348.5  348.8  348.5
  195.0  12599  -54.4  -60.5     47   0.06     75     36  349.0  349.2  349.0
  163.0  13725  -63.7  -70.7     38   0.02     72     43  351.7  351.8  351.7
  150.0  14230  -67.1  -77.1     23   0.01     70     46  354.3  354.3  354.3
  145.0  14434  -67.1  -81.1     12   0.00     61     38  357.8  357.8  357.8
  139.0  14678  -68.9  -82.9     12   0.00     50     29  359.0  359.0  359.0
  132.0  14976  -71.0  -85.0     11   0.00     45     21  360.4  360.5  360.4
  113.0  15874  -77.6  -91.6      9   0.00    110     19  364.6  364.6  364.6
  102.0  16466  -81.9  -95.9      8   0.00     95     24  367.2  367.2  367.2
  100.0  16580  -82.7  -96.7      8   0.00    100     21  367.7  367.7  367.7
   96.0  16810  -80.5  -94.5      8   0.00     95     10  376.2  376.2  376.2
   94.5  16899  -79.7  -93.7      9   0.00    136      9  379.6  379.6  379.6
   91.0  17111  -81.3  -96.2      7   0.00    235      5  380.5  380.5  380.5
   87.2  17351  -83.1  -99.1      5   0.00    200      8  381.6  381.6  381.6
   84.3  17540  -81.1  -97.1      6   0.00    173     10  389.3  389.3  389.3
   82.0  17696  -82.0  -98.9      4   0.00    150     12  390.6  390.6  390.6
   79.2  17890  -83.1 -101.1      3   0.00    142     10  392.2  392.2  392.2
   74.0  18274  -79.1  -98.0      3   0.00    125      5  408.2  408.2  408.2
   73.2  18335  -78.5  -97.5      3   0.00    142      6  410.9  410.9  410.9
   70.0  18590  -78.7  -99.7      2   0.00    210      9  415.7  415.7  415.7
   66.0  18925  -78.2 -105.8      1   0.00    190     11  423.8  423.8  423.8
   65.2  18994  -78.1 -107.1      0   0.00    177     11  425.5  425.5  425.5
   60.0  19482  -73.5 -103.7      0   0.00     85     12  445.9  445.9  445.9
   54.0  20101  -67.8  -99.3      0   0.00     80     18  472.9  472.9  472.9
   52.0  20323  -65.7  -97.7      0   0.00     92     18  482.8  482.8  482.8
   50.0  20560  -66.3  -98.3      0   0.00    105     19  486.8  486.8  486.8
   49.0  20683  -66.2  -98.2      0   0.00     95     23  490.0  490.0  490.0
   47.0  20936  -65.9  -97.9      0   0.00     70     27  496.5  496.5  496.5
   44.0  21336  -65.5  -97.5      1   0.00    100     31  507.0  507.0  507.0
   43.0  21475  -65.3  -97.3      1   0.00     99     32  510.7  510.7  510.7
   40.8  21793  -67.5  -99.5      0   0.00     98     36  513.0  513.0  513.0
   36.0  22550  -66.1 -103.2      0   0.00     95     44  535.1  535.1  535.1
   35.2  22685  -65.9 -103.9      0   0.00                539.2  539.2  539.2
</PRE><H3>Station information and sounding indices</H3><PRE>
                         Station identifier: WIII
                             Station number: 96749
                           Observation time: 220414/0000
                           Station latitude: -6.11
                          Station longitude: 106.65
                          Station elevation: 8.0
                            Showalter index: 2.03
                               Lifted index: 0.67
    LIFT computed using virtual temperature: -0.04
                                SWEAT index: 200.81
                                    K index: 29.60
                         Cross totals index: 18.40
                      Vertical totals index: 21.70
                        Totals totals index: 40.10
      Convective Available Potential Energy: 115.64
             CAPE using virtual temperature: 193.30
                      Convective Inhibition: -91.24
             CINS using virtual temperature: -72.72
                           Equilibrum Level: 264.70
 Equilibrum Level using virtual temperature: 262.08
                   Level of Free Convection: 769.05
             LFCT using virtual temperature: 793.92
                     Bulk Richardson Number: 57.65
          Bulk Richardson Number using CAPV: 96.37
  Temp [K] of the Lifted Condensation Level: 292.34
Pres [hPa] of the Lifted Condensation Level: 906.44
   Equivalent potential temp [K] of the LCL: 346.90
     Mean mixed layer potential temperature: 300.68
              Mean mixed layer mixing ratio: 15.73
              1000 hPa to 500 hPa thickness: 5770.00
Precipitable water [mm] for entire sounding: 53.48
</PRE>
<P>Description of the 
<A HREF="/upperair/columns.html">data columns</A>
or <A HREF="/upperair/indices.html">sounding indices</A>.

<P>
<FORM>
<INPUT CLASS="button" TYPE="button" VALUE=" Close this window " 
 onClick="window.close();">
<INPUT CLASS="button" TYPE="button" VALUE=" Select another map " 
 onClick="window.blur();">
</FORM>
<HR SIZE="1">
<I>Interested in graduate studies in atmospheric science?
Check out our program at the
<a href="http://www.uwyo.edu/atsc/howtoapply/"
target=_top>University of Wyoming
</a></I>
<HR SIZE="1"><FONT SIZE="-1">
Questions about the weather data provided by this site can be
addressed to <A HREF="mailto:ldoolman@uwyo.edu">
Larry Oolman (ldoolman@uwyo.edu)</A></FONT>
<HR SIZE="1">
<SCRIPT TYPE="text/javascript">
<!--
window.focus();
// -->
</SCRIPT>
</BODY>
</HTML>
