2019-01-24 12
<HTML>
<TITLE>University of Wyoming - Radiosonde Data</TITLE>
<BODY BGCOLOR="white">
<H2>96749 WIII Jakarta Observations at 00Z 24 Jan 2019</H2>
<PRE>
-----------------------------------------------------------------------------
   PRES   HGHT   TEMP   DWPT   RELH   MIXR   DRCT   SKNT   THTA   THTE   THTV
    hPa     m      C      C      %    g/kg    deg   knot     K      K      K 
-----------------------------------------------------------------------------
 1010.0      8   25.2   23.7     91  18.67    210      2  297.5  351.8  300.8
 1000.0     94   25.4   22.7     85  17.72    260      6  298.6  350.3  301.7
  977.0    298   24.2   21.8     86  17.13    290     12  299.3  349.5  302.4
  944.0    600   22.4   20.4     88  16.27    315     21  300.5  348.4  303.4
  925.0    779   21.4   19.6     89  15.78    315     24  301.2  347.8  304.0
  880.0   1213   19.2   17.5     90  14.51    306     23  303.2  346.5  305.9
  850.0   1513   16.8   16.1     96  13.73    300     22  303.7  344.8  306.2
  836.0   1655   15.8   15.1     96  13.08    297     22  304.1  343.3  306.5
  808.0   1945   15.2   13.3     88  12.02    292     21  306.5  342.9  308.7
  753.0   2541   11.2    9.3     88   9.86    281     19  308.4  338.6  310.2
  722.0   2892   10.0    5.0     71   7.63    275     18  310.8  334.6  312.2
  700.0   3150   10.2    2.2     58   6.45    270     17  313.8  334.3  315.0
  692.0   3246   10.2    0.2     50   5.64    269     18  314.8  332.9  315.9
  661.0   3625    7.4    2.4     71   6.93    267     20  315.8  337.9  317.1
  639.0   3902    5.6   -0.2     66   5.92    265     22  316.8  335.9  317.9
  609.0   4294    3.0   -4.0     60   4.70    265     21  318.2  333.6  319.1
  594.0   4496    1.4   -2.2     77   5.51    265     21  318.6  336.5  319.6
  589.0   4564    0.8   -1.6     84   5.81    264     21  318.7  337.6  319.8
  583.0   4646    1.0   -3.3     73   5.17    263     21  319.9  336.8  320.9
  582.0   4660    1.0   -3.7     71   5.03    262     21  320.0  336.6  321.0
  581.0   4674    1.0   -5.0     64   4.56    262     21  320.2  335.3  321.0
  580.0   4688    1.0   -5.0     64   4.57    262     21  320.3  335.5  321.2
  579.0   4702    0.8   -0.8     89   6.27    262     21  320.2  340.7  321.4
  569.0   4842    1.2   -6.8     55   4.06    259     21  322.3  335.9  323.1
  567.0   4870    1.2   -8.8     47   3.49    259     21  322.6  334.4  323.3
  554.0   5056    0.0   -9.0     51   3.51    256     21  323.4  335.3  324.1
  551.0   5099   -0.2   -9.6     49   3.37    255     21  323.6  335.1  324.3
  521.0   5545   -2.5  -15.5     36   2.21    272     22  326.1  333.8  326.5
  506.0   5776   -4.3  -19.3     30   1.65    281     23  326.6  332.5  326.9
  500.0   5870   -4.9  -14.9     45   2.42    285     23  327.0  335.5  327.5
  492.0   5996   -5.7  -13.7     53   2.71    285     25  327.5  337.0  328.1
  480.0   6190   -6.9  -11.9     68   3.22    282     24  328.4  339.6  329.0
  405.0   7495  -15.3  -17.0     87   2.50    260     18  333.9  342.8  334.4
  400.0   7590  -15.9  -17.4     88   2.45    260     17  334.2  343.1  334.7
  382.0   7935  -18.5  -19.2     94   2.21    254     17  335.2  343.2  335.7
  317.0   9298  -27.9  -30.3     80   0.98    232     15  340.5  344.3  340.7
  300.0   9690  -31.1  -33.4     80   0.77    225     14  341.4  344.4  341.6
  291.0   9903  -32.8  -35.5     77   0.65    215     10  341.9  344.5  342.1
  279.0  10197  -35.2  -38.3     74   0.51    160      7  342.6  344.7  342.7
  257.0  10771  -39.9  -43.8     66   0.31    112     10  343.9  345.2  343.9
  256.0  10798  -40.1                         110     10  343.9         343.9
  250.0  10960  -41.5                         115     11  344.2         344.2
  234.0  11393  -45.2                         115     15  345.1         345.1
  200.0  12420  -54.1                          90     27  346.9         346.9
  186.0  12872  -57.9                          90     36  348.0         348.0
  153.0  14087  -68.2                         105     52  350.3         350.3
  150.0  14210  -69.3                         105     53  350.5         350.5
  149.0  14250  -69.9                         104     54  350.2         350.2
  130.0  15047  -75.5                          90     71  354.0         354.0
  118.0  15602  -76.4                          80     84  362.4         362.4
  101.0  16493  -77.8                          50     22  376.1         376.1
  100.0  16550  -77.9                          45     18  377.0         377.0
   96.0  16781  -79.3                         350      3  378.6         378.6
   91.0  17084  -81.2                         210     11  380.8         380.8
   90.1  17141  -81.5                         210     13  381.2         381.2
   85.9  17411  -78.9                         167     14  391.7         391.7
   82.0  17674  -79.3                         125     14  396.1         396.1
   77.0  18030  -79.9                         105      2  402.1         402.1
   73.0  18332  -80.3                         270      5  407.3         407.3
   70.0  18570  -80.7                          85      1  411.4         411.4
   69.6  18602  -80.7                          87      4  412.1         412.1
   66.0  18904  -78.1                         110     31  424.0         424.0
   65.4  18955  -77.7                         110     30  426.0         426.0
   60.0  19447  -78.2                         110     23  435.6         435.6
   56.7  19770  -78.5                          91     29  441.9         441.9
   54.0  20049  -76.2                          75     35  453.4         453.4
   53.6  20092  -75.9                          75     33  455.1         455.1
   52.1  20257  -71.7                          75     25  468.6         468.6
   51.0  20383  -71.4                          75     19  472.2         472.2
   50.0  20500  -71.1                          90     18  475.5         475.5
   48.0  20742  -70.6                         100     23  482.3         482.3
   45.2  21098  -69.9                          93     27  492.4         492.4
   44.0  21259  -69.1                          90     29  498.1         498.1
   42.0  21538  -67.7                         120     27  508.1         508.1
   40.0  21831  -66.3                         125     50  518.9         518.9
   39.2  21952  -65.7                         119     52  523.4         523.4
   38.0  22144  -62.6                         110     55  535.8         535.8
   36.5  22392  -58.7                         103     42  552.2         552.2
   34.0  22840  -57.5                          90     19  566.5         566.5
   33.0  23028  -57.1                          50      3  572.7         572.7
   31.0  23423  -56.0                         325      6  585.8         585.8
   30.0  23630  -55.5                         305     17  592.7         592.7
   29.5  23737  -54.7                         298     21  597.8         597.8
   28.0  24069  -54.9                         275     33  606.3         606.3
   26.0  24541  -55.1                         255     27  618.5         618.5
   20.8  25961  -55.9                         272     18  656.9         656.9
   20.0  26210  -55.1                         275     17  666.8         666.8
   19.0  26538  -54.7                         280     17  677.8         677.8
   18.0  26884  -54.3                         235     11  689.6         689.6
   17.5  27064  -54.1                         260     10  695.9         695.9
   17.0  27252  -53.1                         285      8  705.0         705.0
   16.0  27645  -50.9                         305     10  724.4         724.4
   15.4  27893  -49.5                         299     18  736.9         736.9
   15.0                                       295     24                     
</PRE><H3>Station information and sounding indices</H3><PRE>
                         Station identifier: WIII
                             Station number: 96749
                           Observation time: 190124/0000
                           Station latitude: -6.11
                          Station longitude: 106.65
                          Station elevation: 8.0
                            Showalter index: 0.11
                               Lifted index: -1.75
    LIFT computed using virtual temperature: -2.35
                                SWEAT index: 260.22
                                    K index: 29.80
                         Cross totals index: 21.00
                      Vertical totals index: 21.70
                        Totals totals index: 42.70
      Convective Available Potential Energy: 838.52
             CAPE using virtual temperature: 967.26
                      Convective Inhibition: -18.78
             CINS using virtual temperature: -13.98
                           Equilibrum Level: 164.90
 Equilibrum Level using virtual temperature: 163.55
                   Level of Free Convection: 869.56
             LFCT using virtual temperature: 875.41
                     Bulk Richardson Number: 78.72
          Bulk Richardson Number using CAPV: 90.80
  Temp [K] of the Lifted Condensation Level: 294.60
Pres [hPa] of the Lifted Condensation Level: 948.43
   Equivalent potential temp [K] of the LCL: 349.73
     Mean mixed layer potential temperature: 299.11
              Mean mixed layer mixing ratio: 17.32
              1000 hPa to 500 hPa thickness: 5776.00
Precipitable water [mm] for entire sounding: 56.26
</PRE>
<P>Description of the 
<A HREF="/upperair/columns.html">data columns</A>
or <A HREF="/upperair/indices.html">sounding indices</A>.

<P>
<FORM>
<INPUT CLASS="button" TYPE="button" VALUE=" Close this window " 
 onClick="window.close();">
<INPUT CLASS="button" TYPE="button" VALUE=" Select another map " 
 onClick="window.blur();">
</FORM>
<HR SIZE="1">
<I>Interested in graduate studies in atmospheric science?
Check out our program at the
<a href="http://www.uwyo.edu/atsc/howtoapply/"
target=_top>University of Wyoming
</a></I>
<HR SIZE="1"><FONT SIZE="-1">
Questions about the weather data provided by this site can be
addressed to <A HREF="mailto:ldoolman@uwyo.edu">
Larry Oolman (ldoolman@uwyo.edu)</A></FONT>
<HR SIZE="1">
<SCRIPT TYPE="text/javascript">
<!--
window.focus();
// -->
</SCRIPT>
</BODY>
</HTML>
