2021-01-20 12
<HTML>
<TITLE>University of Wyoming - Radiosonde Data</TITLE>
<BODY BGCOLOR="white">
<H2>96749 WIII Jakarta Observations at 00Z 20 Jan 2021</H2>
<PRE>
-----------------------------------------------------------------------------
   PRES   HGHT   TEMP   DWPT   RELH   MIXR   DRCT   SKNT   THTA   THTE   THTV
    hPa     m      C      C      %    g/kg    deg   knot     K      K      K 
-----------------------------------------------------------------------------
 1008.0      8   25.8   22.2     81  17.03    320      4  298.3  348.0  301.3
 1000.0     85   26.4   22.4     79  17.39    335      8  299.6  350.6  302.7
  995.0    129   26.2   22.1     78  17.15    335     10  299.8  350.2  302.9
  976.0    297   24.7   21.6     83  16.93    335     16  299.9  349.7  303.0
  925.0    765   20.6   20.1     97  16.29    325     17  300.4  348.3  303.3
  923.0    784   20.4   20.0     98  16.22    325     17  300.4  348.1  303.3
  850.0   1490   16.4   16.3     99  13.91    315     12  303.3  344.8  305.8
  781.0   2206   12.0   11.3     95  10.88    295     15  306.0  339.0  308.0
  763.0   2401   11.6   10.4     92  10.46    290     16  307.6  339.5  309.5
  707.0   3037   10.2    7.3     82   9.16    312     15  312.9  341.5  314.6
  700.0   3120   10.2    5.5     73   8.16    315     15  313.8  339.4  315.3
  689.0   3252   10.8    3.8     62   7.35    315     15  315.8  339.3  317.2
  661.0   3591    8.8    2.3     64   6.86    315     16  317.4  339.4  318.7
  592.0   4492    3.5   -1.8     68   5.68    285     12  321.3  340.0  322.4
  551.0   5078    0.0   -4.5     72   5.00    329     10  323.9  340.6  324.8
  550.0   5093   -0.1   -4.5     72   4.99    330     10  323.9  340.6  324.9
  530.0   5388   -1.8   -5.5     76   4.82    350      3  325.3  341.5  326.2
  516.0   5601   -3.1   -6.2     79   4.69    336      2  326.2  342.1  327.2
  510.0   5693   -3.0   -7.4     71   4.31    330      2  327.4  342.2  328.3
  503.0   5803   -2.9   -8.9     63   3.90    347      2  328.9  342.3  329.6
  500.0   5850   -3.1   -9.1     63   3.86    355      2  329.2  342.5  330.0
  491.0   5993   -4.3   -9.5     67   3.82      0      1  329.4  342.6  330.2
  473.0   6286   -6.9  -10.3     77   3.72    210      5  329.8  342.7  330.5
  455.0   6591   -9.5  -11.1     88   3.62    215      5  330.2  342.8  330.9
  421.0   7187  -13.1  -14.7     88   2.92    305      4  332.9  343.3  333.5
  404.0   7504  -15.0  -16.6     88   2.59     95     10  334.4  343.7  334.9
  400.0   7580  -15.5  -17.1     88   2.52     95     12  334.8  343.8  335.3
  386.0   7848  -17.7  -17.9     98   2.44     97     14  335.3  344.1  335.8
  354.0   8491  -21.1  -24.1     77   1.55    103     18  339.1  344.9  339.4
  334.0   8917  -24.7  -25.9     90   1.40    108     21  339.9  345.1  340.2
  315.0   9341  -27.7  -28.9     89   1.12    112     24  341.4  345.8  341.7
  309.0   9479  -28.3  -31.9     71   0.86    113     25  342.5  345.9  342.6
  300.0   9690  -29.9  -33.0     74   0.80    115     26  343.1  346.3  343.3
  284.0  10080  -33.1  -36.7     70   0.58    118     27  343.9  346.3  344.1
  270.0  10436  -35.3  -42.3     49   0.34    122     27  345.8  347.2  345.8
  256.0  10805  -38.6  -44.9     51   0.27    125     28  346.2  347.3  346.2
  250.0  10970  -40.1  -46.1     53   0.25    130     28  346.3  347.4  346.4
  245.0  11103  -41.3  -47.2     53   0.22    125     29  346.5  347.5  346.6
  224.0  11693  -46.6  -52.1     53   0.14    120     29  347.4  348.0  347.4
  214.0  11994  -49.3  -54.6     54   0.11    120     28  347.8  348.2  347.8
  205.0  12277  -51.8  -57.0     54   0.08    110     29  348.1  348.4  348.1
  200.0  12440  -53.3  -58.3     54   0.07    110     29  348.2  348.5  348.2
  195.0  12598  -54.6  -60.0     51   0.06    110     28  348.6  348.9  348.6
  178.0  13167  -59.5  -66.2     41   0.03     95     35  349.9  350.0  349.9
  153.0  14111  -67.5  -76.5     27   0.01     90     46  351.6  351.7  351.6
  150.0  14230  -68.5  -77.5     26   0.01     90     49  351.9  351.9  351.9
  146.0  14389  -70.0  -78.8     27   0.01     90     54  352.1  352.1  352.1
  132.0  14981  -75.5  -83.5     28   0.00     93     63  352.5  352.5  352.5
  125.0  15291  -77.5  -85.9     25   0.00     95     68  354.4  354.4  354.4
  114.0  15816  -80.9  -89.9     21   0.00     87     80  357.5  357.5  357.5
  112.0  15915  -81.5  -90.9     19   0.00     85     82  358.2  358.2  358.2
  109.0  16066  -82.5  -92.5     17   0.00     82     80  359.1  359.1  359.1
  107.0  16170  -81.9  -92.5     15   0.00     80     78  362.3  362.3  362.3
  100.0  16550  -79.5  -92.5     10   0.00     65     41  373.9  373.9  373.9
   96.0  16782  -79.6  -92.9     10   0.00     70     18  378.1  378.1  378.1
   91.0  17085  -79.7  -93.3      9   0.00    120     17  383.7  383.7  383.7
   86.0  17405  -79.8  -93.9      8   0.00    145      6  389.7  389.7  389.7
   82.0  17676  -79.9  -94.3      8   0.00    180     13  394.9  394.9  394.9
   78.0  17959  -80.0  -94.8      7   0.00    160     14  400.3  400.3  400.3
   75.0  18182  -80.1  -95.1      7   0.00    126     10  404.6  404.7  404.6
   74.0  18259  -78.7  -94.3      7   0.00    115      9  409.3  409.3  409.3
   70.3  18555  -73.1  -91.1      5   0.00     37      5  427.1  427.2  427.1
   70.0  18580  -72.5  -90.5      5   0.00     30      5  428.9  429.0  428.9
   66.0  18922  -74.8  -92.8      5   0.00      5      3  431.3  431.4  431.3
   63.7  19128  -76.1  -94.1      5   0.00     26      3  432.8  432.8  432.8
   57.0  19769  -75.7  -94.7      4   0.00     90      5  447.6  447.6  447.6
   56.5  19820  -75.7  -94.7      4   0.00     92      6  448.8  448.8  448.8
   54.0  20083  -73.7  -93.6      3   0.00    100     10  459.3  459.3  459.3
   53.8  20104  -73.5  -93.5      3   0.00     98     10  460.1  460.2  460.1
   51.4  20374  -68.5  -92.5      2   0.00     74     15  477.9  477.9  477.9
   50.0  20540  -66.5  -90.5      2   0.00     60     18  486.4  486.4  486.4
   49.0  20663  -66.1  -90.6      2   0.00     65     16  490.1  490.1  490.1
   44.4  21265  -64.3  -91.3      1   0.00     97     11  508.5  508.5  508.5
   44.0  21320  -64.4  -91.4      1   0.00    100     11  509.5  509.5  509.5
   42.0  21603  -65.0  -92.0      1   0.00     80      6  514.8  514.8  514.8
   40.0  21900  -65.7  -92.7      1   0.00    305      7  520.4  520.4  520.4
   38.0  22212  -66.4  -93.4      1   0.00    280     10  526.3  526.3  526.3
   35.0  22712  -67.5  -94.5      1   0.00    195     15  535.9  535.9  535.9
   34.0  22889  -67.9  -94.9      1   0.00    188     12  539.3  539.4  539.3
   33.0  23069  -67.4  -94.9      1   0.00    180      9  545.3  545.3  545.3
   32.0  23255  -66.9  -94.9      1   0.00    136      8  551.4  551.5  551.4
   31.0  23449  -64.9  -93.9      1   0.00     90      7  561.8  561.8  561.8
   30.0  23650  -62.9  -92.9      1   0.00     35     10  572.6  572.6  572.6
   28.0  24082  -55.8  -88.5      1   0.01      5     10  603.6  603.7  603.6
   27.8  24127  -55.1  -88.1      1   0.01    356     10  606.9  607.0  606.9
   27.0  24312  -55.6  -87.8      1   0.01    320      9  610.5  610.6  610.5
   26.0  24552  -56.3  -87.4      1   0.01    305     11  615.3  615.3  615.3
   25.0  24800  -57.0  -87.0      1   0.01    270     11  620.2  620.3  620.2
   24.0  25059  -57.7  -86.6      1   0.01    265     20  625.4  625.5  625.4
   23.2  25273  -58.3  -86.3      2   0.01                629.7  629.8  629.7
</PRE><H3>Station information and sounding indices</H3><PRE>
                         Station identifier: WIII
                             Station number: 96749
                           Observation time: 210120/0000
                           Station latitude: -6.11
                          Station longitude: 106.65
                          Station elevation: 8.0
                            Showalter index: 1.89
                               Lifted index: 0.10
    LIFT computed using virtual temperature: -0.26
                                SWEAT index: 221.61
                                    K index: 31.10
                         Cross totals index: 19.40
                      Vertical totals index: 19.50
                        Totals totals index: 38.90
      Convective Available Potential Energy: 494.58
             CAPE using virtual temperature: 575.40
                      Convective Inhibition: -3.10
             CINS using virtual temperature: -2.39
                           Equilibrum Level: 187.80
 Equilibrum Level using virtual temperature: 187.43
                   Level of Free Convection: 923.96
             LFCT using virtual temperature: 925.38
                     Bulk Richardson Number: 178.98
          Bulk Richardson Number using CAPV: 208.22
  Temp [K] of the Lifted Condensation Level: 294.06
Pres [hPa] of the Lifted Condensation Level: 934.93
   Equivalent potential temp [K] of the LCL: 349.57
     Mean mixed layer potential temperature: 299.78
              Mean mixed layer mixing ratio: 16.98
              1000 hPa to 500 hPa thickness: 5765.00
Precipitable water [mm] for entire sounding: 60.08
</PRE>
<P>Description of the 
<A HREF="/upperair/columns.html">data columns</A>
or <A HREF="/upperair/indices.html">sounding indices</A>.

<P>
<FORM>
<INPUT CLASS="button" TYPE="button" VALUE=" Close this window " 
 onClick="window.close();">
<INPUT CLASS="button" TYPE="button" VALUE=" Select another map " 
 onClick="window.blur();">
</FORM>
<HR SIZE="1">
<I>Interested in graduate studies in atmospheric science?
Check out our program at the
<a href="http://www.uwyo.edu/atsc/howtoapply/"
target=_top>University of Wyoming
</a></I>
<HR SIZE="1"><FONT SIZE="-1">
Questions about the weather data provided by this site can be
addressed to <A HREF="mailto:ldoolman@uwyo.edu">
Larry Oolman (ldoolman@uwyo.edu)</A></FONT>
<HR SIZE="1">
<SCRIPT TYPE="text/javascript">
<!--
window.focus();
// -->
</SCRIPT>
</BODY>
</HTML>
