2020-09-13 12
<HTML>
<TITLE>University of Wyoming - Radiosonde Data</TITLE>
<BODY BGCOLOR="white">
<H2>96749 WIII Jakarta Observations at 00Z 13 Sep 2020</H2>
<PRE>
-----------------------------------------------------------------------------
   PRES   HGHT   TEMP   DWPT   RELH   MIXR   DRCT   SKNT   THTA   THTE   THTV
    hPa     m      C      C      %    g/kg    deg   knot     K      K      K 
-----------------------------------------------------------------------------
 1011.0      8   25.0   22.4     86  17.20    210      6  297.2  347.2  300.3
 1000.0    108   24.4   21.0     81  15.93    185      5  297.6  343.9  300.4
  990.0    196   23.8   21.0     84  16.09    199      5  297.8  344.6  300.7
  980.0    285   23.4   20.3     83  15.55    212      5  298.3  343.6  301.0
  978.0    303   24.0   20.3     80  15.62    215      5  299.0  344.7  301.8
  973.0    347   25.4   20.4     74  15.77    224      5  300.9  347.4  303.7
  945.0    603   24.3   17.0     64  13.06    275      6  302.3  341.2  304.7
  937.0    678   24.0   16.0     61  12.35    267      5  302.7  339.6  305.0
  925.0    790   23.0   16.0     65  12.51    255      4  302.8  340.1  305.1
  882.0   1202   19.7   15.0     74  12.29    250      5  303.6  340.4  305.8
  850.0   1522   17.2   14.2     83  12.12    260      4  304.1  340.5  306.4
  823.0   1795   15.2   12.3     83  11.06    255      2  304.9  338.2  306.9
  794.0   2098   13.1   10.2     83   9.97      0      1  305.7  335.9  307.5
  766.0   2402   10.9    8.2     83   8.97     95      1  306.5  333.9  308.2
  765.0   2413   10.8    8.1     83   8.93     94      1  306.5  333.8  308.2
  754.0   2534   11.8    1.8     50   5.81     77      5  308.9  327.1  310.0
  745.0   2634   11.8   -3.2     35   4.07     64      8  309.9  323.0  310.7
  739.0   2702   11.3    3.1     57   6.53     55     10  310.1  330.6  311.3
  738.0   2713   11.2    4.2     62   7.05     56     10  310.1  332.2  311.5
  737.0   2724   11.0    6.0     71   8.02     57     10  310.0  334.9  311.5
  736.0   2736   10.8    6.8     76   8.49     58     10  309.9  336.3  311.5
  732.0   2781   11.6   -2.4     38   4.40     62      9  311.3  325.4  312.1
  730.0   2804   11.8   -9.2     22   2.62     64      9  311.8  320.4  312.2
  713.0   3001   11.8  -11.9     18   2.17     80      7  313.9  321.2  314.3
  711.0   3024   11.8  -12.2     17   2.12     79      7  314.1  321.3  314.5
  707.0   3071   11.6   -7.4     26   3.12     78      7  314.4  324.7  315.0
  702.0   3130   10.6   -0.4     46   5.32     76      8  313.9  331.0  314.9
  700.0   3154   10.4    0.4     50   5.66     75      8  314.0  332.1  315.0
  688.0   3297    9.9   -2.3     42   4.71     60      8  314.9  330.2  315.9
  668.0   3542    9.0   -7.0     32   3.40     97      6  316.6  327.9  317.3
  640.0   3894    5.7   -1.6     59   5.35    150      4  316.8  334.1  317.8
  639.0   3907    5.6   -1.4     61   5.43    146      4  316.8  334.4  317.8
  616.0   4204    3.1   -2.8     65   5.08     60      3  317.3  333.8  318.2
  594.0   4498    0.6   -4.2     70   4.75     45      7  317.7  333.3  318.6
  592.0   4525    0.4   -4.3     71   4.72     48      7  317.8  333.2  318.7
  564.0   4914    1.2  -25.8     11   0.83     86     13  323.1  326.2  323.3
  551.0   5101    0.0  -30.0      8   0.58    105     15  323.9  326.0  324.0
  531.0   5394   -1.8  -27.6     12   0.75    105     13  325.2  327.9  325.3
  511.0   5698   -3.6  -25.1     17   0.98     75     12  326.5  330.1  326.7
  500.0   5870   -4.7  -23.7     21   1.14     75     14  327.2  331.4  327.5
  486.0   6093   -6.5  -22.5     27   1.30     70     16  327.7  332.4  328.0
  474.0   6286   -7.7  -26.9     20   0.90     65     17  328.5  331.9  328.7
  415.0   7312  -14.3  -50.3      3   0.09    100     30  332.8  333.2  332.8
  400.0   7590  -16.5  -45.5      6   0.16    110     34  333.5  334.1  333.5
  389.0   7798  -18.3  -46.9      6   0.14    115     33  333.8  334.4  333.8
  370.0   8172  -21.5  -49.5      6   0.11    110     33  334.3  334.8  334.4
  362.0   8333  -22.9  -50.9      6   0.10    108     33  334.6  335.0  334.6
  339.0   8815  -23.1  -59.1      2   0.04    102     33  340.6  340.8  340.6
  300.0   9700  -29.9  -62.9      3   0.03     90     33  343.1  343.2  343.1
  254.0  10853  -40.1  -54.1     21   0.10     81     22  344.7  345.2  344.8
  250.0  10960  -41.1                          80     21  344.8         344.8
  234.0  11399  -44.5                          65     23  346.3         346.3
  200.0  12440  -52.5                          65     17  349.5         349.5
  177.0  13204  -59.3                          75     19  350.7         350.7
  150.0  14240  -68.5                          80     20  351.9         351.9
  139.0  14689  -72.9                          86     23  351.9         351.9
  125.0  15296  -75.9                          95     28  357.3         357.3
  108.0  16132  -80.1                          95     40  364.6         364.6
  107.0  16185  -79.5                          95     40  366.7         366.7
  101.0  16513  -75.9                          85     31  379.7         379.7
  100.0  16570  -75.3                          85     28  382.0         382.0
   93.1  16984  -76.7                         100     20  387.1         387.1
   91.0  17117  -75.1                         105     17  392.8         392.8
   89.9  17188  -74.3                         119     17  395.8         395.8
   87.0  17379  -74.7                         155     16  398.6         398.6
   82.0  17724  -75.5                         155     15  403.9         403.9
   78.0  18014  -75.5                          80      3  409.7         409.7
   76.0  18165  -75.5                          69      4  412.7         412.7
   73.5  18360  -74.5                          55      6  418.8         418.8
   72.1  18473  -70.3                          47      6  430.0         430.0
   71.0  18565  -69.8                          40      7  433.0         433.0
   70.0  18650  -69.3                          35      7  435.8         435.8
   67.0  18911  -68.6                           0      0  442.9         442.9
   66.7  18938  -68.5                          18      1  443.6         443.6
   64.0  19183  -70.2                         180     13  445.2         445.2
   59.8  19584  -72.9                         150     19  447.8         447.8
   56.1  19959  -71.7                         125     19  458.8         458.8
   52.0  20412  -65.8                          95     19  482.5         482.5
   51.9  20424  -65.7                          95     19  483.1         483.1
   50.0  20650  -65.1                          95     12  489.7         489.7
   45.6  21210  -65.3                          64      4  502.2         502.2
   45.0  21292  -64.5                          60      3  506.1         506.1
   43.0  21571  -61.7                         300      6  519.5         519.5
   42.0  21716  -60.3                         275     10  526.5         526.5
   41.0  21866  -60.3                         250     14  530.1         530.1
   37.0  22505  -60.4                         285     19  545.8         545.8
   35.0  22851  -60.4                         250     17  554.4         554.4
   34.0  23031  -60.4                         275     15  559.0         559.0
   30.0  23810  -60.5                         215     13  579.1         579.1
   28.9  24042  -61.1                         188     12  583.7         583.7
   28.0  24241  -59.9                         165     11  592.3         592.3
   25.0  24955  -55.6                         190     11  624.1         624.1
   24.0  25212  -54.1                         160      5  636.0         636.0
   23.9  25238  -53.9                         154      5  637.2         637.2
   23.0  25484  -53.8                         100      9  644.6         644.6
   22.0  25769  -53.6                          85      2  653.3         653.3
   21.0  26067  -53.5                          10      5  662.5         662.5
   20.0  26380  -53.3                         330     12  672.3         672.3
   18.2  26988  -52.7                         348     14  692.5         692.5
   18.0  27060  -52.4                         350     14  695.5         695.5
   17.0  27431  -51.1                         350     10  711.3         711.3
   16.0  27825  -49.6                          45     10  728.4         728.4
   15.9  27866  -49.5                          48     10  730.2         730.2
   15.0  28246  -50.3                          80     13  739.9         739.9
   14.3  28558  -50.9                          90     14  748.0         748.0
   14.0                                        95     15                     
</PRE><H3>Station information and sounding indices</H3><PRE>
                         Station identifier: WIII
                             Station number: 96749
                           Observation time: 200913/0000
                           Station latitude: -6.11
                          Station longitude: 106.65
                          Station elevation: 8.0
                            Showalter index: 1.99
                               Lifted index: 0.24
    LIFT computed using virtual temperature: -0.44
                                SWEAT index: 192.41
                                    K index: 26.10
                         Cross totals index: 18.90
                      Vertical totals index: 21.90
                        Totals totals index: 40.80
      Convective Available Potential Energy: 136.33
             CAPE using virtual temperature: 240.23
                      Convective Inhibition: -88.64
             CINS using virtual temperature: -71.19
                           Equilibrum Level: 347.08
 Equilibrum Level using virtual temperature: 345.47
                   Level of Free Convection: 820.52
             LFCT using virtual temperature: 833.39
                     Bulk Richardson Number: 23.62
          Bulk Richardson Number using CAPV: 41.61
  Temp [K] of the Lifted Condensation Level: 292.66
Pres [hPa] of the Lifted Condensation Level: 927.00
   Equivalent potential temp [K] of the LCL: 344.89
     Mean mixed layer potential temperature: 299.09
              Mean mixed layer mixing ratio: 15.69
              1000 hPa to 500 hPa thickness: 5762.00
Precipitable water [mm] for entire sounding: 41.73
</PRE>
<P>Description of the 
<A HREF="/upperair/columns.html">data columns</A>
or <A HREF="/upperair/indices.html">sounding indices</A>.

<P>
<FORM>
<INPUT CLASS="button" TYPE="button" VALUE=" Close this window " 
 onClick="window.close();">
<INPUT CLASS="button" TYPE="button" VALUE=" Select another map " 
 onClick="window.blur();">
</FORM>
<HR SIZE="1">
<I>Interested in graduate studies in atmospheric science?
Check out our program at the
<a href="http://www.uwyo.edu/atsc/howtoapply/"
target=_top>University of Wyoming
</a></I>
<HR SIZE="1"><FONT SIZE="-1">
Questions about the weather data provided by this site can be
addressed to <A HREF="mailto:ldoolman@uwyo.edu">
Larry Oolman (ldoolman@uwyo.edu)</A></FONT>
<HR SIZE="1">
<SCRIPT TYPE="text/javascript">
<!--
window.focus();
// -->
</SCRIPT>
</BODY>
</HTML>
