2019-06-28 12
<HTML>
<TITLE>University of Wyoming - Radiosonde Data</TITLE>
<BODY BGCOLOR="white">
<H2>96749 WIII Jakarta Observations at 00Z 28 Jun 2019</H2>
<PRE>
-----------------------------------------------------------------------------
   PRES   HGHT   TEMP   DWPT   RELH   MIXR   DRCT   SKNT   THTA   THTE   THTV
    hPa     m      C      C      %    g/kg    deg   knot     K      K      K 
-----------------------------------------------------------------------------
 1011.0      8   24.4   21.2     82  15.95    225      1  296.6  342.8  299.4
 1000.0    107   25.8   21.4     77  16.33    165      2  298.9  346.8  301.9
  998.0    125   26.0   21.4     76  16.37    153      2  299.3  347.3  302.2
  978.0    302   24.7   21.1     80  16.40     30      5  299.8  347.9  302.7
  964.0    429   23.8   20.9     84  16.43     59      4  300.1  348.4  303.0
  945.0    602   23.3   18.0     72  13.90    100      2  301.3  342.4  303.8
  925.0    789   22.8   14.8     61  11.57     85      6  302.6  337.1  304.7
  913.0    902   21.9   15.0     65  11.85     70      7  302.8  338.2  304.9
  882.0   1201   19.4   15.4     78  12.63     75      6  303.2  340.9  305.5
  875.0   1270   18.8   15.5     81  12.82     85      6  303.3  341.6  305.6
  850.0   1519   18.2   13.5     74  11.57    120      4  305.2  340.1  307.3
  823.0   1795   16.7    9.3     61   8.99    140      3  306.5  333.9  308.1
  799.0   2048   15.4    5.4     51   7.09     99      4  307.7  329.6  309.0
  766.0   2404   12.7    7.5     70   8.55     40      5  308.5  334.8  310.1
  755.0   2527   11.8    8.2     79   9.12     38      5  308.8  336.8  310.5
  746.0   2627   11.4    7.8     79   8.98     36      5  309.4  337.1  311.1
  733.0   2775   11.6    5.6     67   7.84     34      5  311.2  335.7  312.6
  716.0   2972   12.4   -3.6     33   4.11     31      5  314.1  327.5  314.9
  713.0   3007   12.1   -3.9     33   4.05     30      5  314.2  327.4  315.0
  700.0   3161   11.0   -5.0     32   3.78     75      4  314.6  327.0  315.4
  688.0   3304    9.9   -4.9     35   3.88     90      4  315.0  327.7  315.7
  664.0   3597    7.7   -4.7     41   4.08     90      5  315.7  329.1  316.5
  650.0   3773    6.4   -4.6     45   4.20     76      7  316.2  329.9  317.0
  640.0   3899    5.9   -8.8     34   3.08     65      9  317.0  327.3  317.6
  634.0   3976    5.6  -11.4     28   2.54     73      8  317.5  326.1  318.0
  594.0   4503    1.6  -12.6     34   2.47    130      4  318.8  327.2  319.3
  579.0   4709    0.0  -13.0     37   2.44     39      4  319.3  327.6  319.8
  572.0   4806   -0.4  -16.0     30   1.93    355      4  319.9  326.6  320.3
  551.0   5104   -1.7  -25.1     15   0.91    145      3  321.9  325.2  322.1
  547.0   5162   -1.9  -26.9     13   0.78    141      4  322.3  325.1  322.4
  500.0   5870   -4.7  -40.7      4   0.22     95     15  327.2  328.1  327.3
  492.0   5997   -5.1  -41.4      4   0.21     90     16  328.2  329.1  328.3
  467.0   6406   -6.5  -43.5      3   0.17    100     15  331.4  332.2  331.5
  456.0   6590   -7.7  -44.1      4   0.17    105     15  332.2  332.9  332.2
  400.0   7600  -14.5  -47.5      4   0.13     80     22  336.1  336.6  336.1
  389.0   7810  -15.6  -48.0      4   0.13     75     28  337.3  337.9  337.3
  380.0   7986  -16.5  -48.5      4   0.12     87     25  338.4  338.9  338.4
  359.0   8406  -19.5  -45.9      8   0.18    115     18  339.9  340.6  339.9
  337.0   8874  -22.9  -42.9     14   0.26    109     18  341.5  342.5  341.5
  306.0   9570  -29.7  -41.7     30   0.32    100     19  341.5  342.8  341.5
  305.0   9593  -29.9  -42.2     29   0.31    100     19  341.6  342.8  341.6
  300.0   9710  -30.7  -44.7     24   0.24    100     19  342.0  343.0  342.0
  298.0   9758  -31.1  -47.1     19   0.18     99     19  342.1  342.9  342.1
  284.0  10098  -33.9  -48.9     21   0.16     95     22  342.8  343.5  342.8
  278.0  10247  -35.3  -47.3     28   0.19     93     23  342.9  343.7  342.9
  276.0  10298  -35.9  -43.9     44   0.28     93     23  342.7  343.9  342.8
  272.0  10399  -36.9  -42.9     54   0.32     91     24  342.7  344.0  342.8
  268.0  10501  -37.5  -44.8     46   0.26     90     25  343.3  344.4  343.4
  252.0  10926  -39.9  -52.9     24   0.11     68     23  345.8  346.3  345.8
  250.0  10980  -40.5                          65     23  345.7         345.7
  235.0  11390  -44.0                          60     30  346.6         346.6
  200.0  12460  -53.1                          55     42  348.5         348.5
  167.0  13596  -62.7                          58     40  350.9         350.9
  154.0  14090  -66.2                          60     39  353.2         353.2
  150.0  14250  -67.3                          65     34  354.0         354.0
  132.0  15002  -72.2                         115     31  358.5         358.5
  119.0  15611  -76.1                         113     31  362.0         362.0
  108.0  16164  -79.7                         110     31  365.4         365.4
  107.0  16217  -79.5                         110     31  366.6         366.6
  102.0  16488  -78.8                          90     22  373.1         373.1
  100.0  16600  -78.5                          90     16  375.8         375.8
   92.4  17056  -76.9                         133      4  387.6         387.6
   92.0  17081  -77.1                         135      3  387.7         387.7
   87.0  17403  -79.2                         315      8  389.6         389.6
   86.4  17443  -79.5                         303      8  389.8         389.8
   83.0  17673  -79.6                         230      8  394.1         394.1
   78.0  18028  -79.8                         210     13  400.7         400.7
   76.1  18169  -79.9                         215     15  403.4         403.4
   70.0  18650  -76.3                         230     21  420.8         420.8
   67.0  18907  -73.9                         230     27  431.3         431.3
   64.0  19176  -71.4                         250     33  442.4         442.4
   59.3  19623  -67.3                         255     37  461.4         461.4
   53.0  20297  -67.1                         261     43  476.9         476.9
   51.0  20529  -64.3                         264     45  488.8         488.8
   50.0  20650  -64.1                         265     46  492.0         492.0
   46.6  21080  -64.7                         265     47  500.6         500.6
   44.4  21377  -61.7                         265     48  514.8         514.8
   43.0  21575  -62.2                         265     48  518.2         518.2
   41.4  21809  -62.9                         266     45  522.2         522.2
   35.0  22857  -59.5                         270     32  556.7         556.7
   34.0  23038  -59.0                         285     29  562.9         562.9
   30.4  23736  -56.7                         281     19  587.2         587.2
   30.0  23820  -56.7                         280     18  589.5         589.5
   28.0  24258  -56.4                         280     16  601.9         601.9
   25.0  24978  -56.0                         280     20  622.9         622.9
   24.2  25185  -55.9                         272     16  629.1         629.1
   23.0  25506  -57.3                         260     11  634.3         634.3
   22.0  25787  -58.5                         290     11  638.9         638.9
   21.8  25845  -58.7                         292     10  639.8         639.8
   21.0  26080  -58.5                         300      8  647.2         647.2
   20.9  26110  -58.5                         311      8  648.2         648.2
   20.4  26263  -55.3                           5     10  662.4         662.4
   20.0  26390  -54.3                          50     11  669.2         669.2
   19.1  26686  -52.5                          63     16  683.7         683.7
   19.0  26720  -52.5                          65     17  684.6         684.6
   18.0  27069  -52.7                          55     11  694.7         694.7
   17.0  27437  -52.9                         120      8  705.5         705.5
   15.1  28201  -53.3                         108     32  728.5         728.5
   14.2  28600  -49.7                         101     44  753.5         753.5
   14.0                                       100     47                     
</PRE><H3>Station information and sounding indices</H3><PRE>
                         Station identifier: WIII
                             Station number: 96749
                           Observation time: 190628/0000
                           Station latitude: -6.11
                          Station longitude: 106.65
                          Station elevation: 8.0
                            Showalter index: 2.16
                               Lifted index: -0.56
    LIFT computed using virtual temperature: -1.44
                                SWEAT index: 185.00
                                    K index: 20.40
                         Cross totals index: 18.20
                      Vertical totals index: 22.90
                        Totals totals index: 41.10
      Convective Available Potential Energy: 139.20
             CAPE using virtual temperature: 270.03
                      Convective Inhibition: -80.81
             CINS using virtual temperature: -46.39
                           Equilibrum Level: 257.62
 Equilibrum Level using virtual temperature: 257.07
                   Level of Free Convection: 775.77
             LFCT using virtual temperature: 813.81
                     Bulk Richardson Number: 156.13
          Bulk Richardson Number using CAPV: 302.88
  Temp [K] of the Lifted Condensation Level: 293.30
Pres [hPa] of the Lifted Condensation Level: 930.63
   Equivalent potential temp [K] of the LCL: 346.99
     Mean mixed layer potential temperature: 299.40
              Mean mixed layer mixing ratio: 16.26
              1000 hPa to 500 hPa thickness: 5763.00
Precipitable water [mm] for entire sounding: 39.92
</PRE>
<P>Description of the 
<A HREF="/upperair/columns.html">data columns</A>
or <A HREF="/upperair/indices.html">sounding indices</A>.

<P>
<FORM>
<INPUT CLASS="button" TYPE="button" VALUE=" Close this window " 
 onClick="window.close();">
<INPUT CLASS="button" TYPE="button" VALUE=" Select another map " 
 onClick="window.blur();">
</FORM>
<HR SIZE="1">
<I>Interested in graduate studies in atmospheric science?
Check out our program at the
<a href="http://www.uwyo.edu/atsc/howtoapply/"
target=_top>University of Wyoming
</a></I>
<HR SIZE="1"><FONT SIZE="-1">
Questions about the weather data provided by this site can be
addressed to <A HREF="mailto:ldoolman@uwyo.edu">
Larry Oolman (ldoolman@uwyo.edu)</A></FONT>
<HR SIZE="1">
<SCRIPT TYPE="text/javascript">
<!--
window.focus();
// -->
</SCRIPT>
</BODY>
</HTML>
