2020-08-05 12
<HTML>
<TITLE>University of Wyoming - Radiosonde Data</TITLE>
<BODY BGCOLOR="white">
<H2>96749 WIII Jakarta Observations at 00Z 05 Aug 2020</H2>
<PRE>
-----------------------------------------------------------------------------
   PRES   HGHT   TEMP   DWPT   RELH   MIXR   DRCT   SKNT   THTA   THTE   THTV
    hPa     m      C      C      %    g/kg    deg   knot     K      K      K 
-----------------------------------------------------------------------------
 1009.0      8   24.6   22.2     87  17.02    210      6  297.0  346.4  300.0
 1000.0     83   25.0   21.6     81  16.54    200      6  298.1  346.4  301.1
  976.0    296   24.5   20.4     78  15.71    135      6  299.8  345.9  302.6
  949.0    542   24.0   19.0     74  14.80    102     11  301.6  345.4  304.3
  943.0    598   23.8   18.6     72  14.47     95     12  302.0  344.9  304.6
  925.0    766   23.2   17.2     69  13.53    100     14  303.0  343.4  305.5
  850.0   1505   18.6   13.8     74  11.80     85      9  305.6  341.3  307.8
  821.0   1801   16.7   11.4     71  10.38    125      7  306.6  338.2  308.6
  785.0   2183   14.2    8.2     67   8.76     71      7  307.9  334.9  309.6
  765.0   2400   12.5    8.6     77   9.25     40      7  308.4  336.8  310.1
  746.0   2611   10.8    9.0     89   9.75     44      7  308.8  338.7  310.6
  738.0   2701   10.2    8.1     87   9.27     45      7  309.0  337.6  310.8
  715.0   2964    8.4    5.5     82   7.98     27     11  309.9  334.6  311.4
  712.0   2999    8.3    5.0     80   7.75     25     11  310.2  334.3  311.6
  700.0   3139    8.0    3.1     71   6.88     10     10  311.3  332.9  312.6
  695.0   3198    8.2    4.8     79   7.82     14     10  312.2  336.7  313.6
  679.0   3391    7.2    2.2     71   6.65     28      9  313.1  334.2  314.4
  670.0   3501    8.0   -3.0     46   4.60     36      9  315.2  330.2  316.1
  666.0   3550    7.8    1.8     66   6.59     40      8  315.6  336.6  316.8
  643.0   3839    6.2   -2.8     53   4.87     60      7  316.9  332.8  317.9
  638.0   3903    5.9   -2.9     53   4.86     65      7  317.2  333.1  318.2
  615.0   4200    4.2   -3.5     57   4.83     95      7  318.7  334.6  319.7
  593.0   4496    2.7   -4.1     61   4.80     60      6  320.2  336.1  321.1
  558.0   4989    0.0   -5.0     69   4.75     44     13  322.7  338.6  323.6
  550.0   5104   -0.7   -6.0     68   4.47     40     15  323.2  338.1  324.0
  500.0   5860   -5.5  -12.5     58   2.94     70     12  326.3  336.5  326.9
  489.0   6034   -6.7  -11.1     71   3.37     68     12  326.9  338.5  327.5
  473.0   6294   -7.3  -13.8     60   2.80     65     11  329.2  339.0  329.8
  469.0   6360   -7.5  -14.5     57   2.67     60     11  329.8  339.2  330.3
  455.0   6594   -9.7  -15.1     65   2.62     40     12  329.9  339.2  330.4
  433.0   6976  -13.3  -16.0     80   2.55     32     15  330.1  339.1  330.6
  429.0   7047  -13.9  -16.0     84   2.57     30     15  330.2  339.3  330.7
  426.0   7100  -14.1  -16.5     82   2.49     29     16  330.6  339.4  331.1
  423.0   7154  -12.7  -19.7     56   1.91     28     16  333.0  340.0  333.4
  404.0   7504  -13.4  -28.6     27   0.90     20     19  336.6  340.0  336.8
  400.0   7580  -13.5  -30.5     22   0.76     20     18  337.4  340.3  337.5
  399.0   7599  -13.5  -31.5     20   0.69     21     18  337.6  340.3  337.7
  372.0   8128  -16.7  -40.7     11   0.30     54     13  340.2  341.4  340.2
  359.0   8388  -18.9  -41.9     11   0.27     70     10  340.7  341.9  340.8
  331.0   8981  -23.9  -44.6     13   0.22     60      6  341.9  342.8  341.9
  300.0   9700  -29.9  -47.9     16   0.17     80     17  343.1  343.8  343.2
  280.0  10182  -34.0  -49.6     19   0.15     85     21  344.0  344.6  344.0
  254.0  10862  -39.9  -51.9     27   0.13     85     30  345.0  345.6  345.1
  250.0  10970  -40.9                          85     31  345.1         345.1
  224.0  11698  -47.2                          80     36  346.5         346.5
  200.0  12450  -53.7                          55     43  347.6         347.6
  183.0  13016  -58.5                          50     57  348.7         348.7
  169.0  13513  -60.6                          45     69  353.3         353.3
  163.0  13739  -61.5                          48     63  355.4         355.4
  150.0  14250  -65.9                          55     50  356.4         356.4
  126.0  15276  -75.5                          85     39  357.2         357.2
  119.0  15599  -77.3                          95     35  359.7         359.7
  113.0  15891  -79.0                         100     42  362.0         362.0
  100.0  16580  -82.9                          75     36  367.3         367.3
   99.4  16614  -83.1                          75     34  367.6         367.6
   97.1  16745  -82.1                          75     30  372.0         372.0
   96.0  16809  -79.2                          75     28  378.9         378.9
   95.6  16833  -78.1                          76     27  381.5         381.5
   91.0  17122  -76.7                          90     19  389.7         389.7
   87.0  17385  -75.4                         125     18  397.3         397.3
   82.0  17731  -73.7                         120     16  407.6         407.6
   78.0  18023  -72.2                          80     15  416.4         416.4
   74.0  18331  -70.7                          80      9  425.9         425.9
   72.4  18459  -70.1                         117      9  429.9         429.9
   71.0  18576  -70.6                         150      9  431.3         431.3
   70.0  18660  -70.9                         140      9  432.4         432.4
   67.0  18917  -72.0                         110     10  435.5         435.5
   64.0  19186  -73.1                         155     12  438.7         438.7
   62.0  19373  -73.9                         138     12  441.0         441.0
   61.0  19469  -72.9                         130     12  445.2         445.2
   58.0  19766  -69.8                          50     15  458.7         458.7
   57.5  19817  -69.3                          50     14  461.0         461.0
   55.1  20071  -69.7                          50     11  465.7         465.7
   55.0  20082  -69.5                          50     11  466.3         466.3
   52.0  20421  -65.0                         105     14  484.5         484.5
   51.2  20515  -63.7                         111     12  489.6         489.6
   50.0  20660  -63.7                         120     10  492.9         492.9
   47.0  21036  -64.5                         140     10  499.9         499.9
   43.4  21521  -65.5                          87     13  508.9         508.9
   40.6  21930  -60.5                          42     15  531.2         531.2
   39.0  22179  -60.3                          15     17  537.9         537.9
   37.0  22506  -60.0                         325      9  546.9         546.9
   36.7  22557  -59.9                         321      8  548.3         548.3
   35.0  22855  -57.4                         300      4  562.3         562.3
   34.0  23037  -55.9                         230     10  571.0         571.0
   33.9  23055  -55.7                         231     10  571.9         571.9
   31.0  23622  -55.7                         275     23  586.7         586.7
   30.0  23830  -55.7                         270     29  592.2         592.2
   28.0  24268  -55.9                         255     33  603.5         603.5
   25.0  24989  -56.2                         265     36  622.5         622.5
   23.7  25328  -56.3                         263     31  631.7         631.7
   22.0  25801  -56.1                         260     25  645.7         645.7
   21.5  25946  -56.1                         266     25  650.1         650.1
   20.3  26314  -52.9                         281     26  670.6         670.6
   20.0  26410  -52.5                         285     26  674.7         674.7
   19.0  26741  -52.5                         290     27  684.5         684.5
   16.0  27850  -52.7                         285     19  718.5         718.5
   13.1  29140  -52.9                         222     20  760.0         760.0
   13.0  29190  -52.8                         220     20  762.2         762.2
   12.0  29709  -51.2                         220     15  785.5         785.5
   11.6  29929  -50.5                                     795.5         795.5
</PRE><H3>Station information and sounding indices</H3><PRE>
                         Station identifier: WIII
                             Station number: 96749
                           Observation time: 200805/0000
                           Station latitude: -6.11
                          Station longitude: 106.65
                          Station elevation: 8.0
                            Showalter index: 0.88
                               Lifted index: -0.95
    LIFT computed using virtual temperature: -1.36
                                SWEAT index: 195.59
                                    K index: 33.00
                         Cross totals index: 19.30
                      Vertical totals index: 24.10
                        Totals totals index: 43.40
      Convective Available Potential Energy: 112.67
             CAPE using virtual temperature: 186.15
                      Convective Inhibition: -121.03
             CINS using virtual temperature: -94.95
                           Equilibrum Level: 418.67
 Equilibrum Level using virtual temperature: 415.26
                   Level of Free Convection: 771.08
             LFCT using virtual temperature: 790.81
                     Bulk Richardson Number: 13.03
          Bulk Richardson Number using CAPV: 21.54
  Temp [K] of the Lifted Condensation Level: 292.86
Pres [hPa] of the Lifted Condensation Level: 925.77
   Equivalent potential temp [K] of the LCL: 345.90
     Mean mixed layer potential temperature: 299.40
              Mean mixed layer mixing ratio: 15.90
              1000 hPa to 500 hPa thickness: 5777.00
Precipitable water [mm] for entire sounding: 50.19
</PRE>
<P>Description of the 
<A HREF="/upperair/columns.html">data columns</A>
or <A HREF="/upperair/indices.html">sounding indices</A>.

<P>
<FORM>
<INPUT CLASS="button" TYPE="button" VALUE=" Close this window " 
 onClick="window.close();">
<INPUT CLASS="button" TYPE="button" VALUE=" Select another map " 
 onClick="window.blur();">
</FORM>
<HR SIZE="1">
<I>Interested in graduate studies in atmospheric science?
Check out our program at the
<a href="http://www.uwyo.edu/atsc/howtoapply/"
target=_top>University of Wyoming
</a></I>
<HR SIZE="1"><FONT SIZE="-1">
Questions about the weather data provided by this site can be
addressed to <A HREF="mailto:ldoolman@uwyo.edu">
Larry Oolman (ldoolman@uwyo.edu)</A></FONT>
<HR SIZE="1">
<SCRIPT TYPE="text/javascript">
<!--
window.focus();
// -->
</SCRIPT>
</BODY>
</HTML>
