2021-07-21 12
<HTML>
<TITLE>University of Wyoming - Radiosonde Data</TITLE>
<BODY BGCOLOR="white">
<H2>96749 WIII Jakarta Observations at 00Z 21 Jul 2021</H2>
<PRE>
-----------------------------------------------------------------------------
   PRES   HGHT   TEMP   DWPT   RELH   MIXR   DRCT   SKNT   THTA   THTE   THTV
    hPa     m      C      C      %    g/kg    deg   knot     K      K      K 
-----------------------------------------------------------------------------
 1012.0      8   24.8   23.7     94  18.63    160      3  296.9  351.0  300.2
 1000.0    108   25.4   22.7     85  17.72    140      5  298.6  350.3  301.7
  988.0    215   25.6   20.8     75  15.92    151      6  299.8  346.6  302.6
  979.0    296   25.1   20.5     76  15.78    160      7  300.1  346.5  302.9
  946.0    599   23.2   19.4     79  15.24    205     10  301.1  346.1  303.9
  925.0    797   22.0   18.7     82  14.90    165      7  301.8  345.9  304.5
  883.0   1197   19.4   17.1     86  14.05    115      9  303.1  345.0  305.6
  850.0   1524   17.2   15.7     91  13.37    125      6  304.1  344.2  306.6
  837.0   1656   16.0   15.6     97  13.50    130      6  304.2  344.6  306.7
  794.0   2102   13.5   12.7     95  11.77    145      6  306.2  341.8  308.3
  740.0   2696   10.1    8.9     92   9.73     95      5  308.7  338.6  310.5
  714.0   2998    8.4    6.9     90   8.82     53      6  310.0  337.3  311.6
  700.0   3163    8.6    6.4     86   8.69     30      7  312.0  339.1  313.6
  688.0   3306    8.7    2.9     67   6.89     25      9  313.7  335.5  315.0
  681.0   3391    8.8    0.8     57   5.99     29      9  314.7  333.8  315.8
  640.0   3902    5.4    0.2     69   6.12     55      6  316.4  336.1  317.6
  638.0   3928    5.2    0.2     70   6.12     57      7  316.5  336.2  317.7
  617.0   4200    3.2   -5.5     53   4.15     75     12  317.2  330.9  318.0
  615.0   4226    3.0   -6.0     52   3.99     75     12  317.3  330.5  318.1
  585.0   4629    0.0   -3.0     80   5.27     68      9  318.4  335.6  319.4
  576.0   4753   -0.7   -7.7     59   3.74     66      8  319.0  331.4  319.7
  573.0   4795   -1.0   -8.3     57   3.58     65      8  319.1  331.1  319.8
  560.0   4978   -2.1  -11.1     50   2.94     70     11  319.9  329.8  320.5
  555.0   5049   -2.7  -12.7     46   2.61     71     13  320.0  328.9  320.5
  552.0   5092   -2.9  -13.9     42   2.38     72     13  320.3  328.4  320.7
  547.0   5164   -3.7   -5.9     85   4.53     74     15  320.1  335.1  321.0
  542.0   5236   -4.5   -5.7     91   4.64     76     16  320.0  335.4  320.9
  535.0   5339   -4.1  -12.1     54   2.84     79     18  321.7  331.4  322.2
  531.0   5398   -4.1  -12.1     54   2.86     80     19  322.4  332.2  322.9
  530.0   5413   -4.1  -12.1     54   2.87     80     19  322.6  332.4  323.1
  513.0   5669   -5.7  -12.7     58   2.82     80     21  323.6  333.3  324.2
  503.0   5823   -6.7  -13.7     57   2.65     80     22  324.2  333.4  324.8
  500.0   5870   -6.9  -14.9     53   2.42     80     22  324.6  333.0  325.0
  495.0   5948   -7.1  -22.1     29   1.32     81     23  325.2  330.0  325.5
  494.0   5964   -7.1  -26.1     20   0.93     81     23  325.4  328.9  325.6
  489.0   6043   -7.5  -12.1     70   3.11     81     23  325.9  336.6  326.5
  486.0   6091   -7.1  -16.1     49   2.25     82     24  327.0  334.9  327.4
  481.0   6171   -7.7  -12.7     67   3.01     82     24  327.2  337.6  327.8
  472.0   6318   -8.7  -17.7     48   2.03     83     25  327.7  334.9  328.1
  470.0   6351   -8.9  -20.9     37   1.55     83     25  327.9  333.4  328.2
  461.0   6500  -10.5  -13.6     78   2.92     84     26  327.7  337.9  328.3
  455.0   6600  -11.3  -12.3     92   3.29     85     27  327.9  339.3  328.6
  438.0   6890  -12.4  -16.8     70   2.37     85     31  330.1  338.4  330.5
  401.0   7561  -15.1  -27.1     35   1.04     90     35  335.0  339.0  335.2
  400.0   7580  -15.1  -27.1     35   1.04     90     35  335.3  339.2  335.5
  344.0   8695  -23.4  -38.8     23   0.39    105     42  338.7  340.3  338.8
  335.0   8891  -24.9  -40.9     21   0.32    104     42  339.3  340.6  339.4
  300.0   9680  -31.5  -37.5     55   0.51    100     40  340.9  342.9  341.0
  299.0   9704  -31.7  -36.7     61   0.55     99     40  340.9  343.1  341.0
  261.0  10655  -38.9  -46.9     43   0.22     78     47  343.8  344.8  343.9
  256.0  10787  -40.1  -47.6     44   0.20     75     48  344.0  344.9  344.1
  250.0  10950  -41.5  -48.5     47   0.19     75     51  344.2  345.0  344.3
  245.0  11084  -42.7  -49.3     49   0.18     75     51  344.4  345.2  344.4
  209.0  12137  -52.3  -55.3     70   0.10     67     59  345.4  345.9  345.4
  200.0  12420  -54.5  -59.0     57   0.07     65     61  346.3  346.6  346.3
  185.0  12906  -58.4  -63.9     50   0.04     60     68  347.8  347.9  347.8
  177.0  13182  -60.6  -66.6     45   0.03     60     71  348.5  348.7  348.5
  162.0  13734  -65.1  -72.1     37   0.01     60     76  350.0  350.0  350.0
  152.0  14120  -66.7  -79.7     14   0.00     60     79  353.6  353.7  353.6
  150.0  14200  -66.5  -80.5     12   0.00     60     80  355.3  355.4  355.3
  145.0  14405  -67.0  -82.8      9   0.00     65     73  357.9  357.9  357.9
  142.0  14531  -67.3  -84.3      7   0.00     67     69  359.6  359.6  359.6
  138.0  14698  -68.7  -85.4      7   0.00     70     63  360.1  360.1  360.1
  108.0  16130  -80.5  -94.5      8   0.00     85     53  363.9  363.9  363.9
  107.0  16183  -80.0  -94.0      9   0.00     85     52  365.8  365.8  365.8
  101.0  16513  -76.7  -90.7      9   0.00     65     36  378.3  378.3  378.3
  100.0  16570  -76.1  -90.1     10   0.00     65     35  380.4  380.4  380.4
   96.2  16796  -71.9  -88.9      6   0.00     37     18  392.9  392.9  392.9
   96.0  16808  -71.9  -88.9      6   0.00     35     17  393.1  393.1  393.1
   91.0  17123  -72.3  -89.9      6   0.00    285     10  398.3  398.3  398.3
   87.0  17387  -72.7  -90.7      5   0.00    225     16  402.7  402.7  402.7
   86.9  17394  -72.7  -90.7      5   0.00    225     16  402.9  402.9  402.9
   80.2  17868  -69.3  -91.3      3   0.00    247     23  419.2  419.2  419.2
   78.0  18034  -69.3  -90.9      3   0.00    255     26  422.5  422.5  422.5
   75.0  18268  -69.3  -90.3      3   0.00    270     31  427.3  427.3  427.3
   70.0  18680  -69.3  -89.3      4   0.00    250     25  435.8  435.8  435.8
   68.0  18853  -69.9  -89.3      4   0.00    260     25  438.2  438.2  438.2
   64.0  19214  -71.1  -89.3      5   0.00    275     29  443.1  443.1  443.1
   63.4  19270  -71.3  -89.3      5   0.00    274     30  443.9  443.9  443.9
   58.0  19810  -68.0                         260     40  462.8         462.8
   55.0  20132  -66.0                         255     30  474.4         474.4
   53.0  20357  -64.7                         250     25  482.6         482.6
   50.0  20710  -62.5                         255     22  495.8         495.8
   45.0  21364  -60.1                         270     14  516.7         516.7
   44.2  21475  -59.7                                     520.4         520.4
</PRE><H3>Station information and sounding indices</H3><PRE>
                         Station identifier: WIII
                             Station number: 96749
                           Observation time: 210721/0000
                           Station latitude: -6.11
                          Station longitude: 106.65
                          Station elevation: 8.0
                            Showalter index: -1.68
                               Lifted index: -2.98
    LIFT computed using virtual temperature: -3.52
                                SWEAT index: 222.41
                                    K index: 37.60
                         Cross totals index: 22.60
                      Vertical totals index: 24.10
                        Totals totals index: 46.70
      Convective Available Potential Energy: 648.12
             CAPE using virtual temperature: 771.05
                      Convective Inhibition: -41.83
             CINS using virtual temperature: -34.37
                           Equilibrum Level: 191.04
 Equilibrum Level using virtual temperature: 190.83
                   Level of Free Convection: 846.62
             LFCT using virtual temperature: 852.11
                     Bulk Richardson Number: 97.88
          Bulk Richardson Number using CAPV: 116.44
  Temp [K] of the Lifted Condensation Level: 293.47
Pres [hPa] of the Lifted Condensation Level: 931.38
   Equivalent potential temp [K] of the LCL: 347.58
     Mean mixed layer potential temperature: 299.51
              Mean mixed layer mixing ratio: 16.45
              1000 hPa to 500 hPa thickness: 5762.00
Precipitable water [mm] for entire sounding: 54.55
</PRE>
<P>Description of the 
<A HREF="/upperair/columns.html">data columns</A>
or <A HREF="/upperair/indices.html">sounding indices</A>.

<P>
<FORM>
<INPUT CLASS="button" TYPE="button" VALUE=" Close this window " 
 onClick="window.close();">
<INPUT CLASS="button" TYPE="button" VALUE=" Select another map " 
 onClick="window.blur();">
</FORM>
<HR SIZE="1">
<I>Interested in graduate studies in atmospheric science?
Check out our program at the
<a href="http://www.uwyo.edu/atsc/howtoapply/"
target=_top>University of Wyoming
</a></I>
<HR SIZE="1"><FONT SIZE="-1">
Questions about the weather data provided by this site can be
addressed to <A HREF="mailto:ldoolman@uwyo.edu">
Larry Oolman (ldoolman@uwyo.edu)</A></FONT>
<HR SIZE="1">
<SCRIPT TYPE="text/javascript">
<!--
window.focus();
// -->
</SCRIPT>
</BODY>
</HTML>
