2021-02-08 00
<HTML>
<TITLE>University of Wyoming - Radiosonde Data</TITLE>
<BODY BGCOLOR="white">
<H2>96749 WIII Jakarta Observations at 00Z 08 Feb 2021</H2>
<PRE>
-----------------------------------------------------------------------------
   PRES   HGHT   TEMP   DWPT   RELH   MIXR   DRCT   SKNT   THTA   THTE   THTV
    hPa     m      C      C      %    g/kg    deg   knot     K      K      K 
-----------------------------------------------------------------------------
 1007.0      8   26.2   23.8     87  18.84    300      4  298.8  353.9  302.1
 1000.0     70   26.0   23.6     87  18.74    300      6  299.1  354.1  302.5
  974.0    301   24.5   22.9     91  18.38    320     15  299.9  353.9  303.2
  925.0    755   21.6   21.4     99  17.69    315     21  301.4  353.7  304.6
  909.0    907   20.4   20.2     99  16.69    314     21  301.7  351.1  304.7
  893.0   1062   20.2   20.0     99  16.78    313     22  303.0  352.9  306.0
  886.0   1130   19.0   18.8     99  15.67    312     22  302.4  348.9  305.3
  850.0   1488   17.4   17.3     99  14.84    310     23  304.4  348.8  307.1
  829.0   1702   17.0   16.8     99  14.74    305     24  306.1  350.6  308.8
  827.0   1723   17.4   17.3     99  15.26    304     25  306.8  352.9  309.6
  823.0   1764   15.2   15.1     99  13.29    303     25  304.9  344.8  307.3
  791.0   2095   13.2   12.9     98  11.99    295     27  306.2  342.5  308.4
  763.0   2396   11.5   11.0     97  10.91    295     30  307.5  340.7  309.5
  710.0   2998    7.9    7.1     94   8.97    285     26  309.9  337.7  311.6
  700.0   3116    7.2    6.3     94   8.63    285     25  310.4  337.2  312.0
  695.0   3175    6.6    5.4     92   8.16    285     25  310.4  335.8  311.9
  579.0   4662    0.0   -1.4     90   6.00    285     23  319.3  338.9  320.5
  548.0   5102   -2.0   -3.0     93   5.63    285     23  322.0  340.6  323.1
  531.0   5354   -3.1   -3.9     94   5.43    277     20  323.6  341.6  324.6
  528.0   5399   -3.4   -4.1     94   5.36    275     19  323.8  341.7  324.9
  503.0   5783   -5.5   -6.2     95   4.81    275     19  325.7  341.9  326.7
  500.0   5830   -5.7   -6.5     94   4.73    275     19  326.0  342.0  327.0
  489.0   6004   -6.5   -7.4     93   4.51    272     19  327.1  342.4  328.0
  482.0   6117   -7.3   -8.4     92   4.23    269     19  327.5  341.9  328.3
  478.0   6182   -7.5  -10.1     82   3.73    268     19  328.0  340.9  328.8
  477.0   6198   -7.5  -12.5     67   3.09    268     19  328.2  338.9  328.8
  475.0   6231   -7.7  -13.7     62   2.81    267     19  328.4  338.2  328.9
  473.0   6264   -7.7  -10.4     81   3.68    267     19  328.8  341.5  329.5
  453.0   6596   -9.5  -11.9     82   3.41    260     19  330.6  342.5  331.3
  417.0   7234  -12.9  -14.8     86   2.93    283     14  334.1  344.6  334.7
  400.0   7550  -15.1  -16.6     88   2.63    295     11  335.3  344.7  335.8
  372.0   8088  -18.7  -20.4     86   2.03    300     18  337.6  345.1  338.0
  333.0   8909  -24.1  -26.3     82   1.35    276     21  341.0  346.1  341.3
  303.0   9588  -29.2  -31.9     77   0.88    255     24  343.2  346.6  343.4
  300.0   9660  -29.7  -32.5     77   0.84    250     23  343.4  346.7  343.6
  277.0  10227  -34.1  -37.6     71   0.55    239     21  345.0  347.2  345.1
  250.0  10940  -39.9  -43.3     70   0.33    225     18  346.6  348.0  346.7
  200.0  12410  -53.3  -57.5     60   0.08    165     13  348.2  348.6  348.2
  188.0  12808  -56.9  -60.9     60   0.06    155     15  348.6  348.9  348.6
  177.0  13188  -60.0  -65.9     46   0.03    145     17  349.7  349.8  349.7
  171.0  13406  -61.7  -68.7     39   0.02    135     23  350.2  350.3  350.2
  168.0  13515  -62.6  -69.5     39   0.02    130     26  350.5  350.6  350.5
  153.0  14088  -67.5  -73.6     41   0.01    105     31  351.7  351.7  351.7
  150.0  14210  -68.5  -74.5     42   0.01    105     31  351.9  351.9  351.9
  118.0  15578  -78.9  -86.2     30   0.00     75     46  357.6  357.7  357.6
  112.0  15876  -81.2  -88.7     28   0.00     75     58  358.8  358.8  358.8
  101.0  16466  -85.7  -93.7     23   0.00     75     78  360.9  360.9  360.9
  100.0  16520  -85.1  -93.1     24   0.00     75     78  363.1  363.1  363.1
   90.0  17114  -77.3  -88.1     17   0.00     40     18  389.7  389.7  389.7
   89.3  17159  -76.7  -87.7     16   0.00     22     17  391.8  391.8  391.8
   86.0  17374  -77.5  -87.2     20   0.00    295     12  394.4  394.4  394.4
   79.8  17803  -79.1  -86.1     31   0.00    241     14  399.6  399.6  399.6
   77.0  18007  -79.0  -86.0     31   0.00    215     15  403.9  403.9  403.9
   70.2  18534  -78.7  -85.7     31   0.00    205     12  415.4  415.4  415.4
   70.0  18550  -78.7  -85.7     31   0.00    205     12  415.7  415.7  415.7
   69.0  18634  -78.3  -85.4     31   0.00    200     12  418.3  418.4  418.3
   66.0  18892  -77.0  -84.4     30   0.00    130      5  426.6  426.6  426.6
   63.0  19162  -75.6  -83.3     29   0.01    355     11  435.3  435.4  435.3
   59.0  19543  -73.6  -81.8     28   0.01      0     10  447.9  448.0  447.9
   54.0  20057  -71.0  -79.8     26   0.01    270     12  465.5  465.6  465.5
   52.8  20187  -70.3  -79.3     26   0.01    252     12  470.0  470.1  470.1
   50.0  20510  -70.5  -78.5     30   0.02    210     12  476.9  477.1  476.9
   46.3  20966  -70.1  -78.1     30   0.02    150     18  488.5  488.6  488.5
   46.0  21005  -69.8  -78.0     30   0.02    145     19  490.1  490.3  490.1
   42.0  21556  -65.7  -76.0     22   0.03    115     10  513.3  513.5  513.3
   40.0  21851  -63.4  -74.9     20   0.04    160      4  526.1  526.4  526.1
   39.2  21973  -62.5  -74.5     18   0.04    201      4  531.5  531.8  531.5
   38.0  22166  -61.9  -74.4     17   0.04    265      4  537.7  538.0  537.7
   36.0  22501  -60.9  -74.2     16   0.05    160      2  548.6  549.0  548.6
   34.4  22782  -60.1  -74.1     14   0.05    168      3  558.0  558.4  558.0
   33.0  23040  -61.0  -74.6     15   0.05    175      3  562.3  562.7  562.3
   31.0  23427  -62.3  -75.4     16   0.04    225      4  568.9  569.2  568.9
   30.7  23487  -62.5  -75.5     16   0.04    221      4  569.9  570.3  569.9
   30.0  23630  -60.5  -75.5     12   0.05    210      4  579.1  579.5  579.1
   28.0  24057  -61.8  -85.1      3   0.01    275     10  587.2  587.2  587.2
   27.0  24282  -62.4  -90.2      1   0.00    265      6  591.4  591.5  591.4
   26.3  24444  -62.9  -93.9      1   0.00      6      5  594.5  594.6  594.5
   26.0  24515  -62.3  -90.9      1   0.00     50      5  598.3  598.3  598.3
   24.8  24808  -59.7  -78.7      7   0.03     75     10  613.8  614.1  613.8
   23.0  25276  -61.1  -88.6      2   0.01    115     18  622.9  623.0  622.9
   21.9  25580  -62.1  -95.1      1   0.00    108     16  628.9  628.9  628.9
   20.4  26018  -62.1  -95.1      1   0.00     98     13  641.7  641.8  641.7
   20.0  26140  -61.7  -94.7      1   0.00     95     12  646.6  646.6  646.6
   19.3  26361  -61.1  -94.1      1   0.00     98     15  655.1  655.1  655.1
   19.0  26460  -60.0  -93.3      1   0.00    100     17  661.4  661.4  661.4
   18.0  26800  -56.3  -90.8      1   0.01     90     30  683.5  683.6  683.5
   17.6  26942  -54.7  -89.7      1   0.01                692.8  692.9  692.8
</PRE><H3>Station information and sounding indices</H3><PRE>
                         Station identifier: WIII
                             Station number: 96749
                           Observation time: 210208/0000
                           Station latitude: -6.11
                          Station longitude: 106.65
                          Station elevation: 8.0
                            Showalter index: -2.20
                               Lifted index: -3.99
    LIFT computed using virtual temperature: -4.34
                                SWEAT index: 272.60
                                    K index: 39.50
                         Cross totals index: 23.00
                      Vertical totals index: 23.10
                        Totals totals index: 46.10
      Convective Available Potential Energy: 1662.91
             CAPE using virtual temperature: 1780.16
                      Convective Inhibition: -3.29
             CINS using virtual temperature: -2.95
                           Equilibrum Level: 139.03
 Equilibrum Level using virtual temperature: 138.07
                   Level of Free Convection: 922.33
             LFCT using virtual temperature: 923.27
                     Bulk Richardson Number: 94.88
          Bulk Richardson Number using CAPV: 101.57
  Temp [K] of the Lifted Condensation Level: 295.72
Pres [hPa] of the Lifted Condensation Level: 953.86
   Equivalent potential temp [K] of the LCL: 353.90
     Mean mixed layer potential temperature: 299.75
              Mean mixed layer mixing ratio: 18.45
              1000 hPa to 500 hPa thickness: 5760.00
Precipitable water [mm] for entire sounding: 64.15
</PRE>
<P>Description of the 
<A HREF="/upperair/columns.html">data columns</A>
or <A HREF="/upperair/indices.html">sounding indices</A>.

<P>
<FORM>
<INPUT CLASS="button" TYPE="button" VALUE=" Close this window " 
 onClick="window.close();">
<INPUT CLASS="button" TYPE="button" VALUE=" Select another map " 
 onClick="window.blur();">
</FORM>
<HR SIZE="1">
<I>Interested in graduate studies in atmospheric science?
Check out our program at the
<a href="http://www.uwyo.edu/atsc/howtoapply/"
target=_top>University of Wyoming
</a></I>
<HR SIZE="1"><FONT SIZE="-1">
Questions about the weather data provided by this site can be
addressed to <A HREF="mailto:ldoolman@uwyo.edu">
Larry Oolman (ldoolman@uwyo.edu)</A></FONT>
<HR SIZE="1">
<SCRIPT TYPE="text/javascript">
<!--
window.focus();
// -->
</SCRIPT>
</BODY>
</HTML>
