2016-03-21 00
<HTML>
<TITLE>University of Wyoming - Radiosonde Data</TITLE>
<BODY BGCOLOR="white">
<H2>96749 WIII Jakarta Observations at 00Z 21 Mar 2016</H2>
<PRE>
-----------------------------------------------------------------------------
   PRES   HGHT   TEMP   DWPT   RELH   MIXR   DRCT   SKNT   THTA   THTE   THTV
    hPa     m      C      C      %    g/kg    deg   knot     K      K      K 
-----------------------------------------------------------------------------
 1009.0      8   27.6   25.6     89  21.01    200      1  300.0  361.9  303.7
 1000.0     85   26.8   24.8     89  20.19    160      2  299.9  359.4  303.6
  976.0    302   25.6   24.6     94  20.41    220      1  300.8  361.2  304.5
  968.0    375   25.2   24.5     96  20.49    234      2  301.1  361.8  304.8
  956.0    486   24.8   23.6     93  19.63    254      5  301.8  360.0  305.3
  944.0    598   25.1   20.5     76  16.37    275      7  303.2  352.0  306.1
  939.0    645   25.2   19.2     69  15.15    278      7  303.8  349.0  306.5
  925.0    778   24.0   19.8     77  15.98    285      7  303.8  351.6  306.8
  901.0   1008   21.8   19.6     87  16.21    298      8  303.9  352.3  306.8
  851.0   1502   18.7   18.4     99  15.94    325      9  305.6  353.5  308.5
  850.0   1512   18.6   18.4     99  15.93    325     10  305.6  353.6  308.5
  794.0   2093   15.5   14.4     93  13.16    350      7  308.3  348.4  310.8
  766.0   2399   13.9   12.3     90  11.86     15      9  309.8  346.2  312.0
  761.0   2455   13.6   11.9     89  11.63     15      9  310.0  345.8  312.2
  743.0   2657   14.0   11.3     84  11.45     17     10  312.6  348.2  314.7
  700.0   3159   12.0    6.0     67   8.45     20     11  315.7  342.6  317.4
  699.0   3171   12.0    6.0     67   8.46     20     11  315.9  342.7  317.5
  664.0   3599    9.4    3.4     66   7.41     15     10  317.6  341.4  319.0
  646.0   3828    8.0    2.0     66   6.89     34      8  318.5  340.8  319.9
  644.0   3853    7.8    1.8     66   6.81     37      7  318.6  340.6  319.9
  641.0   3892    8.2   -0.8     53   5.65     40      7  319.4  337.9  320.5
  639.0   3918    8.4   -2.6     46   4.97     40      7  320.0  336.4  320.9
  618.0   4190    6.6   -2.4     53   5.22     35      3  321.0  338.2  322.0
  574.0   4791    2.5   -1.9     73   5.83    225      6  323.1  342.4  324.2
  553.0   5095    0.5   -1.7     85   6.17    230      4  324.1  344.6  325.3
  548.0   5169    0.0   -1.6     89   6.25    216      4  324.4  345.1  325.6
  535.0   5361   -1.5   -2.4     94   6.03    181      4  324.8  344.9  326.0
  533.0   5391   -1.5   -2.3     94   6.10    175      4  325.1  345.5  326.4
  518.0   5619   -1.1   -7.1     64   4.36    184      7  328.3  343.2  329.2
  500.0   5900   -3.1   -9.1     63   3.86    195     10  329.2  342.5  330.0
  476.0   6284   -5.5  -10.5     68   3.64    210     14  330.9  343.5  331.6
  459.0   6568   -7.3  -11.5     72   3.48    203     13  332.1  344.3  332.8
  427.0   7124  -10.5  -19.5     48   1.92    189     10  334.9  342.0  335.3
  407.0   7488  -12.8  -22.6     44   1.54    180      8  336.5  342.3  336.8
  400.0   7620  -13.7  -23.7     43   1.42    185      6  337.1  342.4  337.4
  391.0   7793  -14.8  -26.6     36   1.12    225      2  337.9  342.2  338.1
  385.0   7911  -15.5  -28.5     32   0.95    278      3  338.4  342.1  338.6
  376.0   8090  -16.7  -25.7     46   1.26      0      5  339.1  343.9  339.4
  372.0   8171  -17.3  -25.3     50   1.32    357      5  339.4  344.4  339.6
  371.0   8191  -17.5  -24.5     54   1.43    357      5  339.4  344.8  339.7
  370.0   8212  -17.5  -25.5     50   1.31    356      5  339.6  344.6  339.9
  369.0   8232  -17.3  -29.3     34   0.92    355      5  340.2  343.8  340.4
  368.0   8253  -17.3  -35.3     19   0.52    355      6  340.4  342.5  340.5
  367.0   8273  -17.5  -28.5     38   1.00    354      6  340.4  344.3  340.6
  361.0   8396  -18.5  -27.7     44   1.10    350      6  340.8  345.0  341.0
  347.0   8692  -20.8  -25.7     65   1.37    325      5  341.5  346.7  341.8
  345.0   8736  -21.1  -25.4     68   1.41    327      5  341.6  347.0  341.9
  333.0   8998  -22.5  -30.8     47   0.89    340      5  343.2  346.7  343.4
  328.0   9109  -23.1  -33.1     40   0.72    334      4  343.8  346.7  344.0
  320.0   9289  -24.5  -34.0     41   0.68    325      2  344.3  347.0  344.4
  307.0   9592  -27.0  -35.5     44   0.61    225      6  345.0  347.5  345.1
  300.0   9760  -28.3  -36.3     46   0.57    230      8  345.4  347.7  345.5
  298.0   9808  -28.7  -35.7     51   0.61    228      8  345.5  348.0  345.6
  284.0  10148  -31.5  -40.5     41   0.40    216     11  346.2  347.9  346.3
  276.0  10348  -33.3  -44.3     32   0.27    209     12  346.5  347.6  346.5
  271.0  10475  -34.5  -45.5     32   0.24    205     13  346.6  347.6  346.6
  267.0  10578  -35.1  -43.1     44   0.32    201     14  347.1  348.5  347.2
  250.0  11030  -38.3  -43.3     59   0.33    185     17  349.0  350.4  349.1
  244.0  11197  -39.9  -43.9     65   0.32    183     14  349.0  350.4  349.1
  237.0  11392  -41.5                         180     11  349.5         349.5
  217.0  11983  -46.5                         180     16  350.7         350.7
  200.0  12530  -51.1                         165     20  351.7         351.7
  180.0  13189  -56.7                         145     17  353.4         353.4
  164.0  13772  -61.6                         100     12  354.6         354.6
  150.0  14330  -66.3                          95     15  355.7         355.7
  141.0  14701  -69.7                          90     19  356.1         356.1
  134.0  14994  -71.5                          85     22  358.1         358.1
  127.0  15303  -73.4                          65     24  360.2         360.2
  121.0  15582  -75.1                          65     21  362.1         362.1
  115.0  15875  -76.9                         100     14  364.0         364.0
  109.0  16184  -78.8                         105     10  366.0         366.0
  103.0  16510  -80.8                           0      6  368.1         368.1
  100.0  16680  -81.9                         310      5  369.2         369.2
   93.2  17069  -84.2                         275      6  372.1         372.1
   89.2  17314  -85.7                           0      3  373.9         373.9
   88.2  17374  -84.8                         265      6  376.8         376.8
   83.6  17678  -80.4                          25      4  391.8         391.8
   83.5  17682  -80.3                          24      4  392.0         392.0
   79.1  17983  -82.0                         330     10  394.6         394.6
   75.9  18217  -83.3                         320     13  396.6         396.6
   70.0  18670  -80.9                         300     18  411.0         411.0
   67.3  18898  -79.9                         310     16  417.8         417.8
   63.8  19202  -78.6                         285     23  427.1         427.1
   58.5  19694  -76.5                         280     18  442.5         442.5
   55.3  20021  -73.1                         276     15  457.5         457.5
   50.0  20610  -74.7                         270     10  467.1         467.1
   49.0  20726  -75.6                         255      8  467.6         467.6
   48.9  20739  -75.7                         256      8  467.7         467.7
   46.5  21031  -76.0                         275     10  473.7         473.7
   46.1  21078  -76.1                         262     10  474.6         474.6
   44.3  21308  -74.9                         197     11  483.0         483.0
   42.1  21608  -68.9                         114     13  504.9         504.9
   41.9  21641  -68.9                         105     13  505.8         505.8
   37.8  22250  -68.5                          95     47  521.6         521.6
   37.6  22283  -68.5                          95     46  522.5         522.5
   36.0  22547  -62.7                          94     39  544.0         544.0
   34.9  22739  -60.1                          93     35  555.7         555.7
   30.0  23680  -60.3                          90     11  579.7         579.7
   29.6  23774  -60.4                          85     15  582.0         582.0
   28.1  24079  -60.6                          95     10  589.4         589.4
   26.9  24359  -60.9                         155     10  596.3         596.3
   26.8  24384  -60.6                         160     10  597.7         597.7
   25.2  24770  -56.7                         151     15  619.6         619.6
   24.3  24994  -57.4                         145     18  623.9         623.9
   22.8  25402  -58.7                         125     16  631.7         631.7
   22.1  25603  -58.1                         115     15  639.3         639.3
   21.0  25908  -57.1                         135     12  651.1         651.1
   20.1  26213  -56.1                          95     11  663.0         663.0
   20.0  26230  -56.1                         185      6  663.7         663.7
   19.1  26518  -54.8                         155      5  676.4         676.4
   18.2  26822  -53.4                         180      4  690.1         690.1
   17.6  27049  -52.3                          87      8  700.5         700.5
   17.4  27127  -52.4                          55     10  702.7         702.7
   16.6  27432  -52.6                          50      4  711.5         711.5
   16.2  27585  -52.7                                     715.9         715.9
</PRE><H3>Station information and sounding indices</H3><PRE>
                         Station identifier: WIII
                             Station number: 96749
                           Observation time: 160321/0000
                           Station latitude: -6.11
                          Station longitude: 106.65
                          Station elevation: 8.0
                            Showalter index: -1.27
                               Lifted index: -3.52
    LIFT computed using virtual temperature: -4.20
                                SWEAT index: 250.81
                                    K index: 34.10
                         Cross totals index: 21.50
                      Vertical totals index: 21.70
                        Totals totals index: 43.20
      Convective Available Potential Energy: 2046.78
             CAPE using virtual temperature: 2247.08
                      Convective Inhibition: -15.61
             CINS using virtual temperature: -7.79
                           Equilibrum Level: 126.09
 Equilibrum Level using virtual temperature: 126.06
                   Level of Free Convection: 904.58
             LFCT using virtual temperature: 914.64
                     Bulk Richardson Number: 723.13
          Bulk Richardson Number using CAPV: 793.90
  Temp [K] of the Lifted Condensation Level: 297.36
Pres [hPa] of the Lifted Condensation Level: 961.76
   Equivalent potential temp [K] of the LCL: 360.53
     Mean mixed layer potential temperature: 300.71
              Mean mixed layer mixing ratio: 20.27
              1000 hPa to 500 hPa thickness: 5815.00
Precipitable water [mm] for entire sounding: 63.91
</PRE>
<P>Description of the 
<A HREF="/upperair/columns.html">data columns</A>
or <A HREF="/upperair/indices.html">sounding indices</A>.

<P>
<FORM>
<INPUT CLASS="button" TYPE="button" VALUE=" Close this window " 
 onClick="window.close();">
<INPUT CLASS="button" TYPE="button" VALUE=" Select another map " 
 onClick="window.blur();">
</FORM>
<HR SIZE="1">
<I>Interested in graduate studies in atmospheric science?
Check out our program at the
<a href="http://www.uwyo.edu/atsc/howtoapply/"
target=_top>University of Wyoming
</a></I>
<HR SIZE="1"><FONT SIZE="-1">
Questions about the weather data provided by this site can be
addressed to <A HREF="mailto:ldoolman@uwyo.edu">
Larry Oolman (ldoolman@uwyo.edu)</A></FONT>
<HR SIZE="1">
<SCRIPT TYPE="text/javascript">
<!--
window.focus();
// -->
</SCRIPT>
</BODY>
</HTML>
