2022-12-15 00
<HTML>
<TITLE>University of Wyoming - Radiosonde Data</TITLE>
<BODY BGCOLOR="white">
<H2>96749 WIII Jakarta Observations at 00Z 15 Dec 2022</H2>
<PRE>
-----------------------------------------------------------------------------
   PRES   HGHT   TEMP   DWPT   RELH   MIXR   DRCT   SKNT   THTA   THTE   THTV
    hPa     m      C      C      %    g/kg    deg   knot     K      K      K 
-----------------------------------------------------------------------------
 1009.0      8   26.4   21.6     75  16.39    220      6  298.8  346.7  301.7
 1000.0     89   26.4   21.4     74  16.33    215     14  299.6  347.5  302.5
  976.0    302   25.3   19.7     71  15.05    225     20  300.6  344.9  303.3
  925.0    772   23.0   16.0     65  12.51    260     28  302.8  340.1  305.1
  912.0    896   22.5   15.1     63  11.98    260     28  303.5  339.4  305.7
  860.0   1412   20.4   11.4     56   9.94    260     21  306.5  336.7  308.3
  850.0   1514   19.6   11.6     60  10.19    260     20  306.7  337.7  308.5
  808.0   1949   15.6   12.6     82  11.47    267     13  306.9  341.7  309.0
  794.0   2096   14.8   11.7     82  11.02    270     10  307.6  341.1  309.6
  739.0   2700   11.5    8.2     80   9.31    340      4  310.3  339.1  312.1
  713.0   3001    9.8    6.4     79   8.53     40      4  311.7  338.3  313.3
  700.0   3156    9.0    5.5     79   8.16     40      3  312.4  338.0  314.0
  688.0   3298    8.2    4.7     78   7.82     80      4  313.1  337.7  314.6
  663.0   3602    6.7    2.8     77   7.13     55      7  314.7  337.3  316.0
  618.0   4179    3.6   -0.6     74   5.96     93      9  317.5  336.9  318.7
  616.0   4205    3.4   -0.7     75   5.96     95      9  317.6  336.9  318.8
  581.0   4677    0.0   -1.7     88   5.85     91     11  319.0  338.0  320.1
  572.0   4802   -0.5   -3.0     83   5.37     90     12  319.9  337.5  320.9
  520.0   5561   -3.3  -11.3     54   3.12    103     10  325.3  336.0  325.9
  511.0   5698   -4.1  -12.6     52   2.87    105     10  325.9  335.9  326.5
  500.0   5870   -5.1  -14.1     49   2.58     90     11  326.8  335.8  327.3
  494.0   5965   -5.9  -10.9     68   3.39     88     11  326.9  338.6  327.6
  470.0   6353   -7.3  -23.3     27   1.25     81     12  329.9  334.5  330.1
  463.0   6470   -7.7  -23.7     26   1.23     79     13  330.8  335.3  331.0
  454.0   6622   -8.9  -16.9     52   2.26     76     13  331.1  339.2  331.6
  432.0   7004  -11.3  -17.3     61   2.29     69     14  332.8  341.1  333.3
  421.0   7201  -12.3  -19.0     58   2.04     65     15  334.0  341.4  334.4
  415.0   7311  -12.9  -19.9     56   1.91     68     14  334.6  341.6  335.0
  409.0   7421  -13.5  -25.5     36   1.18     71     14  335.2  339.7  335.5
  400.0   7590  -14.7  -24.7     42   1.30     75     13  335.8  340.7  336.1
  389.0   7799  -16.2  -25.8     43   1.20     75     11  336.5  341.1  336.8
  370.0   8175  -18.9  -27.9     45   1.05     63     10  337.8  341.8  338.0
  360.0   8378  -20.7  -26.7     59   1.20     56     10  338.0  342.6  338.3
  359.0   8399  -20.9  -26.6     60   1.22     55     10  338.1  342.7  338.3
  352.0   8544  -21.9  -25.9     70   1.32     59     10  338.6  343.6  338.9
  344.0   8713  -23.1  -27.1     70   1.21     63     10  339.2  343.8  339.4
  342.0   8755  -23.5  -27.1     72   1.22     64     10  339.2  343.9  339.5
  338.0   8841  -23.9  -31.9     48   0.79     66     10  339.8  342.9  340.0
  336.0   8884  -24.1  -35.1     36   0.58     67     10  340.1  342.4  340.2
  304.0   9605  -29.6  -37.0     48   0.53     85     11  342.3  344.4  342.4
  300.0   9700  -30.3  -37.3     50   0.52     85     11  342.6  344.7  342.7
  286.0  10038  -33.1  -38.0     61   0.51     75     12  343.3  345.3  343.4
  280.0  10186  -34.3  -40.0     56   0.42     70     12  343.7  345.4  343.8
  263.0  10622  -37.7  -45.7     43   0.24     84     11  344.9  345.9  344.9
  256.0  10807  -39.3  -46.2     48   0.24     90     11  345.2  346.2  345.2
  250.0  10970  -40.7  -46.7     52   0.23     85     11  345.4  346.4  345.5
  235.0  11384  -44.2  -49.8     54   0.17     85     11  346.2  346.9  346.2
  224.0  11704  -47.0  -52.2     55   0.14     90     10  346.8  347.4  346.8
  214.0  12010  -49.6  -54.5     57   0.11     75     10  347.2  347.7  347.3
  213.0  12041  -49.9  -54.7     57   0.11     75     10  347.3  347.8  347.3
  205.0  12290  -52.1  -57.6     51   0.08     75      9  347.7  348.0  347.7
  200.0  12450  -53.5  -59.5     48   0.06     85      8  347.9  348.2  347.9
  186.0  12899  -57.4  -63.0     49   0.04     70     15  348.8  349.0  348.8
  150.0  14230  -69.1  -73.5     53   0.01     70     22  350.9  350.9  350.9
  139.0  14679  -73.1  -79.1     40   0.01     74     24  351.6  351.6  351.6
  125.0  15288  -78.2  -84.2     38   0.00     80     26  353.2  353.2  353.2
  119.0  15569  -80.5  -86.5     36   0.00     83     34  353.9  353.9  353.9
  101.0  16484  -83.3  -89.3     35   0.00     95     59  365.4  365.5  365.4
  100.0  16540  -83.5  -89.5     35   0.00     95     59  366.2  366.2  366.2
   96.0  16768  -83.5  -89.5     35   0.00     90     52  370.4  370.5  370.4
   95.5  16797  -83.5  -89.5     35   0.00     87     49  371.0  371.0  371.0
   93.3  16928  -80.3  -89.3     21   0.00     74     38  379.8  379.8  379.8
   91.0  17070  -78.6  -88.4     19   0.00     60     26  385.8  385.9  385.8
   90.3  17114  -78.1  -88.1     19   0.00     53     24  387.7  387.7  387.7
   86.0  17393  -78.4  -88.0     20   0.00     10     11  392.5  392.5  392.5
   82.0  17666  -78.8  -87.9     21   0.00    215      6  397.2  397.2  397.2
   80.4  17779  -78.9  -87.9     22   0.00    231      7  399.2  399.2  399.2
   77.0  18029  -77.3  -88.0     17   0.00    265      8  407.4  407.4  407.4
   73.0  18337  -75.4  -88.0     12   0.00    235      2  417.7  417.7  417.7
   70.4  18547  -74.1  -88.1     10   0.00    291      6  424.8  424.9  424.8
   70.0  18580  -73.9  -87.9     10   0.00    300      7  426.0  426.0  426.0
   66.0  18923  -73.9  -88.5      9   0.00    135      8  433.2  433.2  433.2
   63.9  19111  -73.9  -88.9      9   0.00     83     11  437.2  437.2  437.2
   63.0  19196  -73.0  -88.8      8   0.00     60     13  441.0  441.0  441.0
   60.0  19485  -69.9  -88.7      5   0.00     35     13  454.1  454.1  454.1
   57.0  19790  -66.6  -88.5      3   0.00     30      9  468.2  468.3  468.2
   56.9  19800  -66.5  -88.5      3   0.00     27      9  468.7  468.7  468.7
   54.0  20119  -64.4  -89.0      2   0.00    295      4  480.7  480.7  480.7
   52.6  20279  -63.3  -89.3      2   0.00    253      9  486.8  486.8  486.8
   52.0  20349  -63.3  -89.5      2   0.00    235     11  488.4  488.4  488.4
   50.0  20590  -63.3  -90.3      1   0.00    265      8  493.9  493.9  493.9
   49.0  20714  -63.3  -91.0      1   0.00    280     13  496.7  496.7  496.7
   45.0  21239  -63.4  -94.1      1   0.00    260     34  508.7  508.7  508.7
   42.1  21649  -63.5  -96.5      0   0.00    249     24  518.3  518.3  518.3
   40.0  21966  -60.9  -94.7      0   0.00    240     17  532.5  532.5  532.5
   39.4  22060  -60.1  -94.1      0   0.00    233     17  536.8  536.8  536.8
   32.3  23299  -61.5  -94.5      1   0.00    143     13  564.4  564.4  564.4
   30.0  23760  -59.3  -93.3      1   0.00    110     11  582.4  582.4  582.4
   27.4  24331  -56.5  -91.5      1   0.00     43     12  605.5  605.5  605.5
   26.0  24664  -56.5  -91.5      1   0.00      5     13  614.6  614.7  614.6
   25.0  24913  -56.5  -91.5      1   0.00    335     16  621.6  621.6  621.6
   24.0  25171  -56.5  -91.5      1   0.00    330     11  628.9  628.9  628.9
   22.0  25723  -56.5  -91.5      1   0.00    250      8  644.7  644.7  644.7
   21.3  25928  -56.5  -91.5      1   0.00                650.7  650.7  650.7
</PRE><H3>Station information and sounding indices</H3><PRE>
                         Station identifier: WIII
                             Station number: 96749
                           Observation time: 221215/0000
                           Station latitude: -6.11
                          Station longitude: 106.65
                          Station elevation: 8.0
                            Showalter index: 2.76
                               Lifted index: -0.30
    LIFT computed using virtual temperature: -0.76
                                SWEAT index: 190.21
                                    K index: 32.80
                         Cross totals index: 16.70
                      Vertical totals index: 24.70
                        Totals totals index: 41.40
      Convective Available Potential Energy: 70.96
             CAPE using virtual temperature: 120.33
                      Convective Inhibition: -147.26
             CINS using virtual temperature: -111.72
                           Equilibrum Level: 478.87
 Equilibrum Level using virtual temperature: 465.44
                   Level of Free Convection: 712.78
             LFCT using virtual temperature: 746.31
                     Bulk Richardson Number: 3.37
          Bulk Richardson Number using CAPV: 5.71
  Temp [K] of the Lifted Condensation Level: 291.89
Pres [hPa] of the Lifted Condensation Level: 905.23
   Equivalent potential temp [K] of the LCL: 345.23
     Mean mixed layer potential temperature: 300.32
              Mean mixed layer mixing ratio: 15.30
              1000 hPa to 500 hPa thickness: 5781.00
Precipitable water [mm] for entire sounding: 51.18
</PRE>
<P>Description of the 
<A HREF="/upperair/columns.html">data columns</A>
or <A HREF="/upperair/indices.html">sounding indices</A>.

<P>
<FORM>
<INPUT CLASS="button" TYPE="button" VALUE=" Close this window " 
 onClick="window.close();">
<INPUT CLASS="button" TYPE="button" VALUE=" Select another map " 
 onClick="window.blur();">
</FORM>
<HR SIZE="1">
<I>Interested in graduate studies in atmospheric science?
Check out our program at the
<a href="http://www.uwyo.edu/atsc/howtoapply/"
target=_top>University of Wyoming
</a></I>
<HR SIZE="1"><FONT SIZE="-1">
Questions about the weather data provided by this site can be
addressed to <A HREF="mailto:ldoolman@uwyo.edu">
Larry Oolman (ldoolman@uwyo.edu)</A></FONT>
<HR SIZE="1">
<SCRIPT TYPE="text/javascript">
<!--
window.focus();
// -->
</SCRIPT>
</BODY>
</HTML>
