2016-12-29 00
<HTML>
<TITLE>University of Wyoming - Radiosonde Data</TITLE>
<BODY BGCOLOR="white">
<H2>96749 WIII Jakarta Observations at 00Z 29 Dec 2016</H2>
<PRE>
-----------------------------------------------------------------------------
   PRES   HGHT   TEMP   DWPT   RELH   MIXR   DRCT   SKNT   THTA   THTE   THTV
    hPa     m      C      C      %    g/kg    deg   knot     K      K      K 
-----------------------------------------------------------------------------
 1009.0      8   26.2   22.6     81  17.45    230      6  298.6  349.6  301.7
 1000.0     88   25.4   21.6     80  16.54    245     10  298.6  346.9  301.5
  958.0    464   22.8   22.0     95  17.72    267     12  299.6  351.6  302.8
  925.0    769   21.2   19.8     92  15.98    285     14  301.0  348.1  303.9
  850.0   1501   17.0   15.2     89  12.94    280     17  303.9  342.7  306.3
  849.0   1511   17.0   15.2     89  12.96    280     17  304.0  342.8  306.4
  807.0   1943   15.8    8.8     63   8.88    271     17  307.2  334.4  308.9
  761.0   2438   13.6    7.7     67   8.74    260     17  310.0  337.1  311.7
  725.0   2847   11.8    6.8     71   8.62    263     18  312.4  339.4  314.0
  704.0   3093   10.8    2.8     58   6.69    265     18  313.9  335.2  315.2
  700.0   3140   10.8    1.8     54   6.27    265     18  314.4  334.4  315.6
  691.0   3248    9.6    4.6     71   7.75    265     18  314.2  338.8  315.7
  628.0   4035    5.2   -1.8     61   5.37    265     19  317.9  335.4  318.9
  622.0   4113    4.6   -1.4     65   5.58    265     19  318.1  336.3  319.2
  614.0   4218    4.4  -10.6     33   2.79    265     20  319.1  328.5  319.6
  598.0   4432    3.4  -20.6     15   1.25    265     20  320.3  324.8  320.6
  592.0   4514    3.0  -24.0     12   0.93    265     20  320.8  324.2  320.9
  589.0   4555    2.8  -24.2     12   0.92    265     20  321.0  324.4  321.2
  587.7   4572    2.6  -21.1     16   1.22    265     20  321.0  325.3  321.2
  581.0   4665    1.6   -4.4     64   4.78    267     21  320.9  336.7  321.8
  561.0   4946    0.0   -4.5     72   4.91    274     22  322.2  338.5  323.2
  544.6   5182   -1.1   -5.6     72   4.66    280     24  323.6  339.2  324.5
  519.0   5566   -2.9   -7.3     72   4.28    260     20  325.9  340.5  326.8
  500.0   5860   -4.9   -9.9     68   3.63    245     17  327.0  339.4  327.7
  485.1   6096   -6.4  -11.4     68   3.32    250     16  328.0  339.5  328.7
  457.0   6563   -9.3  -14.3     67   2.78    245     18  330.0  339.8  330.6
  431.1   7010  -12.7  -15.2     81   2.74    240     19  331.3  341.0  331.8
  419.0   7229  -14.3  -15.6     90   2.72    210     16  331.9  341.6  332.4
  400.0   7580  -16.3  -17.0     94   2.54    160     11  333.7  342.8  334.2
  381.9   7925  -18.4  -19.2     93   2.21    140      9  335.4  343.5  335.9
  366.5   8230  -20.2  -21.1     92   1.94     70     12  337.0  344.1  337.4
  345.0   8679  -22.9  -24.0     91   1.60     58     17  339.2  345.2  339.5
  323.6   9144  -25.8  -29.0     74   1.08     45     22  341.5  345.7  341.7
  307.0   9525  -28.1  -33.1     62   0.77     35     16  343.4  346.4  343.6
  300.0   9690  -29.5  -34.5     62   0.69     30     13  343.7  346.4  343.8
  272.6  10363  -35.1  -39.8     62   0.44     30     10  345.1  346.9  345.2
  251.0  10943  -39.9  -44.4     62   0.30     44     18  346.2  347.5  346.3
  250.0  10970  -40.1                          45     18  346.3         346.3
  249.9  10973  -40.1                          45     15  346.3         346.3
  200.0  12440  -53.7                          60     34  347.6         347.6
  150.0  14220  -69.3                          85     50  350.5         350.5
  149.0  14260  -69.7                          85     50  350.5         350.5
  135.0  14842  -74.5                          85     54  352.0         352.0
  126.1  15240  -74.9                          85     57  358.3         358.3
  125.0  15290  -74.9                          84     56  359.1         359.1
  107.5  16154  -78.7                          75     44  367.8         367.8
  100.0  16570  -80.5                         110     52  371.9         371.9
   96.0  16797  -82.1                         115     58  373.2         373.2
   88.7  17237  -85.1                         105     62  375.7         375.7
   86.0  17411  -83.7                          95     57  381.8         381.8
   77.0  18030  -78.9                          60     15  404.2         404.2
   75.3  18155  -77.9                         105     14  408.8         408.8
   74.0  18254  -78.3                         140     13  410.0         410.0
   70.0  18570  -79.5                         135     22  414.0         414.0
   66.0  18902  -80.2                         110     12  419.5         419.5
   64.2  19059  -80.5                         110     14  422.2         422.2
   62.4  19220  -78.7                         110     16  429.6         429.6
   60.0  19449  -72.1                         110     18  449.2         449.2
   58.8  19566  -68.7                         102     16  459.4         459.4
   57.0  19754  -67.2                          90     13  466.9         466.9
   54.6  20014  -65.1                         351      9  477.5         477.5
   54.0  20081  -65.0                         325      8  479.2         479.2
   50.0  20550  -64.5                         280     21  491.1         491.1
   49.0  20673  -64.8                         270     17  493.2         493.2
   48.1  20786  -65.1                         274     16  495.1         495.1
   44.0  21335  -63.2                         295     12  512.6         512.6
   40.0  21922  -61.1                         265     16  531.9         531.9
   38.9  22094  -60.5                         261     18  537.7         537.7
   36.0  22575  -60.9                         250     25  548.7         548.7
   35.0  22750  -61.0                         260     24  552.7         552.7
   32.1  23288  -61.5                         231     20  565.4         565.4
   32.0  23307  -61.4                         230     20  566.2         566.2
   30.0  23710  -58.7                         240     10  584.0         584.0
   29.0  23924  -58.2                         265      9  591.2         591.2
   28.5  24033  -57.9                         267     11  594.9         594.9
   25.0  24864  -57.2                         280     23  619.7         619.7
   23.0  25393  -56.7                         245     22  636.0         636.0
   21.0  25970  -56.2                         270     25  654.3         654.3
   20.0  26280  -55.9                         260     22  664.3         664.3
   19.6  26409  -55.5                         258     19  669.4         669.4
   19.0  26608  -54.7                         255     14  677.9         677.9
   18.0  26955  -53.3                         285      2  692.9         692.9
   17.2  27247  -52.1                                     705.7         705.7
</PRE><H3>Station information and sounding indices</H3><PRE>
                         Station identifier: WIII
                             Station number: 96749
                           Observation time: 161229/0000
                           Station latitude: -6.11
                          Station longitude: 106.65
                          Station elevation: 8.0
                            Showalter index: 0.91
                               Lifted index: -1.54
    LIFT computed using virtual temperature: -1.93
                                SWEAT index: 233.39
                                    K index: 28.10
                         Cross totals index: 20.10
                      Vertical totals index: 21.90
                        Totals totals index: 42.00
      Convective Available Potential Energy: 454.20
             CAPE using virtual temperature: 575.60
                      Convective Inhibition: -13.34
             CINS using virtual temperature: -10.62
                           Equilibrum Level: 180.66
 Equilibrum Level using virtual temperature: 177.35
                   Level of Free Convection: 876.26
             LFCT using virtual temperature: 890.09
                     Bulk Richardson Number: 70.70
          Bulk Richardson Number using CAPV: 89.59
  Temp [K] of the Lifted Condensation Level: 294.42
Pres [hPa] of the Lifted Condensation Level: 947.14
   Equivalent potential temp [K] of the LCL: 349.15
     Mean mixed layer potential temperature: 299.05
              Mean mixed layer mixing ratio: 17.15
              1000 hPa to 500 hPa thickness: 5772.00
Precipitable water [mm] for entire sounding: 54.44
</PRE>
<P>Description of the 
<A HREF="/upperair/columns.html">data columns</A>
or <A HREF="/upperair/indices.html">sounding indices</A>.

<P>
<FORM>
<INPUT CLASS="button" TYPE="button" VALUE=" Close this window " 
 onClick="window.close();">
<INPUT CLASS="button" TYPE="button" VALUE=" Select another map " 
 onClick="window.blur();">
</FORM>
<HR SIZE="1">
<I>Interested in graduate studies in atmospheric science?
Check out our program at the
<a href="http://www.uwyo.edu/atsc/howtoapply/"
target=_top>University of Wyoming
</a></I>
<HR SIZE="1"><FONT SIZE="-1">
Questions about the weather data provided by this site can be
addressed to <A HREF="mailto:ldoolman@uwyo.edu">
Larry Oolman (ldoolman@uwyo.edu)</A></FONT>
<HR SIZE="1">
<SCRIPT TYPE="text/javascript">
<!--
window.focus();
// -->
</SCRIPT>
</BODY>
</HTML>
