2021-01-14 12
<HTML>
<TITLE>University of Wyoming - Radiosonde Data</TITLE>
<BODY BGCOLOR="white">
<H2>96749 WIII Jakarta Observations at 00Z 14 Jan 2021</H2>
<PRE>
-----------------------------------------------------------------------------
   PRES   HGHT   TEMP   DWPT   RELH   MIXR   DRCT   SKNT   THTA   THTE   THTV
    hPa     m      C      C      %    g/kg    deg   knot     K      K      K 
-----------------------------------------------------------------------------
 1009.0      8   25.4   23.2     88  18.11    270      2  297.8  350.5  301.0
 1000.0     84   25.6   22.4     83  17.39    285      7  298.8  349.6  301.9
  976.0    298   24.0   21.6     87  17.01    310     11  299.3  349.1  302.3
  925.0    771   20.6   20.0     96  16.19    315     15  300.4  348.0  303.3
  885.0   1153   18.2   17.7     97  14.62    302     13  301.7  345.0  304.3
  870.0   1300   18.4   16.4     88  13.67    297     12  303.4  344.2  305.9
  850.0   1500   16.8   16.2     96  13.82    290     11  303.7  345.0  306.2
  837.0   1631   16.0   15.7     98  13.59    285     11  304.2  344.9  306.7
  815.0   1858   14.6   13.0     90  11.68    277     11  305.1  340.2  307.2
  814.0   1868   14.4   12.4     88  11.23    277     11  305.0  338.8  307.0
  806.0   1952   16.4    9.4     63   9.27    274     12  307.9  336.4  309.7
  780.0   2230   15.4    5.4     51   7.26    263     12  309.8  332.4  311.1
  745.0   2617   12.6    3.6     54   6.69    249     12  310.8  331.8  312.1
  732.0   2764   11.2    7.4     77   8.90    244     13  310.9  338.5  312.5
  700.0   3136    9.0    7.1     88   9.12    230     13  312.4  340.9  314.1
  662.0   3593    6.5    4.9     90   8.30    230     12  314.6  340.9  316.2
  615.0   4196    3.2    2.1     92   7.30    175     14  317.6  341.0  319.0
  572.0   4789    0.0   -0.7     95   6.40    159     11  320.4  341.3  321.7
  550.0   5102   -2.1   -2.4     98   5.88    150      9  321.5  340.9  322.7
  538.0   5279   -3.3   -3.3    100   5.61    132     10  322.1  340.6  323.2
  522.0   5519   -2.9   -5.3     84   4.97    108     10  325.4  342.1  326.4
  510.0   5703   -3.8   -7.3     76   4.36     90     11  326.5  341.3  327.4
  500.0   5860   -4.5   -9.0     71   3.89     90     14  327.5  340.8  328.3
  491.0   6003   -5.5  -10.2     69   3.61     85     14  328.0  340.4  328.7
  473.0   6295   -6.8  -11.3     70   3.42    115     12  329.8  341.7  330.5
  467.0   6394   -7.3  -11.7     71   3.36    114     13  330.5  342.2  331.1
  443.0   6802  -11.1  -11.6     96   3.57    109     16  330.7  343.1  331.4
  400.0   7580  -15.1  -17.1     85   2.52    100     22  335.3  344.4  335.8
  388.0   7809  -16.6  -20.5     72   1.94     80     19  336.2  343.4  336.6
  384.0   7887  -17.1  -21.7     67   1.77     75     19  336.6  343.1  336.9
  373.0   8102  -18.8  -22.6     72   1.68     60     18  337.1  343.4  337.5
  335.0   8895  -25.1  -25.8     94   1.40     80     19  339.0  344.3  339.3
  318.0   9272  -26.5  -30.8     67   0.93     89     19  342.2  345.8  342.4
  300.0   9690  -29.3  -35.3     56   0.64    100     20  344.0  346.5  344.1
  298.0   9738  -29.5  -36.5     51   0.57    100     20  344.3  346.6  344.5
  279.0  10196  -33.5  -39.4     56   0.45    105     24  345.1  346.9  345.1
  256.0  10795  -38.8  -43.2     64   0.33    100     31  345.8  347.2  345.9
  250.0  10960  -40.3  -44.2     66   0.30    100     31  346.0  347.3  346.1
  244.0  11125  -41.7  -45.3     68   0.28     98     31  346.3  347.5  346.4
  200.0  12440  -53.3  -59.3     48   0.06     85     33  348.2  348.5  348.2
  150.0  14220  -69.7  -77.7     30   0.01     75     45  349.8  349.9  349.8
  146.0  14375  -70.9  -79.0     29   0.01     75     44  350.5  350.6  350.5
  131.0  14995  -75.5  -84.2     25   0.00     70     55  353.2  353.3  353.2
  106.0  16207  -84.6  -94.3     17   0.00     75     65  358.0  358.0  358.0
  101.0  16483  -86.7  -96.6     16   0.00     80     69  359.0  359.0  359.0
  100.0  16540  -87.1  -97.1     15   0.00     75     70  359.2  359.2  359.2
   99.5  16567  -87.3  -97.3     15   0.00     75     71  359.3  359.3  359.3
   96.2  16751  -86.9  -96.9     15   0.00     75     72  363.6  363.6  363.6
   95.3  16803  -85.2  -95.9     14   0.00     75     72  367.9  367.9  367.9
   95.0  16821  -84.6  -95.6     13   0.00     75     72  369.4  369.4  369.4
   91.5  17030  -77.7  -91.7      9   0.00     84     47  387.1  387.1  387.1
   87.6  17282  -72.9  -87.9      9   0.00     95     17  401.5  401.5  401.5
   86.0  17389  -73.5  -88.3      9   0.00    100      5  402.4  402.5  402.4
   82.0  17665  -75.0  -89.5      9   0.00    160     13  404.8  404.8  404.8
   77.9  17963  -76.7  -90.7      9   0.00    140     11  407.3  407.4  407.3
   77.0  18030  -74.8  -90.6      7   0.00    135     11  412.7  412.7  412.7
   76.4  18075  -73.5  -90.5      6   0.00    109      9  416.3  416.3  416.3
   74.0  18263  -72.3  -89.3      6   0.00      5      2  422.6  422.6  422.6
   70.4  18556  -70.5  -87.5      7   0.00     18      2  432.5  432.5  432.5
   70.0  18590  -70.3  -87.3      7   0.00     20      2  433.7  433.7  433.7
   67.0  18849  -70.9  -88.3      6   0.00    285      6  437.8  437.8  437.8
   62.4  19271  -71.9  -89.9      5   0.00    259     12  444.6  444.6  444.6
   60.0  19499  -73.7  -91.4      5   0.00    245     16  445.5  445.5  445.5
   57.0  19798  -76.1  -93.3      5   0.00    220     16  446.6  446.6  446.6
   55.6  19942  -77.3  -94.3      5   0.00    200     11  447.2  447.2  447.2
   54.0  20112  -75.9  -93.4      5   0.00    135      3  454.2  454.2  454.2
   51.0  20445  -73.1  -91.7      5   0.00     20      4  468.2  468.2  468.2
   50.0  20560  -72.1  -91.1      4   0.00     25      5  473.2  473.2  473.2
   49.3  20643  -71.5  -91.5      4   0.00     27      5  476.5  476.5  476.5
   47.7  20840  -67.5  -90.5      3   0.00     33      7  490.6  490.6  490.6
   47.0  20930  -66.7  -89.9      3   0.00     35      7  494.6  494.6  494.6
   44.8  21221  -64.1  -88.1      2   0.00     17      8  507.7  507.7  507.7
   44.0  21331  -64.3  -88.3      2   0.00     10      9  509.7  509.7  509.7
   40.0  21912  -65.7  -89.7      2   0.00     55      8  520.4  520.4  520.4
   38.3  22177  -66.3  -90.3      2   0.00     72     11  525.4  525.4  525.4
   38.0  22225  -65.9  -90.2      2   0.00     75     12  527.6  527.7  527.6
   35.9  22573  -62.7  -89.7      2   0.00     23     16  544.5  544.5  544.5
   35.0  22729  -62.7  -89.4      2   0.00      0     18  548.4  548.5  548.4
   33.0  23092  -62.7  -88.8      2   0.00    340     14  557.7  557.8  557.7
   31.0  23478  -62.7  -88.1      2   0.01    350     12  567.8  567.8  567.8
   30.0  23680  -62.7  -87.7      2   0.01    295      6  573.1  573.2  573.1
   29.0  23888  -63.2  -88.2      2   0.01    190      4  577.2  577.3  577.2
   28.2  24059  -63.7  -88.7      2   0.01    167      5  580.6  580.6  580.6
   27.2  24280  -62.3  -89.3      2   0.01    136      7  590.5  590.6  590.5
   27.0  24326  -62.3  -89.3      2   0.01    130      7  591.7  591.7  591.7
   25.0  24798  -62.7  -89.0      2   0.01    110     25  603.7  603.7  603.7
   24.2  24998  -62.9  -88.9      2   0.01    104     25  608.8  608.9  608.8
   20.5  26025  -58.9  -87.9      1   0.01     74     26  650.5  650.6  650.5
   20.0  26180  -58.3  -85.3      2   0.01     70     26  657.0  657.1  657.0
   18.0  26844  -57.4  -78.8      5   0.04    115     25  680.0  680.5  680.1
   17.5  27022  -57.1  -77.1      6   0.06    117     27  686.4  687.0  686.4
   17.0  27205  -58.0  -77.5      7   0.06    120     30  689.2  689.8  689.2
   16.4  27431  -59.1  -78.1      7   0.06    114     37  692.7  693.3  692.8
   16.0  27588  -57.7  -78.0      6   0.06    110     41  702.2  702.8  702.2
   15.0  28000  -54.0  -77.8      4   0.06    100     52  727.5  728.1  727.5
   14.4  28260  -51.7  -77.7      3   0.07     94     55  743.8  744.5  743.8
   13.8  28537  -49.9  -75.9      3   0.09     88     58  759.0  760.0  759.1
   13.0  28927  -49.8  -75.8      3   0.10     80     62  772.5  773.6  772.6
   12.1  29397  -49.6  -75.6      3   0.11     80     68  789.0  790.3  789.1
   12.0  29451  -49.6  -75.6      3   0.11     80     68  791.0  792.2  791.0
   11.4  29787  -49.5  -75.5      3   0.12                803.0  804.4  803.1
</PRE><H3>Station information and sounding indices</H3><PRE>
                         Station identifier: WIII
                             Station number: 96749
                           Observation time: 210114/0000
                           Station latitude: -6.11
                          Station longitude: 106.65
                          Station elevation: 8.0
                            Showalter index: 0.41
                               Lifted index: -1.16
    LIFT computed using virtual temperature: -1.51
                                SWEAT index: 230.39
                                    K index: 35.60
                         Cross totals index: 20.70
                      Vertical totals index: 21.30
                        Totals totals index: 42.00
      Convective Available Potential Energy: 522.00
             CAPE using virtual temperature: 604.05
                      Convective Inhibition: -4.71
             CINS using virtual temperature: -3.77
                           Equilibrum Level: 186.45
 Equilibrum Level using virtual temperature: 179.67
                   Level of Free Convection: 917.68
             LFCT using virtual temperature: 922.10
                     Bulk Richardson Number: 74.70
          Bulk Richardson Number using CAPV: 86.45
  Temp [K] of the Lifted Condensation Level: 294.41
Pres [hPa] of the Lifted Condensation Level: 946.37
   Equivalent potential temp [K] of the LCL: 349.20
     Mean mixed layer potential temperature: 299.09
              Mean mixed layer mixing ratio: 17.14
              1000 hPa to 500 hPa thickness: 5776.00
Precipitable water [mm] for entire sounding: 59.24
</PRE>
<P>Description of the 
<A HREF="/upperair/columns.html">data columns</A>
or <A HREF="/upperair/indices.html">sounding indices</A>.

<P>
<FORM>
<INPUT CLASS="button" TYPE="button" VALUE=" Close this window " 
 onClick="window.close();">
<INPUT CLASS="button" TYPE="button" VALUE=" Select another map " 
 onClick="window.blur();">
</FORM>
<HR SIZE="1">
<I>Interested in graduate studies in atmospheric science?
Check out our program at the
<a href="http://www.uwyo.edu/atsc/howtoapply/"
target=_top>University of Wyoming
</a></I>
<HR SIZE="1"><FONT SIZE="-1">
Questions about the weather data provided by this site can be
addressed to <A HREF="mailto:ldoolman@uwyo.edu">
Larry Oolman (ldoolman@uwyo.edu)</A></FONT>
<HR SIZE="1">
<SCRIPT TYPE="text/javascript">
<!--
window.focus();
// -->
</SCRIPT>
</BODY>
</HTML>
