2021-01-03 12
<HTML>
<TITLE>University of Wyoming - Radiosonde Data</TITLE>
<BODY BGCOLOR="white">
<H2>96749 WIII Jakarta Observations at 00Z 03 Jan 2021</H2>
<PRE>
-----------------------------------------------------------------------------
   PRES   HGHT   TEMP   DWPT   RELH   MIXR   DRCT   SKNT   THTA   THTE   THTV
    hPa     m      C      C      %    g/kg    deg   knot     K      K      K 
-----------------------------------------------------------------------------
 1008.0      8   25.8   23.2     86  18.13    330      6  298.3  351.2  301.5
 1000.0     82   26.0   22.5     81  17.50    265      4  299.1  350.4  302.3
  984.0    225   25.8   21.9     79  17.13    248      9  300.3  350.8  303.4
  976.0    297   25.3   21.6     80  16.92    240     11  300.6  350.4  303.6
  943.0    600   23.3   20.2     83  16.05    250     14  301.5  349.0  304.4
  925.0    770   22.2   19.4     84  15.58    260     12  302.0  348.2  304.8
  911.0    902   21.3   18.8     86  15.25    265      9  302.4  347.7  305.2
  880.0   1201   19.2   17.5     90  14.52    265     14  303.3  346.6  305.9
  850.0   1500   17.2   16.2     94  13.82    280     12  304.1  345.5  306.7
  844.0   1561   17.0   16.0     94  13.74    277     12  304.6  345.7  307.1
  820.0   1804   15.9   14.2     90  12.53    265     12  305.9  343.7  308.2
  732.0   2764   11.4    6.9     74   8.60    247     13  311.1  337.8  312.7
  700.0   3136    9.8    5.7     76   8.27    240     13  313.3  339.3  314.9
  686.0   3303    9.0    5.1     77   8.11    230     10  314.2  339.8  315.8
  662.0   3598    7.6    4.1     79   7.83    200     12  315.9  340.8  317.4
  623.0   4100    5.2    2.4     82   7.36    194     11  318.6  342.4  320.1
  593.0   4501    2.6    0.8     88   6.88    190     10  320.1  342.5  321.4
  572.0   4794    0.7   -0.4     93   6.54    170      7  321.2  342.6  322.5
  565.0   4894    0.0   -0.8     94   6.43    146      7  321.6  342.6  322.8
  550.0   5111   -0.2   -3.0     81   5.59     95      7  323.7  342.3  324.8
  547.0   5155   -0.3   -3.5     79   5.43     94      7  324.2  342.3  325.2
  530.0   5407   -2.3   -4.0     89   5.41     90     10  324.7  342.7  325.7
  519.0   5574   -3.7   -4.3     96   5.39    116     11  325.0  343.0  326.0
  511.0   5698   -3.8   -5.8     86   4.90    135     11  326.3  342.9  327.3
  502.0   5838   -3.9   -7.4     77   4.39    143     14  327.9  342.8  328.7
  500.0   5870   -4.1   -7.8     75   4.28    145     15  328.0  342.6  328.8
  467.0   6404   -8.5   -9.1     95   4.14    124     18  329.0  343.2  329.8
  438.0   6898  -10.6  -13.5     79   3.10    105     21  332.4  343.3  333.0
  429.0   7058  -11.3  -14.9     75   2.82    107     21  333.5  343.5  334.1
  400.0   7590  -15.3  -17.6     83   2.41    115     20  335.0  343.7  335.5
  322.0   9193  -26.7  -30.3     72   0.96     96     16  340.7  344.4  340.9
  300.0   9700  -30.1  -36.1     56   0.59     90     15  342.8  345.2  343.0
  293.0   9868  -31.5  -39.5     45   0.42     90     18  343.2  344.9  343.3
  292.0   9892  -31.7  -39.9     44   0.41     90     18  343.3  344.9  343.4
  285.0  10063  -32.9  -42.9     36   0.31     88     19  343.9  345.2  344.0
  268.0  10493  -36.9  -41.2     64   0.39     82     22  344.2  345.8  344.2
  250.0  10970  -40.7  -44.9     64   0.28     75     26  345.4  346.6  345.5
  235.0  11380  -44.2  -48.9     59   0.19     65     27  346.3  347.1  346.3
  214.0  12001  -49.5  -54.9     53   0.10     75     33  347.5  347.9  347.5
  200.0  12450  -53.3  -59.3     48   0.06     70     35  348.2  348.5  348.2
  150.0  14230  -69.3  -75.3     41   0.01     70     37  350.5  350.6  350.5
  146.0  14391  -70.7  -76.7     41   0.01     70     41  350.8  350.9  350.8
  139.0  14676  -73.0  -79.6     36   0.01     70     47  351.8  351.8  351.8
  132.0  14977  -75.4  -82.6     32   0.00     65     53  352.7  352.7  352.7
  124.0  15340  -78.3  -86.3     27   0.00     65     56  353.8  353.8  353.8
  114.0  15816  -81.5  -90.5     21   0.00     65     61  356.4  356.4  356.4
  112.0  15915  -81.6  -90.8     20   0.00     65     62  358.1  358.1  358.1
  101.0  16494  -82.0  -92.9     15   0.00     85     53  367.9  367.9  367.9
  100.0  16550  -82.1  -93.1     14   0.00     85     52  368.9  368.9  368.9
   97.3  16706  -77.9  -91.9      9   0.00     82     39  379.9  379.9  379.9
   96.0  16783  -78.1  -92.1      9   0.00     80     33  381.0  381.0  381.0
   86.0  17412  -79.6  -93.6      9   0.00    135     26  390.2  390.2  390.2
   85.1  17472  -79.7  -93.7      9   0.00    133     25  391.1  391.1  391.1
   78.0  17969  -79.4  -93.4      9   0.00    120     17  401.6  401.6  401.6
   75.3  18170  -79.3  -93.3      9   0.00    100     12  405.9  405.9  405.9
   74.0  18270  -78.5  -92.7      9   0.00     90      9  409.6  409.6  409.6
   70.0  18590  -75.9  -90.9      8   0.00    305     10  421.7  421.7  421.7
   69.8  18607  -75.3  -91.3      7   0.00    303     10  423.3  423.3  423.3
   66.0  18929  -76.1  -92.1      7   0.00    255      8  428.4  428.4  428.4
   61.7  19316  -77.1  -93.1      6   0.00    230     11  434.5  434.5  434.5
   60.0  19478  -74.8  -93.1      4   0.00    220     12  443.2  443.2  443.2
   58.8  19595  -73.1  -93.1      3   0.00    196      9  449.5  449.5  449.5
   57.0  19778  -72.5  -92.8      3   0.00    160      5  454.8  454.8  454.8
   54.0  20095  -71.5  -92.3      3   0.00    225      6  464.1  464.2  464.1
   52.1  20306  -70.9  -91.9      3   0.00    231      5  470.4  470.4  470.4
   51.0  20433  -70.1  -92.1      3   0.00    235      4  475.3  475.3  475.3
   50.0  20550  -69.3  -92.3      2   0.00    275      2  479.8  479.8  479.8
   49.0  20672  -67.6  -91.9      2   0.00      0      1  486.6  486.6  486.6
   47.7  20834  -65.3  -91.3      2   0.00    358      4  495.8  495.8  495.8
   46.0  21056  -65.2  -90.7      2   0.00    355      8  501.2  501.2  501.2
   44.3  21285  -65.1  -90.1      2   0.00    325     15  506.9  506.9  506.9
   44.0  21327  -64.8  -90.3      2   0.00    320     16  508.7  508.7  508.7
   41.6  21672  -61.9  -91.9      1   0.00    305     17  524.0  524.0  524.0
   36.5  22478  -64.3  -97.3      0   0.00    271     18  537.8  537.8  537.8
   35.0  22736  -63.0  -96.0      0   0.00    260     19  547.5  547.5  547.5
   34.6  22806  -62.7  -95.7      0   0.00    253     19  550.2  550.3  550.2
   30.2  23640  -65.9  -97.9      0   0.00    174     17  563.4  563.4  563.4
   30.0  23680  -66.1  -98.1      0   0.00    170     17  563.9  563.9  563.9
   28.5  23990  -66.3  -98.3      0   0.00    147     21  571.6  571.7  571.6
   26.0  24552  -63.0  -95.5      1   0.00    105     27  596.2  596.2  596.2
   25.0  24793  -61.6  -94.3      1   0.00     85     30  607.0  607.0  607.0
   24.0  25043  -60.1  -93.1      1   0.00     80     32  618.4  618.4  618.4
   22.0  25586  -59.5  -92.0      1   0.00     70     35  635.7  635.7  635.7
   21.0  25876  -59.2  -91.5      1   0.00     60     29  645.1  645.2  645.1
   20.0  26180  -58.9  -90.9      1   0.01     60     27  655.1  655.2  655.1
   19.5  26339  -58.9  -89.9      1   0.01     64     28  659.9  660.0  659.9
   18.0  26846  -55.3  -87.9      1   0.01     75     33  686.6  686.7  686.6
   17.7  26952  -54.5  -87.5      1   0.01                692.4  692.5  692.4
</PRE><H3>Station information and sounding indices</H3><PRE>
                         Station identifier: WIII
                             Station number: 96749
                           Observation time: 210103/0000
                           Station latitude: -6.11
                          Station longitude: 106.65
                          Station elevation: 8.0
                            Showalter index: 0.62
                               Lifted index: -1.14
    LIFT computed using virtual temperature: -1.46
                                SWEAT index: 233.41
                                    K index: 33.40
                         Cross totals index: 20.30
                      Vertical totals index: 21.30
                        Totals totals index: 41.60
      Convective Available Potential Energy: 689.08
             CAPE using virtual temperature: 781.82
                      Convective Inhibition: -25.80
             CINS using virtual temperature: -20.23
                           Equilibrum Level: 162.48
 Equilibrum Level using virtual temperature: 158.62
                   Level of Free Convection: 867.83
             LFCT using virtual temperature: 876.84
                     Bulk Richardson Number: 1018.70
          Bulk Richardson Number using CAPV: 1155.80
  Temp [K] of the Lifted Condensation Level: 294.06
Pres [hPa] of the Lifted Condensation Level: 930.68
   Equivalent potential temp [K] of the LCL: 350.26
     Mean mixed layer potential temperature: 300.17
              Mean mixed layer mixing ratio: 17.06
              1000 hPa to 500 hPa thickness: 5788.00
Precipitable water [mm] for entire sounding: 60.78
</PRE>
<P>Description of the 
<A HREF="/upperair/columns.html">data columns</A>
or <A HREF="/upperair/indices.html">sounding indices</A>.

<P>
<FORM>
<INPUT CLASS="button" TYPE="button" VALUE=" Close this window " 
 onClick="window.close();">
<INPUT CLASS="button" TYPE="button" VALUE=" Select another map " 
 onClick="window.blur();">
</FORM>
<HR SIZE="1">
<I>Interested in graduate studies in atmospheric science?
Check out our program at the
<a href="http://www.uwyo.edu/atsc/howtoapply/"
target=_top>University of Wyoming
</a></I>
<HR SIZE="1"><FONT SIZE="-1">
Questions about the weather data provided by this site can be
addressed to <A HREF="mailto:ldoolman@uwyo.edu">
Larry Oolman (ldoolman@uwyo.edu)</A></FONT>
<HR SIZE="1">
<SCRIPT TYPE="text/javascript">
<!--
window.focus();
// -->
</SCRIPT>
</BODY>
</HTML>
