2018-03-09 00
<HTML>
<TITLE>University of Wyoming - Radiosonde Data</TITLE>
<BODY BGCOLOR="white">
<H2>96749 WIII Jakarta Observations at 00Z 09 Mar 2018</H2>
<PRE>
-----------------------------------------------------------------------------
   PRES   HGHT   TEMP   DWPT   RELH   MIXR   DRCT   SKNT   THTA   THTE   THTV
    hPa     m      C      C      %    g/kg    deg   knot     K      K      K 
-----------------------------------------------------------------------------
 1008.0      8   25.2   23.5     90  18.47    180      2  297.7  351.4  300.9
 1000.0     75   25.2   22.4     84  17.39    185      7  298.4  349.1  301.4
  975.0    300   24.4   20.7     80  16.08    245      9  299.8  347.0  302.6
  967.0    373   24.2   20.2     78  15.67    248      9  300.2  346.3  303.0
  925.0    764   21.4   18.5     84  14.71    265      6  301.2  344.6  303.8
  909.0    916   20.2   19.1     93  15.56    274      7  301.5  347.5  304.3
  879.0   1205   19.0   17.3     90  14.34    290      9  303.1  345.8  305.7
  850.0   1495   17.8   15.5     86  13.20    285      8  304.8  344.4  307.2
  820.0   1801   17.1   12.6     75  11.30    270      6  307.2  341.6  309.3
  814.0   1864   17.0   12.0     72  10.94    272      6  307.7  341.1  309.8
  791.0   2105   15.7   10.8     73  10.40    280      4  308.9  340.8  310.8
  764.0   2396   14.1    9.4     73   9.78    325      5  310.3  340.5  312.1
  700.0   3131   10.2    5.8     74   8.33    290     13  313.8  340.0  315.3
  669.0   3507    8.4    4.2     75   7.79    280     11  315.8  340.6  317.3
  638.0   3894    5.8    2.4     79   7.19    270      9  317.2  340.2  318.5
  615.0   4193    3.8    1.0     82   6.74    290      9  318.2  340.0  319.5
  574.0   4755    0.0   -1.6     89   5.97    267     11  320.1  339.6  321.2
  571.0   4797   -0.2   -1.8     89   5.91    265     11  320.3  339.7  321.4
  530.0   5388   -3.5   -4.4     93   5.23    205      8  323.2  340.6  324.3
  510.0   5693   -5.2   -5.8     96   4.89    220      4  324.8  341.2  325.7
  500.0   5850   -6.1   -6.5     97   4.73    195      5  325.5  341.5  326.5
  491.0   5993   -6.5   -7.4     93   4.49    190      6  326.7  342.0  327.6
  487.0   6057   -6.7   -7.8     92   4.39    193      6  327.3  342.2  328.1
  454.0   6600  -10.6  -11.1     96   3.64    220      9  329.0  341.6  329.8
  432.0   6985  -13.3  -13.4     99   3.17    214      9  330.3  341.4  330.9
  404.0   7494  -15.2  -16.8     88   2.56    205      9  334.2  343.4  334.7
  400.0   7570  -15.5  -17.3     86   2.48    205      9  334.8  343.7  335.3
  387.0   7819  -16.3  -20.0     73   2.03    205      9  336.9  344.3  337.3
  343.0   8701  -22.8  -27.2     68   1.21    205      8  339.8  344.4  340.1
  303.0   9607  -29.6  -34.5     62   0.68    270      6  342.6  345.3  342.8
  300.0   9680  -30.1  -35.1     62   0.65    275      5  342.8  345.4  343.0
  297.0   9751  -30.5  -35.5     62   0.63    273      4  343.3  345.8  343.4
  291.0   9894  -31.7  -37.1     59   0.55    270      3  343.6  345.8  343.7
  279.0  10187  -34.1  -40.3     54   0.41    210      2  344.2  345.9  344.3
  267.0  10493  -36.7  -43.7     49   0.30    280      5  344.8  346.1  344.9
  252.0  10896  -40.1  -48.1     42   0.20    258      5  345.5  346.4  345.6
  250.0  10950  -40.5                         255      5  345.7         345.7
  245.0  11084  -41.6                         260      5  346.0         346.0
  223.0  11708  -46.9                         325      5  347.4         347.4
  204.0  12299  -51.8                         340      3  348.6         348.6
  200.0  12430  -52.9                         310      3  348.8         348.8
  195.0  12588  -54.3                          70      1  349.2         349.2
  186.0  12882  -56.9                         105     10  349.7         349.7
  169.0  13479  -62.1                          80     19  350.7         350.7
  153.0  14098  -67.6                          95     21  351.5         351.5
  151.0  14180  -68.3                          92     21  351.6         351.6
  150.0  14220  -69.1                          90     21  350.9         350.9
  138.0  14707  -72.1                          65     22  354.0         354.0
  119.0  15573  -77.5                          75     32  359.4         359.4
  107.0  16176  -79.5                          45     19  366.8         366.8
  101.0  16504  -80.5                         315      5  370.9         370.9
  100.0  16560  -80.7                         295      6  371.6         371.6
   96.0  16788  -82.2                         230     12  372.9         372.9
   91.4  17063  -84.1                         200     12  374.5         374.5
   91.0  17087  -83.9                         200     11  375.3         375.3
   86.0  17403  -81.5                         315      6  386.3         386.3
   84.4  17508  -80.7                         316      7  390.0         390.0
   79.2  17865  -82.1                         320      9  394.3         394.3
   75.5  18137  -76.3                         323     11  411.8         411.8
   73.0  18330  -77.6                         325     12  413.0         413.0
   70.0  18570  -79.3                         315     10  414.4         414.4
   68.5  18692  -80.3                         309      9  414.8         414.8
   66.0  18904  -77.6                         300      7  425.2         425.2
   65.2  18974  -76.7                         286      9  428.6         428.6
   63.0  19172  -76.0                         245     13  434.3         434.3
   60.0  19453  -75.1                         260      9  442.5         442.5
   58.8  19570  -74.7                         201      7  445.9         445.9
   57.0  19750  -75.8                         110      4  447.4         447.4
   55.9  19862  -76.5                          94      4  448.3         448.3
   54.3  20030  -73.9                          70      4  458.0         458.0
   54.0  20063  -74.0                          65      4  458.6         458.6
   51.0  20395  -74.5                         320      5  464.9         464.9
   50.0  20510  -74.7                          15      6  467.1         467.1
   48.9  20639  -74.9                          31      8  469.6         469.6
   48.0  20747  -74.8                          45      9  472.4         472.4
   46.0  20995  -74.4                         120      3  479.0         479.0
   44.0  21253  -74.1                          75     12  485.9         485.9
   42.0  21529  -68.2                         125     16  507.0         507.0
   41.5  21601  -66.7                         123     18  512.5         512.5
   38.3  22091  -62.1                         110     33  536.0         536.0
   36.0  22472  -63.1                         100     45  543.1         543.1
   33.3  22951  -64.3                          98     50  552.1         552.1
   30.0  23590  -63.7                          95     57  570.4         570.4
   29.5  23693  -63.3                         100     59  574.2         574.2
   28.5  23905  -62.5                                     582.1         582.1
</PRE><H3>Station information and sounding indices</H3><PRE>
                         Station identifier: WIII
                             Station number: 96749
                           Observation time: 180309/0000
                           Station latitude: -6.11
                          Station longitude: 106.65
                          Station elevation: 8.0
                            Showalter index: -0.97
                               Lifted index: -2.14
    LIFT computed using virtual temperature: -2.31
                                SWEAT index: 207.00
                                    K index: 35.00
                         Cross totals index: 21.60
                      Vertical totals index: 23.90
                        Totals totals index: 45.50
      Convective Available Potential Energy: 293.73
             CAPE using virtual temperature: 336.67
                      Convective Inhibition: -94.94
             CINS using virtual temperature: -58.42
                           Equilibrum Level: 250.91
 Equilibrum Level using virtual temperature: 251.97
                   Level of Free Convection: 653.69
             LFCT using virtual temperature: 703.69
                     Bulk Richardson Number: 95.96
          Bulk Richardson Number using CAPV: 109.99
  Temp [K] of the Lifted Condensation Level: 293.52
Pres [hPa] of the Lifted Condensation Level: 933.24
   Equivalent potential temp [K] of the LCL: 347.50
     Mean mixed layer potential temperature: 299.39
              Mean mixed layer mixing ratio: 16.46
              1000 hPa to 500 hPa thickness: 5775.00
Precipitable water [mm] for entire sounding: 58.77
</PRE>
<P>Description of the 
<A HREF="/upperair/columns.html">data columns</A>
or <A HREF="/upperair/indices.html">sounding indices</A>.

<P>
<FORM>
<INPUT CLASS="button" TYPE="button" VALUE=" Close this window " 
 onClick="window.close();">
<INPUT CLASS="button" TYPE="button" VALUE=" Select another map " 
 onClick="window.blur();">
</FORM>
<HR SIZE="1">
<I>Interested in graduate studies in atmospheric science?
Check out our program at the
<a href="http://www.uwyo.edu/atsc/howtoapply/"
target=_top>University of Wyoming
</a></I>
<HR SIZE="1"><FONT SIZE="-1">
Questions about the weather data provided by this site can be
addressed to <A HREF="mailto:ldoolman@uwyo.edu">
Larry Oolman (ldoolman@uwyo.edu)</A></FONT>
<HR SIZE="1">
<SCRIPT TYPE="text/javascript">
<!--
window.focus();
// -->
</SCRIPT>
</BODY>
</HTML>
