2020-06-26 12
<HTML>
<TITLE>University of Wyoming - Radiosonde Data</TITLE>
<BODY BGCOLOR="white">
<H2>96749 WIII Jakarta Observations at 00Z 26 Jun 2020</H2>
<PRE>
-----------------------------------------------------------------------------
   PRES   HGHT   TEMP   DWPT   RELH   MIXR   DRCT   SKNT   THTA   THTE   THTV
    hPa     m      C      C      %    g/kg    deg   knot     K      K      K 
-----------------------------------------------------------------------------
 1009.0      8   24.2   23.2     94  18.11    220      2  296.6  349.1  299.8
 1007.0     26   26.0   23.5     86  18.49    214      2  298.6  352.6  301.9
 1000.0     90   26.4   23.2     83  18.28    195      2  299.6  353.2  302.8
  997.0    117   26.6   22.9     80  18.00    216      2  300.0  352.9  303.2
  977.0    295   25.1   21.9     82  17.21      0      1  300.3  350.9  303.4
  946.0    580   22.8   20.2     85  16.02    108      3  300.7  347.9  303.6
  944.0    598   22.7   20.1     85  15.96    115      3  300.8  347.8  303.6
  925.0    776   21.8   19.2     85  15.38    115      6  301.6  347.1  304.4
  912.0    898   21.3   17.7     80  14.14     95      8  302.3  344.3  304.9
  872.0   1286   19.8   12.8     64  10.76    127      6  304.6  337.1  306.6
  850.0   1505   18.0   13.0     73  11.19    145      5  305.0  338.7  307.0
  841.0   1596   17.8    9.8     59   9.12    153      4  305.7  333.4  307.4
  824.0   1771   16.0   12.7     81  11.32    167      3  305.6  339.8  307.7
  821.0   1802   15.8   12.7     82  11.36    170      3  305.7  340.1  307.8
  809.0   1927   15.2   12.7     85  11.53    217      3  306.4  341.3  308.5
  802.0   2001   15.2   12.0     81  11.10    244      3  307.1  340.9  309.2
  797.0   2054   15.8    6.8     55   7.83    264      3  308.3  332.5  309.8
  793.0   2096   15.4    7.0     57   8.01    280      3  308.3  333.1  309.8
  769.0   2356   13.0    8.6     75   9.20    248      3  308.4  336.7  310.2
  738.0   2701   12.0    3.4     56   6.65    205      2  311.0  331.9  312.2
  721.0   2897   11.4    0.4     47   5.49    169      3  312.4  329.9  313.5
  712.0   3001   10.6    0.4     49   5.56    150      4  312.6  330.3  313.7
  700.0   3143    9.4    0.4     53   5.66    185      4  312.9  330.9  313.9
  687.0   3298    8.1   -0.2     56   5.53    195      4  313.1  330.8  314.1
  682.0   3359    7.6   -0.4     57   5.48    192      4  313.2  330.7  314.2
  669.0   3517    6.0   -1.0     61   5.35    184      3  313.1  330.2  314.1
  662.0   3603    5.4   -1.6     61   5.17    180      2  313.4  330.0  314.4
  661.0   3615    5.2   -1.8     61   5.10    175      2  313.3  329.6  314.3
  658.0   3653    5.8   -7.2     39   3.40    159      3  314.4  325.6  315.0
  649.0   3765    6.0   -7.0     39   3.50    110      6  315.9  327.4  316.5
  645.0   3816    6.4   -8.6     33   3.11     88      8  316.9  327.2  317.5
  644.0   3829    6.8  -15.2     19   1.83     83      8  317.5  323.8  317.8
  641.0   3867    6.6   -7.4     36   3.44     67      9  317.6  329.1  318.3
  639.0   3893    6.2   -4.8     45   4.21     56     10  317.5  331.3  318.3
  638.0   3906    6.2   -4.8     45   4.22     50     10  317.6  331.5  318.4
  637.0   3918    6.2   -3.8     49   4.56     51     10  317.8  332.7  318.6
  636.0   3931    6.4  -11.6     26   2.49     52     10  318.1  326.6  318.6
  635.0   3944    6.4  -12.6     24   2.30     53     10  318.3  326.1  318.7
  624.0   4087    5.2   -7.8     39   3.42     65      9  318.5  329.9  319.2
  615.0   4206    4.6  -13.9     25   2.13     75      9  319.1  326.5  319.6
  603.0   4366    3.8  -22.2     13   1.08     76     11  320.0  323.9  320.2
  554.0   5049    0.0  -36.0      5   0.32     82     20  323.4  324.6  323.4
  530.0   5400   -2.8  -37.0      5   0.30     85     24  324.1  325.3  324.2
  514.0   5643   -4.7  -37.7      6   0.29     72     19  324.7  325.8  324.7
  500.0   5860   -5.9  -29.9     13   0.64     60     15  325.8  328.2  325.9
  499.0   5876   -6.1  -31.1     12   0.58     60     15  325.7  327.9  325.8
  496.0   5923   -6.1  -39.1      5   0.26     59     14  326.3  327.3  326.3
  493.0   5970   -6.7  -28.7     16   0.73     58     14  326.1  328.9  326.3
  489.0   6033   -7.3  -21.3     32   1.44     57     13  326.1  331.3  326.4
  488.0   6049   -7.5  -17.5     45   1.99     56     13  326.1  333.1  326.5
  484.0   6113   -7.7  -26.7     20   0.89     55     12  326.6  329.9  326.8
  474.0   6274   -8.7  -34.7     10   0.43     52     10  327.3  329.0  327.4
  466.0   6405   -8.1  -37.1      8   0.34     49      8  329.7  331.0  329.7
  465.0   6422   -8.1  -39.1      6   0.28     49      8  329.9  331.0  329.9
  461.0   6489   -8.9  -23.9     29   1.21     47      7  329.7  334.1  329.9
  460.0   6505   -9.1  -25.1     26   1.09     47      7  329.6  333.7  329.9
  459.0   6522   -9.1  -17.1     52   2.19     47      7  329.9  337.7  330.3
  458.0   6539   -9.3  -15.3     62   2.55     46      7  329.8  338.8  330.3
  457.0   6556   -9.3  -17.3     52   2.17     46      7  330.0  337.7  330.4
  456.0   6573   -9.3  -27.3     22   0.90     46      6  330.2  333.6  330.4
  455.0   6589   -9.1  -30.1     16   0.69     45      6  330.7  333.3  330.8
  454.0   6606   -9.2  -30.0     17   0.70     45      6  330.7  333.4  330.9
  434.0   6951  -12.1  -27.1     28   0.96     68      7  331.4  335.0  331.6
  420.0   7201  -12.6  -39.9      8   0.28     85      8  333.9  335.0  333.9
  417.0   7255  -12.7  -42.7      6   0.21     86      9  334.4  335.3  334.4
  400.0   7570  -14.5  -50.5      3   0.09     90     15  336.1  336.5  336.1
  346.0   8655  -21.1  -53.1      4   0.08     85     27  341.3  341.7  341.4
  344.0   8697  -21.5  -53.1      4   0.08     85     27  341.4  341.8  341.4
  300.0   9690  -30.3  -53.3      9   0.09     75     30  342.6  342.9  342.6
  250.0  10960  -39.9  -58.9     11   0.05     60     28  346.6  346.9  346.6
  249.0  10987  -40.1  -59.1     11   0.05     60     28  346.7  346.9  346.7
  245.0  11095  -41.0                          60     27  346.9         346.9
  200.0  12440  -52.9                          60     24  348.8         348.8
  177.0  13200  -59.3                          70     21  350.8         350.8
  153.0  14107  -66.9                          90     28  352.7         352.7
  150.0  14230  -67.9                          90     31  352.9         352.9
  111.0  15976  -82.1                          72     33  358.0         358.0
  107.0  16180  -83.3                          70     33  359.5         359.5
  105.0  16285  -83.5                          74     30  361.1         361.1
  100.0  16560  -77.3                          85     22  378.1         378.1
   99.1  16612  -74.7                          85     20  384.1         384.1
   96.0  16799  -73.3                          85     12  390.4         390.4
   94.7  16879  -72.7                         119      9  393.1         393.1
   91.0  17112  -74.0                         220      1  395.0         395.0
   87.0  17375  -75.5                          30      4  397.2         397.2
   86.9  17381  -75.5                          30      4  397.2         397.2
   82.0  17721  -74.3                          45      6  406.2         406.2
   78.0  18015  -73.3                         215      5  414.2         414.2
   74.0  18323  -72.3                          90      7  422.7         422.7
   72.6  18435  -71.9                          72      9  425.8         425.8
   71.0  18566  -72.6                          50     11  426.9         426.9
   70.0  18650  -73.1                          45     11  427.7         427.7
   64.0  19175  -73.8                          30     11  437.2         437.2
   63.3  19239  -73.9                          36     12  438.4         438.4
   58.0  19752  -73.2                          80     23  450.9         450.9
   55.3  20031  -72.9                         107     29  457.9         457.9
   55.0  20063  -72.6                         110     30  459.2         459.2
   50.0  20630  -68.1                          90     42  482.6         482.6
   49.0  20751  -67.8                          90     41  486.1         486.1
   48.6  20800  -67.7                          92     41  487.5         487.5
   46.3  21094  -63.5                         107     44  504.4         504.4
   45.0  21270  -62.5                         115     46  510.9         510.9
   41.3  21801  -59.5                         105     37  531.1         531.1
   35.0  22824  -62.9                          85     20  548.0         548.0
   34.0  23003  -63.5                          95     15  551.0         551.0
   33.6  23076  -63.7                          95     15  552.2         552.2
   32.0  23379  -60.9                          65     17  567.4         567.4
   30.0  23780  -57.3                         300      8  587.8         587.8
   29.7  23844  -56.3                         282      9  592.3         592.3
   29.0  23995  -56.3                         240     10  596.2         596.2
   26.3  24614  -56.5                         222     13  612.6         612.6
   26.0  24687  -55.7                         220     13  616.9         616.9
   25.0  24939  -53.0                         180      5  631.6         631.6
   24.1  25174  -50.5                         202     10  645.5         645.5
   24.0  25201  -50.5                         205     11  646.2         646.2
   23.0  25478  -50.6                         195     11  653.8         653.8
   22.3  25679  -50.7                         230      8  659.4         659.4
   22.0  25767  -50.4                         245      7  662.8         662.8
   20.0  26390  -48.5                         300     23  687.0         687.0
   19.0  26729  -47.5                         290     26  700.2         700.2
   17.5  27273  -45.9                         301     23  721.9         721.9
   17.0  27466  -45.3                         305     22  729.8         729.8
   16.5  27666  -44.7                         301     22  738.0         738.0
   15.0  28299  -46.6                         290     24  752.2         752.2
   14.3  28617  -47.5                                     759.4         759.4
</PRE><H3>Station information and sounding indices</H3><PRE>
                         Station identifier: WIII
                             Station number: 96749
                           Observation time: 200626/0000
                           Station latitude: -6.11
                          Station longitude: 106.65
                          Station elevation: 8.0
                            Showalter index: 1.52
                               Lifted index: -3.23
    LIFT computed using virtual temperature: -4.16
                                SWEAT index: 180.98
                                    K index: 27.90
                         Cross totals index: 18.90
                      Vertical totals index: 23.90
                        Totals totals index: 42.80
      Convective Available Potential Energy: 728.39
             CAPE using virtual temperature: 972.23
                      Convective Inhibition: -28.65
             CINS using virtual temperature: -11.15
                           Equilibrum Level: 177.49
 Equilibrum Level using virtual temperature: 177.46
                   Level of Free Convection: 836.18
             LFCT using virtual temperature: 869.06
                     Bulk Richardson Number: 195.88
          Bulk Richardson Number using CAPV: 261.45
  Temp [K] of the Lifted Condensation Level: 294.49
Pres [hPa] of the Lifted Condensation Level: 937.17
   Equivalent potential temp [K] of the LCL: 351.08
     Mean mixed layer potential temperature: 300.01
              Mean mixed layer mixing ratio: 17.41
              1000 hPa to 500 hPa thickness: 5770.00
Precipitable water [mm] for entire sounding: 42.08
</PRE>
<P>Description of the 
<A HREF="/upperair/columns.html">data columns</A>
or <A HREF="/upperair/indices.html">sounding indices</A>.

<P>
<FORM>
<INPUT CLASS="button" TYPE="button" VALUE=" Close this window " 
 onClick="window.close();">
<INPUT CLASS="button" TYPE="button" VALUE=" Select another map " 
 onClick="window.blur();">
</FORM>
<HR SIZE="1">
<I>Interested in graduate studies in atmospheric science?
Check out our program at the
<a href="http://www.uwyo.edu/atsc/howtoapply/"
target=_top>University of Wyoming
</a></I>
<HR SIZE="1"><FONT SIZE="-1">
Questions about the weather data provided by this site can be
addressed to <A HREF="mailto:ldoolman@uwyo.edu">
Larry Oolman (ldoolman@uwyo.edu)</A></FONT>
<HR SIZE="1">
<SCRIPT TYPE="text/javascript">
<!--
window.focus();
// -->
</SCRIPT>
</BODY>
</HTML>
