2019-03-12 12
<HTML>
<TITLE>University of Wyoming - Radiosonde Data</TITLE>
<BODY BGCOLOR="white">
<H2>96749 WIII Jakarta Observations at 00Z 12 Mar 2019</H2>
<PRE>
-----------------------------------------------------------------------------
   PRES   HGHT   TEMP   DWPT   RELH   MIXR   DRCT   SKNT   THTA   THTE   THTV
    hPa     m      C      C      %    g/kg    deg   knot     K      K      K 
-----------------------------------------------------------------------------
 1010.0      8   24.2   22.6     91  17.43    190      4  296.5  347.0  299.6
 1000.0     97   24.2   21.1     83  16.03    195      9  297.4  343.9  300.2
  988.0    203   24.8   21.2     80  16.33    203      9  299.0  346.8  301.9
  977.0    302   24.3   20.8     81  16.10    210      9  299.4  346.6  302.3
  925.0    781   21.6   18.8     84  15.00    300      4  301.4  345.7  304.1
  912.0    903   20.8   18.2     85  14.61    315      6  301.8  345.1  304.4
  881.0   1200   18.8   16.6     87  13.68    330     13  302.8  343.5  305.2
  851.0   1498   16.9   15.1     89  12.80    315     12  303.7  342.0  306.0
  850.0   1508   16.8   15.0     89  12.77    315     12  303.7  341.9  306.1
  826.0   1752   15.0   14.2     95  12.48    324     12  304.3  341.7  306.6
  822.0   1793   14.8   14.0     94  12.35    325     12  304.6  341.7  306.9
  765.0   2400   12.6   10.5     87  10.54    305     14  308.5  340.8  310.5
  735.0   2737   11.4    8.6     83   9.63    310     13  310.7  340.5  312.5
  700.0   3144    8.4    6.9     90   8.99    315     12  311.8  339.8  313.4
  578.0   4709    0.0   -1.3     91   6.06    329     19  319.5  339.2  320.6
  572.0   4791   -0.5   -1.7     91   5.94    330     19  319.9  339.3  321.0
  500.0   5860   -6.3   -7.0     95   4.55    305     14  325.3  340.6  326.2
  491.0   6002   -7.1   -8.1     93   4.27    300     15  326.0  340.5  326.9
  480.0   6179   -8.1   -9.4     90   3.93    297     16  326.9  340.3  327.7
  472.0   6310   -7.3  -11.9     70   3.27    295     17  329.4  340.9  330.1
  455.0   6591   -9.2  -13.4     72   3.01    290     19  330.5  341.1  331.1
  404.0   7504  -15.4  -18.2     79   2.27    350     17  334.0  342.1  334.4
  400.0   7580  -15.9  -18.6     80   2.22    350     16  334.2  342.2  334.7
  399.0   7599  -16.1  -18.6     81   2.22    350     16  334.2  342.2  334.7
  389.0   7790  -16.7  -22.7     60   1.60    348     12  335.9  341.8  336.2
  373.0   8100  -18.8  -24.0     63   1.48    345      6  337.1  342.7  337.4
  358.0   8402  -20.8  -25.3     67   1.37      5      4  338.4  343.6  338.7
  330.0   9003  -24.9  -27.9     76   1.17     35      2  340.8  345.3  341.0
  326.0   9093  -25.5  -28.3     77   1.15     30      3  341.1  345.5  341.4
  317.0   9294  -27.1  -29.6     79   1.05     20      5  341.7  345.8  341.9
  304.0   9595  -29.4  -31.5     82   0.91    350      5  342.6  346.1  342.8
  300.0   9690  -30.1  -32.1     83   0.87     10      5  342.8  346.2  343.0
  291.0   9903  -31.9  -34.1     81   0.74     40      7  343.2  346.1  343.4
  279.0  10197  -34.5  -36.9     78   0.58     35      9  343.7  346.1  343.9
  254.0  10852  -40.1  -43.2     72   0.33     65      5  344.7  346.1  344.8
  250.0  10960  -41.1                          70      4  344.8         344.8
  245.0  11093  -42.3                          80      4  345.0         345.0
  204.0  12300  -53.1                          80     15  346.5         346.5
  200.0  12430  -54.3                          85     16  346.6         346.6
  150.0  14210  -70.9                          70     38  347.8         347.8
  127.0  15175  -77.7                          80     56  352.4         352.4
  124.0  15312  -76.9                          80     58  356.2         356.2
  120.0  15500  -75.9                          82     51  361.5         361.5
  101.0  16483  -78.9                          90     14  373.9         373.9
  100.0  16540  -79.1                          85     13  374.6         374.6
   96.0  16772  -79.3                          75      8  378.7         378.7
   91.0  17077  -79.5                          30     14  384.1         384.1
   86.0  17398  -79.7                         335     21  389.9         389.9
   74.0  18253  -80.3                         252      7  405.8         405.8
   73.0  18331  -79.8                         245      6  408.5         408.5
   70.0  18570  -78.1                          95     12  417.0         417.0
   67.4  18786  -78.5                          95     21  420.6         420.6
   66.1  18897  -75.5                          95     25  429.5         429.5
   63.0  19174  -76.2                          95     36  433.9         433.9
   62.7  19202  -76.3                          93     35  434.3         434.3
   59.4  19515  -74.5                          69     21  445.1         445.1
   58.7  19584  -71.1                          63     18  454.2         454.2
   57.0  19758  -70.2                          50     11  460.2         460.2
   56.9  19768  -70.1                          54     11  460.6         460.6
   55.9  19875  -66.1                          99     12  472.0         472.0
   54.0  20084  -66.1                         185     13  476.7         476.7
   51.0  20430  -66.1                         240      5  484.6         484.6
   50.0  20550  -66.1                         255      8  487.3         487.3
   48.1  20783  -67.7                         248     15  488.9         488.9
   46.0  21051  -67.4                         240     22  496.0         496.0
   44.0  21319  -67.1                         225     22  503.1         503.1
   42.0  21598  -66.7                         185     13  510.6         510.6
   40.0  21892  -66.4                         120      7  518.7         518.7
   38.5  22121  -66.1                         350      3  525.1         525.1
   38.0  22202  -65.6                         305      1  528.4         528.4
   36.0  22534  -63.5                         230      8  542.1         542.1
   33.0  23068  -60.0                         130     12  564.8         564.8
   31.9  23277  -58.7                         123     14  573.9         573.9
   30.1  23639  -59.3                         111     19  581.8         581.8
   30.0  23660  -59.3                         110     19  582.4         582.4
   27.0  24327  -55.1                          25     15  612.0         612.0
   26.2  24518  -53.9                           1     21  620.7         620.7
   26.0  24567  -53.9                         355     22  622.0         622.0
   23.0  25354  -53.9                         270     19  644.2         644.2
   22.0  25639  -53.9                         230     18  652.4         652.4
   20.0  26250  -53.9                         210     18  670.4         670.4
   19.0  26579  -54.3                         159     18  679.1         679.1
   18.0  26929  -52.7                         105     18  694.8         694.8
   17.0  27299  -51.0                          90     20  711.7         711.7
   16.4  27531  -49.9                                     722.5         722.5
</PRE><H3>Station information and sounding indices</H3><PRE>
                         Station identifier: WIII
                             Station number: 96749
                           Observation time: 190312/0000
                           Station latitude: -6.11
                          Station longitude: 106.65
                          Station elevation: 8.0
                            Showalter index: -0.19
                               Lifted index: -1.78
    LIFT computed using virtual temperature: -1.93
                                SWEAT index: 218.01
                                    K index: 36.60
                         Cross totals index: 21.30
                      Vertical totals index: 23.10
                        Totals totals index: 44.40
      Convective Available Potential Energy: 223.69
             CAPE using virtual temperature: 277.13
                      Convective Inhibition: -41.73
             CINS using virtual temperature: -35.52
                           Equilibrum Level: 354.84
 Equilibrum Level using virtual temperature: 348.80
                   Level of Free Convection: 844.65
             LFCT using virtual temperature: 853.41
                     Bulk Richardson Number: 7.18
          Bulk Richardson Number using CAPV: 8.89
  Temp [K] of the Lifted Condensation Level: 293.31
Pres [hPa] of the Lifted Condensation Level: 937.12
   Equivalent potential temp [K] of the LCL: 345.98
     Mean mixed layer potential temperature: 298.82
              Mean mixed layer mixing ratio: 16.15
              1000 hPa to 500 hPa thickness: 5763.00
Precipitable water [mm] for entire sounding: 59.40
</PRE>
<P>Description of the 
<A HREF="/upperair/columns.html">data columns</A>
or <A HREF="/upperair/indices.html">sounding indices</A>.

<P>
<FORM>
<INPUT CLASS="button" TYPE="button" VALUE=" Close this window " 
 onClick="window.close();">
<INPUT CLASS="button" TYPE="button" VALUE=" Select another map " 
 onClick="window.blur();">
</FORM>
<HR SIZE="1">
<I>Interested in graduate studies in atmospheric science?
Check out our program at the
<a href="http://www.uwyo.edu/atsc/howtoapply/"
target=_top>University of Wyoming
</a></I>
<HR SIZE="1"><FONT SIZE="-1">
Questions about the weather data provided by this site can be
addressed to <A HREF="mailto:ldoolman@uwyo.edu">
Larry Oolman (ldoolman@uwyo.edu)</A></FONT>
<HR SIZE="1">
<SCRIPT TYPE="text/javascript">
<!--
window.focus();
// -->
</SCRIPT>
</BODY>
</HTML>
