2019-09-18 00
<HTML>
<TITLE>University of Wyoming - Radiosonde Data</TITLE>
<BODY BGCOLOR="white">
<H2>96749 WIII Jakarta Observations at 00Z 18 Sep 2019</H2>
<PRE>
-----------------------------------------------------------------------------
   PRES   HGHT   TEMP   DWPT   RELH   MIXR   DRCT   SKNT   THTA   THTE   THTV
    hPa     m      C      C      %    g/kg    deg   knot     K      K      K 
-----------------------------------------------------------------------------
 1012.0      8   24.6   22.0     85  16.75    190      3  296.7  345.3  299.7
 1000.0    113   25.2   21.0     78  15.93    100      2  298.4  344.8  301.2
  996.0    148   25.0   20.9     78  15.89     97      3  298.5  344.9  301.3
  979.0    300   24.1   20.1     78  15.36     85      9  299.0  344.0  301.8
  946.0    601   22.2   18.5     79  14.34     80     13  300.1  342.3  302.7
  925.0    798   21.0   17.4     80  13.70     90     10  300.8  341.2  303.2
  920.0    845   20.6   17.1     80  13.52     92      9  300.8  340.7  303.3
  914.0    901   20.4   16.4     78  13.01     95      7  301.2  339.8  303.6
  883.0   1197   19.7   12.8     65  10.62    145      5  303.4  335.3  305.4
  850.0   1523   18.8    8.8     52   8.43    165     10  305.8  331.5  307.4
  823.0   1801   17.8    4.4     41   6.42    175      7  307.6  327.5  308.8
  818.0   1854   17.6    3.6     39   6.09    180      7  307.9  326.9  309.1
  795.0   2096   15.7    3.1     43   6.04    205      5  308.4  327.3  309.6
  767.0   2400   13.4    2.4     47   5.97      0      1  309.1  327.8  310.2
  740.0   2704   11.0    1.7     53   5.89    300      2  309.7  328.2  310.8
  735.0   2761   10.6    1.6     54   5.88    297      2  309.8  328.3  310.9
  718.0   2957    9.4    1.4     57   5.93    286      4  310.6  329.3  311.7
  700.0   3169    9.6   -4.4     37   3.96    275      5  313.1  325.9  313.8
  699.0   3181    9.6   -5.4     34   3.68    273      5  313.2  325.2  313.9
  689.0   3299    8.6   -6.2     35   3.52    255      4  313.4  324.9  314.1
  664.0   3600    6.2   -8.1     35   3.13    215      5  314.0  324.3  314.6
  641.0   3888    3.8  -10.0     36   2.80    240      3  314.4  323.8  315.0
  617.0   4200    1.2  -12.0     37   2.47      5      2  314.9  323.2  315.4
  606.0   4347    0.0  -13.0     37   2.33     35      4  315.2  323.0  315.6
  595.0   4493   -0.9  -14.8     34   2.05     65      6  315.8  322.7  316.2
  581.0   4684   -2.1  -17.1     31   1.73     78     10  316.5  322.5  316.9
  573.0   4794   -1.4  -21.7     20   1.18     85     13  318.6  322.8  318.9
  572.0   4808   -1.3  -22.3     19   1.12     85     13  318.9  322.9  319.1
  551.0   5103   -2.9  -25.2     16   0.90     80      5  320.5  323.7  320.6
  531.0   5395   -4.4  -28.2     14   0.71    105      2  322.0  324.7  322.2
  511.0   5698   -6.0  -31.2     12   0.56     20      7  323.6  325.8  323.8
  500.0   5870   -6.9  -32.9     11   0.48     10     10  324.6  326.4  324.7
  496.0   5932   -7.5  -33.5     10   0.46     15     11  324.6  326.3  324.7
  492.0   5995   -7.7  -33.7     10   0.46     20     11  325.1  326.9  325.2
  491.0   6011   -7.7  -33.7     10   0.45     22     11  325.3  327.0  325.4
  467.0   6400   -7.1  -36.1      8   0.38     60     16  330.7  332.2  330.8
  455.0   6600   -8.1  -38.6      7   0.30     80     19  331.9  333.1  332.0
  406.0   7477  -12.5  -49.5      3   0.10    107     24  337.2  337.7  337.2
  400.0   7590  -13.3  -51.3      2   0.09    110     25  337.6  338.0  337.6
  355.0   8490  -19.7  -53.7      3   0.07    118     30  340.7  341.0  340.7
  345.0   8699  -21.4  -53.2      4   0.08    120     31  341.3  341.6  341.3
  300.0   9720  -29.5  -50.5     11   0.12    105     22  343.7  344.2  343.7
  257.0  10792  -39.6  -52.0     25   0.12     95     33  344.3  344.9  344.4
  255.0  10846  -40.1  -52.1     27   0.12     94     33  344.4  344.9  344.4
  250.0  10980  -41.3                          90     34  344.5         344.5
  200.0  12450  -54.1                          50     40  346.9         346.9
  186.0  12909  -58.2                          45     47  347.5         347.5
  180.0  13116  -60.1                          47     49  347.7         347.7
  150.0  14230  -68.7                          55     59  351.6         351.6
  146.0  14391  -70.1                          55     59  351.9         351.9
  131.0  15032  -71.9                          65     30  359.7         359.7
  125.0  15300  -73.7                          70     18  361.4         361.4
  107.0  16192  -79.5                          50     29  366.6         366.6
  102.0  16466  -81.3                          50     28  368.2         368.2
  100.0  16580  -82.1                          60     27  368.9         368.9
   97.6  16716  -82.1                          72     18  371.4         371.4
   96.1  16804  -77.7                          79     12  381.7         381.7
   96.0  16810  -77.7                          80     12  381.7         381.7
   90.8  17128  -78.9                         165     14  385.5         385.5
   87.2  17359  -76.3                         227     15  395.2         395.2
   87.0  17373  -76.3                         230     15  395.4         395.4
   78.0  18000  -77.9                         205     23  404.7         404.7
   76.8  18089  -78.1                         202     20  406.1         406.1
   74.0  18302  -77.7                         195     12  411.3         411.3
   70.0  18620  -77.1                         205     10  419.1         419.1
   67.0  18871  -76.9                         205      8  424.8         424.8
   63.0  19225  -76.7                         265      4  432.8         432.8
   62.9  19234  -76.7                         269      4  433.0         433.0
   60.0  19509  -73.9                          25      2  445.1         445.1
   57.0  19808  -70.9                         325      6  458.5         458.5
   56.8  19829  -70.7                         325      6  459.4         459.4
   50.6  20518  -67.5                         311     21  482.4         482.4
   50.0  20590  -67.9                         310     22  483.1         483.1
   49.0  20711  -68.2                         305     22  485.1         485.1
   44.8  21246  -69.7                         263     17  494.1         494.1
   44.0  21353  -69.7                         255     16  496.5         496.5
   41.0  21773  -69.9                         252     18  506.3         506.3
   35.9  22571  -65.1                         246     22  538.3         538.3
   35.0  22725  -65.1                         245     23  542.2         542.2
   32.9  23102  -65.1                         261     26  551.9         551.9
   30.9  23487  -61.3                         277     29  572.1         572.1
   30.0  23670  -60.3                         285     30  579.7         579.7
   29.0  23879  -60.7                         295     31  584.2         584.2
   25.9  24577  -62.1                         291     38  599.4         599.4
   25.0  24795  -61.9                         290     40  606.0         606.0
   20.0  26170  -60.9                         210     41  649.0         649.0
   19.1  26456  -60.5                         201     38  658.9         658.9
   19.0  26489  -60.5                         200     38  659.9         659.9
   18.7  26588  -60.5                         194     34  662.9         662.9
   18.0  26829  -55.7                         180     25  685.2         685.2
   17.8  26900  -54.3                         148     23  691.9         691.9
   17.0  27195  -53.6                          15     15  703.4         703.4
   16.5  27387  -53.1                           8     13  710.9         710.9
   16.0  27583  -53.9                           0     10  714.5         714.5
   15.0  27996  -55.6                          50      6  722.2         722.2
   14.5  28213  -56.5                          92      9  726.2         726.2
   14.0  28435  -57.4                         135     13  730.7         730.7
   13.8  28525  -57.7                         130     16  732.5         732.5
   13.2  28806  -58.1                         115     23  740.5         740.5
   13.0  28902  -58.1                         110     26  743.7         743.7
   12.9  28950  -58.1                                     745.4         745.4
   12.0  29414  -50.3                                     788.5         788.5
</PRE><H3>Station information and sounding indices</H3><PRE>
                         Station identifier: WIII
                             Station number: 96749
                           Observation time: 190918/0000
                           Station latitude: -6.11
                          Station longitude: 106.65
                          Station elevation: 8.0
                            Showalter index: 3.70
                               Lifted index: -1.66
    LIFT computed using virtual temperature: -2.42
                                SWEAT index: 135.61
                                    K index: 20.50
                         Cross totals index: 15.70
                      Vertical totals index: 25.70
                        Totals totals index: 41.40
      Convective Available Potential Energy: 186.81
             CAPE using virtual temperature: 301.51
                      Convective Inhibition: -137.84
             CINS using virtual temperature: -82.36
                           Equilibrum Level: 477.47
 Equilibrum Level using virtual temperature: 472.12
                   Level of Free Convection: 737.36
             LFCT using virtual temperature: 765.31
                     Bulk Richardson Number: 85.02
          Bulk Richardson Number using CAPV: 137.22
  Temp [K] of the Lifted Condensation Level: 292.58
Pres [hPa] of the Lifted Condensation Level: 929.86
   Equivalent potential temp [K] of the LCL: 344.09
     Mean mixed layer potential temperature: 298.73
              Mean mixed layer mixing ratio: 15.54
              1000 hPa to 500 hPa thickness: 5757.00
Precipitable water [mm] for entire sounding: 35.69
</PRE>
<P>Description of the 
<A HREF="/upperair/columns.html">data columns</A>
or <A HREF="/upperair/indices.html">sounding indices</A>.

<P>
<FORM>
<INPUT CLASS="button" TYPE="button" VALUE=" Close this window " 
 onClick="window.close();">
<INPUT CLASS="button" TYPE="button" VALUE=" Select another map " 
 onClick="window.blur();">
</FORM>
<HR SIZE="1">
<I>Interested in graduate studies in atmospheric science?
Check out our program at the
<a href="http://www.uwyo.edu/atsc/howtoapply/"
target=_top>University of Wyoming
</a></I>
<HR SIZE="1"><FONT SIZE="-1">
Questions about the weather data provided by this site can be
addressed to <A HREF="mailto:ldoolman@uwyo.edu">
Larry Oolman (ldoolman@uwyo.edu)</A></FONT>
<HR SIZE="1">
<SCRIPT TYPE="text/javascript">
<!--
window.focus();
// -->
</SCRIPT>
</BODY>
</HTML>
