2021-02-24 12
<HTML>
<TITLE>University of Wyoming - Radiosonde Data</TITLE>
<BODY BGCOLOR="white">
<H2>96749 WIII Jakarta Observations at 00Z 24 Feb 2021</H2>
<PRE>
-----------------------------------------------------------------------------
   PRES   HGHT   TEMP   DWPT   RELH   MIXR   DRCT   SKNT   THTA   THTE   THTV
    hPa     m      C      C      %    g/kg    deg   knot     K      K      K 
-----------------------------------------------------------------------------
 1007.0      8   24.2   22.2     89  17.05    270      4  296.8  346.2  299.8
 1000.0     72   23.8   22.0     90  16.96    265      6  296.9  346.1  300.0
  974.0    302   23.4   21.1     87  16.46    240     20  298.8  346.9  301.7
  949.0    529   23.0   20.2     84  15.97    243     24  300.6  347.7  303.5
  925.0    752   21.2   18.8     86  15.00    245     27  301.0  345.2  303.7
  850.0   1483   18.0   14.5     80  12.36    240     26  305.0  342.2  307.2
  806.0   1936   15.8   11.6     76  10.75    241     24  307.3  340.1  309.3
  768.0   2343   12.4   10.7     89  10.63    243     22  307.9  340.4  309.9
  700.0   3114    8.6    7.1     90   9.12    245     18  312.0  340.4  313.7
  685.0   3291    7.7    6.2     90   8.76    250     20  312.9  340.3  314.6
  591.0   4495    1.4    0.1     91   6.58    270     22  319.1  340.5  320.4
  571.0   4776    0.0   -1.3     91   6.13    268     21  320.6  340.6  321.8
  500.0   5830   -5.7   -7.0     91   4.55    260     16  326.0  341.4  326.9
  471.0   6297   -8.2   -9.5     90   3.97    240     12  328.6  342.2  329.4
  453.0   6602   -9.8  -11.2     90   3.62    230     11  330.2  342.8  331.0
  443.0   6777  -10.7  -12.1     89   3.43    218     10  331.2  343.2  331.9
  436.0   6899  -11.4  -12.9     89   3.27    210      9  331.8  343.3  332.4
  400.0   7560  -15.3  -17.1     86   2.52    160      9  335.0  344.1  335.5
  387.0   7805  -17.1  -18.6     88   2.29    150      8  335.9  344.2  336.4
  372.0   8098  -19.1  -20.5     89   2.03    150     12  336.9  344.4  337.4
  335.0   8876  -24.7  -25.3     95   1.47    154     16  339.6  345.1  339.9
  329.0   9006  -25.6  -26.5     92   1.34    155     17  340.1  345.1  340.4
  303.0   9598  -29.8  -32.1     80   0.86    120     17  342.3  345.7  342.5
  300.0   9670  -30.3  -32.8     79   0.81    120     17  342.6  345.8  342.7
  272.0  10359  -35.7  -40.7     60   0.40    131     19  344.4  346.1  344.5
  250.0  10940  -40.7  -44.0     70   0.31    140     20  345.4  346.7  345.5
  223.0  11700  -47.2  -50.9     66   0.16    140     28  346.9  347.6  346.9
  204.0  12292  -52.3  -56.3     62   0.09    145     29  347.8  348.2  347.8
  200.0  12420  -53.5  -57.6     61   0.08    150     30  347.9  348.2  347.9
  185.0  12902  -57.9  -62.5     55   0.05    150     36  348.6  348.8  348.6
  150.0  14200  -69.7  -75.7     41   0.01    115     42  349.8  349.9  349.8
  137.0  14734  -74.9  -81.9     33   0.00    108     45  349.8  349.9  349.8
  131.0  14992  -77.3  -84.3     32   0.00    105     46  350.0  350.0  350.0
  124.0  15307  -80.3  -87.3     31   0.00    105     45  350.1  350.1  350.1
  121.0  15445  -81.7  -89.7     25   0.00    100     50  350.0  350.1  350.0
  118.0  15586  -81.5  -89.7     25   0.00     95     56  352.9  352.9  352.9
  106.0  16191  -80.7  -89.4     23   0.00     80     41  365.4  365.4  365.4
  100.0  16520  -80.3  -89.3     21   0.00     85     27  372.3  372.3  372.3
   96.5  16720  -81.3  -92.3     15   0.00    100     30  374.2  374.2  374.2
   90.0  17106  -83.9  -93.8     17   0.00    130     36  376.5  376.5  376.5
   85.0  17422  -86.1  -95.1     19   0.00    125     45  378.3  378.3  378.3
   81.0  17690  -83.2  -91.7     22   0.00    110     48  389.5  389.5  389.5
   77.2  17956  -80.3  -88.3     26   0.00    105     49  400.9  400.9  400.9
   77.0  17971  -79.5  -88.2     23   0.00    105     49  402.9  402.9  402.9
   76.6  18001  -77.9  -87.9     19   0.00    102     47  406.8  406.8  406.8
   74.0  18198  -77.3  -87.3     19   0.00     84     37  412.1  412.1  412.1
   71.1  18428  -74.1  -85.1     17   0.00     63     24  423.6  423.7  423.6
   70.0  18520  -70.3  -84.3     11   0.00     55     19  433.7  433.7  433.7
   69.6  18554  -69.3  -84.3     10   0.00     49     17  436.5  436.5  436.5
   69.0  18606  -69.5  -84.2     10   0.00     40     14  437.2  437.2  437.2
   66.0  18871  -70.5  -83.9     12   0.01    315     13  440.6  440.7  440.6
   60.7  19369  -72.3  -83.3     18   0.01    265     18  447.2  447.3  447.2
   59.0  19537  -72.2  -82.7     19   0.01    255     12  451.1  451.1  451.1
   57.1  19730  -72.1  -82.1     21   0.01    336      5  455.6  455.6  455.6
   57.0  19741  -71.9  -82.1     21   0.01    340      5  456.2  456.2  456.2
   54.9  19965  -68.5  -81.5     14   0.01    326     15  469.0  469.0  469.0
   54.0  20064  -68.8  -81.1     16   0.01    320     19  470.5  470.6  470.5
   52.4  20245  -69.3  -80.3     19   0.01    320     20  473.4  473.5  473.4
   50.2  20505  -64.3  -78.3     13   0.02    320     22  491.0  491.1  491.0
   50.0  20530  -64.1  -78.1     13   0.02    320     22  492.0  492.1  492.0
   49.0  20654  -63.6  -78.0     13   0.02    315     24  496.1  496.2  496.1
   44.8  21204  -61.3  -77.3     10   0.02    253     20  514.5  514.7  514.5
   44.0  21315  -61.5  -77.8     10   0.02    240     19  516.6  516.8  516.6
   37.9  22233  -63.3  -82.3      6   0.01    181     12  534.6  534.7  534.6
   36.0  22551  -61.3  -90.3      1   0.00    160     10  547.7  547.7  547.7
   35.1  22707  -60.3  -94.3      0   0.00    142     10  554.2  554.3  554.2
   35.0  22724  -60.3  -94.3      0   0.00    140     10  554.6  554.6  554.6
   33.0  23089  -61.2  -94.6      1   0.00    135     13  561.6  561.6  561.6
   32.0  23279  -61.7  -94.7      1   0.00    108     12  565.3  565.4  565.3
   31.0  23476  -60.3  -93.8      1   0.00     80     10  574.2  574.2  574.2
   30.0  23680  -58.9  -92.9      1   0.00     75     18  583.5  583.5  583.5
   29.0  23893  -58.6  -92.6      1   0.00     60     11  590.0  590.0  590.0
   28.7  23958  -58.5  -92.5      1   0.00     47     11  592.0  592.0  592.0
   27.0  24339  -59.9  -93.9      0   0.00    330      9  598.6  598.6  598.6
   26.5  24456  -60.3  -94.3      0   0.00    320     10  600.6  600.6  600.6
   26.0  24576  -59.8  -93.9      0   0.00    310     12  605.2  605.2  605.2
   25.0  24822  -58.8  -93.2      0   0.00     55      2  614.9  614.9  614.9
   24.0  25079  -57.8  -92.4      0   0.00     80      8  625.1  625.1  625.1
   22.6  25456  -56.3  -91.3      1   0.00     77     18  640.4  640.4  640.4
   21.0  25920  -57.7  -91.7      1   0.00     73     29  649.7  649.7  649.7
   20.0  26230  -54.7  -89.7      1   0.01     70     37  668.0  668.1  668.0
   18.3  26803  -50.9  -86.9      1   0.01     81     33  697.1  697.2  697.1
   17.0  27282  -51.0  -92.4      0   0.00     90     30  711.5  711.5  711.5
   16.4  27516  -51.1  -95.1      0   0.00                718.6  718.6  718.6
</PRE><H3>Station information and sounding indices</H3><PRE>
                         Station identifier: WIII
                             Station number: 96749
                           Observation time: 210224/0000
                           Station latitude: -6.11
                          Station longitude: 106.65
                          Station elevation: 8.0
                            Showalter index: 0.31
                               Lifted index: -1.45
    LIFT computed using virtual temperature: -1.62
                                SWEAT index: 309.74
                                    K index: 36.70
                         Cross totals index: 20.20
                      Vertical totals index: 23.70
                        Totals totals index: 43.90
      Convective Available Potential Energy: 266.76
             CAPE using virtual temperature: 312.11
                      Convective Inhibition: -64.62
             CINS using virtual temperature: -48.27
                           Equilibrum Level: 291.10
 Equilibrum Level using virtual temperature: 289.70
                   Level of Free Convection: 783.84
             LFCT using virtual temperature: 793.56
                     Bulk Richardson Number: 60.33
          Bulk Richardson Number using CAPV: 70.58
  Temp [K] of the Lifted Condensation Level: 293.88
Pres [hPa] of the Lifted Condensation Level: 947.63
   Equivalent potential temp [K] of the LCL: 346.71
     Mean mixed layer potential temperature: 298.45
              Mean mixed layer mixing ratio: 16.55
              1000 hPa to 500 hPa thickness: 5758.00
Precipitable water [mm] for entire sounding: 59.79
</PRE>
<P>Description of the 
<A HREF="/upperair/columns.html">data columns</A>
or <A HREF="/upperair/indices.html">sounding indices</A>.

<P>
<FORM>
<INPUT CLASS="button" TYPE="button" VALUE=" Close this window " 
 onClick="window.close();">
<INPUT CLASS="button" TYPE="button" VALUE=" Select another map " 
 onClick="window.blur();">
</FORM>
<HR SIZE="1">
<I>Interested in graduate studies in atmospheric science?
Check out our program at the
<a href="http://www.uwyo.edu/atsc/howtoapply/"
target=_top>University of Wyoming
</a></I>
<HR SIZE="1"><FONT SIZE="-1">
Questions about the weather data provided by this site can be
addressed to <A HREF="mailto:ldoolman@uwyo.edu">
Larry Oolman (ldoolman@uwyo.edu)</A></FONT>
<HR SIZE="1">
<SCRIPT TYPE="text/javascript">
<!--
window.focus();
// -->
</SCRIPT>
</BODY>
</HTML>
