2018-10-07 12
<HTML>
<TITLE>University of Wyoming - Radiosonde Data</TITLE>
<BODY BGCOLOR="white">
<H2>96749 WIII Jakarta Observations at 00Z 07 Oct 2018</H2>
<PRE>
-----------------------------------------------------------------------------
   PRES   HGHT   TEMP   DWPT   RELH   MIXR   DRCT   SKNT   THTA   THTE   THTV
    hPa     m      C      C      %    g/kg    deg   knot     K      K      K 
-----------------------------------------------------------------------------
 1011.0      8   25.4   21.2     78  15.95    200      1  297.6  344.0  300.5
 1000.0    104   25.2   20.7     76  15.63    140      7  298.4  344.0  301.1
  978.0    299   24.7   19.0     70  14.32    115     11  299.8  341.8  302.3
  939.0    656   23.8   15.8     61  12.16    104     14  302.3  338.6  304.6
  925.0    787   23.0   15.0     61  11.72    100     15  302.8  337.8  304.9
  913.0    901   22.4   14.6     61  11.59    100     15  303.3  338.0  305.4
  875.0   1271   20.4   13.4     64  11.16    103     16  305.0  338.6  307.0
  850.0   1522   18.4   11.4     64  10.05    105     17  305.4  335.9  307.2
  823.0   1798   16.7    9.1     61   8.88     95     17  306.4  333.5  308.0
  804.0   1997   15.4    7.4     59   8.10     83     16  307.1  332.0  308.6
  767.0   2395   12.7    8.4     75   9.11     60     13  308.4  336.4  310.1
  757.0   2506   12.0    8.7     80   9.41     60     13  308.8  337.7  310.5
  700.0   3159    8.4    4.3     75   7.49     60     16  311.8  335.2  313.2
  687.0   3314    7.4    2.9     73   6.91     61     16  312.3  334.1  313.6
  662.0   3619    7.2    0.2     61   5.90     63     16  315.4  334.4  316.5
  594.0   4499    1.0   -5.2     64   4.41     70     16  318.1  332.6  319.0
  584.0   4637    0.0   -6.0     64   4.21     68     15  318.5  332.4  319.3
  569.0   4845   -2.1   -4.8     82   4.73     64     13  318.4  334.0  319.3
  561.0   4958   -1.7  -12.7     43   2.58     62     12  320.2  329.0  320.7
  549.0   5129   -2.3  -14.3     39   2.31     60     10  321.5  329.4  321.9
  544.0   5202   -1.7  -27.7     12   0.73     58     10  323.0  325.7  323.2
  518.0   5591   -2.5  -26.5     14   0.85     52      6  326.6  329.8  326.8
  511.0   5698   -3.2  -23.4     19   1.15     50      5  327.0  331.2  327.3
  500.0   5870   -4.3  -18.3     33   1.82     50      1  327.7  334.2  328.1
  499.0   5886   -4.5  -18.5     33   1.79     44      1  327.7  334.1  328.0
  492.0   5996   -5.2  -19.9     30   1.61      0      1  328.2  334.0  328.5
  473.0   6303   -7.0  -24.0     24   1.17     80      2  329.6  334.0  329.9
  455.0   6605   -8.8  -27.9     20   0.85    310      3  331.1  334.3  331.2
  448.0   6726   -9.5  -29.5     18   0.75    324      4  331.6  334.5  331.8
  438.0   6899  -10.8  -29.2     20   0.79    345      6  332.2  335.2  332.4
  423.0   7166  -12.7  -28.7     25   0.85    345      8  333.0  336.3  333.2
  407.0   7459  -14.3  -25.3     39   1.21    345     10  334.6  339.2  334.9
  406.0   7477  -14.5  -29.5     27   0.82    345     10  334.6  337.8  334.8
  405.0   7496  -14.6  -27.1     34   1.03    345     10  334.7  338.6  334.9
  404.0   7515  -14.7  -24.7     42   1.29    343     10  334.8  339.6  335.1
  400.0   7590  -15.5  -23.5     50   1.45    335     10  334.8  340.1  335.1
  398.0   7628  -15.5  -25.5     42   1.21    332     10  335.2  339.8  335.5
  386.0   7859  -17.1  -22.0     66   1.71    311     11  336.1  342.4  336.4
  378.0   8016  -17.7  -30.7     31   0.79    297     12  337.3  340.4  337.5
  374.0   8096  -18.3  -29.8     36   0.87    290     12  337.5  340.9  337.7
  363.0   8319  -20.1  -27.1     54   1.15    286     15  338.0  342.4  338.3
  362.0   8339  -20.3  -26.3     59   1.24    286     15  338.0  342.7  338.3
  359.0   8401  -20.5  -29.5     44   0.93    285     16  338.6  342.1  338.8
  355.0   8484  -20.7  -33.7     30   0.63    284     17  339.4  341.9  339.5
  345.0   8695  -22.2  -28.9     54   1.02    280     20  340.1  344.0  340.3
  342.0   8760  -22.7  -27.5     65   1.18    276     20  340.3  344.8  340.5
  332.0   8978  -24.1  -31.1     52   0.86    264     19  341.3  344.6  341.4
  325.0   9133  -25.3  -34.3     43   0.65    254     18  341.7  344.3  341.8
  318.0   9290  -26.7  -34.1     50   0.68    245     17  341.9  344.6  342.1
  300.0   9710  -30.3  -33.4     74   0.77    245     17  342.6  345.6  342.7
  286.0  10048  -33.1  -35.1     82   0.68    256     17  343.3  346.0  343.4
  274.0  10348  -35.3  -40.0     62   0.43    265     17  344.3  346.1  344.4
  270.0  10450  -35.7  -44.7     39   0.27    268     17  345.2  346.3  345.2
  268.0  10501  -36.1  -45.3     38   0.25    270     17  345.3  346.4  345.3
  251.0  10953  -39.9  -50.9     30   0.14    289      9  346.2  346.8  346.2
  250.0  10980  -40.3                         290      8  346.0         346.0
  200.0  12460  -52.9                         345     13  348.8         348.8
  187.0  12878  -56.5                         350     11  349.7         349.7
  170.0  13471  -61.7                         350     15  350.8         350.8
  161.0  13810  -64.7                           5     15  351.3         351.3
  150.0  14250  -68.5                           5     18  351.9         351.9
  146.0  14406  -69.8                           5     17  352.4         352.4
  139.0  14690  -72.0                           0     17  353.4         353.4
  125.0  15302  -77.0                         330     15  355.3         355.3
  113.0  15885  -81.7                         330     11  357.0         357.0
  112.0  15936  -82.1                         330     11  357.1         357.1
  107.0  16191  -81.5                          45     14  363.0         363.0
  100.0  16570  -80.5                          80     23  371.9         371.9
   96.0  16801  -80.4                         110     26  376.6         376.6
   91.0  17105  -80.2                         105     21  382.7         382.7
   88.5  17262  -80.1                         120     15  386.0         386.0
   86.0  17426  -77.3                         135      9  394.7         394.7
   85.8  17440  -77.1                         133      9  395.4         395.4
   79.2  17900  -77.7                          72     12  403.4         403.4
   78.0  17989  -77.0                          60     12  406.6         406.6
   74.0  18296  -74.5                          75      5  418.0         418.0
   70.0  18620  -71.9                         120     10  430.2         430.2
   67.1  18872  -68.3                         115     14  443.3         443.3
   60.6  19482  -68.5                         101     23  455.9         455.9
   60.0  19543  -67.8                         100     24  458.7         458.7
   56.5  19907  -63.9                          76     40  475.6         475.6
   55.0  20071  -64.6                          65     47  477.6         477.6
   50.5  20590  -66.9                          78     40  484.0         484.0
   50.0  20650  -66.9                          80     39  485.4         485.4
   44.5  21351  -67.5                          88     49  500.4         500.4
   43.0  21558  -67.1                          90     52  506.2         506.2
   39.9  22008  -66.3                          90     54  519.2         519.2
   36.1  22623  -59.3                          90     56  552.4         552.4
   34.0  23001  -58.0                          90     57  565.2         565.2
   30.1  23769  -55.5                         109     36  592.2         592.2
   30.0  23790  -55.5                         110     35  592.7         592.7
   29.0  24007  -53.2                         115     25  604.8         604.8
   28.7  24073  -52.5                         122     23  608.6         608.6
   28.0  24233  -52.0                         140     19  614.4         614.4
   26.2  24662  -50.5                         127     22  630.3         630.3
   26.0  24712  -50.8                         125     22  630.8         630.8
   25.0  24964  -52.5                          50      3  633.1         633.1
   24.0  25226  -54.2                         300      7  635.6         635.6
   23.7  25307  -54.7                         290      8  636.4         636.4
   23.0  25500  -53.8                         265      9  644.5         644.5
   22.0  25785  -52.5                         170      4  656.6         656.6
   21.0  26084  -51.1                          35      2  669.6         669.6
   20.0  26400  -51.5                         245     13  677.8         677.8
   18.6  26869  -52.3                         263     21  689.5         689.5
   17.1  27414  -49.7                         284     31  714.6         714.6
   17.0  27452  -49.8                         285     32  715.4         715.4
   15.0  28263  -51.9                         260     36  734.5         734.5
   14.3  28573  -52.7                         257     32  741.9         741.9
   13.5  28943  -52.9                         253     26  753.5         753.5
   13.0  29190  -51.3                         250     23  767.2         767.2
   12.0  29714  -48.0                         295     19  796.7         796.7
   11.2  30166  -45.1                         283     13  823.0         823.0
   11.0  30286  -45.1                         280     12  827.1         827.1
   10.2  30788  -45.3                         300     10  844.5         844.5
   10.0  30920  -44.9                         305      9  850.8         850.8
    9.8  31056  -42.7                                     864.0         864.0
</PRE><H3>Station information and sounding indices</H3><PRE>
                         Station identifier: WIII
                             Station number: 96749
                           Observation time: 181007/0000
                           Station latitude: -6.11
                          Station longitude: 106.65
                          Station elevation: 8.0
                            Showalter index: 4.35
                               Lifted index: 1.72
    LIFT computed using virtual temperature: 1.22
                                SWEAT index: 171.78
                                    K index: 30.00
                         Cross totals index: 15.70
                      Vertical totals index: 22.70
                        Totals totals index: 38.40
      Convective Available Potential Energy: 24.62
             CAPE using virtual temperature: 48.17
                      Convective Inhibition: -183.18
             CINS using virtual temperature: -140.66
                           Equilibrum Level: 546.81
 Equilibrum Level using virtual temperature: 538.65
                   Level of Free Convection: 690.12
             LFCT using virtual temperature: 717.77
                     Bulk Richardson Number: 2.92
          Bulk Richardson Number using CAPV: 5.72
  Temp [K] of the Lifted Condensation Level: 291.17
Pres [hPa] of the Lifted Condensation Level: 906.82
   Equivalent potential temp [K] of the LCL: 342.10
     Mean mixed layer potential temperature: 299.44
              Mean mixed layer mixing ratio: 14.60
              1000 hPa to 500 hPa thickness: 5766.00
Precipitable water [mm] for entire sounding: 44.72
</PRE>
<P>Description of the 
<A HREF="/upperair/columns.html">data columns</A>
or <A HREF="/upperair/indices.html">sounding indices</A>.

<P>
<FORM>
<INPUT CLASS="button" TYPE="button" VALUE=" Close this window " 
 onClick="window.close();">
<INPUT CLASS="button" TYPE="button" VALUE=" Select another map " 
 onClick="window.blur();">
</FORM>
<HR SIZE="1">
<I>Interested in graduate studies in atmospheric science?
Check out our program at the
<a href="http://www.uwyo.edu/atsc/howtoapply/"
target=_top>University of Wyoming
</a></I>
<HR SIZE="1"><FONT SIZE="-1">
Questions about the weather data provided by this site can be
addressed to <A HREF="mailto:ldoolman@uwyo.edu">
Larry Oolman (ldoolman@uwyo.edu)</A></FONT>
<HR SIZE="1">
<SCRIPT TYPE="text/javascript">
<!--
window.focus();
// -->
</SCRIPT>
</BODY>
</HTML>
