2016-01-16 00
<HTML>
<TITLE>University of Wyoming - Radiosonde Data</TITLE>
<BODY BGCOLOR="white">
<H2>96749 WIII Jakarta Observations at 00Z 16 Jan 2016</H2>
<PRE>
-----------------------------------------------------------------------------
   PRES   HGHT   TEMP   DWPT   RELH   MIXR   DRCT   SKNT   THTA   THTE   THTV
    hPa     m      C      C      %    g/kg    deg   knot     K      K      K 
-----------------------------------------------------------------------------
 1010.0      8   25.4   25.1     98  20.35      0      0  297.7  357.0  301.3
 1000.0     96   25.6   24.2     92  19.45      0      0  298.8  355.7  302.2
  983.0    248   25.8   23.5     87  18.96    249      1  300.4  356.3  303.8
  977.0    302   25.5   23.0     86  18.46    210      2  300.7  355.1  304.0
  945.0    595   24.0   20.1     79  15.97     80      2  302.0  349.3  304.9
  925.0    783   23.0   18.3     75  14.52     75      4  302.8  346.1  305.5
  913.0    896   22.4   17.4     73  13.85     70      4  303.4  344.7  305.9
  850.0   1517   19.2   12.2     64  10.61     80     10  306.2  338.4  308.2
  822.0   1804   17.4   10.9     66  10.06     75     12  307.2  337.9  309.1
  799.0   2047   15.8    9.8     68   9.61     71     10  308.1  337.5  309.9
  794.0   2100   15.5    9.5     67   9.48     70     10  308.3  337.4  310.1
  743.0   2661   12.4    6.4     67   8.18     89     10  310.8  336.3  312.4
  740.0   2695   12.3    5.7     64   7.82     90     10  311.1  335.5  312.5
  722.0   2901   11.4    1.4     50   5.90     81     11  312.3  331.0  313.4
  700.0   3159    9.6    4.8     72   7.76     70     12  313.1  337.5  314.6
  689.0   3290    9.4    4.4     71   7.67     66     12  314.3  338.6  315.7
  640.0   3897    6.4   -1.1     59   5.56     45     14  317.6  335.6  318.6
  617.0   4198    4.9   -3.8     53   4.71     55     12  319.2  334.7  320.1
  612.0   4264    4.6   -4.4     52   4.53     59     12  319.6  334.6  320.5
  573.0   4796    1.4  -14.6     29   2.16     90     10  321.9  329.4  322.3
  557.0   5024    0.0  -19.0     22   1.54     84     12  322.9  328.3  323.2
  532.0   5388   -1.7  -23.3     18   1.11     75     14  325.0  329.1  325.2
  500.0   5880   -4.1  -29.1     12   0.69     95     16  328.0  330.6  328.1
  481.0   6185   -4.7  -26.7     16   0.90    106     18  330.9  334.3  331.1
  474.0   6300   -5.7  -19.6     32   1.71    110     19  331.1  337.3  331.4
  468.0   6400   -6.5  -13.5     58   2.90    108     19  331.2  341.5  331.8
  457.0   6585   -7.7  -18.7     41   1.92    104     19  332.0  339.0  332.4
  456.0   6602   -7.3  -29.3     15   0.75    103     19  332.7  335.6  332.9
  422.0   7199  -11.1  -30.5     19   0.72     90     19  335.3  338.1  335.5
  405.0   7515  -13.1  -31.1     21   0.71    102     19  336.7  339.4  336.8
  401.0   7591  -13.5  -23.5     43   1.44    104     19  337.1  342.5  337.4
  400.0   7610  -13.7  -29.7     25   0.82    105     19  337.1  340.3  337.3
  390.0   7802  -15.3  -20.0     67   2.02    115     19  337.4  344.9  337.9
  362.0   8360  -19.3  -26.3     54   1.24    106     13  339.4  344.1  339.6
  333.0   8976  -23.7  -33.7     39   0.67     95      6  341.5  344.2  341.7
  332.0   8998  -23.9  -33.4     41   0.69     95      6  341.6  344.3  341.8
  317.0   9334  -26.3  -29.3     76   1.07     52      6  342.8  346.9  343.0
  306.0   9588  -28.1  -33.1     62   0.77     20      6  343.7  346.8  343.9
  303.0   9659  -28.5  -38.5     38   0.46     18      6  344.1  346.0  344.2
  300.0   9730  -28.9  -37.9     42   0.49     15      6  344.5  346.5  344.6
  281.0  10189  -32.7  -39.2     52   0.46     10      6  345.6  347.4  345.7
  269.0  10496  -35.2  -40.0     61   0.44    100      6  346.2  348.0  346.3
  250.0  11010  -39.5  -41.5     81   0.40    135     10  347.2  348.9  347.3
  248.0  11065  -40.1  -42.2     80   0.38    137     10  347.1  348.7  347.2
  226.0  11680  -45.5                         160     16  348.1         348.1
  200.0  12490  -52.7                         160     19  349.1         349.1
  197.0  12584  -53.5                         160     19  349.4         349.4
  171.0  13465  -61.2                         205     19  351.1         351.1
  155.0  14076  -66.5                         220     14  352.0         352.0
  150.0  14280  -68.3                         210     17  352.2         352.2
  131.0  15080  -74.7                         198     19  354.7         354.7
  126.0  15307  -73.3                         195     19  361.2         361.2
  105.0  16355  -80.1                         267      9  367.6         367.6
  103.0  16464  -80.7                         275      8  368.5         368.5
  100.0  16630  -81.5                         330      6  370.0         370.0
   97.0  16800  -82.3                          35      4  371.6         371.6
   92.2  17084  -83.7                          75     14  374.4         374.4
   92.0  17096  -83.6                          75     14  374.8         374.8
   87.0  17409  -81.2                         145     14  385.7         385.7
   86.5  17442  -80.9                         147     16  386.9         386.9
   83.0  17673  -81.9                         160     27  389.4         389.4
   78.0  18021  -83.5                         140     29  393.1         393.1
   77.3  18071  -83.7                         143     28  393.7         393.7
   70.0  18630  -78.9                         180     19  415.3         415.3
   67.0  18881  -75.5                         265     12  427.8         427.8
   66.3  18941  -74.7                         264     11  430.9         430.9
   60.0  19522  -73.7                         250      6  445.6         445.6
   57.0  19821  -73.2                         330      4  453.3         453.3
   55.2  20008  -72.9                         320      6  458.2         458.2
   52.0  20359  -71.2                         300     10  470.0         470.0
   50.0  20590  -70.1                         320      8  477.9         477.9
   47.0  20961  -68.1                         345     12  491.1         491.1
   45.8  21116  -67.3                         339      9  496.8         496.8
   44.0  21358  -67.8                         330      4  501.3         501.3
   42.0  21638  -68.3                         145      8  506.6         506.6
   41.5  21710  -68.5                         129      9  508.0         508.0
   40.0  21935  -66.3                          80     14  518.8         518.8
   38.0  22248  -63.3                          80     16  534.2         534.2
   36.5  22495  -60.9                         106     15  546.5         546.5
   36.0  22580  -61.0                         115     14  548.3         548.3
   33.0  23119  -61.9                          90     10  559.8         559.8
   32.0  23310  -62.2                          40      4  563.9         563.9
   30.0  23710  -62.9                          80      6  572.6         572.6
   29.8  23751  -62.9                          80      7  573.7         573.7
   29.0  23921  -61.9                          80     10  580.8         580.8
   27.0  24368  -59.4                         130      4  599.9         599.9
   26.0  24604  -58.1                         310     10  610.1         610.1
   24.3  25026  -55.7                         272     14  629.0         629.0
   22.0  25661  -54.7                         215     21  650.1         650.1
   21.0  25958  -54.2                         175      8  660.2         660.2
   20.0  26270  -53.7                         130      8  671.0         671.0
   19.0  26600  -53.6                          85     19  681.3         681.3
   18.0  26947  -53.5                          55     23  692.3         692.3
   16.7  27429  -53.3                          52     22  707.8         707.8
   16.0  27708  -50.1                          50     21  726.9         726.9
   15.7  27831  -48.7                                     735.5         735.5
</PRE><H3>Station information and sounding indices</H3><PRE>
                         Station identifier: WIII
                             Station number: 96749
                           Observation time: 160116/0000
                           Station latitude: -6.11
                          Station longitude: 106.65
                          Station elevation: 8.0
                            Showalter index: 3.44
                               Lifted index: -2.65
    LIFT computed using virtual temperature: -3.68
                                SWEAT index: 182.41
                                    K index: 30.70
                         Cross totals index: 16.30
                      Vertical totals index: 23.30
                        Totals totals index: 39.60
      Convective Available Potential Energy: 1235.45
             CAPE using virtual temperature: 1462.43
                      Convective Inhibition: -37.24
             CINS using virtual temperature: -14.27
                           Equilibrum Level: 131.65
 Equilibrum Level using virtual temperature: 131.58
                   Level of Free Convection: 829.16
             LFCT using virtual temperature: 880.97
                     Bulk Richardson Number: 103.95
          Bulk Richardson Number using CAPV: 123.05
  Temp [K] of the Lifted Condensation Level: 295.78
Pres [hPa] of the Lifted Condensation Level: 951.05
   Equivalent potential temp [K] of the LCL: 354.68
     Mean mixed layer potential temperature: 300.07
              Mean mixed layer mixing ratio: 18.61
              1000 hPa to 500 hPa thickness: 5784.00
Precipitable water [mm] for entire sounding: 48.58
</PRE>
<P>Description of the 
<A HREF="/upperair/columns.html">data columns</A>
or <A HREF="/upperair/indices.html">sounding indices</A>.

<P>
<FORM>
<INPUT CLASS="button" TYPE="button" VALUE=" Close this window " 
 onClick="window.close();">
<INPUT CLASS="button" TYPE="button" VALUE=" Select another map " 
 onClick="window.blur();">
</FORM>
<HR SIZE="1">
<I>Interested in graduate studies in atmospheric science?
Check out our program at the
<a href="http://www.uwyo.edu/atsc/howtoapply/"
target=_top>University of Wyoming
</a></I>
<HR SIZE="1"><FONT SIZE="-1">
Questions about the weather data provided by this site can be
addressed to <A HREF="mailto:ldoolman@uwyo.edu">
Larry Oolman (ldoolman@uwyo.edu)</A></FONT>
<HR SIZE="1">
<SCRIPT TYPE="text/javascript">
<!--
window.focus();
// -->
</SCRIPT>
</BODY>
</HTML>
