2021-09-19 00
<HTML>
<TITLE>University of Wyoming - Radiosonde Data</TITLE>
<BODY BGCOLOR="white">
<H2>96749 WIII Jakarta Observations at 00Z 19 Sep 2021</H2>
<PRE>
-----------------------------------------------------------------------------
   PRES   HGHT   TEMP   DWPT   RELH   MIXR   DRCT   SKNT   THTA   THTE   THTV
    hPa     m      C      C      %    g/kg    deg   knot     K      K      K 
-----------------------------------------------------------------------------
 1010.0      8   25.8   23.8     89  18.78    230      3  298.1  352.9  301.4
 1000.0     95   25.6   22.5     83  17.50    235      5  298.8  349.9  301.9
  945.0    596   24.5   18.4     69  14.33    190      5  302.5  345.1  305.1
  929.0    747   24.2   17.2     65  13.47    146      7  303.7  343.9  306.1
  925.0    785   24.0   17.0     65  13.35    135      7  303.8  343.8  306.3
  913.0    899   23.3   16.4     65  13.03    115      8  304.2  343.3  306.6
  882.0   1200   21.3   14.9     67  12.19     95     17  305.2  341.9  307.4
  852.0   1502   19.3   13.3     68  11.39     90     17  306.2  340.7  308.3
  850.0   1522   19.2   13.2     68  11.34     95     17  306.2  340.6  308.3
  823.0   1797   17.0   12.3     74  11.07     95      9  306.8  340.4  308.8
  794.0   2104   14.6   11.4     81  10.77     92     10  307.4  340.2  309.3
  767.0   2394   12.6    8.7     77   9.31     90     11  308.3  336.9  310.0
  743.0   2661   10.8    6.3     74   8.12    101     10  309.1  334.2  310.6
  729.0   2820   10.4    6.1     75   8.16    108     10  310.4  335.7  311.9
  716.0   2969   10.4    0.4     50   5.53    114      9  311.9  329.5  313.0
  714.0   2993   10.3    0.3     50   5.50    115      9  312.1  329.6  313.1
  700.0   3157    9.4   -0.6     50   5.26    105      7  312.9  329.7  313.9
  688.0   3300    8.6   -1.4     49   5.05    110      8  313.5  329.7  314.5
  676.0   3446    8.8   -8.2     29   3.06    122     10  315.3  325.5  315.9
  664.0   3594    8.1   -7.7     32   3.23    135     12  316.1  326.9  316.8
  636.0   3949    6.4   -6.6     39   3.69    132     12  318.1  330.4  318.9
  617.0   4198    5.1  -11.7     29   2.54    130     12  319.4  328.0  319.9
  616.0   4211    5.0  -12.0     28   2.49    130     12  319.4  327.9  319.9
  573.0   4797    1.1  -13.6     33   2.36    120     16  321.6  329.7  322.0
  561.0   4968    0.0  -14.0     34   2.32    124     14  322.2  330.2  322.6
  531.0   5405   -3.0  -15.7     37   2.13    135     10  323.7  331.1  324.1
  517.0   5617   -4.5  -16.5     39   2.05    137     10  324.4  331.6  324.8
  500.0   5880   -6.7  -12.7     62   2.90    140     11  324.8  334.8  325.4
  499.0   5896   -6.9  -11.9     68   3.10    141     11  324.8  335.4  325.4
  492.0   6005   -7.2  -13.9     59   2.68    145     10  325.7  335.0  326.2
  482.0   6164   -7.7  -16.7     48   2.16    148     11  327.0  334.6  327.4
  475.0   6277   -7.9  -23.9     26   1.17    149     11  328.1  332.4  328.4
  473.0   6309   -8.0  -26.4     21   0.94    150     11  328.4  331.9  328.5
  469.0   6375   -8.3  -31.3     14   0.60    148     10  328.8  331.1  328.9
  438.0   6893  -12.2  -28.7     24   0.82    135      3  330.4  333.5  330.6
  404.0   7505  -16.7  -25.7     46   1.18     70      9  332.2  336.6  332.4
  400.0   7580  -17.3  -25.3     50   1.23     70     10  332.4  337.0  332.7
  393.0   7713  -18.5  -25.5     54   1.23     70     13  332.5  337.1  332.8
  389.0   7789  -19.0  -26.6     51   1.12     70     14  332.9  337.1  333.1
  380.0   7964  -20.1  -29.1     45   0.91     75     15  333.6  337.1  333.8
  377.0   8023  -20.5  -30.5     40   0.81     76     15  333.9  336.9  334.0
  369.0   8183  -19.1  -38.1     17   0.39     81     15  337.8  339.4  337.9
  367.0   8224  -18.9  -40.9     12   0.29     82     15  338.6  339.8  338.6
  344.0   8698  -22.5  -42.9     14   0.25     95     17  340.0  341.1  340.1
  300.0   9700  -30.1  -47.1     17   0.18     45     16  342.8  343.6  342.9
  289.0   9964  -32.3  -44.3     29   0.26     37     17  343.4  344.5  343.4
  280.0  10187  -33.7  -49.7     18   0.15     30     17  344.5  345.1  344.5
  267.0  10518  -36.5  -45.5     39   0.25     19     18  345.1  346.2  345.2
  250.0  10970  -40.1  -49.1     38   0.18      5     19  346.3  347.1  346.4
  245.0  11107  -41.3  -49.2     42   0.18     15     19  346.5  347.3  346.5
  237.0  11331  -43.3  -49.3     51   0.18     21     18  346.8  347.6  346.9
  205.0  12287  -50.6  -60.9     29   0.05     45     15  349.9  350.2  349.9
  200.0  12450  -51.9  -62.9     25   0.04     50     10  350.4  350.6  350.4
  187.0  12874  -55.6  -66.7     24   0.03     30      7  351.2  351.3  351.2
  178.0  13185  -58.4  -69.4     23   0.02     20      5  351.6  351.7  351.6
  170.0  13475  -61.0  -72.0     22   0.01     40      3  352.0  352.1  352.0
  162.0  13778  -63.7  -74.7     21   0.01    120      4  352.4  352.4  352.4
  159.0  13896  -64.7  -75.7     21   0.01    133      5  352.5  352.6  352.5
  154.0  14090  -66.5  -77.5     20   0.01    155      8  352.8  352.8  352.8
  150.0  14250  -67.9  -78.9     19   0.01    160     11  352.9  353.0  352.9
  139.0  14702  -71.9  -78.9     34   0.01    175     19  353.7  353.7  353.7
  126.0  15269  -76.2  -84.4     27   0.00    175     11  355.9  355.9  355.9
  117.0  15697  -79.5  -88.5     22   0.00    165      6  357.5  357.5  357.5
  113.0  15892  -80.0  -88.8     22   0.00    160      4  360.1  360.1  360.1
  107.0  16199  -80.8  -89.2     24   0.00     30      4  364.4  364.4  364.4
  100.0  16580  -81.7  -89.7     25   0.00     10      2  369.6  369.6  369.6
   96.0  16813  -75.9  -88.2     13   0.00     10      4  385.2  385.2  385.2
   95.3  16855  -74.9  -87.9     12   0.00     18      4  388.1  388.1  388.1
   91.0  17125  -71.8  -86.5     10   0.00     65      5  399.5  399.5  399.5
   90.4  17164  -71.3  -86.3      9   0.00     63      5  401.1  401.1  401.1
   87.0  17392  -70.8  -87.3      7   0.00     50      8  406.5  406.5  406.5
   83.0  17671  -70.2  -88.6      5   0.00    330     14  413.2  413.2  413.2
   79.5  17927  -69.7  -89.7      4   0.00    307     19  419.4  419.4  419.4
   75.0  18272  -71.4  -92.1      3   0.00    275     26  423.0  423.0  423.0
   73.1  18424  -72.1  -93.1      3   0.00    271     26  424.5  424.5  424.5
   70.0  18680  -71.3  -93.3      3   0.00    265     25  431.5  431.5  431.5
   64.0  19213  -68.5  -93.8      2   0.00    230     17  448.8  448.8  448.8
   61.1  19488  -67.1  -94.1      1   0.00    211     16  457.9  458.0  457.9
   61.0  19498  -67.2  -94.1      1   0.00    210     16  458.1  458.1  458.1
   58.8  19718  -68.3  -93.3      2   0.00    232     18  460.3  460.3  460.3
   58.0  19801  -66.4  -92.9      1   0.00    240     19  466.4  466.4  466.4
   57.7  19832  -65.7  -92.7      1   0.00    240     19  468.7  468.7  468.7
   50.0  20700  -64.7  -87.7      3   0.00    230     22  490.6  490.6  490.6
   48.0  20951  -64.0  -87.0      3   0.00    215     11  498.1  498.1  498.1
   45.0  21347  -62.9  -85.9      3   0.01    160      5  510.1  510.1  510.1
   43.1  21612  -62.1  -85.1      3   0.01    103     12  518.2  518.3  518.2
   43.0  21627  -62.2  -85.1      3   0.01    100     12  518.4  518.5  518.4
   41.0  21918  -63.6  -85.9      3   0.01    110     18  521.9  522.0  521.9
   37.5  22464  -66.3  -87.3      4   0.01     80     21  528.5  528.6  528.5
   37.0  22546  -65.3  -87.1      3   0.01     80     23  533.1  533.1  533.1
   36.0  22714  -63.3  -86.8      3   0.01     60     36  542.4  542.5  542.4
   35.1  22869  -61.5  -86.5      2   0.01     64     37  551.1  551.2  551.1
   30.0  23840  -62.7  -85.7      3   0.01     90     43  573.1  573.2  573.1
   29.0  24048  -62.9  -85.9      3   0.01     95     47  578.2  578.3  578.2
   28.9  24070  -62.9  -85.9      3   0.01     95     48  578.7  578.8  578.7
   27.5  24377  -59.9  -85.9      2   0.01     95     57  595.4  595.5  595.4
   27.0  24491  -59.9  -85.7      2   0.01     95     61  598.6  598.7  598.6
   24.4  25122  -59.7  -84.7      3   0.01    104     67  616.6  616.8  616.7
   24.0  25227  -59.2  -84.5      2   0.01    105     68  621.0  621.1  621.0
   23.0  25496  -57.9  -83.8      2   0.02    100     72  632.4  632.5  632.4
   20.0  26380  -53.7  -81.7      2   0.03     90     76  671.0  671.3  671.1
   18.2  26987  -52.9  -81.9      2   0.03     87     73  691.9  692.2  691.9
   17.0  27433  -48.5  -80.1      1   0.04     85     71  719.8  720.2  719.8
   16.6  27589  -46.9  -79.4      1   0.04     85     71  729.7  730.2  729.7
   16.4  27669  -46.1  -79.1      1   0.05     85     70  734.8  735.3  734.8
   15.0  28271  -44.6  -77.8      1   0.06     85     66  758.9  759.5  758.9
   13.0  29237  -42.1  -75.7      1   0.10     85     50  799.0  800.2  799.0
   12.0  29777  -40.8  -74.5      1   0.13    100     44  822.3  823.9  822.4
   11.0  30364  -39.3  -73.2      1   0.17    105     37  848.4  850.5  848.5
   10.9  30426  -39.1  -73.1      2   0.18                851.2  853.4  851.3
</PRE><H3>Station information and sounding indices</H3><PRE>
                         Station identifier: WIII
                             Station number: 96749
                           Observation time: 210919/0000
                           Station latitude: -6.11
                          Station longitude: 106.65
                          Station elevation: 8.0
                            Showalter index: -0.06
                               Lifted index: -3.04
    LIFT computed using virtual temperature: -3.52
                                SWEAT index: 203.39
                                    K index: 29.10
                         Cross totals index: 19.90
                      Vertical totals index: 25.90
                        Totals totals index: 45.80
      Convective Available Potential Energy: 421.59
             CAPE using virtual temperature: 594.64
                      Convective Inhibition: -114.87
             CINS using virtual temperature: -88.81
                           Equilibrum Level: 236.89
 Equilibrum Level using virtual temperature: 236.34
                   Level of Free Convection: 797.15
             LFCT using virtual temperature: 810.18
                     Bulk Richardson Number: 25.49
          Bulk Richardson Number using CAPV: 35.95
  Temp [K] of the Lifted Condensation Level: 293.43
Pres [hPa] of the Lifted Condensation Level: 926.11
   Equivalent potential temp [K] of the LCL: 348.29
     Mean mixed layer potential temperature: 299.97
              Mean mixed layer mixing ratio: 16.53
              1000 hPa to 500 hPa thickness: 5785.00
Precipitable water [mm] for entire sounding: 45.02
</PRE>
<P>Description of the 
<A HREF="/upperair/columns.html">data columns</A>
or <A HREF="/upperair/indices.html">sounding indices</A>.

<P>
<FORM>
<INPUT CLASS="button" TYPE="button" VALUE=" Close this window " 
 onClick="window.close();">
<INPUT CLASS="button" TYPE="button" VALUE=" Select another map " 
 onClick="window.blur();">
</FORM>
<HR SIZE="1">
<I>Interested in graduate studies in atmospheric science?
Check out our program at the
<a href="http://www.uwyo.edu/atsc/howtoapply/"
target=_top>University of Wyoming
</a></I>
<HR SIZE="1"><FONT SIZE="-1">
Questions about the weather data provided by this site can be
addressed to <A HREF="mailto:ldoolman@uwyo.edu">
Larry Oolman (ldoolman@uwyo.edu)</A></FONT>
<HR SIZE="1">
<SCRIPT TYPE="text/javascript">
<!--
window.focus();
// -->
</SCRIPT>
</BODY>
</HTML>
