2019-12-03 00
<HTML>
<TITLE>University of Wyoming - Radiosonde Data</TITLE>
<BODY BGCOLOR="white">
<H2>96749 WIII Jakarta Observations at 00Z 03 Dec 2019</H2>
<PRE>
-----------------------------------------------------------------------------
   PRES   HGHT   TEMP   DWPT   RELH   MIXR   DRCT   SKNT   THTA   THTE   THTV
    hPa     m      C      C      %    g/kg    deg   knot     K      K      K 
-----------------------------------------------------------------------------
 1009.0      8   25.8   23.6     88  18.57    230      3  298.2  352.4  301.5
 1008.0     17   25.6   22.3     82  17.14    231      3  298.1  348.0  301.1
 1000.0     85   26.2   22.5     80  17.50    235      7  299.4  350.7  302.5
  981.0    255   26.4   21.5     74  16.76    262      6  301.2  350.7  304.2
  944.0    595   24.3   19.7     75  15.53    315      5  302.4  348.5  305.2
  925.0    774   23.2   18.7     76  14.90    300      4  303.0  347.4  305.7
  912.0    897   22.4   17.9     76  14.33    315      3  303.4  346.2  306.0
  881.0   1196   20.4   15.8     75  12.99    355      5  304.4  343.4  306.8
  851.0   1496   18.5   13.8     74  11.76     55      4  305.4  340.9  307.5
  850.0   1506   18.4   13.7     74  11.72     55      4  305.4  340.8  307.6
  803.0   1994   15.2   11.9     81  11.02     58      6  307.0  340.5  309.0
  707.0   3068   10.6   -2.4     40   4.56     64     12  313.3  328.0  314.2
  700.0   3151   10.2   -1.8     43   4.81     65     12  313.8  329.3  314.7
  688.0   3294    9.6   -3.4     40   4.35     70     12  314.6  328.8  315.5
  687.0   3306    9.5   -3.4     40   4.34     70     12  314.6  328.8  315.5
  672.0   3489    8.0   -4.0     42   4.25     82     11  315.0  328.8  315.8
  667.0   3550    7.4   -3.6     46   4.42     86     10  315.0  329.3  315.8
  664.0   3587    7.2    1.2     66   6.33     89     10  315.1  335.4  316.4
  659.0   3649    6.8    3.7     81   7.63     93     10  315.4  339.6  316.8
  639.0   3901    5.4    1.9     78   6.91    110      8  316.6  338.8  317.9
  622.0   4122    4.2    0.3     76   6.33    116      8  317.6  338.1  318.9
  610.0   4280    3.4   -1.3     71   5.74    120      8  318.5  337.2  319.6
  594.0   4495    3.3   -9.9     37   3.06    125      8  320.8  331.1  321.4
  585.0   4619    3.2  -14.8     25   2.08    117     10  322.1  329.3  322.5
  572.0   4800    2.2  -19.6     18   1.43    105     12  323.1  328.1  323.3
  558.0   4999    1.2  -24.8     12   0.92    107     11  324.1  327.5  324.3
  541.0   5247    0.0  -17.0     27   1.88    109     11  325.6  332.2  325.9
  531.0   5395   -1.6  -14.0     38   2.45    110     10  325.4  333.9  325.9
  528.0   5440   -2.1  -13.1     43   2.65    113     10  325.3  334.5  325.8
  511.0   5699   -3.9  -18.1     32   1.81    130      8  326.2  332.6  326.6
  507.0   5761   -4.3  -19.3     30   1.65    128      7  326.4  332.3  326.8
  500.0   5870   -5.3  -19.3     32   1.67    125      6  326.5  332.5  326.8
  494.0   5965   -6.3  -17.3     41   2.00    121      6  326.4  333.5  326.8
  492.0   5996   -6.5  -15.5     49   2.34    119      6  326.6  334.8  327.0
  489.0   6044   -6.7  -17.7     41   1.96    117      6  326.9  333.8  327.3
  488.0   6060   -6.7  -23.7     25   1.16    116      6  327.1  331.3  327.3
  485.0   6108   -6.9  -19.9     35   1.63    114      6  327.4  333.3  327.7
  484.0   6125   -6.9  -15.9     49   2.30    113      6  327.6  335.7  328.1
  478.0   6222   -7.3  -20.3     35   1.60    109      7  328.3  334.1  328.6
  471.0   6337   -8.1  -22.1     31   1.39    104      7  328.7  333.7  328.9
  462.0   6486   -8.9  -20.9     37   1.57     97      7  329.5  335.2  329.8
  459.0   6537   -9.1  -25.1     26   1.09     95      7  329.9  333.9  330.1
  456.0   6588   -9.7  -22.7     34   1.36     92      7  329.7  334.7  330.0
  447.0   6741  -10.3  -28.3     21   0.84     85      8  330.8  334.0  331.0
  438.0   6898  -11.3  -31.3     17   0.64     78      8  331.5  334.0  331.6
  431.0   7021  -12.3  -29.3     23   0.79     72      8  331.8  334.8  331.9
  427.0   7092  -13.1  -22.1     47   1.53     69      8  331.6  337.2  331.9
  425.0   7128  -13.3  -21.3     51   1.65     67      8  331.8  337.8  332.1
  424.0   7146  -13.3  -21.3     51   1.66     66      8  332.0  338.1  332.4
  420.0   7218  -12.7  -28.7     25   0.86     63      8  333.7  337.0  333.9
  417.0   7273  -12.1  -35.1     13   0.47     60      9  335.2  337.0  335.3
  405.0   7495  -14.1  -30.1     25   0.78     50      9  335.4  338.4  335.6
  400.0   7590  -14.9  -27.9     32   0.97     50      7  335.5  339.2  335.7
  392.0   7742  -15.9  -24.9     46   1.30     54      5  336.2  341.1  336.4
  389.0   7800  -16.4  -25.3     46   1.27     55      4  336.2  340.9  336.4
  375.0   8074  -19.1  -27.1     49   1.11     74      3  336.2  340.4  336.4
  374.0   8094  -19.2  -27.9     46   1.04     75      3  336.3  340.2  336.5
  366.0   8254  -20.3  -34.3     28   0.57    144      7  337.0  339.2  337.1
  359.0   8396  -21.1  -37.6     21   0.42    205     10  337.8  339.5  337.9
  352.0   8541  -21.9  -40.9     16   0.31    207     14  338.6  339.8  338.6
  350.0   8583  -21.7  -31.7     40   0.77    208     15  339.4  342.4  339.6
  348.0   8625  -22.1  -37.1     24   0.46    209     17  339.4  341.3  339.5
  347.0   8646  -21.9  -43.9     12   0.23    209     17  340.0  340.9  340.0
  342.0   8753  -22.5  -35.5     30   0.55    211     20  340.6  342.8  340.7
  341.0   8774  -22.5  -32.5     40   0.74    211     21  340.9  343.8  341.0
  337.0   8861  -22.7  -37.7     24   0.44    213     23  341.7  343.5  341.8
  331.0   8992  -23.7  -39.7     22   0.37    215     27  342.1  343.6  342.2
  325.0   9125  -24.7  -41.7     19   0.30    212     27  342.5  343.8  342.6
  311.0   9443  -27.7  -45.7     16   0.21    205     26  342.7  343.6  342.7
  300.0   9700  -29.9  -39.9     37   0.40    200     25  343.1  344.8  343.2
  299.0   9724  -29.7  -38.7     41   0.45    200     25  343.7  345.6  343.8
  293.0   9869  -31.1  -38.1     50   0.49    198     25  343.7  345.7  343.8
  289.0   9967  -31.9  -43.9     29   0.27    198     25  343.9  345.1  344.0
  288.0   9992  -32.1  -49.1     17   0.15    197     24  344.0  344.7  344.0
  284.0  10091  -32.9  -52.9     12   0.10    196     24  344.2  344.7  344.3
  279.0  10216  -33.9  -51.9     15   0.11    195     24  344.6  345.1  344.6
  277.0  10267  -34.3  -48.3     23   0.17    195     24  344.7  345.4  344.7
  276.0  10292  -34.5  -43.5     40   0.30    195     24  344.8  346.0  344.8
  270.0  10447  -35.7  -46.7     31   0.21    193     24  345.2  346.1  345.2
  262.0  10656  -37.5  -44.5     48   0.28    191     23  345.5  346.7  345.6
  257.0  10789  -38.6  -46.5     43   0.23    190     23  345.8  346.8  345.9
  251.0  10953  -39.9  -48.9     38   0.18    199     20  346.2  347.0  346.2
  250.0  10980  -40.1                         200     20  346.3         346.3
  235.0  11390  -43.5                         215     13  347.3         347.3
  225.0  11679  -46.0                         245      9  347.9         347.9
  205.0  12296  -51.1                         355      9  349.2         349.2
  200.0  12460  -52.5                           5     10  349.5         349.5
  196.0  12586  -53.6                          10     10  349.7         349.7
  187.0  12878  -56.2                           0     13  350.2         350.2
  178.0  13185  -59.0                           0     13  350.7         350.7
  162.0  13771  -64.2                           0     14  351.4         351.4
  154.0  14086  -67.0                          10     15  351.8         351.8
  150.0  14250  -68.5                          15     15  351.9         351.9
  146.0  14407  -69.9                          25     15  352.3         352.3
  132.0  14994  -74.9                         110      8  353.5         353.5
  123.0  15405  -78.5                         144      7  354.2         354.2
  119.0  15590  -79.6                         160      7  355.6         355.6
  113.0  15878  -81.3                          90      7  357.7         357.7
  107.0  16183  -83.1                          60     26  359.9         359.9
  101.0  16505  -85.0                          60     45  362.3         362.3
  100.0  16560  -85.3                          60     44  362.7         362.7
   99.6  16582  -85.5                          60     43  362.7         362.7
   97.4  16707  -81.3                          63     34  373.2         373.2
   96.0  16789  -80.5                          65     28  376.3         376.3
   93.5  16940  -79.1                          90     25  381.9         381.9
   91.0  17094  -79.8                         115     21  383.6         383.6
   87.5  17317  -80.7                         108     27  386.0         386.0
   86.0  17416  -79.2                         105     29  391.0         391.0
   84.0  17551  -77.1                          80     18  397.9         397.9
   82.0  17690  -77.3                          55      6  400.1         400.1
   78.0  17977  -77.8                         275      5  404.8         404.8
   70.0  18600  -78.9                         225     15  415.3         415.3
   69.5  18641  -79.1                         224     13  415.7         415.7
   66.0  18937  -78.3                         215      2  423.7         423.7
   63.0  19204  -77.5                         340      7  431.0         431.0
   60.0  19484  -76.7                         350      5  438.9         438.9
   55.7  19911  -75.5                         294      5  451.1         451.1
   54.0  20091  -74.8                         270      5  456.6         456.6
   51.3  20390  -73.7                         252      5  466.0         466.0
   51.0  20424  -73.4                         250      5  467.4         467.4
   50.0  20540  -72.5                         270      5  472.2         472.2
   49.0  20661  -71.1                         295      5  478.2         478.2
   46.0  21041  -66.9                         225      5  497.1         497.1
   44.0  21308  -63.9                         218      8  510.8         510.8
   42.0  21592  -64.0                         210     11  517.3         517.3
   38.0  22205  -64.3                         215     12  531.5         531.5
   36.0  22535  -64.5                         245     16  539.4         539.4
   33.9  22903  -64.7                         238     12  548.2         548.2
   33.0  23069  -63.4                         235     10  556.0         556.0
   31.0  23455  -60.2                          10      5  574.5         574.5
   30.8  23495  -59.9                         356      6  576.4         576.4
   30.0  23660  -59.5                         300     11  581.9         581.9
   27.2  24273  -59.1                         226      7  599.5         599.5
   27.0  24320  -58.7                         220      7  601.9         601.9
   26.0  24558  -56.6                         100      9  614.4         614.4
   25.5  24681  -55.5                          73     12  620.9         620.9
   25.0  24807  -55.7                          45     15  624.0         624.0
   24.0  25067  -56.0                          65     16  630.3         630.3
   23.2  25282  -56.3                                     635.6         635.6
</PRE><H3>Station information and sounding indices</H3><PRE>
                         Station identifier: WIII
                             Station number: 96749
                           Observation time: 191203/0000
                           Station latitude: -6.11
                          Station longitude: 106.65
                          Station elevation: 8.0
                            Showalter index: 1.27
                               Lifted index: -2.25
    LIFT computed using virtual temperature: -2.98
                                SWEAT index: 178.41
                                    K index: 25.40
                         Cross totals index: 19.00
                      Vertical totals index: 23.70
                        Totals totals index: 42.70
      Convective Available Potential Energy: 481.24
             CAPE using virtual temperature: 668.73
                      Convective Inhibition: -60.99
             CINS using virtual temperature: -43.41
                           Equilibrum Level: 203.26
 Equilibrum Level using virtual temperature: 203.29
                   Level of Free Convection: 817.76
             LFCT using virtual temperature: 841.89
                     Bulk Richardson Number: 35.32
          Bulk Richardson Number using CAPV: 49.07
  Temp [K] of the Lifted Condensation Level: 293.58
Pres [hPa] of the Lifted Condensation Level: 919.88
   Equivalent potential temp [K] of the LCL: 349.99
     Mean mixed layer potential temperature: 300.69
              Mean mixed layer mixing ratio: 16.76
              1000 hPa to 500 hPa thickness: 5785.00
Precipitable water [mm] for entire sounding: 47.38
</PRE>
<P>Description of the 
<A HREF="/upperair/columns.html">data columns</A>
or <A HREF="/upperair/indices.html">sounding indices</A>.

<P>
<FORM>
<INPUT CLASS="button" TYPE="button" VALUE=" Close this window " 
 onClick="window.close();">
<INPUT CLASS="button" TYPE="button" VALUE=" Select another map " 
 onClick="window.blur();">
</FORM>
<HR SIZE="1">
<I>Interested in graduate studies in atmospheric science?
Check out our program at the
<a href="http://www.uwyo.edu/atsc/howtoapply/"
target=_top>University of Wyoming
</a></I>
<HR SIZE="1"><FONT SIZE="-1">
Questions about the weather data provided by this site can be
addressed to <A HREF="mailto:ldoolman@uwyo.edu">
Larry Oolman (ldoolman@uwyo.edu)</A></FONT>
<HR SIZE="1">
<SCRIPT TYPE="text/javascript">
<!--
window.focus();
// -->
</SCRIPT>
</BODY>
</HTML>
