2022-06-23 12
<HTML>
<TITLE>University of Wyoming - Radiosonde Data</TITLE>
<BODY BGCOLOR="white">
<H2>96749 WIII Jakarta Observations at 00Z 23 Jun 2022</H2>
<PRE>
-----------------------------------------------------------------------------
   PRES   HGHT   TEMP   DWPT   RELH   MIXR   DRCT   SKNT   THTA   THTE   THTV
    hPa     m      C      C      %    g/kg    deg   knot     K      K      K 
-----------------------------------------------------------------------------
 1010.0      8   23.6   23.0     96  17.87    220      4  295.9  347.5  299.1
 1009.0     17   24.2   21.8     86  16.60    218      4  296.6  344.6  299.5
 1008.0     26   25.6   22.5     83  17.36    215      4  298.1  348.7  301.2
 1000.0     97   26.2   21.7     76  16.64    195      3  299.4  348.1  302.3
  992.0    168   26.4   21.5     74  16.57    160      6  300.2  349.0  303.2
  977.0    302   25.6   20.7     74  16.02     95     11  300.8  348.0  303.6
  925.0    784   22.8   17.9     74  14.15    100     19  302.6  344.7  305.2
  868.0   1338   19.2   14.2     73  11.86     96     21  304.4  340.1  306.6
  852.0   1499   18.3   12.4     69  10.74     95     22  305.1  337.6  307.1
  850.0   1519   18.2   12.2     68  10.61     95     22  305.2  337.3  307.1
  816.0   1868   16.6    8.6     59   8.66    104     19  307.1  333.6  308.7
  801.0   2025   16.6   -1.4     29   4.33    108     18  308.7  322.5  309.5
  791.0   2132   15.6   -1.4     31   4.39    110     17  308.8  322.7  309.6
  785.0   2196   15.0    2.0     41   5.66    112     17  308.8  326.6  309.8
  780.0   2250   14.0    9.8     76   9.84    113     16  308.3  338.4  310.1
  740.0   2692   10.0    9.6     97  10.24    125     13  308.6  340.0  310.5
  739.0   2703    9.9    9.5     97  10.18    125     13  308.6  339.8  310.5
  711.0   3023    8.2    6.2     87   8.43    121     12  310.1  336.3  311.7
  700.0   3152    8.4    5.3     81   8.04    120     11  311.8  336.9  313.3
  692.0   3247    8.6    5.8     83   8.43    119     11  313.0  339.4  314.6
  684.0   3344    8.0    3.9     75   7.45    117     12  313.4  336.9  314.8
  679.0   3404    8.2   -0.8     53   5.34    116     12  314.3  331.4  315.3
  665.0   3576    7.8   -7.2     34   3.37    114     13  315.7  326.8  316.3
  648.0   3789    6.6   -8.4     33   3.15    111     14  316.7  327.1  317.3
  639.0   3904    5.4   -4.6     49   4.28    109     14  316.6  330.6  317.4
  610.0   4282    3.4   -9.6     38   3.04    103     16  318.5  328.7  319.1
  594.0   4497    2.1   -4.3     62   4.69    100     17  319.4  334.9  320.3
  593.0   4511    2.0   -4.0     64   4.82    100     17  319.5  335.3  320.4
  562.0   4943    0.0   -7.0     59   4.05    106     16  322.0  335.6  322.8
  511.0   5697   -4.8  -11.0     62   3.25    115     13  325.1  336.2  325.7
  500.0   5870   -5.9  -11.9     63   3.09    100     11  325.8  336.4  326.4
  492.0   5996   -6.8  -12.8     62   2.92     85     10  326.2  336.3  326.8
  484.0   6123   -7.7  -13.7     62   2.76     75     10  326.6  336.2  327.1
  474.0   6285   -8.7  -11.1     83   3.48     61     11  327.3  339.3  328.0
  473.0   6301   -8.8  -11.2     83   3.47     60     11  327.4  339.3  328.0
  461.0   6499  -10.5  -11.8     90   3.38     70      9  327.7  339.4  328.4
  453.0   6633  -11.3  -12.7     89   3.20     77      8  328.3  339.4  329.0
  449.0   6701  -10.9  -15.6     68   2.54     80      8  329.7  338.6  330.2
  438.0   6890  -11.6  -18.6     57   2.03     90      6  331.1  338.4  331.5
  409.0   7412  -13.7  -26.7     33   1.06     90      9  335.0  339.0  335.2
  405.0   7486  -14.1  -26.7     34   1.07     90      9  335.3  339.4  335.6
  400.0   7580  -14.7  -26.7     35   1.08     90      9  335.8  339.9  336.0
  386.0   7850  -16.1  -36.1     16   0.46    103     10  337.4  339.2  337.5
  374.0   8086  -17.9  -39.5     13   0.33    115     10  338.1  339.5  338.2
  358.0   8413  -20.3  -44.3     10   0.21    115     11  339.1  340.0  339.1
  344.0   8707  -22.6  -41.1     17   0.31    115     11  339.9  341.1  339.9
  333.0   8946  -24.5  -38.5     26   0.41    109     12  340.4  342.1  340.5
  326.0   9100  -25.5  -36.5     35   0.52    105     12  341.1  343.2  341.2
  319.0   9258  -25.9  -44.9     15   0.22    101     13  342.7  343.6  342.7
  317.0   9303  -26.3  -45.1     15   0.22    100     13  342.7  343.7  342.8
  300.0   9700  -29.9  -46.9     18   0.19     95     12  343.1  343.9  343.2
  292.0   9888  -31.5  -47.8     19   0.17     95     12  343.5  344.3  343.5
  268.0  10486  -36.6  -50.5     22   0.14     85      9  344.6  345.2  344.6
  250.0  10970  -40.7  -52.7     26   0.12     80      8  345.4  345.9  345.4
  245.0  11104  -41.8  -53.7     26   0.10     80      8  345.7  346.2  345.8
  234.0  11410  -44.4  -56.1     26   0.08     85      5  346.4  346.8  346.4
  224.0  11700  -46.9  -58.3     26   0.07     35      6  347.0  347.3  347.0
  214.0  12004  -49.4  -60.6     26   0.05     25      9  347.6  347.8  347.6
  205.0  12289  -51.8  -62.9     25   0.04     25     14  348.1  348.3  348.1
  204.0  12322  -52.1  -63.1     25   0.04     24     14  348.1  348.3  348.1
  200.0  12450  -53.3  -63.3     29   0.04     20     14  348.2  348.4  348.2
  195.0  12612  -54.7  -61.7     42   0.05     21     14  348.5  348.7  348.5
  150.0  14230  -68.7  -73.7     48   0.01     30     16  351.6  351.6  351.6
  140.0  14639  -72.3  -77.3     47   0.01     34     17  352.2  352.3  352.2
  118.0  15621  -81.1  -88.9     26   0.00     45     19  353.7  353.7  353.7
  117.0  15669  -81.5  -89.5     25   0.00     51     20  353.8  353.8  353.8
  112.0  15914  -82.2  -90.9     22   0.00     80     23  356.9  356.9  356.9
  110.0  16014  -82.5  -91.5     21   0.00     84     26  358.2  358.2  358.2
  101.0  16494  -80.0  -89.0     22   0.00    105     40  371.9  371.9  371.9
  100.0  16550  -79.7  -88.7     22   0.00    105     41  373.5  373.5  373.5
   98.0  16664  -80.1  -89.1     22   0.00    107     38  374.9  374.9  374.9
   96.0  16783  -75.7  -89.3     11   0.00    110     35  385.6  385.6  385.6
   95.8  16795  -75.3  -89.3     10   0.00    109     34  386.7  386.7  386.7
   92.5  16999  -73.5  -88.5      9   0.00     93     25  394.1  394.2  394.1
   91.0  17094  -73.8  -89.5      8   0.00     85     21  395.3  395.4  395.3
   86.0  17422  -75.0  -92.7      5   0.00     40     12  399.5  399.5  399.5
   82.0  17699  -75.9  -95.5      3   0.00    310      4  403.0  403.0  403.0
   78.9  17922  -76.7  -97.7      2   0.00     73      2  405.9  405.9  405.9
   78.0  17989  -76.2  -97.5      2   0.00    110      1  408.2  408.2  408.2
   74.0  18295  -74.1  -96.5      2   0.00     95      8  418.9  418.9  418.9
   71.9  18463  -72.9  -95.9      2   0.00     77     14  424.8  424.8  424.8
   70.0  18620  -73.1  -96.1      2   0.00     60     19  427.7  427.7  427.7
   66.8  18894  -73.7  -98.7      1   0.00     72     20  432.1  432.1  432.1
   65.7  18992  -73.9  -99.9      1   0.00     76     20  433.8  433.8  433.8
   65.1  19046  -70.9  -98.9      1   0.00     79     20  441.4  441.4  441.4
   60.0  19530  -71.0 -100.8      1   0.00    100     22  451.6  451.6  451.6
   56.7  19865  -71.1 -102.1      0   0.00    100     33  458.8  458.8  458.8
   53.8  20180  -67.3  -99.3      0   0.00    100     43  474.4  474.4  474.4
   52.0  20385  -68.5  -99.8      0   0.00    100     49  476.3  476.3  476.3
   51.4  20454  -68.9  -99.9      0   0.00    100     49  476.9  476.9  476.9
   50.0  20620  -68.9  -99.9      0   0.00    100     50  480.7  480.7  480.7
   49.7  20656  -68.9  -99.9      0   0.00     99     50  481.5  481.5  481.5
   48.0  20867  -63.3  -96.3      0   0.00     94     50  499.7  499.7  499.7
   46.1  21117  -61.3  -94.3      1   0.00     89     50  510.3  510.3  510.3
   45.1  21254  -57.1  -91.1      1   0.00     85     50  523.7  523.7  523.7
   40.5  21935  -57.3  -91.3      1   0.00     70     50  539.5  539.6  539.5
   39.0  22176  -55.9  -90.3      1   0.00     65     50  549.0  549.0  549.0
   37.4  22443  -54.3  -89.3      1   0.00     61     37  559.6  559.7  559.6
   35.0  22866  -55.0  -90.0      1   0.00     55     17  568.6  568.6  568.6
   34.0  23051  -55.2  -90.2      1   0.00    335      8  572.6  572.6  572.6
   32.0  23438  -55.9  -90.9      1   0.00    250     14  581.0  581.0  581.0
   30.0  23850  -56.5  -91.5      1   0.00    215     18  590.0  590.0  590.0
   29.0  24065  -56.7  -91.4      1   0.00    195     14  595.1  595.2  595.1
   28.0  24287  -57.0  -91.4      1   0.00    185      9  600.5  600.5  600.5
   26.6  24612  -57.3  -91.3      1   0.00    169     11  608.4  608.4  608.4
   25.5  24879  -57.9  -91.9      1   0.00    156     12  614.1  614.1  614.1
   25.0  25005  -56.2  -90.6      1   0.00    150     13  622.5  622.5  622.5
   24.4  25159  -54.1  -89.1      1   0.01    144     10  632.8  632.9  632.8
   24.0  25266  -53.8  -88.3      1   0.01    140      8  636.7  636.7  636.7
   23.0  25540  -53.1  -86.4      1   0.01     50      9  646.6  646.7  646.6
   22.0  25826  -52.3  -84.3      1   0.01    330     11  657.2  657.3  657.2
   21.0  26126  -53.4  -84.0      1   0.02    285     22  662.6  662.7  662.6
   20.6  26250  -53.9  -83.9      1   0.02    283     22  664.8  665.0  664.8
   20.0  26440  -54.1  -85.1      1   0.01    280     22  669.8  670.0  669.8
   19.0  26772  -52.4  -85.2      1   0.01    290     15  685.0  685.1  685.0
   18.0  27123  -50.6  -85.4      1   0.02    250     18  701.3  701.4  701.3
   17.4  27342  -49.5  -85.5      1   0.02    244     13  711.6  711.8  711.7
   17.0                                       240     10                     
</PRE><H3>Station information and sounding indices</H3><PRE>
                         Station identifier: WIII
                             Station number: 96749
                           Observation time: 220623/0000
                           Station latitude: -6.11
                          Station longitude: 106.65
                          Station elevation: 8.0
                            Showalter index: 2.15
                               Lifted index: -2.07
    LIFT computed using virtual temperature: -2.51
                                SWEAT index: 201.41
                                    K index: 33.20
                         Cross totals index: 18.10
                      Vertical totals index: 24.10
                        Totals totals index: 42.20
      Convective Available Potential Energy: 328.41
             CAPE using virtual temperature: 458.33
                      Convective Inhibition: -87.89
             CINS using virtual temperature: -48.99
                           Equilibrum Level: 231.05
 Equilibrum Level using virtual temperature: 229.68
                   Level of Free Convection: 778.89
             LFCT using virtual temperature: 799.53
                     Bulk Richardson Number: 40.97
          Bulk Richardson Number using CAPV: 57.18
  Temp [K] of the Lifted Condensation Level: 293.01
Pres [hPa] of the Lifted Condensation Level: 918.06
   Equivalent potential temp [K] of the LCL: 347.82
     Mean mixed layer potential temperature: 300.27
              Mean mixed layer mixing ratio: 16.19
              1000 hPa to 500 hPa thickness: 5773.00
Precipitable water [mm] for entire sounding: 48.02
</PRE>
<P>Description of the 
<A HREF="/upperair/columns.html">data columns</A>
or <A HREF="/upperair/indices.html">sounding indices</A>.

<P>
<FORM>
<INPUT CLASS="button" TYPE="button" VALUE=" Close this window " 
 onClick="window.close();">
<INPUT CLASS="button" TYPE="button" VALUE=" Select another map " 
 onClick="window.blur();">
</FORM>
<HR SIZE="1">
<I>Interested in graduate studies in atmospheric science?
Check out our program at the
<a href="http://www.uwyo.edu/atsc/howtoapply/"
target=_top>University of Wyoming
</a></I>
<HR SIZE="1"><FONT SIZE="-1">
Questions about the weather data provided by this site can be
addressed to <A HREF="mailto:ldoolman@uwyo.edu">
Larry Oolman (ldoolman@uwyo.edu)</A></FONT>
<HR SIZE="1">
<SCRIPT TYPE="text/javascript">
<!--
window.focus();
// -->
</SCRIPT>
</BODY>
</HTML>
