2021-12-16 00
<HTML>
<TITLE>University of Wyoming - Radiosonde Data</TITLE>
<BODY BGCOLOR="white">
<H2>96749 WIII Jakarta Observations at 00Z 16 Dec 2021</H2>
<PRE>
-----------------------------------------------------------------------------
   PRES   HGHT   TEMP   DWPT   RELH   MIXR   DRCT   SKNT   THTA   THTE   THTV
    hPa     m      C      C      %    g/kg    deg   knot     K      K      K 
-----------------------------------------------------------------------------
 1008.0      8   25.6   23.9     90  18.94    200      2  298.1  353.3  301.4
 1000.0     78   25.8   23.3     86  18.39    235      3  298.9  352.8  302.2
  986.0    203   26.6   21.7     75  16.89    209      3  301.0  350.8  304.0
  943.0    596   24.2   20.1     78  15.97    125      5  302.4  349.8  305.3
  925.0    766   23.2   19.4     79  15.58    105      4  303.0  349.4  305.9
  880.0   1199   20.8   17.5     81  14.52    145      4  304.9  348.5  307.6
  850.0   1500   19.2   16.2     83  13.82    265      4  306.2  348.0  308.8
  821.0   1798   16.8   15.1     89  13.30    290      5  306.8  347.1  309.2
  804.0   1978   15.4   14.4     94  12.99    282      5  307.1  346.5  309.5
  750.0   2567   12.8    8.5     75   9.37    255      3  310.4  339.5  312.2
  712.0   3003   10.4    6.6     77   8.67    235      2  312.4  339.6  314.1
  700.0   3145    9.6    6.0     78   8.45    185      4  313.1  339.6  314.7
  687.0   3300    8.9    5.2     78   8.12    160      4  314.0  339.6  315.5
  639.0   3897    6.1    2.0     75   6.95    100      5  317.3  339.7  318.7
  628.0   4041    5.4    1.2     74   6.69    105      5  318.1  339.8  319.4
  586.0   4603    1.6    0.5     92   6.82    126      7  320.1  342.2  321.4
  557.0   5012    0.0   -2.4     84   5.79    142      8  322.9  342.0  324.0
  551.0   5098   -0.5   -2.8     84   5.68    145      8  323.3  342.1  324.4
  511.0   5697   -3.9   -5.6     88   4.96    100     10  326.2  342.9  327.1
  500.0   5870   -4.9   -6.4     89   4.77     95      8  327.0  343.1  327.9
  492.0   5997   -5.6   -7.1     90   4.60    105      8  327.6  343.3  328.5
  470.0   6355   -7.7   -9.0     90   4.14    105      8  329.4  343.6  330.2
  438.0   6903   -9.6  -12.4     80   3.39    105      9  333.6  345.6  334.3
  437.0   6921   -9.7  -12.5     80   3.37    105      9  333.8  345.6  334.4
  405.0   7505  -13.1  -17.5     70   2.41     95     12  336.6  345.4  337.1
  400.0   7600  -13.7  -18.3     68   2.27     90     11  337.1  345.4  337.6
  392.0   7753  -14.9  -19.9     66   2.02     89     11  337.5  344.9  337.9
  336.0   8900  -23.1  -25.2     83   1.48     78     13  341.5  347.1  341.8
  306.0   9578  -27.9  -33.9     56   0.72     71     15  344.0  346.8  344.1
  300.0   9720  -28.9  -33.9     62   0.73     70     15  344.5  347.4  344.7
  280.0  10210  -33.0  -38.0     61   0.52     75     16  345.5  347.6  345.6
  274.0  10363  -34.3  -39.3     60   0.46     74     16  345.8  347.7  345.9
  268.0  10518  -35.3  -42.3     49   0.35     73     16  346.5  347.9  346.6
  253.0  10918  -38.7  -46.7     43   0.23     71     15  347.2  348.2  347.2
  250.0  11000  -39.5  -46.5     47   0.24     70     15  347.2  348.2  347.2
  237.0  11362  -42.7  -46.2     68   0.26     51     16  347.7  348.8  347.8
  236.0  11390  -42.9  -46.8     66   0.24     50     16  347.8  348.8  347.8
  227.0  11650  -45.1  -52.1     45   0.14     37     17  348.4  349.0  348.4
  206.0  12286  -50.8  -56.1     53   0.09      5     19  349.2  349.7  349.3
  200.0  12480  -52.5  -57.3     56   0.08    355     19  349.5  349.9  349.5
  196.0  12609  -53.7  -57.8     60   0.08    350     19  349.6  350.0  349.6
  188.0  12877  -56.1  -58.9     71   0.07    352     18  349.9  350.2  349.9
  179.0  13185  -58.9  -63.6     54   0.04    355     17  350.2  350.4  350.2
  173.0  13399  -60.9  -66.9     45   0.03      5     16  350.4  350.5  350.4
  170.0  13507  -61.9  -67.6     46   0.03     10     16  350.5  350.7  350.6
  158.0  13956  -65.9  -70.6     52   0.02     36     15  351.1  351.2  351.1
  150.0  14270  -67.9  -73.9     42   0.01     55     14  352.9  353.0  352.9
  140.0  14677  -70.9  -78.3     33   0.01     70     26  354.7  354.7  354.7
  133.0  14979  -73.2  -81.6     27   0.00     70     37  355.9  355.9  355.9
  129.0  15159  -74.5  -83.5     24   0.00     69     35  356.6  356.6  356.6
  120.0  15578  -75.1  -89.1     10   0.00     65     31  363.0  363.0  363.0
  114.0  15868  -77.5  -90.9     10   0.00     80     24  363.9  363.9  363.9
  100.0  16610  -83.5  -95.5     11   0.00    105     19  366.2  366.2  366.2
   97.0  16778  -84.6  -96.1     12   0.00    120     16  367.2  367.2  367.2
   92.0  17071  -86.5  -97.1     14   0.00    145     18  369.1  369.1  369.1
   88.4  17292  -87.9  -97.9     15   0.00    135     20  370.5  370.5  370.5
   83.0  17636  -87.9  -96.9     18   0.00    108     20  377.2  377.2  377.2
   74.3  18254  -80.3  -89.3     21   0.00     62     19  405.3  405.3  405.3
   74.0  18277  -79.8  -89.0     21   0.00     60     19  406.9  406.9  406.9
   70.9  18525  -74.1  -86.1     14   0.00    168     12  424.0  424.0  424.0
   70.0  18600  -73.3  -85.3     15   0.00    200     10  427.2  427.3  427.2
   66.0  18945  -72.5  -85.6     12   0.00    165      9  436.2  436.2  436.2
   63.1  19208  -71.9  -85.9     11   0.00     93      4  443.2  443.2  443.2
   63.0  19218  -71.9  -85.9     11   0.00     90      4  443.3  443.4  443.3
   60.0  19504  -72.6  -86.6     11   0.00     20     10  448.0  448.1  448.0
   57.1  19794  -73.3  -87.3     10   0.00     25     15  452.9  452.9  452.9
   57.0  19805  -73.2  -87.3     10   0.00     25     15  453.2  453.2  453.2
   54.0  20125  -71.1  -86.0     10   0.00     75      8  465.2  465.2  465.2
   52.0  20348  -69.6  -85.0      9   0.01    140      8  473.6  473.7  473.6
   50.0  20580  -68.1  -84.1      9   0.01    120     12  482.6  482.6  482.6
   47.5  20890  -65.7  -84.7      6   0.01    116     16  495.4  495.5  495.4
   47.0  20954  -65.8  -84.9      5   0.01    115     17  496.8  496.8  496.8
   44.0  21354  -66.2  -86.1      5   0.01    110     27  505.1  505.1  505.1
   43.6  21409  -66.3  -86.3      5   0.01    107     28  506.3  506.3  506.3
   42.0  21637  -64.4  -86.9      3   0.00     95     32  516.4  516.4  516.4
   41.1  21769  -63.3  -87.3      3   0.00     95     36  522.3  522.4  522.3
   40.0  21936  -63.5  -88.2      2   0.00     95     41  525.9  526.0  525.9
   38.0  22250  -63.9  -90.0      2   0.00     90     51  532.7  532.8  532.7
   36.8  22447  -64.1  -91.1      1   0.00     90     46  537.0  537.1  537.0
   36.0  22582  -63.7  -92.3      1   0.00     90     43  541.5  541.5  541.5
   33.9  22951  -62.5  -95.5      1   0.00     83     54  554.0  554.0  554.0
   33.0  23119  -59.9  -98.6      0   0.00     80     59  565.2  565.2  565.2
   32.2  23272  -57.5 -101.5      0   0.00                575.5  575.5  575.5
</PRE><H3>Station information and sounding indices</H3><PRE>
                         Station identifier: WIII
                             Station number: 96749
                           Observation time: 211216/0000
                           Station latitude: -6.11
                          Station longitude: 106.65
                          Station elevation: 8.0
                            Showalter index: -1.10
                               Lifted index: -2.21
    LIFT computed using virtual temperature: -2.47
                                SWEAT index: 210.41
                                    K index: 36.70
                         Cross totals index: 21.10
                      Vertical totals index: 24.10
                        Totals totals index: 45.20
      Convective Available Potential Energy: 521.13
             CAPE using virtual temperature: 611.15
                      Convective Inhibition: -68.18
             CINS using virtual temperature: -57.16
                           Equilibrum Level: 164.68
 Equilibrum Level using virtual temperature: 164.22
                   Level of Free Convection: 815.67
             LFCT using virtual temperature: 821.99
                     Bulk Richardson Number: 1010.63
          Bulk Richardson Number using CAPV: 1185.21
  Temp [K] of the Lifted Condensation Level: 293.99
Pres [hPa] of the Lifted Condensation Level: 924.32
   Equivalent potential temp [K] of the LCL: 351.02
     Mean mixed layer potential temperature: 300.69
              Mean mixed layer mixing ratio: 17.12
              1000 hPa to 500 hPa thickness: 5792.00
Precipitable water [mm] for entire sounding: 61.33
</PRE>
<P>Description of the 
<A HREF="/upperair/columns.html">data columns</A>
or <A HREF="/upperair/indices.html">sounding indices</A>.

<P>
<FORM>
<INPUT CLASS="button" TYPE="button" VALUE=" Close this window " 
 onClick="window.close();">
<INPUT CLASS="button" TYPE="button" VALUE=" Select another map " 
 onClick="window.blur();">
</FORM>
<HR SIZE="1">
<I>Interested in graduate studies in atmospheric science?
Check out our program at the
<a href="http://www.uwyo.edu/atsc/howtoapply/"
target=_top>University of Wyoming
</a></I>
<HR SIZE="1"><FONT SIZE="-1">
Questions about the weather data provided by this site can be
addressed to <A HREF="mailto:ldoolman@uwyo.edu">
Larry Oolman (ldoolman@uwyo.edu)</A></FONT>
<HR SIZE="1">
<SCRIPT TYPE="text/javascript">
<!--
window.focus();
// -->
</SCRIPT>
</BODY>
</HTML>
