2019-11-05 12
<HTML>
<TITLE>University of Wyoming - Radiosonde Data</TITLE>
<BODY BGCOLOR="white">
<H2>96749 WIII Jakarta Observations at 00Z 05 Nov 2019</H2>
<PRE>
-----------------------------------------------------------------------------
   PRES   HGHT   TEMP   DWPT   RELH   MIXR   DRCT   SKNT   THTA   THTE   THTV
    hPa     m      C      C      %    g/kg    deg   knot     K      K      K 
-----------------------------------------------------------------------------
 1011.0      8   25.4   21.1     77  15.85    210      1  297.6  343.7  300.4
 1000.0    104   25.0   20.8     78  15.73    195      4  298.1  344.0  301.0
  984.0    247   24.0   20.3     80  15.49    166      6  298.5  343.8  301.3
  978.0    301   24.8   19.3     72  14.65    155      7  299.8  342.9  302.4
  976.0    319   25.0   19.0     69  14.38    154      7  300.2  342.6  302.8
  945.0    603   23.4   18.0     72  13.97    135      4  301.4  342.8  303.9
  925.0    792   22.4   17.4     73  13.70    120      3  302.2  342.9  304.7
  900.0   1029   20.8   18.1     85  14.74    137      2  302.9  346.8  305.6
  882.0   1203   19.9   15.7     77  12.91    150      1  303.8  342.4  306.2
  852.0   1501   18.5   11.7     64  10.22    230      3  305.3  336.2  307.2
  850.0   1521   18.4   11.4     64  10.05    235      3  305.4  335.9  307.2
  846.0   1562   18.4   10.4     60   9.44    228      4  305.8  334.5  307.6
  836.0   1664   18.8    1.8     32   5.24    209      5  307.3  323.7  308.2
  823.0   1798   18.1    1.1     32   5.06    185      7  307.9  323.8  308.9
  795.0   2094   16.5   -0.5     31   4.67    190      8  309.3  324.1  310.2
  772.0   2346   15.2   -1.8     31   4.36    167      9  310.5  324.4  311.3
  749.0   2602   12.8    1.8     47   5.85    144     10  310.6  329.0  311.7
  740.0   2703   11.6    3.6     58   6.74    135     11  310.3  331.4  311.6
  737.0   2738   11.2    4.2     62   7.06    134     11  310.3  332.3  311.6
  707.0   3085    8.8    6.6     86   8.72    119      9  311.3  338.5  312.9
  700.0   3168    8.2    6.2     87   8.57    115      8  311.5  338.2  313.1
  687.0   3323    7.0    5.4     90   8.25    117      8  311.9  337.7  313.4
  669.0   3542    6.6    2.9     77   7.10    119      9  313.8  336.3  315.1
  664.0   3604    6.3   -1.2     59   5.32    120      9  314.1  331.2  315.2
  662.0   3629    6.2   -2.8     53   4.73    121      9  314.3  329.6  315.2
  594.0   4509    0.5   -5.8     63   4.21    150      6  317.5  331.3  318.3
  589.0   4577    0.0   -6.0     64   4.17    137      6  317.8  331.5  318.6
  578.0   4728   -1.5   -5.3     75   4.48    107      7  317.7  332.4  318.6
  572.0   4812   -1.4  -10.4     50   3.04     90      7  318.7  329.0  319.3
  545.0   5198   -1.1  -34.1      6   0.39    103     12  323.6  325.1  323.6
  531.0   5404   -2.4  -36.2      5   0.33    110     15  324.4  325.7  324.5
  513.0   5678   -4.1  -39.1      5   0.25    107     15  325.6  326.6  325.6
  500.0   5880   -4.7  -40.7      4   0.22    105     15  327.2  328.1  327.3
  493.0   5990   -4.3  -33.3      8   0.47    109     15  329.1  330.9  329.1
  492.0   6006   -4.4  -33.4      8   0.47    110     15  329.1  330.9  329.2
  435.0   6957  -11.3  -41.3      6   0.24    122     17  332.2  333.1  332.2
  421.0   7205  -13.4  -34.0     16   0.52    125     17  332.5  334.5  332.6
  413.0   7350  -14.7  -29.7     27   0.79    115     18  332.7  335.8  332.9
  407.0   7460  -15.3  -38.3     12   0.35    108     18  333.4  334.8  333.4
  405.0   7497  -15.4  -38.7     12   0.33    105     18  333.7  335.0  333.8
  400.0   7590  -15.7  -39.7     11   0.30    100     19  334.5  335.7  334.6
  375.0   8073  -19.1  -46.1      7   0.16    102     18  336.2  336.9  336.2
  373.0   8113  -19.3  -46.3      7   0.16    103     18  336.5  337.1  336.5
  372.0   8133  -19.3  -46.3      7   0.16    103     18  336.7  337.4  336.8
  370.0   8173  -19.5  -35.5     23   0.50    103     18  337.0  339.0  337.1
  368.0   8213  -19.9  -29.9     41   0.87    103     18  337.0  340.3  337.1
  364.0   8294  -20.7  -27.7     53   1.09    103     18  337.0  341.1  337.2
  363.0   8314  -20.7  -24.7     70   1.43    104     18  337.2  342.6  337.5
  355.0   8478  -21.3  -29.3     49   0.96    104     17  338.6  342.3  338.8
  351.0   8562  -20.9  -44.9     10   0.20    105     17  340.2  341.1  340.2
  304.0   9604  -29.1  -51.3     10   0.11    110     15  342.9  343.4  342.9
  300.0   9700  -29.9  -51.9     10   0.11    110     16  343.1  343.6  343.1
  268.0  10494  -36.8  -54.1     15   0.09    115     17  344.3  344.7  344.3
  254.0  10871  -40.1  -55.1     19   0.09     96     15  344.7  345.1  344.8
  250.0  10980  -41.1                          90     14  344.8         344.8
  245.0  11113  -42.3                          90     14  345.1         345.1
  235.0  11388  -44.6                          95     16  345.6         345.6
  205.0  12287  -52.5                          50     18  347.0         347.0
  200.0  12450  -53.9                          45     19  347.2         347.2
  157.0  13956  -67.1                          58     29  349.7         349.7
  150.0  14230  -69.1                          60     31  350.9         350.9
  132.0  14970  -74.1                          65     26  355.0         355.0
  119.0  15570  -78.1                          95     33  358.3         358.3
  112.0  15921  -80.5                          90     33  360.1         360.1
  101.0  16504  -79.6                          80     24  372.6         372.6
  100.0  16560  -79.5                          80     23  373.9         373.9
   91.0  17097  -79.3                         165     12  384.4         384.4
   86.0  17418  -79.2                         125      8  390.9         390.9
   82.0  17689  -79.2                         105      4  396.4         396.4
   78.0  17974  -79.1                         350      9  402.3         402.3
   71.4  18477  -78.9                         305     19  412.9         412.9
   70.0  18590  -78.7                         295     21  415.7         415.7
   67.4  18807  -77.5                         279     22  422.8         422.8
   64.1  19100  -70.9                         257     23  443.4         443.4
   63.0  19203  -70.8                         250     23  445.8         445.8
   57.0  19798  -70.4                         230     23  459.7         459.7
   53.6  20164  -70.1                         250     19  468.5         468.5
   52.0  20345  -69.5                         260     17  474.0         474.0
   50.0  20580  -68.7                         265     11  481.2         481.2
   49.0  20703  -68.2                         255      8  485.1         485.1
   47.0  20957  -67.3                         275      8  493.2         493.2
   44.0  21358  -65.7                         250     10  506.3         506.3
   40.0  21939  -63.5                         310     10  525.9         525.9
   38.0  22251  -62.3                         320      8  536.7         536.7
   37.0  22414  -61.7                         312     12  542.4         542.4
   35.0  22757  -62.1                         295     19  549.9         549.9
   32.6  23196  -62.7                         313     13  559.7         559.7
   30.0  23710  -61.1                         335      7  577.5         577.5
   29.5  23814  -61.7                         315      9  578.6         578.6
   29.0  23920  -60.2                         295     12  585.5         585.5
   28.5  24029  -58.7                         278     12  592.6         592.6
   27.0  24367  -58.6                         225     10  602.0         602.0
   25.0  24850  -58.5                         140     25  615.7         615.7
   23.9  25132  -58.5                         119     28  623.8         623.8
   22.1  25629  -53.3                          82     33  653.4         653.4
   22.0  25658  -53.3                          80     33  654.2         654.2
   20.0  26270  -53.5                          80     41  671.7         671.7
   18.0  26951  -50.9                          82     47  700.4         700.4
   16.2  27635  -52.1                          85     53  717.9         717.9
   16.0  27716  -51.8                          85     54  721.5         721.5
   15.0  28138  -50.1                          95     58  740.6         740.6
   14.2  28496  -48.6                          90     59  757.1         757.1
   14.0  28589  -48.3                          90     59  761.5         761.5
   13.6  28779  -47.5                                     770.4         770.4
</PRE><H3>Station information and sounding indices</H3><PRE>
                         Station identifier: WIII
                             Station number: 96749
                           Observation time: 191105/0000
                           Station latitude: -6.11
                          Station longitude: 106.65
                          Station elevation: 8.0
                            Showalter index: 3.95
                               Lifted index: 0.88
    LIFT computed using virtual temperature: 0.10
                                SWEAT index: 157.78
                                    K index: 32.50
                         Cross totals index: 16.10
                      Vertical totals index: 23.10
                        Totals totals index: 39.20
      Convective Available Potential Energy: 61.50
             CAPE using virtual temperature: 116.12
                      Convective Inhibition: -204.30
             CINS using virtual temperature: -144.81
                           Equilibrum Level: 552.41
 Equilibrum Level using virtual temperature: 404.02
                   Level of Free Convection: 711.80
             LFCT using virtual temperature: 737.70
                     Bulk Richardson Number: 46.59
          Bulk Richardson Number using CAPV: 87.97
  Temp [K] of the Lifted Condensation Level: 291.81
Pres [hPa] of the Lifted Condensation Level: 915.90
   Equivalent potential temp [K] of the LCL: 343.21
     Mean mixed layer potential temperature: 299.25
              Mean mixed layer mixing ratio: 15.04
              1000 hPa to 500 hPa thickness: 5776.00
Precipitable water [mm] for entire sounding: 40.40
</PRE>
<P>Description of the 
<A HREF="/upperair/columns.html">data columns</A>
or <A HREF="/upperair/indices.html">sounding indices</A>.

<P>
<FORM>
<INPUT CLASS="button" TYPE="button" VALUE=" Close this window " 
 onClick="window.close();">
<INPUT CLASS="button" TYPE="button" VALUE=" Select another map " 
 onClick="window.blur();">
</FORM>
<HR SIZE="1">
<I>Interested in graduate studies in atmospheric science?
Check out our program at the
<a href="http://www.uwyo.edu/atsc/howtoapply/"
target=_top>University of Wyoming
</a></I>
<HR SIZE="1"><FONT SIZE="-1">
Questions about the weather data provided by this site can be
addressed to <A HREF="mailto:ldoolman@uwyo.edu">
Larry Oolman (ldoolman@uwyo.edu)</A></FONT>
<HR SIZE="1">
<SCRIPT TYPE="text/javascript">
<!--
window.focus();
// -->
</SCRIPT>
</BODY>
</HTML>
