2017-12-02 00
<HTML>
<TITLE>University of Wyoming - Radiosonde Data</TITLE>
<BODY BGCOLOR="white">
<H2>96749 WIII Jakarta Observations at 00Z 02 Dec 2017</H2>
<PRE>
-----------------------------------------------------------------------------
   PRES   HGHT   TEMP   DWPT   RELH   MIXR   DRCT   SKNT   THTA   THTE   THTV
    hPa     m      C      C      %    g/kg    deg   knot     K      K      K 
-----------------------------------------------------------------------------
 1006.0      8   26.8   23.0     80  17.94    230      8  299.4  352.1  302.6
 1000.0     67   26.0   21.9     78  16.85    240     11  299.1  348.5  302.2
  972.0    317   25.8   18.8     65  14.26    242     18  301.4  343.6  304.0
  925.0    749   22.4   16.4     69  12.84    245     29  302.2  340.4  304.5
  878.0   1200   19.2   15.5     79  12.79    260     32  303.4  341.6  305.7
  856.0   1420   17.6   15.1     85  12.77    264     33  304.0  342.2  306.3
  850.0   1480   17.0   14.9     87  12.69    265     33  303.9  341.9  306.3
  841.0   1571   16.2   14.6     90  12.58    264     33  304.0  341.7  306.3
  827.0   1715   17.6   14.6     83  12.79    262     33  307.0  345.8  309.3
  780.0   2215   15.2   10.3     73  10.18    256     32  309.6  340.9  311.5
  778.0   2237   15.2   10.8     75  10.56    256     32  309.8  342.3  311.8
  771.0   2313   15.6    3.6     45   6.47    255     32  311.0  331.4  312.2
  744.0   2615   12.8    7.8     72   9.00    251     32  311.2  339.1  312.9
  705.0   3067   10.4    6.0     74   8.39    246     31  313.3  339.7  314.9
  700.0   3126   10.2    4.2     66   7.44    245     31  313.8  337.3  315.2
  649.0   3752    6.8   -3.2     49   4.68    239     26  316.8  332.0  317.6
  642.0   3841    6.4   -0.6     61   5.74    238     26  317.3  335.9  318.4
  632.0   3970    5.8   -7.2     39   3.54    237     25  318.0  329.8  318.7
  614.0   4204    4.2   -6.8     44   3.76    235     23  318.9  331.4  319.6
  592.0   4501    2.3   -6.3     53   4.05    215     23  319.9  333.4  320.7
  587.0   4570    1.8   -6.2     55   4.12    215     23  320.1  333.9  320.9
  559.0   4963    0.0  -13.0     37   2.53    212     23  322.5  331.2  323.0
  555.0   5020   -0.3  -12.3     40   2.69    211     23  322.8  332.1  323.4
  550.0   5093    0.2  -20.8     19   1.33    211     23  324.3  329.1  324.5
  544.0   5180   -0.5  -13.5     37   2.49    210     23  324.4  333.1  324.9
  514.0   5632   -2.7  -20.7     24   1.44    207     22  327.1  332.3  327.4
  510.0   5694   -3.1  -23.1     20   1.17    206     22  327.3  331.6  327.6
  505.0   5772   -3.9  -15.9     39   2.20    206     22  327.3  335.1  327.7
  500.0   5850   -4.3  -12.3     54   2.99    205     22  327.7  338.1  328.3
  490.0   6008   -5.5  -10.8     66   3.43    200     25  328.2  340.1  328.9
  481.0   6153   -6.5   -9.5     79   3.89    193     25  328.7  342.1  329.4
  472.0   6300   -7.6   -9.1     89   4.08    185     25  329.1  343.1  329.9
  466.0   6399   -8.3   -8.9     95   4.21    189     23  329.4  343.9  330.3
  436.0   6912  -11.1  -11.5     97   3.66    212     15  332.2  345.0  332.9
  428.0   7053  -12.1  -12.2     99   3.53    219     12  332.7  345.1  333.4
  427.0   7071  -12.3  -12.4     99   3.48    219     12  332.6  344.9  333.4
  423.0   7143  -11.1  -14.5     76   2.96    223     11  335.1  345.6  335.7
  420.0   7197  -11.1  -15.5     70   2.74    225     10  335.7  345.6  336.3
  409.0   7400  -11.3  -19.3     52   2.04    249      9  338.1  345.6  338.5
  404.0   7494  -12.1  -19.5     54   2.03    260      8  338.2  345.7  338.7
  400.0   7570  -12.7  -19.7     56   2.02    260      7  338.4  345.8  338.8
  373.0   8094  -16.5  -22.6     59   1.68    230      8  340.2  346.5  340.5
  359.0   8380  -18.6  -24.1     62   1.52    235      8  341.1  346.9  341.4
  344.0   8700  -20.9  -25.9     64   1.36    270      3  342.2  347.4  342.5
  334.0   8921  -22.5  -27.1     66   1.25    347      5  342.9  347.7  343.1
  331.0   8987  -23.0  -27.6     66   1.21     10      6  343.0  347.7  343.3
  317.0   9300  -25.6  -29.7     68   1.03      0      8  343.7  347.7  343.9
  304.0   9604  -28.1  -31.8     70   0.88      0      8  344.3  347.8  344.5
  300.0   9700  -28.9  -32.5     71   0.84      0      8  344.5  347.8  344.7
  292.0   9890  -30.5  -34.2     70   0.73     10      8  345.0  347.9  345.1
  280.0  10184  -32.9  -36.9     68   0.58      5      7  345.6  348.0  345.7
  257.0  10786  -37.9  -42.3     64   0.36     40      9  346.8  348.4  346.9
  250.0  10980  -39.5  -44.0     62   0.31     35     11  347.2  348.5  347.3
  248.0  11035  -40.1  -44.4     63   0.30     35     11  347.1  348.4  347.2
  225.0  11680  -45.5                          30     17  348.6         348.6
  200.0  12460  -52.1                          65     28  350.1         350.1
  196.0  12586  -53.2                          65     29  350.4         350.4
  170.0  13477  -60.9                          70     33  352.1         352.1
  154.0  14095  -66.3                          95     28  353.1         353.1
  150.0  14260  -67.7                          95     28  353.3         353.3
  102.0  16476  -83.9                          70     63  363.4         363.4
  100.0  16590  -84.7                          65     61  363.8         363.8
   93.3  16970  -87.5                          65     55  365.6         365.6
   92.1  17041  -87.7                          65     51  366.6         366.6
   91.0  17107  -84.8                          65     48  373.5         373.5
   89.6  17193  -81.1                          65     43  382.6         382.6
   87.1  17353  -79.1                          65     33  389.7         389.7
   82.0  17695  -80.8                          65     13  392.9         392.9
   81.3  17743  -81.1                          58     12  393.4         393.4
   78.0  17980  -79.3                          25      9  401.9         401.9
   74.0  18282  -77.0                         300     14  412.8         412.8
   70.0  18600  -74.5                         275     19  424.7         424.7
   69.5  18642  -73.9                         273     20  426.8         426.8
   67.0  18855  -74.0                         260     26  431.2         431.2
   61.7  19336  -74.1                         258     21  441.2         441.2
   60.2  19481  -71.1                         258     19  451.0         451.0
   54.0  20124  -71.0                         255     12  465.5         465.5
   50.0  20580  -70.9                         155     16  476.0         476.0
   48.6  20748  -71.5                         130     17  478.5         478.5
   47.0  20948  -70.5                         100     19  485.5         485.5
   41.4  21706  -66.7                          76     28  512.8         512.8
   40.0  21916  -64.2                          70     31  524.0         524.0
   38.7  22118  -61.9                          75     34  534.9         534.9
   36.0  22570  -60.6                          85     41  549.3         549.3
   30.0  23710  -57.5                          85     56  587.3         587.3
   28.9  23947  -56.1                                     597.5         597.5
</PRE><H3>Station information and sounding indices</H3><PRE>
                         Station identifier: WIII
                             Station number: 96749
                           Observation time: 171202/0000
                           Station latitude: -6.11
                          Station longitude: 106.65
                          Station elevation: 8.0
                            Showalter index: 1.81
                               Lifted index: 0.57
    LIFT computed using virtual temperature: 0.19
                                SWEAT index: 266.81
                                    K index: 30.20
                         Cross totals index: 19.20
                      Vertical totals index: 21.30
                        Totals totals index: 40.50
      Convective Available Potential Energy: 3.34
             CAPE using virtual temperature: 24.84
                      Convective Inhibition: -175.07
             CINS using virtual temperature: -40.55
                           Equilibrum Level: 426.91
 Equilibrum Level using virtual temperature: 426.87
                   Level of Free Convection: 596.91
             LFCT using virtual temperature: 841.08
                     Bulk Richardson Number: 0.27
          Bulk Richardson Number using CAPV: 2.03
  Temp [K] of the Lifted Condensation Level: 291.55
Pres [hPa] of the Lifted Condensation Level: 898.12
   Equivalent potential temp [K] of the LCL: 345.03
     Mean mixed layer potential temperature: 300.66
              Mean mixed layer mixing ratio: 15.14
              1000 hPa to 500 hPa thickness: 5783.00
Precipitable water [mm] for entire sounding: 50.20
</PRE>
<P>Description of the 
<A HREF="/upperair/columns.html">data columns</A>
or <A HREF="/upperair/indices.html">sounding indices</A>.

<P>
<FORM>
<INPUT CLASS="button" TYPE="button" VALUE=" Close this window " 
 onClick="window.close();">
<INPUT CLASS="button" TYPE="button" VALUE=" Select another map " 
 onClick="window.blur();">
</FORM>
<HR SIZE="1">
<I>Interested in graduate studies in atmospheric science?
Check out our program at the
<a href="http://www.uwyo.edu/atsc/howtoapply/"
target=_top>University of Wyoming
</a></I>
<HR SIZE="1"><FONT SIZE="-1">
Questions about the weather data provided by this site can be
addressed to <A HREF="mailto:ldoolman@uwyo.edu">
Larry Oolman (ldoolman@uwyo.edu)</A></FONT>
<HR SIZE="1">
<SCRIPT TYPE="text/javascript">
<!--
window.focus();
// -->
</SCRIPT>
</BODY>
</HTML>
