2018-04-03 12
<HTML>
<TITLE>University of Wyoming - Radiosonde Data</TITLE>
<BODY BGCOLOR="white">
<H2>96749 WIII Jakarta Observations at 00Z 03 Apr 2018</H2>
<PRE>
-----------------------------------------------------------------------------
   PRES   HGHT   TEMP   DWPT   RELH   MIXR   DRCT   SKNT   THTA   THTE   THTV
    hPa     m      C      C      %    g/kg    deg   knot     K      K      K 
-----------------------------------------------------------------------------
 1010.0      8   24.0   21.8     88  16.58    230      4  296.3  344.3  299.2
 1009.0     17   25.6   22.1     81  16.91    231      5  298.0  347.3  301.0
 1000.0     96   24.8   21.6     82  16.54    245     10  297.9  346.1  300.9
  925.0    782   21.8   19.0     84  15.19    265     11  301.6  346.5  304.3
  912.0    904   21.2   18.4     84  14.79    270     12  302.2  346.1  304.8
  851.0   1499   18.1   15.2     84  12.97    260      4  304.9  343.9  307.3
  850.0   1509   18.0   15.2     84  12.94    270      4  305.0  343.9  307.4
  810.0   1922   16.6   13.0     79  11.75    273      6  307.7  343.5  309.9
  793.0   2101   15.5   11.9     80  11.20    275      7  308.4  342.6  310.5
  766.0   2393   13.6   10.2     80  10.33    245      9  309.5  341.2  311.4
  700.0   3153    8.8    5.8     81   8.33    225      9  312.2  338.3  313.8
  687.0   3307    7.8    5.1     83   8.10    215      8  312.8  338.3  314.3
  663.0   3599    6.0    3.9     86   7.69    195      7  314.0  338.3  315.4
  632.0   3992    3.6    2.2     91   7.15    205      7  315.5  338.3  316.9
  616.0   4198    2.6   -0.1     82   6.20    210      7  316.7  336.6  317.9
  593.0   4505    1.1   -3.5     71   4.99    190     10  318.4  334.7  319.4
  577.0   4726    0.0   -6.0     64   4.26    201      8  319.6  333.7  320.4
  571.0   4810   -0.9   -4.7     75   4.75    205      7  319.5  335.2  320.4
  564.0   4908   -1.3   -7.3     64   3.94    210      7  320.2  333.3  320.9
  559.0   4979   -1.9   -5.2     78   4.67    214      6  320.3  335.7  321.2
  554.0   5050   -2.1   -6.4     72   4.30    218      5  320.9  335.2  321.7
  551.0   5094   -2.2   -7.8     65   3.87    220      5  321.2  334.2  322.0
  548.0   5137   -2.3   -9.3     59   3.47    209      5  321.6  333.3  322.3
  544.0   5195   -2.7   -9.7     59   3.38    195      5  321.8  333.3  322.5
  540.0   5253   -3.1  -10.1     58   3.30    181      4  322.0  333.2  322.7
  539.0   5268   -3.1  -11.1     54   3.06    178      4  322.2  332.6  322.8
  537.0   5297   -3.1  -10.1     58   3.32    170      4  322.6  333.8  323.2
  536.0   5312   -3.1   -6.4     78   4.45    167      4  322.7  337.6  323.6
  533.0   5357   -3.1   -8.0     69   3.95    156      4  323.2  336.6  324.0
  532.0   5372   -3.3   -9.3     63   3.57    152      4  323.2  335.3  323.9
  530.0   5401   -3.3   -7.8     71   4.03    145      4  323.5  337.1  324.3
  528.0   5431   -3.3   -6.3     80   4.55    143      4  323.9  339.1  324.8
  500.0   5860   -6.1   -9.1     79   3.86    110      6  325.5  338.7  326.3
  474.0   6277   -8.5   -9.6     92   3.92     81      7  327.6  341.0  328.4
  473.0   6293   -8.6   -9.7     91   3.89     80      7  327.7  341.0  328.4
  455.0   6593   -9.9  -11.8     87   3.43     75      5  329.6  341.5  330.3
  437.0   6905  -11.4  -13.9     81   3.00    115      1  331.6  342.2  332.2
  433.0   6976  -11.7  -14.4     80   2.91    110      2  332.1  342.4  332.7
  404.0   7504  -15.0  -18.8     73   2.16     70     11  334.4  342.3  334.9
  400.0   7580  -15.5  -19.4     72   2.07     75      9  334.8  342.3  335.2
  395.0   7675  -16.1  -19.7     74   2.04     73      9  335.2  342.6  335.6
  373.0   8103  -19.4  -21.5     83   1.85     65      9  336.4  343.2  336.7
  357.0   8430  -21.9  -22.9     92   1.71     81     11  337.2  343.6  337.6
  352.0   8534  -22.7  -23.2     96   1.69     86     12  337.5  343.8  337.9
  342.0   8745  -23.9  -27.3     73   1.20     97     13  338.7  343.2  338.9
  339.0   8810  -24.5  -29.5     63   0.98    100     14  338.7  342.5  338.9
  333.0   8940  -25.7  -30.7     63   0.90    107     15  338.8  342.2  339.0
  332.0   8961  -25.9  -29.0     75   1.05    108     15  338.8  342.9  339.0
  330.0   9005  -25.9  -32.9     52   0.73    110     15  339.4  342.2  339.5
  329.0   9027  -25.9  -34.9     43   0.60    110     15  339.7  342.1  339.8
  327.0   9071  -26.3  -39.3     28   0.39    110     15  339.7  341.3  339.8
  320.0   9228  -27.3  -35.3     47   0.60    110     16  340.4  342.8  340.6
  318.0   9273  -27.7  -36.7     42   0.52    110     16  340.5  342.6  340.6
  317.0   9296  -27.9  -36.9     42   0.51    110     16  340.5  342.6  340.6
  316.0   9318  -27.9  -36.9     42   0.51    110     16  340.8  342.9  340.9
  315.0   9341  -28.3  -31.9     71   0.84    110     16  340.6  343.9  340.8
  300.0   9690  -30.7  -34.2     71   0.71    110     17  342.0  344.8  342.1
  255.0  10816  -39.9  -42.6     75   0.35    101     14  344.6  346.1  344.7
  250.0  10950  -40.9                         100     14  345.1         345.1
  245.0  11084  -42.1                         100     13  345.4         345.4
  214.0  11981  -49.8                          60     14  346.9         346.9
  200.0  12430  -53.7                          80     22  347.6         347.6
  186.0  12879  -57.6                          85     28  348.5         348.5
  161.0  13772  -65.5                          80     24  350.0         350.0
  150.0  14210  -69.3                          65     22  350.5         350.5
  145.0  14408  -70.6                          65     17  351.6         351.6
  120.0  15514  -78.1                         120     31  357.5         357.5
  118.0  15609  -78.9                         125     32  357.6         357.6
  113.0  15854  -81.1                         113     33  358.1         358.1
  109.0  16056  -82.3                         103     34  359.5         359.5
  106.0  16213  -81.8                          95     35  363.2         363.2
  100.0  16540  -80.9                          85     20  371.2         371.2
   96.0  16770  -81.1                          85     19  375.2         375.2
   94.9  16835  -81.1                          75     18  376.4         376.4
   91.0  17074  -76.9                          40     15  389.3         389.3
   90.3  17118  -76.1                          28     16  391.7         391.7
   86.0  17399  -76.4                         315     19  396.6         396.6
   79.3  17866  -76.9                         307     29  404.9         404.9
   78.0  17962  -75.2                         305     31  410.3         410.3
   77.3  18014  -74.3                         301     32  413.2         413.2
   70.0  18590  -75.7                         260     37  422.1         422.1
   66.0  18926  -77.6                         240     30  425.2         425.2
   63.0  19192  -79.0                         235     20  427.7         427.7
   60.0  19471  -80.6                         205     10  430.2         430.2
   59.4  19529  -80.9                         195     10  430.7         430.7
   57.0  19762  -80.4                         140      5  436.9         436.9
   54.0  20068  -79.8                          95      8  445.1         445.1
   53.3  20142  -79.7                          94     10  447.1         447.1
   50.0  20510  -74.3                          90     21  468.0         468.0
   48.3  20713  -70.7                          94     17  481.2         481.2
   48.0  20751  -70.4                          95     16  482.7         482.7
   44.0  21283  -66.7                         110     32  503.9         503.9
   35.8  22544  -57.9                          94     50  557.3         557.3
   34.0  22869  -57.5                          90     55  566.5         566.5
   30.0  23660  -56.7                          95     52  589.5         589.5
   26.6  24420  -57.5                          95     55  607.8         607.8
   26.0  24566  -56.6                          95     55  614.5         614.5
   22.9  25378  -51.3                          93     60  652.6         652.6
   20.0  26260  -49.3                          90     66  684.5         684.5
   19.0  26598  -47.8                          90     67  699.3         699.3
   18.7  26703  -47.3                          90     67  703.9         703.9
   18.3  26845  -46.7                                     710.3         710.3
</PRE><H3>Station information and sounding indices</H3><PRE>
                         Station identifier: WIII
                             Station number: 96749
                           Observation time: 180403/0000
                           Station latitude: -6.11
                          Station longitude: 106.65
                          Station elevation: 8.0
                            Showalter index: -0.77
                               Lifted index: -1.67
    LIFT computed using virtual temperature: -1.95
                                SWEAT index: 196.41
                                    K index: 36.30
                         Cross totals index: 21.30
                      Vertical totals index: 24.10
                        Totals totals index: 45.40
      Convective Available Potential Energy: 291.62
             CAPE using virtual temperature: 354.42
                      Convective Inhibition: -102.86
             CINS using virtual temperature: -85.22
                           Equilibrum Level: 271.02
 Equilibrum Level using virtual temperature: 273.19
                   Level of Free Convection: 729.34
             LFCT using virtual temperature: 746.03
                     Bulk Richardson Number: 158.07
          Bulk Richardson Number using CAPV: 192.11
  Temp [K] of the Lifted Condensation Level: 293.41
Pres [hPa] of the Lifted Condensation Level: 938.16
   Equivalent potential temp [K] of the LCL: 346.23
     Mean mixed layer potential temperature: 298.84
              Mean mixed layer mixing ratio: 16.24
              1000 hPa to 500 hPa thickness: 5764.00
Precipitable water [mm] for entire sounding: 57.52
</PRE>
<P>Description of the 
<A HREF="/upperair/columns.html">data columns</A>
or <A HREF="/upperair/indices.html">sounding indices</A>.

<P>
<FORM>
<INPUT CLASS="button" TYPE="button" VALUE=" Close this window " 
 onClick="window.close();">
<INPUT CLASS="button" TYPE="button" VALUE=" Select another map " 
 onClick="window.blur();">
</FORM>
<HR SIZE="1">
<I>Interested in graduate studies in atmospheric science?
Check out our program at the
<a href="http://www.uwyo.edu/atsc/howtoapply/"
target=_top>University of Wyoming
</a></I>
<HR SIZE="1"><FONT SIZE="-1">
Questions about the weather data provided by this site can be
addressed to <A HREF="mailto:ldoolman@uwyo.edu">
Larry Oolman (ldoolman@uwyo.edu)</A></FONT>
<HR SIZE="1">
<SCRIPT TYPE="text/javascript">
<!--
window.focus();
// -->
</SCRIPT>
</BODY>
</HTML>
