2017-12-17 12
<HTML>
<TITLE>University of Wyoming - Radiosonde Data</TITLE>
<BODY BGCOLOR="white">
<H2>96749 WIII Jakarta Observations at 00Z 17 Dec 2017</H2>
<PRE>
-----------------------------------------------------------------------------
   PRES   HGHT   TEMP   DWPT   RELH   MIXR   DRCT   SKNT   THTA   THTE   THTV
    hPa     m      C      C      %    g/kg    deg   knot     K      K      K 
-----------------------------------------------------------------------------
 1010.0      8   24.8   23.4     92  18.32    130      2  297.1  350.3  300.4
 1000.0     97   25.0   21.7     82  16.64    220      6  298.1  346.7  301.1
  996.0    132   25.4   21.8     80  16.82    228      7  298.9  348.1  301.9
  977.0    302   24.2   21.1     83  16.46    265     10  299.4  347.6  302.3
  925.0    782   21.0   19.3     90  15.48    305     14  300.8  346.4  303.6
  919.0    839   20.4   19.1     92  15.39    307     14  300.7  346.1  303.5
  912.0    905   20.1   18.7     92  15.13    310     15  301.1  345.7  303.8
  850.0   1516   17.2   15.2     88  12.94    290     17  304.1  342.9  306.5
  764.0   2421   13.2    9.0     76   9.52    275     16  309.2  338.6  311.0
  739.0   2699   11.4    7.9     79   9.10    270     16  310.3  338.5  312.0
  713.0   2997    9.6    6.6     82   8.66    275      7  311.4  338.4  313.0
  700.0   3151    8.6    6.0     84   8.45    265      6  312.0  338.4  313.6
  663.0   3593    6.3    3.6     83   7.53    200      3  314.2  338.1  315.7
  616.0   4191    3.2    0.4     82   6.42    225      9  317.3  338.0  318.6
  593.0   4500    1.5   -1.3     81   5.90    260      2  318.9  338.1  320.1
  572.0   4794    0.0   -2.9     81   5.43     15      2  320.4  338.3  321.5
  551.0   5090   -1.3   -4.7     78   4.94    280      2  322.3  338.7  323.3
  530.0   5399   -2.7   -6.5     75   4.46    110      2  324.3  339.3  325.1
  511.0   5689   -4.0   -8.2     72   4.05     90      6  326.1  339.9  326.9
  509.0   5720   -4.1   -8.4     72   4.01     91      6  326.3  340.0  327.1
  500.0   5860   -4.9   -9.2     72   3.83     95      5  327.0  340.1  327.8
  491.0   6003   -6.0   -9.8     75   3.73    105      2  327.4  340.2  328.1
  474.0   6279   -8.1  -10.9     80   3.53     93      2  328.1  340.3  328.8
  442.0   6823   -9.7  -14.7     67   2.78     68      2  332.7  342.6  333.2
  438.0   6893  -10.2  -15.2     67   2.70     65      2  332.9  342.6  333.5
  421.0   7197  -12.2  -17.1     67   2.38    350      2  334.1  342.7  334.6
  405.0   7495  -14.2  -19.1     67   2.10    350      1  335.2  342.8  335.6
  400.0   7590  -14.9  -19.7     67   2.02     40      2  335.5  342.9  335.9
  389.0   7798  -16.5  -20.6     70   1.91     70      4  336.1  343.1  336.5
  374.0   8092  -18.7  -22.0     75   1.77      0      1  337.0  343.5  337.3
  360.0   8377  -20.9  -23.3     81   1.64     70      2  337.8  343.9  338.1
  359.0   8398  -21.0  -23.5     80   1.61     75      2  337.9  343.9  338.2
  326.0   9103  -25.3  -31.3     57   0.86     88      8  341.4  344.8  341.6
  302.0   9653  -29.5  -36.5     51   0.56     99     14  343.0  345.3  343.1
  300.0   9700  -29.7  -37.7     46   0.50    100     14  343.4  345.4  343.5
  292.0   9891  -31.3  -37.6     54   0.52     95     16  343.8  345.9  343.9
  281.0  10162  -33.5  -37.4     68   0.55     86     19  344.4  346.6  344.5
  272.0  10389  -35.5  -38.1     77   0.53     79     21  344.7  346.9  344.9
  251.0  10943  -39.9  -46.9     47   0.22     61     27  346.2  347.2  346.3
  250.0  10970  -40.1                          60     27  346.3         346.3
  235.0  11380  -43.8                          55     27  346.9         346.9
  200.0  12450  -53.3                          65     32  348.2         348.2
  178.0  13181  -59.7                          75     37  349.5         349.5
  168.0  13544  -62.9                          75     42  350.0         350.0
  150.0  14230  -68.3                          75     51  352.2         352.2
  139.0  14684  -71.5                          69     55  354.4         354.4
  132.0  14990  -71.9                          65     57  358.9         358.9
  125.0  15311  -72.3                          61     44  363.8         363.8
  113.0  15894  -76.0                          55     19  367.6         367.6
  107.0  16209  -78.0                          90      6  369.5         369.5
  102.0  16486  -79.8                         150     13  371.2         371.2
  100.0  16600  -80.5                         160     16  371.9         371.9
   97.0  16771  -82.0                         175     17  372.3         372.3
   92.6  17032  -84.3                         180     18  372.7         372.7
   92.0  17068  -84.2                         170     19  373.6         373.6
   87.0  17382  -83.1                         130     11  381.8         381.8
   82.0  17714  -82.0                         185      5  390.6         390.6
   78.0  17994  -81.0                         140     13  398.2         398.2
   76.6  18096  -80.7                         119     14  401.0         401.0
   74.0  18293  -79.5                          80     17  407.4         407.4
   70.0  18610  -77.7                          45     15  417.8         417.8
   67.0  18863  -74.9                         340     16  429.2         429.2
   64.8  19056  -72.7                         316     20  438.1         438.1
   63.0  19220  -72.8                         295     23  441.4         441.4
   57.0  19804  -73.2                         285     17  453.3         453.3
   52.4  20296  -73.5                         263     12  463.6         463.6
   50.0  20570  -71.7                         250      9  474.1         474.1
   49.0  20689  -71.6                         230      7  477.2         477.2
   45.9  21075  -71.1                         151      6  487.3         487.3
   44.0  21328  -68.0                         100      6  500.8         500.8
   43.1  21452  -66.5                          82      7  507.4         507.4
   42.0  21608  -67.0                          60      9  510.0         510.0
   40.1  21887  -67.9                          69     16  514.5         514.5
   38.8  22086  -66.7                          75     21  522.4         522.4
   37.1  22360  -61.1                          83     29  543.5         543.5
   33.0  23093  -59.2                         105     47  567.0         567.0
   30.0  23690  -57.7                          95     55  586.8         586.8
   29.4  23818  -57.3                          95     56  591.2         591.2
   27.0  24353  -58.9                          95     58  601.2         601.2
   26.2  24542  -59.5                                     604.8         604.8
</PRE><H3>Station information and sounding indices</H3><PRE>
                         Station identifier: WIII
                             Station number: 96749
                           Observation time: 171217/0000
                           Station latitude: -6.11
                          Station longitude: 106.65
                          Station elevation: 8.0
                            Showalter index: 0.82
                               Lifted index: -1.00
    LIFT computed using virtual temperature: -1.32
                                SWEAT index: 221.39
                                    K index: 34.70
                         Cross totals index: 20.10
                      Vertical totals index: 22.10
                        Totals totals index: 42.20
      Convective Available Potential Energy: 270.35
             CAPE using virtual temperature: 355.43
                      Convective Inhibition: -22.02
             CINS using virtual temperature: -13.20
                           Equilibrum Level: 265.93
 Equilibrum Level using virtual temperature: 264.92
                   Level of Free Convection: 760.72
             LFCT using virtual temperature: 868.08
                     Bulk Richardson Number: 266.47
          Bulk Richardson Number using CAPV: 350.33
  Temp [K] of the Lifted Condensation Level: 293.83
Pres [hPa] of the Lifted Condensation Level: 940.47
   Equivalent potential temp [K] of the LCL: 347.67
     Mean mixed layer potential temperature: 299.05
              Mean mixed layer mixing ratio: 16.64
              1000 hPa to 500 hPa thickness: 5763.00
Precipitable water [mm] for entire sounding: 57.81
</PRE>
<P>Description of the 
<A HREF="/upperair/columns.html">data columns</A>
or <A HREF="/upperair/indices.html">sounding indices</A>.

<P>
<FORM>
<INPUT CLASS="button" TYPE="button" VALUE=" Close this window " 
 onClick="window.close();">
<INPUT CLASS="button" TYPE="button" VALUE=" Select another map " 
 onClick="window.blur();">
</FORM>
<HR SIZE="1">
<I>Interested in graduate studies in atmospheric science?
Check out our program at the
<a href="http://www.uwyo.edu/atsc/howtoapply/"
target=_top>University of Wyoming
</a></I>
<HR SIZE="1"><FONT SIZE="-1">
Questions about the weather data provided by this site can be
addressed to <A HREF="mailto:ldoolman@uwyo.edu">
Larry Oolman (ldoolman@uwyo.edu)</A></FONT>
<HR SIZE="1">
<SCRIPT TYPE="text/javascript">
<!--
window.focus();
// -->
</SCRIPT>
</BODY>
</HTML>
