2021-02-28 00
<HTML>
<TITLE>University of Wyoming - Radiosonde Data</TITLE>
<BODY BGCOLOR="white">
<H2>96749 WIII Jakarta Observations at 00Z 28 Feb 2021</H2>
<PRE>
-----------------------------------------------------------------------------
   PRES   HGHT   TEMP   DWPT   RELH   MIXR   DRCT   SKNT   THTA   THTE   THTV
    hPa     m      C      C      %    g/kg    deg   knot     K      K      K 
-----------------------------------------------------------------------------
 1008.0      8   24.0   22.4     91  17.25    240      2  296.5  346.4  299.5
 1005.0     34   26.4   22.2     78  17.09    236      4  299.1  349.2  302.2
 1001.0     68   27.2   21.2     70  16.11    231      6  300.3  347.7  303.2
 1000.0     77   27.0   21.0     70  15.93    230      6  300.1  347.0  303.0
  975.0    300   25.4   21.6     79  16.95    230     15  300.7  350.7  303.8
  957.0    465   24.2   22.0     88  17.74    242     16  301.1  353.5  304.3
  925.0    762   22.2   19.0     82  15.19    265     19  302.0  347.0  304.8
  911.0    894   21.6   18.1     81  14.61    265     23  302.6  346.1  305.3
  850.0   1496   18.6   14.3     76  12.20    280     19  305.6  342.4  307.9
  820.0   1803   16.7   13.1     80  11.71    255     13  306.7  342.2  308.9
  804.0   1972   15.6   12.5     82  11.45    261     11  307.3  342.2  309.4
  792.0   2099   14.8   11.4     80  10.79    265     10  307.8  340.7  309.8
  772.0   2316   13.4    9.5     77   9.74    276     12  308.5  338.4  310.4
  765.0   2392   13.0    7.9     71   8.82    280     13  308.9  336.1  310.6
  754.0   2514   12.4    5.4     62   7.51    282     13  309.5  332.9  310.9
  740.0   2671   12.2   -7.8     24   2.89    284     13  311.0  320.4  311.5
  712.0   2993   10.8  -13.2     17   1.95    288     14  312.9  319.5  313.3
  700.0   3134    9.8  -15.2     16   1.68    290     14  313.3  319.0  313.6
  696.0   3182    9.4  -14.6     17   1.78    291     14  313.4  319.4  313.7
  686.0   3301    8.4   -4.6     39   3.98    292     14  313.6  326.5  314.3
  671.0   3484    7.6  -15.4     18   1.73    294     14  314.6  320.6  315.0
  615.0   4196    3.0  -20.0     17   1.28    302     12  317.3  321.8  317.5
  592.0   4503    1.8  -19.6     19   1.37    305     12  319.4  324.2  319.6
  570.0   4808    0.6  -19.2     21   1.48    320      8  321.5  326.7  321.8
  559.0   4965    0.0  -19.0     22   1.53    309      8  322.5  328.0  322.8
  550.0   5095   -1.1  -17.8     27   1.73    300      8  322.8  328.8  323.1
  532.0   5360   -3.3  -15.3     39   2.20    351      5  323.2  330.8  323.6
  529.0   5405   -3.6  -14.1     44   2.44      0      5  323.3  331.8  323.8
  524.0   5480   -4.1  -12.1     54   2.90     29      6  323.6  333.6  324.2
  520.0   5540   -3.9   -8.2     72   3.98     52      7  324.6  338.1  325.3
  510.0   5694   -4.5   -8.1     76   4.11    110      9  325.6  339.6  326.5
  500.0   5850   -5.1   -7.9     81   4.24    115     12  326.8  341.2  327.6
  491.0   5992   -5.7   -9.1     77   3.93    115     15  327.7  341.2  328.5
  468.0   6367   -7.3  -12.3     67   3.20    127     16  330.3  341.4  330.9
  454.0   6601   -9.0  -13.4     70   3.01    135     17  331.0  341.6  331.6
  408.0   7420  -14.9  -17.3     82   2.43    127     24  333.6  342.4  334.1
  400.0   7570  -15.5  -18.5     78   2.24    125     25  334.8  342.9  335.2
  358.0   8398  -20.3  -28.0     50   1.07    115     16  339.1  343.2  339.3
  355.0   8461  -20.7  -28.7     49   1.01    113     16  339.4  343.3  339.6
  316.0   9304  -27.6  -34.2     53   0.67     90     19  341.2  343.9  341.4
  300.0   9680  -30.7  -36.7     56   0.55    100     22  342.0  344.2  342.1
  267.0  10492  -37.5  -42.0     63   0.36    115     25  343.7  345.1  343.7
  256.0  10785  -40.0  -43.9     66   0.31    115     31  344.2  345.5  344.3
  251.0  10923  -41.1  -44.8     67   0.28    115     35  344.4  345.6  344.5
  250.0  10950  -41.3  -44.8     69   0.28    115     36  344.5  345.7  344.6
  200.0  12420  -53.7  -59.7     48   0.06    140     45  347.6  347.9  347.6
  177.0  13190  -60.5  -71.0     24   0.01    130     42  348.8  348.9  348.8
  175.0  13262  -61.1  -72.1     22   0.01    128     41  348.9  349.0  348.9
  160.0  13807  -65.5  -75.4     24   0.01    110     30  350.5  350.5  350.5
  153.0  14079  -67.7  -77.0     26   0.01    100     28  351.2  351.3  351.2
  150.0  14200  -68.7  -77.7     26   0.01     95     29  351.6  351.6  351.6
  142.0  14526  -71.9  -80.9     25   0.00     85     32  351.5  351.5  351.5
  138.0  14693  -72.4  -82.7     20   0.00     80     33  353.5  353.5  353.5
  124.0  15320  -74.3  -89.3      8   0.00     85     52  361.0  361.0  361.0
  118.0  15602  -76.8  -90.9      9   0.00     85     40  361.6  361.6  361.6
  100.0  16540  -85.1  -96.1     13   0.00     95     40  363.1  363.1  363.1
   96.4  16741  -86.3  -97.3     13   0.00     95     42  364.6  364.6  364.6
   95.0  16821  -85.9  -96.9     13   0.00     90     41  366.8  366.8  366.8
   90.1  17112  -84.5  -95.5     13   0.00     69     33  375.2  375.2  375.2
   87.3  17288  -80.3  -93.3     10   0.00     56     28  387.1  387.1  387.1
   86.0  17373  -79.7  -92.7     10   0.00     50     26  390.0  390.0  390.0
   83.6  17534  -78.5  -91.5     11   0.00     29     21  395.5  395.6  395.5
   82.4  17617  -74.5  -90.5      7   0.00     18     19  405.3  405.4  405.3
   81.0  17717  -73.5  -90.0      7   0.00      5     16  409.3  409.3  409.3
   79.5  17826  -72.5  -89.5      6   0.00    334     18  413.6  413.6  413.6
   77.0  18013  -72.8  -90.6      5   0.00    280     21  416.7  416.7  416.7
   70.0  18570  -73.9  -93.9      3   0.00    215     14  426.0  426.0  426.0
   64.8  19019  -75.1  -94.1      4   0.00    248     16  432.8  432.8  432.8
   60.0  19470  -72.0  -92.5      3   0.00    280     18  449.4  449.4  449.4
   58.7  19598  -71.1  -92.1      3   0.00    279     17  454.2  454.2  454.2
   52.8  20224  -71.5  -93.5      3   0.00    272     12  467.3  467.3  467.3
   51.0  20431  -68.2  -92.8      2   0.00    270     11  479.5  479.5  479.5
   50.7  20466  -67.7  -92.7      2   0.00    274     10  481.6  481.6  481.6
   50.0  20550  -67.5  -92.5      2   0.00    285      7  484.0  484.0  484.0
   49.0  20672  -67.9  -91.9      2   0.00    320      8  485.9  485.9  485.9
   47.1  20912  -64.1  -91.1      1   0.00    295     11  500.5  500.5  500.5
   46.0  21057  -64.1  -91.1      1   0.00    280     13  503.9  503.9  503.9
   44.0  21329  -64.1  -91.1      1   0.00    310     12  510.3  510.3  510.3
   40.0  21913  -64.1  -91.1      1   0.00    265     16  524.4  524.4  524.4
   38.0  22227  -64.1  -91.1      1   0.00    195      7  532.1  532.2  532.1
   36.0  22558  -64.1  -91.1      1   0.00    155      7  540.4  540.5  540.4
   35.0  22731  -64.1  -91.1      1   0.00    150     11  544.8  544.8  544.8
   33.5  22999  -64.1  -91.1      1   0.00    102     10  551.6  551.7  551.6
   33.0  23092  -63.6  -91.1      1   0.00     85      9  555.2  555.2  555.2
   32.4  23204  -63.1  -91.1      1   0.00     81     10  559.6  559.6  559.6
   31.1  23460  -56.9  -88.9      1   0.00     73     11  582.9  583.0  582.9
   30.1  23669  -54.1  -87.1      1   0.01     66     12  596.0  596.0  596.0
   30.0  23690  -53.9  -85.9      1   0.01     65     12  597.1  597.2  597.1
   29.0  23906  -54.8  -85.9      1   0.01     40     14  600.6  600.6  600.6
   27.0  24360  -56.6  -85.8      1   0.01    345     10  607.9  608.0  607.9
   25.0  24849  -58.5  -85.7      2   0.01    290     15  615.8  615.9  615.8
   24.8  24900  -58.7  -85.7      2   0.01    285     15  616.7  616.8  616.7
   23.6  25212  -59.3  -85.3      2   0.01    254     16  623.7  623.8  623.7
   20.0  26260  -54.9  -85.9      1   0.01    150     19  667.4  667.5  667.4
   19.3  26488  -54.5  -84.5      1   0.02    135     26  675.5  675.6  675.5
   18.0  26940  -51.2  -82.4      1   0.02    105     39  699.3  699.6  699.4
   17.2  27234  -49.1  -81.1      1   0.03                715.3  715.6  715.3
</PRE><H3>Station information and sounding indices</H3><PRE>
                         Station identifier: WIII
                             Station number: 96749
                           Observation time: 210228/0000
                           Station latitude: -6.11
                          Station longitude: 106.65
                          Station elevation: 8.0
                            Showalter index: 0.81
                               Lifted index: -2.06
    LIFT computed using virtual temperature: -2.37
                                SWEAT index: 221.60
                                    K index: 13.00
                         Cross totals index: 19.40
                      Vertical totals index: 23.70
                        Totals totals index: 43.10
      Convective Available Potential Energy: 762.49
             CAPE using virtual temperature: 953.90
                      Convective Inhibition: -48.24
             CINS using virtual temperature: -31.77
                           Equilibrum Level: 166.54
 Equilibrum Level using virtual temperature: 166.27
                   Level of Free Convection: 804.73
             LFCT using virtual temperature: 827.18
                     Bulk Richardson Number: 86.26
          Bulk Richardson Number using CAPV: 107.91
  Temp [K] of the Lifted Condensation Level: 293.77
Pres [hPa] of the Lifted Condensation Level: 924.47
   Equivalent potential temp [K] of the LCL: 350.02
     Mean mixed layer potential temperature: 300.45
              Mean mixed layer mixing ratio: 16.87
              1000 hPa to 500 hPa thickness: 5773.00
Precipitable water [mm] for entire sounding: 45.58
</PRE>
<P>Description of the 
<A HREF="/upperair/columns.html">data columns</A>
or <A HREF="/upperair/indices.html">sounding indices</A>.

<P>
<FORM>
<INPUT CLASS="button" TYPE="button" VALUE=" Close this window " 
 onClick="window.close();">
<INPUT CLASS="button" TYPE="button" VALUE=" Select another map " 
 onClick="window.blur();">
</FORM>
<HR SIZE="1">
<I>Interested in graduate studies in atmospheric science?
Check out our program at the
<a href="http://www.uwyo.edu/atsc/howtoapply/"
target=_top>University of Wyoming
</a></I>
<HR SIZE="1"><FONT SIZE="-1">
Questions about the weather data provided by this site can be
addressed to <A HREF="mailto:ldoolman@uwyo.edu">
Larry Oolman (ldoolman@uwyo.edu)</A></FONT>
<HR SIZE="1">
<SCRIPT TYPE="text/javascript">
<!--
window.focus();
// -->
</SCRIPT>
</BODY>
</HTML>
