2016-06-03 12
<HTML>
<TITLE>University of Wyoming - Radiosonde Data</TITLE>
<BODY BGCOLOR="white">
<H2>96749 WIII Jakarta Observations at 00Z 03 Jun 2016</H2>
<PRE>
-----------------------------------------------------------------------------
   PRES   HGHT   TEMP   DWPT   RELH   MIXR   DRCT   SKNT   THTA   THTE   THTV
    hPa     m      C      C      %    g/kg    deg   knot     K      K      K 
-----------------------------------------------------------------------------
 1010.0      8   25.8   22.9     84  17.76    230      6  298.1  349.9  301.3
 1000.0     97   25.2   21.2     79  16.13    225     13  298.4  345.4  301.2
  944.0    606   24.7   18.1     67  14.05    215     13  302.8  344.6  305.3
  935.0    690   24.6   17.6     65  13.73    210     11  303.5  344.6  306.0
  925.0    785   24.0   17.0     65  13.35    205      8  303.8  343.8  306.3
  913.0    899   23.4   16.3     64  12.90    210      8  304.4  343.1  306.7
  852.0   1503   20.3   12.3     60  10.68    240     11  307.2  339.7  309.2
  850.0   1524   20.2   12.2     60  10.61    240     11  307.3  339.6  309.2
  837.0   1657   19.6   11.6     60  10.35    234     10  308.0  339.7  309.9
  767.0   2398   13.8    9.7     76   9.93    200      6  309.5  340.1  311.4
  740.0   2703   11.4    8.9     85   9.76    175      7  310.1  340.2  311.9
  727.0   2853   10.2    8.5     89   9.67    180      7  310.4  340.3  312.2
  714.0   3003    9.4    7.3     87   9.07    185      7  311.1  339.3  312.8
  700.0   3168    8.6    6.0     84   8.45    185      8  312.0  338.4  313.6
  685.0   3347    8.0    4.2     77   7.60    175      8  313.2  337.2  314.7
  664.0   3603    6.4    3.4     81   7.41    160      8  314.2  337.7  315.6
  640.0   3905    4.5    2.4     87   7.18    165      6  315.4  338.2  316.7
  632.0   4008    3.8    2.1     89   7.10    156      6  315.8  338.4  317.1
  608.0   4322    2.6   -5.4     56   4.23    130      7  317.9  331.8  318.7
  595.0   4497    1.5   -4.1     67   4.78    115      7  318.5  334.2  319.4
  583.0   4661    0.4   -2.8     79   5.37    114      8  319.1  336.7  320.2
  568.0   4870    0.0   -4.5     72   4.85    112      9  321.1  337.1  322.0
  533.0   5377   -3.9   -5.9     86   4.65    108     12  322.3  337.8  323.2
  511.0   5709   -5.0  -10.2     66   3.45    105     14  324.9  336.7  325.6
  500.0   5880   -5.5  -12.5     58   2.94    105     13  326.3  336.5  326.9
  488.0   6071   -7.3  -10.7     77   3.49    110     13  326.3  338.3  327.0
  486.0   6103   -7.7  -10.6     80   3.53    110     12  326.2  338.3  326.9
  482.0   6167   -7.5  -13.5     62   2.82    112     12  327.2  337.1  327.8
  479.0   6216   -7.7  -16.7     48   2.17    113     12  327.6  335.3  328.0
  474.0   6298   -8.1  -16.6     50   2.21    115     12  328.1  335.9  328.5
  459.0   6548   -9.3  -16.3     57   2.35    107     12  329.6  337.9  330.1
  454.0   6633   -9.5  -19.5     44   1.81    104     13  330.4  336.9  330.7
  428.0   7086  -13.5  -16.6     77   2.45     89     13  330.9  339.6  331.4
  426.0   7122  -13.5  -18.5     66   2.10     88     13  331.3  338.9  331.8
  412.0   7376  -14.9  -19.1     70   2.06     79     14  332.7  340.2  333.1
  407.0   7469  -15.3  -20.3     66   1.88     76     14  333.4  340.2  333.7
  405.0   7506  -15.4  -20.4     66   1.88     75     14  333.8  340.6  334.1
  400.0   7600  -15.5  -20.5     66   1.88     65     14  334.8  341.6  335.1
  399.0   7619  -15.5  -20.1     68   1.95     64     14  335.0  342.1  335.4
  395.0   7695  -16.1  -19.6     74   2.06     58     14  335.2  342.7  335.6
  390.0   7790  -16.3  -24.3     50   1.38     51     13  336.1  341.3  336.4
  389.0   7809  -16.4  -24.5     50   1.36     50     13  336.2  341.3  336.5
  380.0   7985  -17.5  -26.5     45   1.16     50     14  337.1  341.5  337.3
  376.0   8064  -18.1  -24.1     59   1.46     50     15  337.3  342.8  337.6
  352.0   8552  -21.1  -27.1     58   1.19     50     18  339.7  344.2  339.9
  345.0   8700  -22.1  -25.4     75   1.41     50     18  340.3  345.6  340.6
  305.0   9591  -28.3  -31.0     77   0.95     50     24  343.8  347.5  344.0
  300.0   9710  -29.1  -31.8     77   0.89     60     25  344.2  347.8  344.4
  280.0  10199  -32.8  -35.1     80   0.70     60     29  345.8  348.6  346.0
  270.0  10456  -34.7  -36.8     81   0.61     39     35  346.6  349.1  346.8
  268.0  10508  -35.1  -37.3     81   0.58     35     36  346.7  349.1  346.8
  250.0  10990  -39.3  -42.0     75   0.38     55     27  347.5  349.1  347.6
  247.0  11073  -40.1  -42.4     79   0.37     59     27  347.5  349.1  347.6
  246.0  11100  -40.3                          60     27  347.6         347.6
  215.0  11998  -47.7                          50     31  349.7         349.7
  200.0  12480  -51.7                          50     20  350.7         350.7
  150.0  14270  -67.9                          60     18  352.9         352.9
  139.0  14724  -71.9                          63     21  353.7         353.7
  133.0  14981  -74.2                          65     22  354.1         354.1
  122.0  15482  -78.7                          73     23  354.7         354.7
  115.0  15817  -81.3                          79     24  355.9         355.9
  102.0  16489  -83.2                          90     26  364.8         364.8
  101.0  16545  -83.3                          80     24  365.5         365.5
  100.0  16600  -83.3                          75     22  366.5         366.5
   97.0  16772  -79.8                          25     13  376.6         376.6
   94.9  16895  -77.3                         331     12  383.8         383.8
   92.4  17049  -75.9                         266     10  389.5         389.5
   92.0  17073  -76.0                         255     10  389.7         389.7
   87.0  17391  -78.0                         250     17  392.0         392.0
   83.0  17658  -79.7                         270     15  393.9         393.9
   78.1  18004  -81.9                         265      8  396.3         396.3
   78.0  18011  -81.8                         265      8  396.7         396.7
   75.6  18188  -78.1                         206     11  407.9         407.9
   74.0  18310  -77.7                         165     13  411.3         411.3
   71.7  18491  -77.1                         117     15  416.3         416.3
   70.0  18630  -72.9                          80     16  428.1         428.1
   69.7  18655  -72.3                          80     16  429.9         429.9
   67.0  18886  -73.0                          80     18  433.3         433.3
   64.0  19154  -73.8                          95     22  437.2         437.2
   57.0  19831  -75.8                          75     28  447.4         447.4
   56.7  19861  -75.9                          77     29  447.9         447.9
   54.6  20080  -75.3                          89     36  454.1         454.1
   53.8  20167  -72.3                          94     39  462.9         462.9
   52.0  20368  -71.7                         105     46  469.0         469.0
   50.0  20600  -70.9                         105     48  476.0         476.0
   49.2  20695  -71.5                         100     46  476.8         476.8
   47.0  20966  -69.6                          85     41  487.7         487.7
   46.7  21004  -69.3                          86     41  489.2         489.2
   45.0  21227  -64.1                          89     38  507.1         507.1
   42.0  21653  -61.4                          95     33  523.8         523.8
   40.0  21954  -59.5                          85     22  536.0         536.0
   39.4  22048  -58.9                          61     13  539.8         539.8
   39.0  22111  -59.1                          45      7  540.9         540.9
   37.0  22438  -60.1                         270     11  546.5         546.5
   33.2  23110  -62.1                         215     16  558.4         558.4
   32.0  23339  -60.7                         185     14  568.0         568.0
   30.0  23740  -58.3                         170      5  585.1         585.1
   29.0  23954  -56.8                          15      4  595.0         595.0
   28.7  24020  -56.3                         350      6  598.1         598.1
   28.0  24177  -56.5                         290     10  601.6         601.6
   25.0  24895  -57.7                         235      6  618.1         618.1
   24.0  25153  -57.3                         215      5  626.6         626.6
   23.6  25259  -57.1                         241      9  630.1         630.1
   23.0  25425  -53.7                         280     15  644.6         644.6
   22.4  25595  -50.3                         280     23  659.7         659.7
   21.5  25864  -48.1                         280     34  674.1         674.1
   21.0  26019  -48.4                         280     41  677.7         677.7
   20.0  26340  -49.1                         275     35  685.1         685.1
   17.0  27406  -49.0                         285     30  718.0         718.0
   16.0  27804  -48.9                         295     29  730.7         730.7
   15.0  28228  -48.9                                     744.5         744.5
</PRE><H3>Station information and sounding indices</H3><PRE>
                         Station identifier: WIII
                             Station number: 96749
                           Observation time: 160603/0000
                           Station latitude: -6.11
                          Station longitude: 106.65
                          Station elevation: 8.0
                            Showalter index: 1.54
                               Lifted index: -0.75
    LIFT computed using virtual temperature: -1.15
                                SWEAT index: 181.38
                                    K index: 35.30
                         Cross totals index: 17.70
                      Vertical totals index: 25.70
                        Totals totals index: 43.40
      Convective Available Potential Energy: 175.08
             CAPE using virtual temperature: 236.28
                      Convective Inhibition: -210.97
             CINS using virtual temperature: -178.17
                           Equilibrum Level: 393.67
 Equilibrum Level using virtual temperature: 391.73
                   Level of Free Convection: 738.10
             LFCT using virtual temperature: 746.30
                     Bulk Richardson Number: 19.57
          Bulk Richardson Number using CAPV: 26.41
  Temp [K] of the Lifted Condensation Level: 292.35
Pres [hPa] of the Lifted Condensation Level: 916.13
   Equivalent potential temp [K] of the LCL: 345.37
     Mean mixed layer potential temperature: 299.79
              Mean mixed layer mixing ratio: 15.58
              1000 hPa to 500 hPa thickness: 5783.00
Precipitable water [mm] for entire sounding: 52.86
</PRE>
<P>Description of the 
<A HREF="/upperair/columns.html">data columns</A>
or <A HREF="/upperair/indices.html">sounding indices</A>.

<P>
<FORM>
<INPUT CLASS="button" TYPE="button" VALUE=" Close this window " 
 onClick="window.close();">
<INPUT CLASS="button" TYPE="button" VALUE=" Select another map " 
 onClick="window.blur();">
</FORM>
<HR SIZE="1">
<I>Interested in graduate studies in atmospheric science?
Check out our program at the
<a href="http://www.uwyo.edu/atsc/howtoapply/"
target=_top>University of Wyoming
</a></I>
<HR SIZE="1"><FONT SIZE="-1">
Questions about the weather data provided by this site can be
addressed to <A HREF="mailto:ldoolman@uwyo.edu">
Larry Oolman (ldoolman@uwyo.edu)</A></FONT>
<HR SIZE="1">
<SCRIPT TYPE="text/javascript">
<!--
window.focus();
// -->
</SCRIPT>
</BODY>
</HTML>
