2019-11-24 12
<HTML>
<TITLE>University of Wyoming - Radiosonde Data</TITLE>
<BODY BGCOLOR="white">
<H2>96749 WIII Jakarta Observations at 00Z 24 Nov 2019</H2>
<PRE>
-----------------------------------------------------------------------------
   PRES   HGHT   TEMP   DWPT   RELH   MIXR   DRCT   SKNT   THTA   THTE   THTV
    hPa     m      C      C      %    g/kg    deg   knot     K      K      K 
-----------------------------------------------------------------------------
 1010.0      8   25.4   23.0     87  17.87     90      4  297.7  349.7  300.9
 1000.0     95   25.4   20.7     75  15.63    185      3  298.6  344.2  301.3
  999.0    104   25.4   20.8     76  15.74    183      3  298.6  344.6  301.4
  977.0    300   26.4   20.4     70  15.70    130      4  301.6  348.0  304.4
  925.0    781   22.6   18.1     76  14.34     65      4  302.4  345.0  305.0
  912.0    904   21.8   17.4     76  13.91     60      5  302.8  344.2  305.3
  868.0   1333   18.8   15.0     79  12.50     60     10  304.0  341.5  306.3
  850.0   1513   18.0   11.0     64   9.79     60     12  305.0  334.6  306.8
  823.0   1789   16.8    6.8     52   7.58     62     12  306.6  329.8  307.9
  806.0   1967   15.6    8.6     63   8.77     64     13  307.1  334.0  308.7
  794.0   2094   15.1    6.1     55   7.51     65     13  307.8  331.0  309.2
  766.0   2397   13.7    0.2     40   5.11     85     11  309.6  325.8  310.6
  763.0   2430   13.6   -0.4     38   4.89     85     11  309.8  325.3  310.7
  751.0   2564   12.8   -1.2     38   4.69     86     11  310.3  325.3  311.2
  747.0   2608   12.2    2.2     50   6.04     86     11  310.1  329.1  311.3
  703.0   3115    9.6  -10.4     23   2.48     90     10  312.7  320.9  313.2
  700.0   3150    9.8  -10.2     23   2.53     90     10  313.3  321.7  313.8
  688.0   3294    9.3   -7.3     30   3.23     90      6  314.3  324.9  314.9
  669.0   3526    8.4   -2.6     46   4.75     73      6  315.8  331.2  316.7
  661.0   3626    7.8   -4.2     42   4.26     66      5  316.2  330.2  317.0
  658.0   3664    7.8   -7.2     34   3.40     63      5  316.6  327.9  317.3
  652.0   3739    7.2   -1.8     53   5.17     57      5  316.8  333.6  317.8
  648.0   3790    7.4   -8.6     31   3.10     54      5  317.6  327.9  318.2
  639.0   3905    6.5   -2.3     53   5.08     45      5  317.8  334.4  318.8
  638.0   3918    6.4   -1.6     57   5.36     45      5  317.9  335.3  318.9
  602.0   4394    3.0   -3.0     65   5.12     41      5  319.2  336.1  320.2
  594.0   4502    2.5   -4.5     60   4.64     40      5  319.8  335.2  320.7
  560.0   4978    0.0  -11.0     43   2.96     60      7  322.4  332.5  322.9
  552.0   5093   -0.7  -11.7     43   2.85     65      8  322.9  332.7  323.5
  514.0   5662   -3.9  -14.9     42   2.35     43      7  325.6  333.9  326.1
  501.0   5864   -5.5  -12.5     58   2.94     36      6  326.1  336.2  326.7
  500.0   5880   -5.7  -11.7     63   3.14     35      6  326.0  336.9  326.6
  493.0   5991   -6.7  -12.7     62   2.94     31      6  326.1  336.3  326.7
  492.0   6007   -6.8  -12.8     62   2.92     30      6  326.2  336.3  326.8
  487.0   6086   -7.3  -13.3     62   2.83     30      6  326.5  336.4  327.1
  485.0   6119   -7.5  -14.5     57   2.58     30      6  326.7  335.7  327.2
  484.0   6135   -7.5  -18.5     41   1.85     30      6  326.9  333.4  327.2
  477.0   6248   -8.3  -15.3     57   2.45     30      6  327.2  335.8  327.7
  474.0   6297   -8.6  -15.6     57   2.41     30      6  327.5  336.0  328.0
  456.0   6597  -10.2  -17.2     57   2.18     60      6  329.0  336.8  329.5
  449.0   6717  -10.9  -17.9     56   2.10     62      6  329.7  337.1  330.1
  438.0   6907  -11.9  -23.3     38   1.34     65      7  330.7  335.7  331.0
  434.0   6978  -12.3  -25.3     33   1.13     60      7  331.1  335.3  331.3
  424.0   7156  -12.7  -29.7     23   0.77     48      6  332.8  335.8  333.0
  419.0   7247  -13.3  -24.3     39   1.28     42      6  333.2  337.9  333.4
  407.0   7468  -14.5  -21.5     55   1.70     28      5  334.4  340.6  334.7
  405.0   7506  -14.4  -24.6     42   1.30     25      5  334.9  339.8  335.2
  400.0   7600  -14.3  -32.3     20   0.64      0      0  336.3  338.8  336.4
  389.0   7810  -16.1  -30.9     27   0.75    180      6  336.6  339.6  336.8
  376.0   8066  -18.3  -29.3     37   0.90    197      9  337.0  340.5  337.2
  374.0   8105  -18.6  -29.9     36   0.86    200     10  337.1  340.5  337.3
  345.0   8698  -23.2  -38.7     23   0.39    200      8  338.8  340.4  338.9
  331.0   9002  -25.5  -43.2     17   0.25    175     11  339.6  340.7  339.7
  323.0   9181  -26.9  -45.9     15   0.19    174     10  340.1  340.9  340.1
  305.0   9592  -30.0  -42.8     28   0.29    170      7  341.4  342.6  341.4
  300.0   9710  -30.9  -41.9     33   0.32    160      4  341.7  343.0  341.8
  292.0   9899  -32.7  -42.5     37   0.31      0      1  341.8  343.1  341.9
  280.0  10192  -35.4  -43.5     43   0.29    305      3  342.0  343.2  342.1
  273.0  10369  -37.1  -44.1     48   0.28    340      5  342.1  343.2  342.1
  268.0  10496  -38.1  -43.5     57   0.30      5      7  342.3  343.6  342.4
  259.0  10730  -40.1  -42.5     78   0.35      5     10  342.8  344.3  342.9
  250.0  10970  -42.1                           5     13  343.3         343.3
  200.0  12440  -53.5                          20     27  347.9         347.9
  169.0  13497  -62.6                          25     27  349.9         349.9
  162.0  13763  -64.9                          21     21  350.3         350.3
  153.0  14110  -67.1                          15     12  352.3         352.3
  150.0  14230  -67.9                          15      7  352.9         352.9
  146.0  14390  -69.2                          55      3  353.4         353.4
  139.0  14680  -71.6                         155      5  354.2         354.2
  132.0  14985  -74.1                         135      2  354.9         354.9
  131.0  15029  -74.5                         147      2  355.1         355.1
  125.0  15299  -76.4                         220      2  356.4         356.4
  121.0  15487  -77.7                         213      6  357.4         357.4
  119.0  15582  -77.6                         210      8  359.2         359.2
  113.0  15878  -77.3                         250     14  365.1         365.1
  101.0  16514  -81.2                         245     18  369.6         369.6
  100.0  16570  -81.5                         240     18  370.0         370.0
   93.0  16977  -82.9                         210      9  375.0         375.0
   91.0  17099  -82.4                         210      5  378.3         378.3
   86.0  17416  -81.1                          20     10  387.1         387.1
   84.5  17515  -80.7                         356     10  389.9         389.9
   82.0  17687  -77.9                         315     11  398.9         398.9
   80.6  17785  -76.3                         298     15  404.2         404.2
   78.0  17975  -76.3                         265     24  408.0         408.0
   70.0  18600  -76.3                         290     43  420.8         420.8
   58.8  19596  -77.9                         270     24  438.7         438.7
   54.0  20089  -72.8                         260     14  461.3         461.3
   51.8  20331  -70.3                         209     13  472.6         472.6
   51.0  20423  -70.0                         190     12  475.6         475.6
   50.0  20540  -69.5                         190     12  479.3         479.3
   49.0  20662  -68.6                         180     12  484.2         484.2
   45.0  21175  -64.7                         111      9  505.6         505.6
   42.0  21596  -64.7                          55      7  515.7         515.7
   40.0  21893  -64.7                          80      1  522.9         522.9
   38.0  22206  -64.7                         250     11  530.6         530.6
   35.2  22672  -64.7                         208     11  542.3         542.3
   35.0  22707  -64.5                         205     11  543.8         543.8
   33.0  23069  -62.1                          50      4  559.4         559.4
   31.9  23278  -60.7                         115      3  568.5         568.5
   31.0  23456  -60.5                         170      3  573.7         573.7
   30.0  23660  -60.3                         170     13  579.7         579.7
   28.0  24092  -60.3                         150     14  591.2         591.2
   27.5  24204  -60.3                         128     10  594.3         594.3
   27.0  24320  -58.5                         105      5  602.3         602.3
   26.6  24414  -57.1                         101      5  609.0         609.0
   26.0  24559  -56.8                          95      4  613.8         613.8
   25.0  24809  -56.3                         135     10  622.2         622.2
   23.6  25176  -55.5                         127     19  634.8         634.8
   21.0  25919  -56.9                         110     36  652.1         652.1
   20.0  26230  -57.5                          90     44  659.4         659.4
   19.9  26262  -57.7                          90     44  659.8         659.8
   19.0  26556  -53.5                          88     45  681.6         681.6
   18.0  26905  -53.0                          85     46  693.8         693.8
   16.4  27506  -52.1                          83     52  715.4         715.4
   15.3  27959  -48.1                          82     56  742.9         742.9
   14.1  28497  -47.9                          80     61  761.0         761.0
   14.0  28544  -47.9                          80     61  762.6         762.6
   13.8  28639  -47.9                          81     60  765.8         765.8
   11.0  30155  -42.6                          95     41  836.4         836.4
   10.5  30466  -41.5                                     851.5         851.5
</PRE><H3>Station information and sounding indices</H3><PRE>
                         Station identifier: WIII
                             Station number: 96749
                           Observation time: 191124/0000
                           Station latitude: -6.11
                          Station longitude: 106.65
                          Station elevation: 8.0
                            Showalter index: 3.51
                               Lifted index: -1.46
    LIFT computed using virtual temperature: -1.87
                                SWEAT index: 162.01
                                    K index: 14.70
                         Cross totals index: 16.70
                      Vertical totals index: 23.70
                        Totals totals index: 40.40
      Convective Available Potential Energy: 260.11
             CAPE using virtual temperature: 393.09
                      Convective Inhibition: -90.45
             CINS using virtual temperature: -48.91
                           Equilibrum Level: 223.21
 Equilibrum Level using virtual temperature: 223.20
                   Level of Free Convection: 722.41
             LFCT using virtual temperature: 813.37
                     Bulk Richardson Number: 49.03
          Bulk Richardson Number using CAPV: 74.09
  Temp [K] of the Lifted Condensation Level: 292.48
Pres [hPa] of the Lifted Condensation Level: 911.03
   Equivalent potential temp [K] of the LCL: 346.71
     Mean mixed layer potential temperature: 300.39
              Mean mixed layer mixing ratio: 15.77
              1000 hPa to 500 hPa thickness: 5785.00
Precipitable water [mm] for entire sounding: 43.07
</PRE>
<P>Description of the 
<A HREF="/upperair/columns.html">data columns</A>
or <A HREF="/upperair/indices.html">sounding indices</A>.

<P>
<FORM>
<INPUT CLASS="button" TYPE="button" VALUE=" Close this window " 
 onClick="window.close();">
<INPUT CLASS="button" TYPE="button" VALUE=" Select another map " 
 onClick="window.blur();">
</FORM>
<HR SIZE="1">
<I>Interested in graduate studies in atmospheric science?
Check out our program at the
<a href="http://www.uwyo.edu/atsc/howtoapply/"
target=_top>University of Wyoming
</a></I>
<HR SIZE="1"><FONT SIZE="-1">
Questions about the weather data provided by this site can be
addressed to <A HREF="mailto:ldoolman@uwyo.edu">
Larry Oolman (ldoolman@uwyo.edu)</A></FONT>
<HR SIZE="1">
<SCRIPT TYPE="text/javascript">
<!--
window.focus();
// -->
</SCRIPT>
</BODY>
</HTML>
