2016-09-07 00
<HTML>
<TITLE>University of Wyoming - Radiosonde Data</TITLE>
<BODY BGCOLOR="white">
<H2>96749 WIII Jakarta Observations at 00Z 07 Sep 2016</H2>
<PRE>
-----------------------------------------------------------------------------
   PRES   HGHT   TEMP   DWPT   RELH   MIXR   DRCT   SKNT   THTA   THTE   THTV
    hPa     m      C      C      %    g/kg    deg   knot     K      K      K 
-----------------------------------------------------------------------------
 1012.0      8   24.6   22.6     89  17.40    170      2  296.7  347.1  299.8
 1008.0     42   26.2   22.6     81  17.47    158      4  298.7  349.7  301.8
 1000.0    112   26.4   22.7     80  17.72    135      8  299.6  351.6  302.7
  979.0    298   25.3   21.0     77  16.26    110     10  300.3  348.1  303.2
  925.0    794   22.4   16.4     69  12.84     90     15  302.2  340.4  304.5
  916.0    879   22.6   13.6     57  10.80     94     15  303.3  335.6  305.2
  914.0    898   22.4   13.6     58  10.85     95     15  303.3  335.8  305.3
  850.0   1523   17.0   15.0     88  12.77     95     19  303.9  342.2  306.3
  830.0   1726   15.6   13.1     85  11.54     94     18  304.5  339.2  306.6
  819.0   1840   16.2    7.2     55   7.84     94     17  306.3  330.4  307.8
  809.0   1945   15.2    9.2     67   9.11     94     16  306.4  334.1  308.0
  801.0   2029   15.8    1.8     39   5.47     93     16  307.9  325.0  308.9
  788.0   2168   14.4    5.4     55   7.19     93     15  307.8  330.0  309.1
  767.0   2396   13.6    1.6     44   5.63     92     13  309.3  327.0  310.4
  755.0   2529   12.6    5.6     62   7.61     92     12  309.6  333.3  311.1
  717.0   2961   10.6    2.6     58   6.48     90      9  312.0  332.5  313.3
  714.0   2996   10.3    2.8     60   6.60     90      9  312.1  332.9  313.3
  700.0   3161    8.8    3.8     71   7.23    100      9  312.2  334.9  313.6
  697.0   3197    8.4    4.2     75   7.47    102      9  312.1  335.6  313.5
  664.0   3597    6.3    2.8     78   7.12    120     10  314.2  336.7  315.5
  656.0   3697    5.8    2.5     79   7.04    120     10  314.7  337.0  316.0
  626.0   4079    4.0   -3.0     60   4.92    120     11  316.8  332.9  317.8
  617.0   4197    3.2   -0.8     75   5.88    120     11  317.2  336.3  318.4
  594.0   4505    2.4  -11.6     35   2.66    101     11  319.8  328.8  320.3
  582.0   4670    2.2  -18.8     19   1.50     91     11  321.4  326.7  321.7
  558.0   5009    0.0  -20.0     21   1.41     70     11  322.7  327.7  323.0
  515.0   5647   -3.9  -10.9     58   3.25     30     11  325.5  336.6  326.1
  500.0   5880   -5.5  -11.5     63   3.19     15     11  326.3  337.3  326.9
  492.0   6006   -6.9  -11.3     71   3.30     10     12  326.1  337.4  326.7
  474.0   6297   -8.3  -15.3     57   2.47     26     15  327.8  336.5  328.3
  465.0   6446   -8.7  -22.7     31   1.34     34     16  329.1  334.0  329.4
  447.0   6751   -9.9  -27.9     21   0.87     51     19  331.4  334.6  331.5
  438.0   6908  -11.1  -23.9     34   1.27     60     20  331.8  336.5  332.1
  433.0   6996  -11.7  -21.7     43   1.57     60     20  332.1  337.8  332.4
  400.0   7600  -15.3  -26.3     38   1.12     60     20  335.0  339.2  335.2
  398.0   7638  -15.5  -27.5     35   1.01     60     20  335.2  339.1  335.4
  377.0   8043  -18.7  -25.7     54   1.26     57     22  336.2  341.0  336.5
  338.0   8845  -24.5  -30.5     58   0.90     51     26  339.0  342.5  339.2
  326.0   9106  -25.9  -35.9     39   0.55     49     27  340.6  342.8  340.7
  300.0   9700  -30.7  -42.7     30   0.30     45     30  342.0  343.2  342.1
  254.0  10862  -39.9  -50.9     30   0.14     36     32  345.0  345.6  345.1
  250.0  10970  -40.9                          35     32  345.1         345.1
  245.0  11103  -42.0                          35     32  345.4         345.4
  200.0  12440  -53.5                          60     24  347.9         347.9
  195.0  12598  -54.9                          70     20  348.2         348.2
  186.0  12894  -57.5                          85     22  348.7         348.7
  164.0  13682  -64.5                          67     24  349.7         349.7
  150.0  14220  -68.9                          55     26  351.2         351.2
  131.0  15007  -73.4                          25     21  357.1         357.1
  119.0  15565  -76.6                          80     21  361.1         361.1
  107.0  16183  -80.1                          80     26  365.6         365.6
  105.0  16292  -80.7                          75     27  366.4         366.4
  100.0  16570  -77.1                          70     27  378.5         378.5
   96.0  16804  -77.6                          70     33  382.0         382.0
   91.0  17111  -78.2                         100     39  386.6         386.6
   87.3  17349  -78.7                         100     43  390.3         390.3
   87.0  17369  -78.7                         100     43  390.7         390.7
   82.0  17708  -78.0                          75     43  398.8         398.8
   77.2  18054  -77.3                          81     40  407.1         407.1
   74.6  18251  -76.3                          84     38  413.2         413.2
   74.0  18299  -74.0                          85     38  419.1         419.1
   72.9  18387  -69.7                          90     37  429.9         429.9
   70.0  18630  -68.3                         105     34  437.9         437.9
   65.3  19045  -67.9                          98     31  447.6         447.6
   60.6  19488  -70.1                          90     28  452.3         452.3
   58.0  19752  -67.7                          85     26  463.4         463.4
   53.2  20271  -63.1                          53     23  485.7         485.7
   52.0  20411  -63.2                          45     22  488.5         488.5
   50.0  20650  -63.5                          80      8  493.4         493.4
   47.5  20966  -61.5                         179      7  505.5         505.5
   47.0  21031  -61.9                         200      7  506.0         506.0
   45.0  21298  -63.6                         185     10  508.1         508.1
   44.5  21367  -64.1                         174     10  508.7         508.7
   41.0  21875  -61.8                          95      6  526.4         526.4
   39.0  22186  -60.4                          95     10  537.5         537.5
   37.0  22513  -59.0                         140     14  549.4         549.4
   35.1  22840  -57.5                         102     13  561.5         561.5
   35.0  22858  -57.5                         100     13  562.0         562.0
   34.0  23041  -57.5                           0      8  566.8         566.8
   32.0  23423  -57.4                         310     15  576.9         576.9
   30.0  23830  -57.3                         305     13  587.8         587.8
   25.0  24985  -57.3                         275     24  619.3         619.3
   22.0  25795  -57.3                         265     19  642.3         642.3
   20.0  26400  -56.1                         215     21  663.7         663.7
   19.0  26728  -54.9                         190     20  677.2         677.2
   18.0  27075  -53.6                         215     14  691.8         691.8
   17.3  27329  -52.7                         187     17  702.6         702.6
   17.0                                       175     18                     
</PRE><H3>Station information and sounding indices</H3><PRE>
                         Station identifier: WIII
                             Station number: 96749
                           Observation time: 160907/0000
                           Station latitude: -6.11
                          Station longitude: 106.65
                          Station elevation: 8.0
                            Showalter index: 0.51
                               Lifted index: -1.83
    LIFT computed using virtual temperature: -2.26
                                SWEAT index: 228.99
                                    K index: 32.50
                         Cross totals index: 20.50
                      Vertical totals index: 22.50
                        Totals totals index: 43.00
      Convective Available Potential Energy: 456.88
             CAPE using virtual temperature: 624.14
                      Convective Inhibition: -49.44
             CINS using virtual temperature: -30.43
                           Equilibrum Level: 206.17
 Equilibrum Level using virtual temperature: 206.06
                   Level of Free Convection: 854.42
             LFCT using virtual temperature: 865.20
                     Bulk Richardson Number: 154.07
          Bulk Richardson Number using CAPV: 210.47
  Temp [K] of the Lifted Condensation Level: 293.41
Pres [hPa] of the Lifted Condensation Level: 925.83
   Equivalent potential temp [K] of the LCL: 348.26
     Mean mixed layer potential temperature: 299.96
              Mean mixed layer mixing ratio: 16.49
              1000 hPa to 500 hPa thickness: 5768.00
Precipitable water [mm] for entire sounding: 46.28
</PRE>
<P>Description of the 
<A HREF="/upperair/columns.html">data columns</A>
or <A HREF="/upperair/indices.html">sounding indices</A>.

<P>
<FORM>
<INPUT CLASS="button" TYPE="button" VALUE=" Close this window " 
 onClick="window.close();">
<INPUT CLASS="button" TYPE="button" VALUE=" Select another map " 
 onClick="window.blur();">
</FORM>
<HR SIZE="1">
<I>Interested in graduate studies in atmospheric science?
Check out our program at the
<a href="http://www.uwyo.edu/atsc/howtoapply/"
target=_top>University of Wyoming
</a></I>
<HR SIZE="1"><FONT SIZE="-1">
Questions about the weather data provided by this site can be
addressed to <A HREF="mailto:ldoolman@uwyo.edu">
Larry Oolman (ldoolman@uwyo.edu)</A></FONT>
<HR SIZE="1">
<SCRIPT TYPE="text/javascript">
<!--
window.focus();
// -->
</SCRIPT>
</BODY>
</HTML>
