2018-09-18 12
<HTML>
<TITLE>University of Wyoming - Radiosonde Data</TITLE>
<BODY BGCOLOR="white">
<H2>96749 WIII Jakarta Observations at 00Z 18 Sep 2018</H2>
<PRE>
-----------------------------------------------------------------------------
   PRES   HGHT   TEMP   DWPT   RELH   MIXR   DRCT   SKNT   THTA   THTE   THTV
    hPa     m      C      C      %    g/kg    deg   knot     K      K      K 
-----------------------------------------------------------------------------
 1010.0      8   24.6   19.7     74  14.52    190      4  296.9  339.1  299.5
 1000.0     96   24.6   17.6     65  12.82    175      6  297.8  335.2  300.0
  979.0    282   25.0   19.0     69  14.33    173      6  300.0  342.1  302.5
  944.0    599   22.4   17.2     72  13.25    170      6  300.5  339.6  302.9
  925.0    776   21.0   16.2     74  12.68    125      6  300.8  338.2  303.1
  923.0    795   21.0   16.4     75  12.87    123      7  301.0  339.0  303.3
  912.0    899   21.2   15.5     70  12.25    115     10  302.2  338.6  304.4
  909.0    927   21.2   15.2     69  12.09    114     10  302.5  338.5  304.7
  850.0   1504   16.6   14.0     85  11.96     85     20  303.5  339.3  305.7
  740.0   2673   10.2    6.8     79   8.44     16     19  308.8  334.9  310.4
  738.0   2695   10.1    6.5     78   8.29     15     19  309.0  334.6  310.5
  727.0   2820    9.8    4.8     71   7.47     14     19  309.9  333.2  311.3
  725.0   2843    9.6    5.3     75   7.76     13     19  310.0  334.1  311.4
  721.0   2889   10.2    3.2     62   6.72     13     19  311.1  332.2  312.4
  720.0   2900   10.0    4.0     66   7.13     13     19  311.0  333.4  312.4
  718.0   2924   10.2    1.2     54   5.85     12     18  311.5  330.0  312.6
  715.0   2958   11.0   -5.0     32   3.70     12     18  312.7  324.8  313.4
  700.0   3135   11.0   -8.0     26   3.00     10     18  314.6  324.6  315.2
  686.0   3303   10.6  -17.2     12   1.45     15     18  316.0  321.0  316.2
  681.0   3364   10.4  -20.6      9   1.10     16     18  316.4  320.3  316.7
  615.0   4203    5.2  -23.8     10   0.92     26     21  319.8  323.1  320.0
  593.0   4499    2.5  -10.1     39   3.01     30     22  320.0  330.2  320.6
  591.0   4526    2.2   -8.8     44   3.34     30     22  320.0  331.2  320.6
  577.0   4719    1.4  -20.6     18   1.29     30     21  321.3  325.9  321.5
  556.0   5017    0.0  -10.0     47   3.23     30     20  323.0  334.0  323.7
  530.0   5398   -2.2  -12.2     46   2.85     30     19  324.8  334.7  325.4
  510.0   5703   -4.0  -14.0     46   2.56     15     20  326.3  335.2  326.8
  504.0   5797   -4.5  -14.5     46   2.48     18     19  326.7  335.4  327.2
  500.0   5860   -4.9  -16.9     38   2.05     20     19  327.0  334.2  327.4
  435.0   6942  -12.7  -26.7     30   1.00     32     18  330.4  334.1  330.6
  422.0   7174  -13.5  -34.5     15   0.49     35     18  332.2  334.1  332.3
  411.0   7375  -14.9  -28.9     29   0.86     38     18  332.9  336.2  333.1
  400.0   7580  -15.9  -29.9     29   0.80     40     18  334.2  337.3  334.4
  390.0   7769  -17.1  -32.1     26   0.67     46     17  335.1  337.7  335.2
  378.0   8003  -16.5  -41.5     10   0.27     53     15  338.9  340.0  338.9
  357.0   8428  -18.7  -46.7      7   0.16     66     13  341.5  342.2  341.6
  344.0   8697  -21.1  -46.5      8   0.17     75     11  342.0  342.7  342.0
  317.0   9290  -26.2  -46.0     14   0.20     55     12  342.9  343.7  342.9
  304.0   9594  -28.9  -45.8     18   0.21     30     13  343.3  344.2  343.3
  300.0   9690  -29.7  -45.7     20   0.21     30     14  343.4  344.3  343.4
  256.0  10797  -39.4  -47.9     40   0.20     45     28  345.0  345.9  345.1
  253.0  10879  -40.1  -48.1     42   0.19     43     29  345.1  346.0  345.2
  250.0  10960  -40.9                          40     30  345.1         345.1
  200.0  12440  -52.9                          30     37  348.8         348.8
  195.0  12598  -54.3                          30     38  349.1         349.1
  150.0  14230  -68.7                          45     27  351.6         351.6
  136.0  14807  -74.1                          45     32  352.0         352.0
  132.0  14979  -74.5                          45     33  354.2         354.2
  120.0  15530  -75.9                          76     35  361.5         361.5
  113.0  15870  -78.3                          95     36  363.2         363.2
  101.0  16504  -82.9                         100     36  366.3         366.3
  100.0  16560  -83.3                         100     36  366.5         366.5
   91.3  17065  -85.1                          85     33  372.6         372.6
   91.0  17083  -85.0                          85     33  373.1         373.1
   89.7  17162  -84.7                          90     31  375.3         375.3
   88.8  17219  -81.3                          93     29  383.2         383.2
   85.2  17455  -75.3                         107     24  399.9         399.9
   82.0  17680  -74.4                         120     18  406.2         406.2
   70.0  18610  -70.5                         140     13  433.2         433.2
   67.7  18810  -68.9                         125     12  440.8         440.8
   64.0  19146  -69.2                         100      9  447.2         447.2
   61.2  19414  -69.5                          90     14  452.4         452.4
   57.2  19820  -67.7                          76     21  465.3         465.3
   57.0  19841  -67.0                          75     21  467.4         467.4
   56.3  19916  -64.5                          77     22  474.7         474.7
   50.0  20640  -66.3                         100     34  486.8         486.8
   48.5  20823  -67.5                          98     36  488.2         488.2
   45.2  21246  -66.9                          95     39  499.6         499.6
   43.4  21492  -63.3                          93     41  514.3         514.3
   34.8  22866  -55.9                          81     53  567.1         567.1
   34.0  23014  -55.5                          80     54  571.9         571.9
   30.0  23810  -53.5                          95     40  598.2         598.2
   27.0  24484  -53.7                         115     29  616.0         616.0
   26.2  24676  -53.7                         114     29  621.2         621.2
   23.0  25519  -49.0                         110     30  658.6         658.6
   22.3  25719  -47.9                          72     16  667.7         667.7
   22.0  25808  -48.1                          55     10  669.5         669.5
   21.0  26111  -49.0                         340     14  675.9         675.9
   20.0  26430  -49.9                         310     19  682.7         682.7
   19.0  26764  -50.9                         315     16  689.7         689.7
   18.2  27044  -51.7                         335     14  695.7         695.7
   18.0  27116  -51.4                         340     14  698.9         698.9
   17.0  27489  -49.7                         260     14  715.7         715.7
   16.3  27764  -48.5                         277     18  728.3         728.3
   15.0  28310  -48.6                         310     26  745.5         745.5
   14.0  28763  -48.7                         255     25  760.0         760.0
   13.9  28811  -48.7                                     761.5         761.5
</PRE><H3>Station information and sounding indices</H3><PRE>
                         Station identifier: WIII
                             Station number: 96749
                           Observation time: 180918/0000
                           Station latitude: -6.11
                          Station longitude: 106.65
                          Station elevation: 8.0
                            Showalter index: 2.28
                               Lifted index: 2.22
    LIFT computed using virtual temperature: 1.83
                                SWEAT index: 227.01
                                    K index: 16.50
                         Cross totals index: 18.90
                      Vertical totals index: 21.50
                        Totals totals index: 40.40
      Convective Available Potential Energy: 0.00
             CAPE using virtual temperature: 0.00
                      Convective Inhibition: 0.00
             CINS using virtual temperature: 0.00
                     Bulk Richardson Number: 0.00
          Bulk Richardson Number using CAPV: 0.00
  Temp [K] of the Lifted Condensation Level: 290.12
Pres [hPa] of the Lifted Condensation Level: 898.33
   Equivalent potential temp [K] of the LCL: 339.38
     Mean mixed layer potential temperature: 299.16
              Mean mixed layer mixing ratio: 13.76
              1000 hPa to 500 hPa thickness: 5764.00
Precipitable water [mm] for entire sounding: 40.47
</PRE>
<P>Description of the 
<A HREF="/upperair/columns.html">data columns</A>
or <A HREF="/upperair/indices.html">sounding indices</A>.

<P>
<FORM>
<INPUT CLASS="button" TYPE="button" VALUE=" Close this window " 
 onClick="window.close();">
<INPUT CLASS="button" TYPE="button" VALUE=" Select another map " 
 onClick="window.blur();">
</FORM>
<HR SIZE="1">
<I>Interested in graduate studies in atmospheric science?
Check out our program at the
<a href="http://www.uwyo.edu/atsc/howtoapply/"
target=_top>University of Wyoming
</a></I>
<HR SIZE="1"><FONT SIZE="-1">
Questions about the weather data provided by this site can be
addressed to <A HREF="mailto:ldoolman@uwyo.edu">
Larry Oolman (ldoolman@uwyo.edu)</A></FONT>
<HR SIZE="1">
<SCRIPT TYPE="text/javascript">
<!--
window.focus();
// -->
</SCRIPT>
</BODY>
</HTML>
