2017-04-09 12
<HTML>
<TITLE>University of Wyoming - Radiosonde Data</TITLE>
<BODY BGCOLOR="white">
<H2>96749 WIII Jakarta Observations at 00Z 09 Apr 2017</H2>
<PRE>
-----------------------------------------------------------------------------
   PRES   HGHT   TEMP   DWPT   RELH   MIXR   DRCT   SKNT   THTA   THTE   THTV
    hPa     m      C      C      %    g/kg    deg   knot     K      K      K 
-----------------------------------------------------------------------------
 1009.0      8   25.6   23.0     86  17.89    220      3  298.0  350.1  301.2
 1000.0     89   25.6   21.5     78  16.44    230     11  298.8  346.8  301.7
  925.0    776   23.0   17.0     69  13.35    255     19  302.8  342.6  305.2
  922.0    804   23.0   17.0     69  13.40    256     20  303.1  343.1  305.5
  881.0   1200   20.6   15.2     71  12.49    275     27  304.6  342.1  306.9
  850.0   1511   18.8   13.8     73  11.80    280     21  305.8  341.5  308.0
  822.0   1796   16.8   12.7     77  11.38    270     18  306.7  341.2  308.8
  778.0   2263   13.6   11.0     84  10.71    247     13  308.1  340.8  310.1
  766.0   2394   13.3   10.0     81  10.18    240     12  309.1  340.4  311.0
  739.0   2695   12.5    7.8     73   9.05    250      9  311.5  339.6  313.2
  713.0   2995   11.8    5.5     66   8.03    300     10  313.9  339.2  315.4
  700.0   3149   11.4    4.4     62   7.55    305     11  315.1  339.1  316.5
  692.0   3245   11.2    4.2     62   7.53    308     11  315.9  339.9  317.3
  688.0   3293   10.9    4.0     63   7.47    310     11  316.1  339.9  317.5
  663.0   3596    8.9    2.8     66   7.12    285      5  317.2  340.1  318.6
  595.0   4483    3.1   -0.7     76   6.15    320      4  320.5  340.6  321.7
  573.0   4792    1.1   -1.9     80   5.84     20      6  321.6  340.8  322.7
  561.0   4965    0.0   -2.6     83   5.67     20      5  322.2  340.9  323.3
  552.0   5094   -0.7   -3.6     81   5.36     20      5  322.8  340.6  323.9
  531.0   5403   -2.4   -5.9     77   4.68    330      6  324.4  340.1  325.3
  507.0   5771   -4.5   -8.6     73   3.96    345      6  326.2  339.7  327.0
  500.0   5880   -5.3   -7.9     82   4.24    350      6  326.5  340.9  327.4
  493.0   5991   -6.3   -8.4     85   4.14    355      4  326.6  340.7  327.4
  481.0   6184   -7.1   -8.5     90   4.21    358      2  327.9  342.3  328.8
  478.0   6233   -7.1  -10.4     77   3.65    359      2  328.5  341.1  329.2
  474.0   6299   -7.4  -11.1     75   3.49      0      1  328.9  341.0  329.6
  456.0   6600   -8.8  -14.0     66   2.85    235      7  330.8  340.8  331.4
  439.0   6896  -10.2  -17.0     58   2.32    180      5  332.6  340.9  333.1
  436.0   6949  -10.5  -17.5     56   2.23    177      5  332.9  341.0  333.4
  422.0   7199  -12.0  -18.2     60   2.17    160      7  334.1  342.0  334.6
  406.0   7496  -13.8  -19.1     64   2.10    180      8  335.5  343.2  335.9
  400.0   7610  -14.5  -19.4     66   2.07    175      9  336.1  343.6  336.5
  376.0   8075  -18.7  -21.5     79   1.84    137      8  336.5  343.3  336.9
  360.0   8395  -20.6  -24.6     70   1.46    110      8  338.2  343.6  338.5
  335.0   8926  -23.7  -29.7     58   0.98     63      5  340.9  344.7  341.1
  331.0   9012  -24.4  -30.2     59   0.94     55      5  341.1  344.8  341.3
  318.0   9301  -26.8  -31.9     62   0.83    100      5  341.7  345.0  341.9
  301.0   9696  -30.1  -34.3     67   0.70    128      9  342.5  345.3  342.7
  300.0   9720  -30.3  -34.4     67   0.69    130      9  342.6  345.3  342.7
  292.0   9908  -31.7  -36.7     61   0.57    140      8  343.2  345.5  343.3
  280.0  10201  -33.9  -40.3     53   0.41    140      8  344.1  345.8  344.2
  257.0  10798  -38.5  -47.5     38   0.20    100      9  346.0  346.9  346.1
  250.0  10990  -39.9  -49.9     34   0.16    105      9  346.6  347.3  346.6
  225.0  11689  -45.9                         115      9  347.9         347.9
  200.0  12470  -52.7                          80     18  349.1         349.1
  196.0  12600  -53.8                          80     20  349.5         349.5
  186.0  12936  -56.5                          79     24  350.3         350.3
  150.0  14270  -67.9                          75     41  352.9         352.9
  147.0  14390  -69.0                          75     44  353.1         353.1
  145.0  14472  -69.7                          76     45  353.2         353.2
  133.0  14971  -73.3                          80     54  355.7         355.7
  115.0  15812  -79.3                          76     42  359.6         359.6
  113.0  15911  -79.3                          75     41  361.3         361.3
  107.0  16219  -79.5                          85     22  366.7         366.7
  100.0  16600  -79.7                         180     12  373.5         373.5
   97.0  16772  -79.9                         200     15  376.4         376.4
   87.0  17388  -80.5                         245      5  387.1         387.1
   83.3  17634  -80.7                         263      6  391.5         391.5
   82.0  17723  -80.0                         270      6  394.6         394.6
   78.0  18009  -78.0                         185      4  404.5         404.5
   74.9  18240  -76.3                         202      7  412.8         412.8
   70.0  18630  -77.1                         230     11  419.1         419.1
   68.9  18721  -77.5                         187      8  420.2         420.2
   67.0  18881  -77.2                         110      2  424.3         424.3
   64.6  19090  -76.7                          66      8  429.7         429.7
   63.0  19237  -74.0                          35     12  438.8         438.8
   60.8  19444  -70.1                           6      5  451.9         451.9
   60.0  19523  -69.4                         355      3  455.2         455.2
   58.8  19644  -68.3                         292      8  460.3         460.3
   57.0  19829  -68.7                         195     16  463.6         463.6
   55.0  20042  -69.1                         170     19  467.4         467.4
   50.4  20563  -70.1                         188     16  476.8         476.8
   50.0  20610  -70.3                         190     16  477.4         477.4
   49.0  20730  -70.3                         180     14  480.2         480.2
   47.8  20878  -70.3                         138     11  483.6         483.6
   47.0  20978  -70.1                         110      9  486.4         486.4
   45.9  21122  -63.1                          34      8  506.6         506.6
   45.0  21244  -61.9                         330      7  512.5         512.5
   43.5  21455  -59.7                         296     17  522.8         522.8
   43.0  21527  -60.0                         285     21  523.8         523.8
   37.0  22457  -63.4                         275     23  538.1         538.1
   35.5  22713  -64.3                         280     17  542.1         542.1
   33.0  23161  -63.9                         295     21  554.4         554.4
   32.7  23217  -63.9                         292     20  556.0         556.0
   30.0  23750  -60.5                         260     14  579.1         579.1
   29.0  23964  -59.2                           5      2  588.2         588.2
   26.0  24654  -55.2                          60      7  618.4         618.4
   25.0  24902  -53.7                          75     12  629.6         629.6
   24.0  25163  -54.0                          50      7  636.3         636.3
   21.0  26018  -54.8                          60     20  658.6         658.6
   20.5  26172  -54.9                          48     23  662.7         662.7
   20.0  26330  -54.7                          35     26  668.0         668.0
   19.3  26560  -51.3                          14     21  685.3         685.3
   19.0  26661  -51.2                           5     19  688.6         688.6
   18.0  27013  -51.0                         355     15  699.9         699.9
   17.0  27385  -50.8                         320     11  712.1         712.1
   16.4  27618  -50.7                         276      9  719.9         719.9
   16.0                                       245      7                     
</PRE><H3>Station information and sounding indices</H3><PRE>
                         Station identifier: WIII
                             Station number: 96749
                           Observation time: 170409/0000
                           Station latitude: -6.11
                          Station longitude: 106.65
                          Station elevation: 8.0
                            Showalter index: 0.98
                               Lifted index: -0.70
    LIFT computed using virtual temperature: -0.90
                                SWEAT index: 213.60
                                    K index: 30.90
                         Cross totals index: 19.10
                      Vertical totals index: 24.10
                        Totals totals index: 43.20
      Convective Available Potential Energy: 34.36
             CAPE using virtual temperature: 53.94
                      Convective Inhibition: -223.85
             CINS using virtual temperature: -100.60
                           Equilibrum Level: 361.27
 Equilibrum Level using virtual temperature: 358.12
                   Level of Free Convection: 578.97
             LFCT using virtual temperature: 778.53
                     Bulk Richardson Number: 5.97
          Bulk Richardson Number using CAPV: 9.37
  Temp [K] of the Lifted Condensation Level: 292.56
Pres [hPa] of the Lifted Condensation Level: 919.10
   Equivalent potential temp [K] of the LCL: 345.75
     Mean mixed layer potential temperature: 299.73
              Mean mixed layer mixing ratio: 15.74
              1000 hPa to 500 hPa thickness: 5791.00
Precipitable water [mm] for entire sounding: 54.99
</PRE>
<P>Description of the 
<A HREF="/upperair/columns.html">data columns</A>
or <A HREF="/upperair/indices.html">sounding indices</A>.

<P>
<FORM>
<INPUT CLASS="button" TYPE="button" VALUE=" Close this window " 
 onClick="window.close();">
<INPUT CLASS="button" TYPE="button" VALUE=" Select another map " 
 onClick="window.blur();">
</FORM>
<HR SIZE="1">
<I>Interested in graduate studies in atmospheric science?
Check out our program at the
<a href="http://www.uwyo.edu/atsc/howtoapply/"
target=_top>University of Wyoming
</a></I>
<HR SIZE="1"><FONT SIZE="-1">
Questions about the weather data provided by this site can be
addressed to <A HREF="mailto:ldoolman@uwyo.edu">
Larry Oolman (ldoolman@uwyo.edu)</A></FONT>
<HR SIZE="1">
<SCRIPT TYPE="text/javascript">
<!--
window.focus();
// -->
</SCRIPT>
</BODY>
</HTML>
