2022-06-24 12
<HTML>
<TITLE>University of Wyoming - Radiosonde Data</TITLE>
<BODY BGCOLOR="white">
<H2>96749 WIII Jakarta Observations at 00Z 24 Jun 2022</H2>
<PRE>
-----------------------------------------------------------------------------
   PRES   HGHT   TEMP   DWPT   RELH   MIXR   DRCT   SKNT   THTA   THTE   THTV
    hPa     m      C      C      %    g/kg    deg   knot     K      K      K 
-----------------------------------------------------------------------------
 1009.0      8   24.4   22.6     90  17.45    210      2  296.8  347.4  299.9
 1006.0     36   25.8   22.0     80  16.86    220      3  298.4  347.7  301.4
 1000.0     91   25.8   21.3     76  16.23    240      5  298.9  346.4  301.9
  991.0    171   26.2   21.6     76  16.69    242      4  300.1  349.2  303.1
  977.0    295   25.6   20.7     74  16.00    245      3  300.7  347.9  303.6
  944.0    597   24.1   18.5     71  14.41    175      3  302.2  344.9  304.8
  925.0    775   23.2   17.2     69  13.53    200      7  303.0  343.4  305.5
  923.0    794   23.2   17.2     69  13.56    198      7  303.2  343.7  305.7
  912.0    898   22.5   16.8     70  13.33    185      6  303.6  343.4  306.0
  881.0   1197   20.6   15.4     72  12.68    115      7  304.6  342.7  306.9
  851.0   1497   18.7   14.1     75  12.06    125     11  305.6  342.0  307.8
  850.0   1507   18.6   14.1     75  12.04    125     11  305.6  341.9  307.8
  798.0   2046   14.4   13.0     91  11.93    107     15  306.7  342.9  308.9
  766.0   2388   12.5   11.1     91  10.95     95     17  308.3  341.7  310.3
  700.0   3143    8.4    6.9     90   8.99     90     16  311.8  339.8  313.4
  687.0   3298    7.8    5.7     87   8.41     85     15  312.7  339.1  314.3
  680.0   3383    7.4    5.0     85   8.11     84     15  313.2  338.7  314.8
  635.0   3948    5.6    1.7     76   6.86     78     19  317.4  339.4  318.7
  616.0   4196    4.0   -1.3     68   5.69     75     20  318.3  336.8  319.4
  593.0   4506    2.0   -5.0     60   4.47     80     17  319.5  334.2  320.3
  589.0   4561    1.8   -3.2     69   5.16     81     16  319.8  336.8  320.8
  561.0   4954    0.0  -11.0     43   2.96     88     12  322.2  332.3  322.8
  551.0   5098   -1.2   -8.6     57   3.66     90     11  322.5  334.8  323.2
  550.0   5113   -1.3   -8.3     59   3.74     89     11  322.5  335.1  323.2
  543.0   5215   -1.9  -11.9     46   2.84     84      9  322.9  332.7  323.5
  539.0   5274   -2.3   -9.3     59   3.53     82      8  323.2  335.1  323.9
  535.0   5334   -2.9   -7.3     72   4.15     79      7  323.1  337.1  323.9
  531.0   5393   -2.9  -10.9     54   3.15     76      6  323.8  334.6  324.4
  530.0   5408   -2.9  -11.1     53   3.11     75      6  324.0  334.6  324.6
  520.0   5560   -3.1  -13.1     46   2.70     36      3  325.5  334.9  326.1
  511.0   5698   -3.9  -12.6     51   2.86      0      1  326.2  336.1  326.8
  500.0   5870   -4.9  -11.9     58   3.09    160      1  327.0  337.7  327.6
  492.0   5995   -5.8  -11.7     63   3.19    115      2  327.3  338.4  328.0
  473.0   6301   -8.2  -11.2     79   3.45    105      6  328.2  340.1  328.9
  461.0   6501   -9.7  -10.9     91   3.63     92      9  328.7  341.2  329.4
  455.0   6601   -9.7  -12.7     79   3.18     85     10  329.9  341.0  330.6
  437.0   6910  -12.0  -14.0     85   2.97     65      9  330.9  341.3  331.4
  427.0   7087  -13.3  -14.8     88   2.86     56     10  331.4  341.5  331.9
  420.0   7212  -13.9  -15.8     85   2.67     50     10  332.2  341.7  332.8
  410.0   7394  -14.7  -17.3     81   2.41     50      9  333.4  342.1  333.9
  406.0   7468  -15.1  -18.3     77   2.24     50      9  333.9  341.9  334.3
  404.0   7505  -15.1  -19.3     70   2.07     50      9  334.3  341.8  334.7
  402.0   7542  -14.9  -23.9     46   1.39     57      9  335.1  340.2  335.3
  400.0   7580  -15.1  -27.1     35   1.04     65      8  335.3  339.2  335.5
  398.0   7618  -15.3  -29.3     29   0.85     65      8  335.5  338.8  335.7
  393.0   7713  -16.1  -33.1     22   0.60     65      9  335.7  338.0  335.8
  392.0   7732  -16.1  -34.1     20   0.55     65      9  335.9  338.1  336.0
  391.0   7751  -16.3  -34.3     20   0.54     65     10  335.9  338.0  336.0
  390.0   7770  -16.5  -34.5     20   0.53     65     10  335.9  338.0  336.0
  389.0   7790  -16.7  -33.7     22   0.57     65     10  335.9  338.1  336.0
  388.0   7809  -16.9  -30.4     30   0.79     65     10  335.9  338.9  336.0
  387.0   7828  -17.1  -27.1     42   1.08     65     10  335.8  339.9  336.1
  386.0   7848  -17.3  -21.9     67   1.73     64     10  335.8  342.2  336.2
  374.0   8084  -18.1  -26.1     50   1.22     60     11  337.8  342.4  338.1
  370.0   8164  -18.3  -34.3     23   0.57     59     11  338.6  340.8  338.7
  367.0   8224  -18.7  -37.7     17   0.41     58     11  338.8  340.5  338.9
  361.0   8347  -19.9  -29.9     41   0.89     56     12  338.8  342.3  339.0
  359.0   8388  -20.2  -28.2     49   1.05     55     12  339.0  343.1  339.2
  358.0   8408  -20.3  -27.3     54   1.14     55     12  339.1  343.5  339.3
  352.0   8533  -21.1  -31.1     40   0.82     54     12  339.7  342.8  339.8
  338.0   8831  -23.5  -29.5     58   0.99     53     13  340.4  344.2  340.6
  300.0   9690  -29.9  -40.9     34   0.36     50     15  343.1  344.6  343.2
  251.0  10933  -39.7  -52.7     24   0.12     45     14  346.5  347.0  346.5
  250.0  10960  -39.9  -52.9     24   0.11     45     14  346.6  347.1  346.6
  245.0  11098  -41.2  -52.2     29   0.12     45     15  346.7  347.2  346.7
  235.0  11382  -43.9  -50.9     46   0.15     40     15  346.7  347.4  346.8
  227.0  11615  -45.7  -56.7     28   0.08     36     15  347.4  347.8  347.5
  205.0  12287  -51.8  -59.6     39   0.06     25     15  348.1  348.4  348.1
  200.0  12450  -53.3  -60.3     42   0.06     25     17  348.2  348.5  348.2
  192.0  12711  -55.7  -61.7     47   0.05     28     17  348.4  348.7  348.4
  150.0  14230  -68.9  -75.9     36   0.01     45     17  351.2  351.2  351.2
  132.0  14981  -75.5  -82.5     33   0.00     70     17  352.5  352.5  352.5
  131.0  15025  -75.9  -82.9     33   0.00     73     17  352.6  352.6  352.6
  118.0  15619  -80.1  -88.6     24   0.00    120     21  355.4  355.4  355.4
  113.0  15865  -81.9  -90.9     21   0.00    113     24  356.6  356.6  356.6
  101.0  16494  -81.3  -89.4     25   0.00     95     33  369.3  369.3  369.3
  100.0  16550  -81.3  -89.3     25   0.00     90     29  370.4  370.4  370.4
   92.6  16989  -75.9  -88.9     12   0.00     49     15  389.3  389.3  389.3
   91.0  17090  -76.2  -89.5     11   0.00     40     12  390.5  390.6  390.5
   87.2  17336  -77.1  -91.1      9   0.00     59      7  393.6  393.6  393.6
   86.0  17417  -75.9  -90.9      8   0.00     65      6  397.7  397.7  397.7
   82.0  17696  -71.6  -90.2      5   0.00     20     11  411.8  411.8  411.8
   81.5  17731  -71.1  -90.1      5   0.00     19     11  413.6  413.6  413.6
   78.0  17991  -71.6  -93.3      3   0.00     10      9  417.7  417.7  417.7
   71.5  18505  -72.7  -99.7      1   0.00     94     11  425.9  425.9  425.9
   70.0  18630  -72.5 -102.5      0   0.00    115     12  428.9  429.0  428.9
   67.0  18890  -72.0 -102.2      0   0.00    140     20  435.3  435.3  435.3
   60.0  19546  -70.9 -101.5      0   0.00    115     28  451.8  451.8  451.8
   55.0  20063  -70.0 -100.9      0   0.00    110     41  465.3  465.3  465.3
   53.4  20238  -69.7 -100.7      0   0.00    105     42  469.9  469.9  469.9
   51.2  20494  -63.7  -96.7      0   0.00     99     44  489.6  489.6  489.6
   50.0  20640  -62.9  -95.9      0   0.00     95     45  494.8  494.8  494.8
   45.0  21289  -62.2  -95.2      1   0.00     70     46  511.6  511.6  511.6
   44.2  21400  -62.1  -95.1      1   0.00     74     47  514.5  514.5  514.5
   43.0  21571  -61.0  -94.3      1   0.00     80     49  521.2  521.2  521.2
   41.0  21868  -59.2  -93.0      1   0.00     90     46  532.8  532.9  532.8
   39.8  22053  -58.1  -92.1      1   0.00     94     44  540.2  540.2  540.2
   35.0  22860  -58.8  -92.8      1   0.00    110     36  558.7  558.7  558.7
   34.1  23024  -58.9  -92.9      1   0.00    106     28  562.5  562.5  562.5
   34.0  23042  -58.9  -92.9      1   0.00    105     27  563.0  563.0  563.0
   31.5  23521  -58.5  -92.5      1   0.00    122     27  576.5  576.5  576.5
   31.0  23623  -57.4  -91.8      1   0.00    125     27  582.0  582.0  582.0
   30.1  23809  -55.5  -90.5      1   0.00    116     24  592.2  592.2  592.2
   30.0  23830  -55.3  -90.3      1   0.00    115     24  593.3  593.3  593.3
   29.0  24046  -55.3  -90.3      1   0.00     90     17  598.9  599.0  598.9
   28.0  24270  -55.4  -90.4      1   0.00     75     10  604.9  604.9  604.9
   25.8  24793  -55.5  -90.5      1   0.00     75     11  618.8  618.9  618.9
   25.0  24995  -53.8  -88.8      1   0.01     75     12  629.4  629.4  629.4
   24.6  25098  -52.9  -87.9      1   0.01     37     13  634.8  634.9  634.8
   24.0  25257  -53.1  -88.1      1   0.01    340     14  638.6  638.7  638.6
   22.0  25817  -54.0  -89.0      1   0.01    290     25  652.1  652.2  652.1
   21.0  26116  -54.5  -89.5      1   0.01    280     31  659.5  659.6  659.5
   20.9  26147  -54.5  -89.5      1   0.01    280     30  660.2  660.3  660.2
   20.0  26430  -53.3  -88.3      1   0.01    280     24  672.3  672.4  672.3
   19.5  26593  -53.5  -88.5      1   0.01    295     19  676.5  676.6  676.5
   19.0  26763  -50.6  -86.5      1   0.01    310     13  690.5  690.6  690.5
   18.3  27008  -46.5  -83.5      1   0.02    307     21  710.9  711.1  710.9
   18.0  27118  -45.8  -83.0      1   0.02    305     25  716.6  716.9  716.6
   17.2  27422  -43.7  -81.7      1   0.03    301     34  732.5  732.9  732.5
   17.0  27500  -43.9  -81.7      1   0.03    300     36  734.2  734.5  734.2
   15.0  28334  -46.5  -82.0      1   0.03    275     36  752.3  752.7  752.3
   14.6  28514  -47.1  -82.1      1   0.03                756.3  756.6  756.3
</PRE><H3>Station information and sounding indices</H3><PRE>
                         Station identifier: WIII
                             Station number: 96749
                           Observation time: 220624/0000
                           Station latitude: -6.11
                          Station longitude: 106.65
                          Station elevation: 8.0
                            Showalter index: 1.20
                               Lifted index: -0.91
    LIFT computed using virtual temperature: -1.33
                                SWEAT index: 192.18
                                    K index: 36.10
                         Cross totals index: 19.00
                      Vertical totals index: 23.50
                        Totals totals index: 42.50
      Convective Available Potential Energy: 256.21
             CAPE using virtual temperature: 347.48
                      Convective Inhibition: -89.69
             CINS using virtual temperature: -71.28
                           Equilibrum Level: 294.18
 Equilibrum Level using virtual temperature: 289.33
                   Level of Free Convection: 805.39
             LFCT using virtual temperature: 813.49
                     Bulk Richardson Number: 12.93
          Bulk Richardson Number using CAPV: 17.53
  Temp [K] of the Lifted Condensation Level: 292.82
Pres [hPa] of the Lifted Condensation Level: 915.90
   Equivalent potential temp [K] of the LCL: 347.38
     Mean mixed layer potential temperature: 300.28
              Mean mixed layer mixing ratio: 16.04
              1000 hPa to 500 hPa thickness: 5779.00
Precipitable water [mm] for entire sounding: 54.82
</PRE>
<P>Description of the 
<A HREF="/upperair/columns.html">data columns</A>
or <A HREF="/upperair/indices.html">sounding indices</A>.

<P>
<FORM>
<INPUT CLASS="button" TYPE="button" VALUE=" Close this window " 
 onClick="window.close();">
<INPUT CLASS="button" TYPE="button" VALUE=" Select another map " 
 onClick="window.blur();">
</FORM>
<HR SIZE="1">
<I>Interested in graduate studies in atmospheric science?
Check out our program at the
<a href="http://www.uwyo.edu/atsc/howtoapply/"
target=_top>University of Wyoming
</a></I>
<HR SIZE="1"><FONT SIZE="-1">
Questions about the weather data provided by this site can be
addressed to <A HREF="mailto:ldoolman@uwyo.edu">
Larry Oolman (ldoolman@uwyo.edu)</A></FONT>
<HR SIZE="1">
<SCRIPT TYPE="text/javascript">
<!--
window.focus();
// -->
</SCRIPT>
</BODY>
</HTML>
