2022-01-05 00
<HTML>
<TITLE>University of Wyoming - Radiosonde Data</TITLE>
<BODY BGCOLOR="white">
<H2>96749 WIII Jakarta Observations at 00Z 05 Jan 2022</H2>
<PRE>
-----------------------------------------------------------------------------
   PRES   HGHT   TEMP   DWPT   RELH   MIXR   DRCT   SKNT   THTA   THTE   THTV
    hPa     m      C      C      %    g/kg    deg   knot     K      K      K 
-----------------------------------------------------------------------------
 1010.0      8                                 25      2                     
 1009.0     17   25.2   22.7     86  17.56     10      2  297.6  348.7  300.7
 1000.0     97   25.0   22.3     85  17.28    230      4  298.1  348.5  301.2
  978.0    293   25.6   20.6     74  15.89    235      4  300.6  347.5  303.5
  977.0    302   25.5   20.6     74  15.86    235      4  300.7  347.4  303.5
  944.0    603   23.6   19.0     76  14.89    205      2  301.6  345.7  304.3
  925.0    781   22.4   18.1     77  14.34      0      0  302.2  344.8  304.8
  913.0    894   21.6   17.7     78  14.16    325      2  302.5  344.6  305.1
  881.0   1203   19.4   16.6     84  13.69    250      3  303.4  344.2  305.9
  852.0   1493   17.4   15.6     89  13.25    278      3  304.2  343.9  306.6
  850.0   1513   17.2   15.5     90  13.20    280      3  304.1  343.7  306.6
  826.0   1757   16.6    9.6     63   9.16    288      4  306.0  333.9  307.7
  821.0   1809   16.2    9.8     66   9.37    290      4  306.2  334.7  307.9
  793.0   2103   14.2   11.2     82  10.64    260      7  307.1  339.5  309.0
  787.0   2168   13.8   11.5     86  10.94    259      7  307.3  340.6  309.3
  765.0   2407   13.4    9.2     76   9.67    255      7  309.3  339.1  311.1
  755.0   2518   13.2    8.2     72   9.12    257      9  310.3  338.5  312.0
  752.0   2551   13.0    7.0     67   8.42    257      9  310.4  336.6  312.0
  748.0   2596   13.6    2.6     47   6.21    258     10  311.6  331.2  312.7
  740.0   2686   13.8   -0.2     38   5.12    260     11  312.7  329.1  313.7
  739.0   2698   13.7   -0.0     39   5.19    260     11  312.8  329.4  313.8
  714.0   2987   12.0    4.0     58   7.19    270     13  314.0  336.8  315.3
  700.0   3152   11.2    2.2     54   6.45    275     14  314.9  335.5  316.1
  693.0   3236   10.8   -0.2     47   5.47    273     14  315.3  333.0  316.4
  663.0   3603    7.9    2.8     70   7.10    265     15  316.1  338.8  317.4
  656.0   3691    7.2    3.5     77   7.56    262     14  316.2  340.4  317.7
  616.0   4206    4.9   -1.6     62   5.54    245     11  319.4  337.5  320.4
  584.0   4642    3.0   -6.0     52   4.21    240      9  322.0  336.1  322.8
  558.0   5009    0.0   -5.0     69   4.75    235      8  322.7  338.6  323.6
  531.0   5405   -2.9   -6.6     75   4.41    230      6  323.9  338.7  324.8
  525.0   5495   -3.5   -7.0     77   4.33    226      7  324.2  338.8  325.0
  514.0   5663   -4.5  -11.5     58   3.10    219      8  324.9  335.6  325.5
  500.0   5880   -5.5  -12.5     58   2.94    210      9  326.3  336.5  326.9
  474.0   6296   -8.3  -16.3     53   2.27    190      8  327.8  335.8  328.3
  466.0   6428   -9.5  -13.8     71   2.84    194      8  327.9  337.8  328.5
  456.0   6595  -10.4  -17.2     58   2.20    200      9  328.8  336.6  329.3
  455.0   6611  -10.5  -17.5     56   2.14    199      9  328.9  336.5  329.4
  445.0   6782  -11.7  -17.7     61   2.15    186      9  329.5  337.2  329.9
  435.0   6955  -12.5  -25.5     33   1.11    173      9  330.6  334.8  330.9
  421.0   7203  -13.8  -29.2     26   0.82    155      9  332.0  335.1  332.2
  405.0   7496  -15.4  -33.5     20   0.56    120     13  333.7  335.9  333.8
  400.0   7590  -15.9  -34.9     18   0.50    120     14  334.2  336.2  334.3
  388.0   7819  -17.5  -37.5     16   0.39    131     14  335.1  336.6  335.1
  374.0   8094  -18.9  -39.7     14   0.33    145     13  336.8  338.1  336.8
  370.0   8174  -19.3  -40.3     14   0.31    142     13  337.2  338.5  337.3
  337.0   8862  -24.7  -30.7     57   0.88    120     14  339.0  342.4  339.2
  317.0   9303  -27.9  -33.9     56   0.69    105     14  340.6  343.3  340.7
  300.0   9700  -30.7  -36.7     56   0.55     80     13  342.0  344.2  342.1
  292.0   9892  -32.1  -38.1     55   0.49     80     11  342.6  344.6  342.7
  290.0   9940  -32.5  -38.5     55   0.48     78     11  342.8  344.7  342.9
  284.0  10087  -33.9  -38.5     63   0.49     71      9  342.8  344.8  342.9
  279.0  10212  -34.7  -40.5     56   0.40     65      8  343.4  345.1  343.5
  274.0  10338  -35.5  -42.5     49   0.33     72      9  344.0  345.4  344.1
  268.0  10492  -36.8  -43.2     52   0.32     80     11  344.3  345.6  344.3
  265.0  10570  -37.5  -43.5     53   0.31     78     11  344.4  345.7  344.5
  261.0  10675  -38.3  -48.3     34   0.18     76     12  344.7  345.5  344.8
  250.0  10970  -40.7  -51.7     30   0.13     70     13  345.4  346.0  345.4
  231.0  11504  -44.5  -58.5     19   0.06     65     13  347.5  347.8  347.6
  200.0  12450  -53.1  -61.1     37   0.05     55     13  348.5  348.8  348.5
  195.0  12608  -54.5  -63.0     34   0.04     65     15  348.9  349.1  348.9
  163.0  13729  -64.1  -76.1     18   0.01     84     27  351.0  351.1  351.0
  161.0  13803  -64.8  -76.8     18   0.01     85     28  351.2  351.2  351.2
  150.0  14230  -68.5  -80.5     16   0.00     85     38  351.9  351.9  351.9
  146.0  14391  -70.0  -80.7     20   0.00     85     39  352.1  352.1  352.1
  141.0  14598  -71.9  -80.9     25   0.00     87     42  352.2  352.2  352.2
  132.0  14984  -74.5  -85.4     17   0.00     90     48  354.2  354.2  354.2
  127.0  15209  -76.1  -88.1     14   0.00     84     52  355.3  355.3  355.3
  119.0  15582  -76.9  -90.3     11   0.00     75     58  360.5  360.5  360.5
  107.0  16192  -78.2  -93.8      7   0.00     25     22  369.1  369.1  369.1
  101.0  16523  -79.0  -95.8      5   0.00      0     19  373.8  373.8  373.8
  100.0  16580  -79.1  -96.1      5   0.00      5     18  374.6  374.6  374.6
   96.0  16810  -80.5  -98.6      4   0.00     10      8  376.3  376.3  376.3
   91.0  17112  -82.3 -101.9      3   0.00    180      7  378.5  378.5  378.5
   87.0  17366  -83.8 -104.6      2   0.00    155     20  380.4  380.4  380.4
   86.3  17411  -84.1 -105.1      2   0.00    155     20  380.7  380.7  380.7
   82.5  17662  -83.5  -99.5      5   0.00    124     16  386.9  386.9  386.9
   82.0  17696  -82.9  -98.9      5   0.00    120     15  388.8  388.8  388.8
   80.5  17800  -80.9  -96.9      6   0.00     70     12  394.9  394.9  394.9
   78.0  17978  -81.3  -96.9      6   0.00    345      6  397.6  397.6  397.6
   74.9  18207  -81.9  -96.9      7   0.00    291      8  401.0  401.0  401.0
   74.0  18275  -81.7  -96.7      7   0.00    275      9  402.8  402.8  402.8
   71.6  18461  -81.3  -96.3      7   0.00    192     12  407.5  407.5  407.5
   70.0  18590  -78.5  -93.5      7   0.00    135     14  416.1  416.1  416.1
   66.0  18928  -75.0  -92.9      5   0.00    120     24  430.8  430.8  430.8
   65.9  18937  -74.9  -92.9      5   0.00    119     24  431.2  431.2  431.2
   63.0  19197  -75.2  -94.8      3   0.00    100     31  436.1  436.1  436.1
   60.6  19422  -75.5  -96.5      3   0.00     88     30  440.3  440.3  440.3
   58.7  19606  -75.3  -99.3      1   0.00     79     30  444.8  444.8  444.8
   57.0  19779  -72.0  -98.4      1   0.00     70     29  455.9  455.9  455.9
   55.1  19978  -68.3  -97.3      1   0.00     61     24  468.9  468.9  468.9
   54.0  20099  -68.3  -97.9      1   0.00     55     21  471.6  471.6  471.6
   50.0  20560  -68.3 -100.3      0   0.00     65     16  482.1  482.1  482.1
   48.1  20792  -69.1 -100.1      0   0.00     74     19  485.6  485.6  485.6
   44.0  21327  -67.8 -103.6      0   0.00     95     27  501.4  501.4  501.4
   42.0  21606  -67.1 -105.4      0   0.00     95     29  509.8  509.8  509.8
   41.5  21678  -66.9 -105.9      0   0.00                512.0  512.0  512.0
</PRE><H3>Station information and sounding indices</H3><PRE>
                         Station identifier: WIII
                             Station number: 96749
                           Observation time: 220105/0000
                           Station latitude: -6.11
                          Station longitude: 106.65
                          Station elevation: 8.0
                            Showalter index: -0.08
                               Lifted index: 71.87
    LIFT computed using virtual temperature: 72.35
                                SWEAT index: 200.98
                                    K index: 29.20
                         Cross totals index: 21.00
                      Vertical totals index: 22.70
                        Totals totals index: 43.70
      Convective Available Potential Energy: 0.00
             CAPE using virtual temperature: 0.00
                      Convective Inhibition: 0.00
             CINS using virtual temperature: 0.00
                     Bulk Richardson Number: 0.00
          Bulk Richardson Number using CAPV: 0.00
  Temp [K] of the Lifted Condensation Level: 321.44
Pres [hPa] of the Lifted Condensation Level: 4484.18
   Equivalent potential temp [K] of the LCL: 239.65
     Mean mixed layer potential temperature: 207.41
              Mean mixed layer mixing ratio: 16.27
              1000 hPa to 500 hPa thickness: 5783.00
Precipitable water [mm] for entire sounding: 51.01
</PRE>
<P>Description of the 
<A HREF="/upperair/columns.html">data columns</A>
or <A HREF="/upperair/indices.html">sounding indices</A>.

<P>
<FORM>
<INPUT CLASS="button" TYPE="button" VALUE=" Close this window " 
 onClick="window.close();">
<INPUT CLASS="button" TYPE="button" VALUE=" Select another map " 
 onClick="window.blur();">
</FORM>
<HR SIZE="1">
<I>Interested in graduate studies in atmospheric science?
Check out our program at the
<a href="http://www.uwyo.edu/atsc/howtoapply/"
target=_top>University of Wyoming
</a></I>
<HR SIZE="1"><FONT SIZE="-1">
Questions about the weather data provided by this site can be
addressed to <A HREF="mailto:ldoolman@uwyo.edu">
Larry Oolman (ldoolman@uwyo.edu)</A></FONT>
<HR SIZE="1">
<SCRIPT TYPE="text/javascript">
<!--
window.focus();
// -->
</SCRIPT>
</BODY>
</HTML>
