2017-07-28 12
<HTML>
<TITLE>University of Wyoming - Radiosonde Data</TITLE>
<BODY BGCOLOR="white">
<H2>96749 WIII Jakarta Observations at 00Z 28 Jul 2017</H2>
<PRE>
-----------------------------------------------------------------------------
   PRES   HGHT   TEMP   DWPT   RELH   MIXR   DRCT   SKNT   THTA   THTE   THTV
    hPa     m      C      C      %    g/kg    deg   knot     K      K      K 
-----------------------------------------------------------------------------
 1010.0      8   24.8   23.5     92  18.44    160      2  297.1  350.6  300.4
 1000.0     99   24.6   21.6     83  16.54    170      4  297.8  345.9  300.7
  977.0    303   24.4   20.5     79  15.83     80      2  299.5  345.9  302.3
  945.0    594   24.0   19.0     74  14.86    133      3  302.0  346.1  304.7
  944.0    604   23.9   18.9     73  14.77    135      3  302.0  345.9  304.7
  925.0    781   22.8   16.8     69  13.18    105      9  302.6  341.9  305.0
  913.0    894   21.8   16.3     71  12.92     95     11  302.8  341.3  305.1
  850.0   1513   16.6   13.5     82  11.57    105     18  303.5  338.2  305.6
  840.0   1614   15.8   13.2     85  11.48    105     18  303.7  338.1  305.8
  822.0   1797   15.3   12.1     81  10.91    105     17  305.0  337.9  307.0
  737.0   2722   12.6    6.6     67   8.36     59     14  311.8  337.9  313.4
  713.0   2999   11.1    5.1     67   7.76     45     13  313.1  337.5  314.5
  700.0   3153   10.2    4.2     66   7.44     50     13  313.8  337.3  315.2
  648.0   3793    7.6    2.7     71   7.23     81     15  317.8  341.0  319.2
  617.0   4192    5.2   -0.1     69   6.20    100     17  319.5  339.7  320.7
  594.0   4501    3.3   -2.2     67   5.49     80     11  320.8  338.9  321.9
  573.0   4794    1.5   -4.3     65   4.88     40     11  322.0  338.2  323.0
  556.0   5039    0.0   -6.0     64   4.42     50     13  323.0  337.8  323.9
  531.0   5403   -2.6   -9.0     61   3.67     65     16  324.2  336.7  325.0
  500.0   5880   -5.9  -12.9     58   2.85     60     12  325.8  335.6  326.3
  488.0   6070   -7.3  -13.3     62   2.83     61     15  326.3  336.1  326.9
  450.0   6696  -12.3  -13.2     93   3.09     65     24  327.7  338.4  328.3
  434.0   6973  -13.7  -14.3     95   2.93     66     28  329.3  339.6  329.9
  421.0   7203  -15.5  -18.2     80   2.18     68     31  329.9  337.7  330.3
  411.0   7385  -15.5  -22.5     55   1.54     69     34  332.2  337.8  332.5
  404.0   7515  -15.3  -25.3     42   1.22     70     36  334.1  338.6  334.3
  400.0   7590  -15.7  -26.7     38   1.08     70     37  334.5  338.6  334.7
  397.0   7647  -16.1  -24.1     50   1.38     71     37  334.7  339.8  335.0
  392.0   7742  -16.3  -26.3     42   1.15     73     36  335.6  340.0  335.9
  389.0   7800  -16.7  -27.7     38   1.02     74     36  335.9  339.7  336.1
  383.0   7916  -17.3  -24.3     54   1.41     76     35  336.6  341.8  336.9
  373.0   8114  -18.4  -26.0     52   1.24     80     34  337.6  342.3  337.9
  364.0   8296  -19.5  -27.5     49   1.11     81     34  338.6  342.8  338.8
  351.0   8565  -21.9  -26.7     65   1.23     83     35  338.9  343.6  339.1
  318.0   9283  -27.5  -33.5     57   0.72     87     35  340.8  343.6  340.9
  315.0   9352  -27.7  -36.7     42   0.53     88     36  341.4  343.6  341.5
  300.0   9700  -30.7  -39.7     41   0.41     90     36  342.0  343.6  342.1
  257.0  10773  -39.9  -47.9     42   0.20     90     32  343.9  344.7  343.9
  256.0  10799  -40.1                          90     32  343.9         343.9
  250.0  10960  -41.5                          90     31  344.2         344.2
  200.0  12440  -53.3                          60     50  348.2         348.2
  195.0  12598  -54.4                          55     53  349.0         349.0
  153.0  14107  -64.8                          75     64  356.2         356.2
  150.0  14230  -65.7                          75     61  356.7         356.7
  132.0  14991  -72.9                          82     46  357.1         357.1
  125.0  15307  -75.3                          85     40  358.4         358.4
  107.0  16201  -76.5                          35     36  372.3         372.3
  102.0  16476  -76.9                          35     27  376.7         376.7
  100.0  16590  -77.1                          40     18  378.5         378.5
   97.0  16766  -75.0                         210      4  385.9         385.9
   96.6  16790  -74.7                         210      5  386.9         386.9
   92.0  17073  -76.2                         215     22  389.4         389.4
   90.5  17168  -76.7                         205     21  390.3         390.3
   87.0  17396  -76.5                         180     17  395.0         395.0
   86.3  17443  -76.5                         185     15  396.0         396.0
   83.0  17671  -72.8                         210      8  407.9         407.9
   81.3  17792  -70.9                         231     16  414.3         414.3
   79.0  17962  -70.9                         260     26  417.6         417.6
   70.0  18680  -71.1                         255     34  431.9         431.9
   69.3  18740  -70.5                         253     34  434.5         434.5
   64.0  19208  -72.6                         240     33  439.9         439.9
   60.8  19509  -73.9                         258     27  443.5         443.5
   58.0  19789  -72.2                         275     22  453.3         453.3
   52.0  20436  -68.3                         265     28  476.7         476.7
   50.8  20574  -67.5                         274     27  481.8         481.8
   50.0  20670  -66.7                         280     26  485.9         485.9
   47.6  20972  -62.1                         280     24  503.8         503.8
   47.0  21050  -62.2                         280     24  505.4         505.4
   43.0  21601  -62.6                         250     18  517.3         517.3
   42.2  21717  -62.7                         236     14  519.9         519.9
   41.0  21896  -61.2                         215      8  527.9         527.9
   40.1  22034  -60.1                         164     10  534.0         534.0
   39.0  22207  -60.3                         100     12  537.7         537.7
   34.0  23061  -61.5                          70     31  556.2         556.2
   32.0  23438  -62.0                          90     33  564.6         564.6
   30.0  23840  -62.5                          80     45  573.7         573.7
   29.9  23861  -62.5                          80     45  574.2         574.2
   25.0  24981  -58.0                          85     57  617.4         617.4
   22.5  25641  -55.3                          94     57  644.1         644.1
   20.0  26390  -55.5                         105     56  665.5         665.5
   19.5  26551  -56.5                         100     58  667.3         667.3
   19.0  26718  -56.2                          95     61  673.3         673.3
   11.3  30069  -49.3                          76     52  805.8         805.8
   11.0                                        75     52                     
</PRE><H3>Station information and sounding indices</H3><PRE>
                         Station identifier: WIII
                             Station number: 96749
                           Observation time: 170728/0000
                           Station latitude: -6.11
                          Station longitude: 106.65
                          Station elevation: 8.0
                            Showalter index: 1.76
                               Lifted index: -1.48
    LIFT computed using virtual temperature: -1.92
                                SWEAT index: 210.02
                                    K index: 30.00
                         Cross totals index: 19.40
                      Vertical totals index: 22.50
                        Totals totals index: 41.90
      Convective Available Potential Energy: 210.45
             CAPE using virtual temperature: 270.13
                      Convective Inhibition: -61.68
             CINS using virtual temperature: -48.69
                           Equilibrum Level: 243.33
 Equilibrum Level using virtual temperature: 243.48
                   Level of Free Convection: 852.32
             LFCT using virtual temperature: 863.29
                     Bulk Richardson Number: 14.90
          Bulk Richardson Number using CAPV: 19.13
  Temp [K] of the Lifted Condensation Level: 293.21
Pres [hPa] of the Lifted Condensation Level: 932.73
   Equivalent potential temp [K] of the LCL: 346.24
     Mean mixed layer potential temperature: 299.12
              Mean mixed layer mixing ratio: 16.14
              1000 hPa to 500 hPa thickness: 5781.00
Precipitable water [mm] for entire sounding: 52.65
</PRE>
<P>Description of the 
<A HREF="/upperair/columns.html">data columns</A>
or <A HREF="/upperair/indices.html">sounding indices</A>.

<P>
<FORM>
<INPUT CLASS="button" TYPE="button" VALUE=" Close this window " 
 onClick="window.close();">
<INPUT CLASS="button" TYPE="button" VALUE=" Select another map " 
 onClick="window.blur();">
</FORM>
<HR SIZE="1">
<I>Interested in graduate studies in atmospheric science?
Check out our program at the
<a href="http://www.uwyo.edu/atsc/howtoapply/"
target=_top>University of Wyoming
</a></I>
<HR SIZE="1"><FONT SIZE="-1">
Questions about the weather data provided by this site can be
addressed to <A HREF="mailto:ldoolman@uwyo.edu">
Larry Oolman (ldoolman@uwyo.edu)</A></FONT>
<HR SIZE="1">
<SCRIPT TYPE="text/javascript">
<!--
window.focus();
// -->
</SCRIPT>
</BODY>
</HTML>
