2020-03-20 12
<HTML>
<TITLE>University of Wyoming - Radiosonde Data</TITLE>
<BODY BGCOLOR="white">
<H2>96749 WIII Jakarta Observations at 00Z 20 Mar 2020</H2>
<PRE>
-----------------------------------------------------------------------------
   PRES   HGHT   TEMP   DWPT   RELH   MIXR   DRCT   SKNT   THTA   THTE   THTV
    hPa     m      C      C      %    g/kg    deg   knot     K      K      K 
-----------------------------------------------------------------------------
 1011.0      8   24.2   23.2     94  18.08    220      4  296.4  348.7  299.6
 1000.0    102   25.0   21.2     79  16.13    280      6  298.1  345.2  301.0
  996.0    137   25.2   21.4     79  16.40    275      6  298.7  346.6  301.6
  978.0    298   24.4   20.9     81  16.20    250      5  299.4  346.9  302.3
  945.0    599   22.8   20.0     84  15.82    210      5  300.8  347.4  303.6
  925.0    787   21.8   19.4     86  15.58    200      5  301.6  347.7  304.4
  913.0    900   21.3   18.6     84  14.95    200      4  302.2  346.6  304.9
  882.0   1199   20.0   16.3     79  13.39    140      4  303.9  343.9  306.3
  852.0   1497   17.8   15.6     87  13.21    100      6  304.5  344.2  306.9
  850.0   1517   17.6   15.5     87  13.20    100      6  304.6  344.2  307.0
  840.0   1618   16.8   15.2     90  13.10    107      6  304.8  344.1  307.1
  822.0   1802   16.1   14.3     89  12.61    120      5  305.9  343.9  308.2
  766.0   2399   13.7   11.3     86  11.12    100      8  309.6  343.7  311.6
  740.0   2692   12.5    9.9     84  10.43    110      9  311.4  343.7  313.3
  737.0   2726   12.4    9.7     84  10.35    109      9  311.6  343.7  313.5
  700.0   3157   10.0    6.9     81   8.99    100     12  313.5  341.8  315.2
  664.0   3595    7.6    2.7     71   7.03    100     13  315.6  338.0  316.9
  644.0   3849    6.2    0.2     65   6.07    104     13  316.8  336.4  317.9
  595.0   4493    2.5   -1.9     73   5.63    115     14  319.7  338.2  320.8
  564.0   4929    0.0   -3.3     78   5.35    112     16  321.7  339.4  322.8
  545.0   5204   -1.3   -6.2     69   4.44    110     17  323.3  338.2  324.2
  530.0   5427   -2.1   -8.1     63   3.94    108     17  325.0  338.3  325.7
  525.0   5503   -2.5  -10.5     54   3.29    108     18  325.4  336.6  326.0
  500.0   5890   -4.5   -9.5     68   3.74    105     19  327.5  340.3  328.2
  439.0   6899  -10.7  -12.9     84   3.24     95     13  332.1  343.4  332.7
  428.0   7096  -11.9  -13.6     87   3.15    101     10  332.9  344.1  333.6
  422.0   7203  -12.5  -14.2     87   3.03    105      8  333.5  344.2  334.1
  400.0   7610  -14.9  -16.6     87   2.63    145      5  335.5  345.0  336.1
  390.0   7800  -16.1  -17.9     86   2.40    155      5  336.4  345.1  336.9
  371.0   8174  -18.5  -20.6     84   2.01     83      4  338.1  345.5  338.5
  360.0   8393  -20.1  -22.2     83   1.80     40      4  338.8  345.5  339.2
  346.0   8682  -22.2  -24.3     83   1.55      5      4  339.8  345.6  340.1
  318.0   9296  -26.8  -28.9     82   1.11     15      9  341.8  346.1  342.0
  300.0   9720  -29.9  -32.0     82   0.88    355      9  343.1  346.6  343.3
  292.0   9908  -31.4  -33.7     80   0.76      0      9  343.6  346.6  343.8
  269.0  10480  -36.0  -39.0     74   0.49     15     10  345.1  347.1  345.2
  251.0  10963  -39.9  -43.5     68   0.33     10     11  346.2  347.6  346.3
  250.0  10990  -40.1                          10     11  346.3         346.3
  225.0  11689  -46.3                          25     14  347.4         347.4
  200.0  12470  -53.3                          45     13  348.2         348.2
  178.0  13191  -59.7                          50     17  349.5         349.5
  170.0  13476  -62.2                          45     16  349.9         349.9
  154.0  14087  -67.7                           5     19  350.7         350.7
  150.0  14250  -69.1                           0     17  350.9         350.9
  146.0  14410  -70.5                           0     16  351.1         351.1
  139.0  14701  -73.1                          20     15  351.6         351.6
  132.0  14999  -74.1                          30     15  354.9         354.9
  119.0  15597  -76.2                          80     21  361.8         361.8
  107.0  16210  -78.3                          95     17  368.9         368.9
  102.0  16486  -79.3                         135     12  372.1         372.1
  100.0  16600  -79.7                         140     11  373.5         373.5
   94.0  16950  -81.5                          60     15  376.6         376.6
   92.0  17072  -80.7                          40     17  380.5         380.5
   87.0  17389  -78.6                          15     11  390.9         390.9
   85.4  17494  -77.9                         356     11  394.4         394.4
   82.0  17725  -78.9                         315     11  396.9         396.9
   78.0  18008  -80.2                         250     14  399.9         399.9
   74.0  18306  -81.5                         220     12  403.2         403.2
   72.4  18430  -82.1                         163      9  404.5         404.5
   70.0  18620  -80.7                          75      4  411.4         411.4
   67.0  18869  -79.7                          35     11  418.7         418.7
   63.0  19218  -78.3                          20     11  429.2         429.2
   60.7  19429  -77.5                          66     11  435.6         435.6
   60.0  19497  -76.8                          80     11  438.6         438.6
   51.4  20404  -67.9                          99     18  479.3         479.3
   51.0  20451  -67.7                         100     18  480.9         480.9
   50.0  20570  -67.1                         105     26  484.9         484.9
   47.1  20930  -68.1                         110     22  490.9         490.9
   47.0  20943  -68.1                         110     22  491.2         491.2
   45.6  21125  -67.9                         105     22  495.9         495.9
   44.3  21300  -66.1                         101     21  504.4         504.4
   43.6  21397  -62.7                          98     21  515.1         515.1
   40.0  21929  -62.7                          85     20  527.9         527.9
   39.9  21944  -62.7                          85     20  528.3         528.3
   38.4  22182  -59.7                          91     18  541.7         541.7
   35.0  22764  -59.4                         105     13  557.0         557.0
   33.0  23132  -59.2                         150     12  567.0         567.0
   32.0  23325  -59.1                         125     22  572.3         572.3
   30.0  23730  -58.9                         130     13  583.5         583.5
   29.0  23942  -59.0                         140     15  589.0         589.0
   26.0  24624  -59.1                          90     25  607.1         607.1
   25.0  24869  -59.2                         115     25  613.8         613.8
   23.8  25176  -59.3                         100     27  622.2         622.2
   22.0  25672  -55.4                          75     30  647.9         647.9
   21.6  25788  -54.5                          77     32  654.1         654.1
   20.0  26280  -53.9                          85     39  670.4         670.4
   16.8  27407  -49.5                          85     60  718.8         718.8
   16.3  27606  -49.1                          85     64  726.5         726.5
   16.0  27727  -48.8                          85     64  731.2         731.2
   14.8  28239  -47.7                          87     63  751.3         751.3
   13.5  28842  -49.1                          89     62  766.5         766.5
   10.0  30830  -43.5                          95     59  856.0         856.0
    9.9  30898  -43.7                                     857.8         857.8
</PRE><H3>Station information and sounding indices</H3><PRE>
                         Station identifier: WIII
                             Station number: 96749
                           Observation time: 200320/0000
                           Station latitude: -6.11
                          Station longitude: 106.65
                          Station elevation: 8.0
                            Showalter index: 0.73
                               Lifted index: -0.28
    LIFT computed using virtual temperature: -0.58
                                SWEAT index: 217.00
                                    K index: 34.50
                         Cross totals index: 20.00
                      Vertical totals index: 22.10
                        Totals totals index: 42.10
      Convective Available Potential Energy: 69.59
             CAPE using virtual temperature: 120.31
                      Convective Inhibition: -94.32
             CINS using virtual temperature: -71.90
                           Equilibrum Level: 335.69
 Equilibrum Level using virtual temperature: 330.63
                   Level of Free Convection: 657.41
             LFCT using virtual temperature: 692.68
                     Bulk Richardson Number: 3.59
          Bulk Richardson Number using CAPV: 6.20
  Temp [K] of the Lifted Condensation Level: 293.51
Pres [hPa] of the Lifted Condensation Level: 937.36
   Equivalent potential temp [K] of the LCL: 346.78
     Mean mixed layer potential temperature: 299.00
              Mean mixed layer mixing ratio: 16.36
              1000 hPa to 500 hPa thickness: 5788.00
Precipitable water [mm] for entire sounding: 59.10
</PRE>
<P>Description of the 
<A HREF="/upperair/columns.html">data columns</A>
or <A HREF="/upperair/indices.html">sounding indices</A>.

<P>
<FORM>
<INPUT CLASS="button" TYPE="button" VALUE=" Close this window " 
 onClick="window.close();">
<INPUT CLASS="button" TYPE="button" VALUE=" Select another map " 
 onClick="window.blur();">
</FORM>
<HR SIZE="1">
<I>Interested in graduate studies in atmospheric science?
Check out our program at the
<a href="http://www.uwyo.edu/atsc/howtoapply/"
target=_top>University of Wyoming
</a></I>
<HR SIZE="1"><FONT SIZE="-1">
Questions about the weather data provided by this site can be
addressed to <A HREF="mailto:ldoolman@uwyo.edu">
Larry Oolman (ldoolman@uwyo.edu)</A></FONT>
<HR SIZE="1">
<SCRIPT TYPE="text/javascript">
<!--
window.focus();
// -->
</SCRIPT>
</BODY>
</HTML>
