2018-04-20 12
<HTML>
<TITLE>University of Wyoming - Radiosonde Data</TITLE>
<BODY BGCOLOR="white">
<H2>96749 WIII Jakarta Observations at 00Z 20 Apr 2018</H2>
<PRE>
-----------------------------------------------------------------------------
   PRES   HGHT   TEMP   DWPT   RELH   MIXR   DRCT   SKNT   THTA   THTE   THTV
    hPa     m      C      C      %    g/kg    deg   knot     K      K      K 
-----------------------------------------------------------------------------
 1009.0      8   25.4   23.3     88  18.23    170      2  297.8  350.9  301.0
 1000.0     84   25.6   21.8     80  16.75    140     10  298.8  347.7  301.7
  998.0    102   26.4   22.9     81  17.98    137     10  299.7  352.5  302.9
  976.0    299   25.3   21.6     80  17.00    105      6  300.5  350.6  303.6
  944.0    594   23.6   19.8     79  15.61     70      7  301.7  347.9  304.5
  925.0    774   22.6   18.6     78  14.80     60      7  302.4  346.4  305.1
  850.0   1510   18.0   14.1     78  12.04     40     11  305.0  341.2  307.2
  844.0   1571   17.6   14.1     80  12.13     38     11  305.2  341.7  307.4
  822.0   1795   16.5   12.6     78  11.29     30     10  306.4  340.6  308.4
  776.0   2285   14.2    9.4     73   9.63     54      8  308.9  338.6  310.7
  766.0   2395   14.0    6.0     59   7.71     60      8  309.9  333.9  311.3
  746.0   2617   13.2    4.2     54   6.98     75      8  311.4  333.3  312.7
  741.0   2674   12.8    7.8     72   9.04     78      8  311.5  339.7  313.2
  739.0   2697   12.7    7.6     71   8.96     80      8  311.6  339.5  313.3
  700.0   3150   10.2    4.2     66   7.44     75      7  313.8  337.3  315.2
  663.0   3595    7.7    1.9     67   6.69     65      7  315.8  337.2  317.1
  616.0   4197    4.3   -1.1     68   5.76     95      5  318.6  337.4  319.8
  594.0   4495    2.6   -2.6     68   5.34     80      6  320.0  337.6  321.1
  561.0   4964    0.0   -5.0     69   4.73     88      6  322.2  337.9  323.1
  543.0   5225   -1.7  -10.7     50   3.13     92      6  323.2  333.9  323.8
  523.0   5524   -2.9   -8.9     63   3.75     97      6  325.2  338.0  326.0
  511.0   5708   -3.6  -10.6     59   3.37    100      6  326.5  338.1  327.2
  510.0   5723   -3.7  -10.7     58   3.34    101      6  326.6  338.1  327.3
  503.0   5833   -4.3   -8.7     71   3.96    111      5  327.2  340.7  328.0
  500.0   5880   -4.7   -8.8     73   3.95    115      5  327.2  340.8  328.0
  474.0   6297   -6.8  -15.9     49   2.35    135      3  329.6  338.0  330.1
  464.0   6463   -7.7  -18.7     41   1.89    102      2  330.6  337.4  330.9
  461.0   6514   -7.7  -22.7     29   1.35     92      2  331.2  336.1  331.4
  459.0   6547   -7.9  -25.9     22   1.02     85      1  331.3  335.1  331.6
  457.0   6581   -8.1  -23.1     29   1.31     78      1  331.5  336.4  331.8
  456.0   6598   -8.3  -17.3     48   2.17     75      1  331.5  339.2  331.9
  448.0   6735   -8.9  -22.9     31   1.36    150      2  332.4  337.4  332.7
  439.0   6891  -10.1  -21.1     40   1.63    235      3  332.8  338.8  333.1
  436.0   6944  -10.5  -20.5     44   1.73    239      3  332.9  339.3  333.3
  424.0   7158  -11.5  -27.5     25   0.95    254      3  334.3  337.9  334.5
  405.0   7506  -14.2  -24.7     41   1.29    280      3  335.3  340.1  335.6
  400.0   7600  -14.9  -23.9     46   1.40    275      3  335.5  340.7  335.8
  390.0   7791  -16.0  -25.5     44   1.24    265      4  336.5  341.2  336.8
  379.0   8006  -17.3  -27.3     41   1.08    282      3  337.6  341.7  337.8
  374.0   8106  -17.8  -28.3     39   1.00    290      2  338.2  342.0  338.4
  369.0   8206  -18.3  -29.3     37   0.92    252      2  338.8  342.4  339.0
  363.0   8329  -18.9  -30.9     34   0.81    206      2  339.6  342.8  339.8
  359.0   8411  -19.6  -29.3     42   0.95    175      2  339.8  343.4  340.0
  356.0   8473  -20.1  -28.1     49   1.07    174      2  339.9  344.0  340.1
  354.0   8515  -20.5  -25.1     67   1.42    173      2  339.9  345.3  340.2
  349.0   8620  -21.3  -29.3     49   0.97    172      2  340.2  344.0  340.4
  348.0   8642  -21.3  -31.3     40   0.81    171      2  340.5  343.7  340.7
  343.0   8748  -22.3  -33.3     36   0.68    169      1  340.6  343.2  340.7
  339.0   8834  -22.7  -27.1     67   1.23    168      1  341.1  345.9  341.4
  335.0   8921  -23.3  -28.1     65   1.14    166      1  341.5  345.9  341.7
  334.0   8943  -23.1  -34.1     36   0.64    166      1  342.1  344.6  342.2
  331.0   9009  -23.6  -34.9     35   0.60    165      1  342.2  344.6  342.4
  305.0   9600  -28.4  -41.9     26   0.32    335      4  343.7  345.0  343.8
  300.0   9720  -29.3  -43.3     25   0.28    340      6  344.0  345.1  344.0
  292.0   9908  -30.8  -44.9     24   0.24    350      8  344.5  345.5  344.6
  280.0  10201  -33.1  -47.5     22   0.19      5      9  345.4  346.2  345.4
  269.0  10480  -35.3  -49.9     21   0.15     20      8  346.1  346.8  346.2
  257.0  10798  -37.8  -52.6     20   0.11     10      3  347.0  347.5  347.0
  250.0  10990  -39.3  -54.3     19   0.10     35      4  347.5  347.9  347.5
  247.0  11073  -40.1  -55.1     19   0.09     39      5  347.5  347.9  347.5
  246.0  11100  -40.3                          40      5  347.6         347.6
  235.0  11405  -43.0                          15      6  348.1         348.1
  200.0  12480  -52.3                          40     13  349.8         349.8
  187.0  12898  -55.9                          40     13  350.8         350.8
  170.0  13491  -60.9                          10      8  352.2         352.2
  162.0  13791  -63.4                           0      9  352.8         352.8
  150.0  14270  -67.5                           0     11  353.6         353.6
  147.0  14391  -68.6                           0     11  353.8         353.8
  138.0  14768  -71.9                         356     12  354.4         354.4
  126.0  15289  -75.5                         350     13  357.3         357.3
  120.0  15569  -77.3                           5     12  358.9         358.9
  114.0  15863  -79.3                          40      9  360.4         360.4
  108.0  16174  -81.5                         115     11  362.1         362.1
  103.0  16445  -83.3                         115     12  363.5         363.5
  102.0  16500  -83.3                         110     12  364.5         364.5
  100.0  16610  -83.3                          90     14  366.5         366.5
   97.0  16780  -81.6                          65     20  373.0         373.0
   94.7  16914  -80.3                          58     25  378.2         378.2
   92.0  17076  -80.9                          50     30  380.1         380.1
   87.0  17389  -82.1                          65     27  383.8         383.8
   85.5  17487  -82.5                          58     22  384.9         384.9
   82.0  17723  -80.6                          40      9  393.5         393.5
   78.0  18005  -78.3                         255     11  403.9         403.9
   76.0  18152  -77.1                         233     14  409.4         409.4
   74.0  18304  -77.8                         210     17  411.1         411.1
   70.1  18612  -79.1                         191      9  414.7         414.7
   70.0  18620  -79.1                         190      9  414.8         414.8
   67.0  18872  -76.5                         335      7  425.8         425.8
   64.4  19099  -74.1                         315     13  435.8         435.8
   60.0  19511  -74.6                         280     23  443.6         443.6
   55.6  19953  -75.1                         261     14  452.2         452.2
   53.7  20156  -71.5                         253     10  465.0         465.0
   52.0  20347  -70.4                         245      6  471.8         471.8
   50.0  20580  -69.1                         115      5  480.2         480.2
   49.0  20701  -68.2                         110      9  485.2         485.2
   47.6  20875  -66.9                          98     14  492.3         492.3
   46.0  21084  -63.3                          84     20  505.8         505.8
   44.0  21357  -62.6                          65     28  513.9         513.9
   43.1  21485  -62.3                          69     29  517.8         517.8
   38.0  22253  -66.6                          95     38  525.9         525.9
   37.4  22350  -67.1                                     526.9         526.9
</PRE><H3>Station information and sounding indices</H3><PRE>
                         Station identifier: WIII
                             Station number: 96749
                           Observation time: 180420/0000
                           Station latitude: -6.11
                          Station longitude: 106.65
                          Station elevation: 8.0
                            Showalter index: 1.69
                               Lifted index: -1.74
    LIFT computed using virtual temperature: -2.10
                                SWEAT index: 196.18
                                    K index: 30.80
                         Cross totals index: 18.80
                      Vertical totals index: 22.70
                        Totals totals index: 41.50
      Convective Available Potential Energy: 376.36
             CAPE using virtual temperature: 523.33
                      Convective Inhibition: -43.75
             CINS using virtual temperature: -28.81
                           Equilibrum Level: 208.96
 Equilibrum Level using virtual temperature: 208.96
                   Level of Free Convection: 811.26
             LFCT using virtual temperature: 859.70
                     Bulk Richardson Number: 105.74
          Bulk Richardson Number using CAPV: 147.03
  Temp [K] of the Lifted Condensation Level: 294.09
Pres [hPa] of the Lifted Condensation Level: 931.58
   Equivalent potential temp [K] of the LCL: 350.24
     Mean mixed layer potential temperature: 300.12
              Mean mixed layer mixing ratio: 17.08
              1000 hPa to 500 hPa thickness: 5796.00
Precipitable water [mm] for entire sounding: 52.69
</PRE>
<P>Description of the 
<A HREF="/upperair/columns.html">data columns</A>
or <A HREF="/upperair/indices.html">sounding indices</A>.

<P>
<FORM>
<INPUT CLASS="button" TYPE="button" VALUE=" Close this window " 
 onClick="window.close();">
<INPUT CLASS="button" TYPE="button" VALUE=" Select another map " 
 onClick="window.blur();">
</FORM>
<HR SIZE="1">
<I>Interested in graduate studies in atmospheric science?
Check out our program at the
<a href="http://www.uwyo.edu/atsc/howtoapply/"
target=_top>University of Wyoming
</a></I>
<HR SIZE="1"><FONT SIZE="-1">
Questions about the weather data provided by this site can be
addressed to <A HREF="mailto:ldoolman@uwyo.edu">
Larry Oolman (ldoolman@uwyo.edu)</A></FONT>
<HR SIZE="1">
<SCRIPT TYPE="text/javascript">
<!--
window.focus();
// -->
</SCRIPT>
</BODY>
</HTML>
