2019-01-01 00
<HTML>
<TITLE>University of Wyoming - Radiosonde Data</TITLE>
<BODY BGCOLOR="white">
<H2>96749 WIII Jakarta Observations at 00Z 01 Jan 2019</H2>
<PRE>
-----------------------------------------------------------------------------
   PRES   HGHT   TEMP   DWPT   RELH   MIXR   DRCT   SKNT   THTA   THTE   THTV
    hPa     m      C      C      %    g/kg    deg   knot     K      K      K 
-----------------------------------------------------------------------------
 1012.0      8   23.0   21.2     90  15.93    250      6  295.1  341.0  298.0
 1000.0    107   22.6   20.8     90  15.73    250     16  295.8  341.1  298.5
  980.0    284   21.2   20.1     93  15.36    254     21  296.1  340.4  298.8
  976.0    320   21.0   19.9     93  15.23    254     22  296.2  340.2  298.9
  955.0    510   22.6   20.4     87  16.07    258     27  299.7  346.8  302.6
  951.0    547   22.4   20.0     86  15.74    259     28  299.8  346.0  302.6
  947.0    584   21.4   18.9     86  14.73    260     29  299.2  342.3  301.8
  945.0    603   21.0   18.5     86  14.42    260     29  298.9  341.2  301.5
  941.0    640   20.2   17.8     86  13.82    261     28  298.5  338.9  301.0
  925.0    789   20.8   18.6     87  14.80    265     26  300.6  344.2  303.2
  923.0    808   21.0   18.7     87  14.93    265     26  301.0  345.0  303.6
  852.0   1496   16.7   15.7     94  13.33    280     22  303.4  343.2  305.9
  850.0   1516   16.6   15.6     94  13.29    280     22  303.5  343.2  305.9
  755.0   2521   11.8   11.1     95  11.11    259     22  308.8  342.8  310.8
  739.0   2699   10.3    9.3     93  10.05    255     22  309.1  340.0  310.9
  712.0   3010    7.8    6.2     90   8.42    258     21  309.6  335.6  311.1
  700.0   3150    7.2    5.7     90   8.27    260     21  310.4  336.1  312.0
  615.0   4201    1.4    1.1     98   6.79    275     20  315.5  337.1  316.8
  596.0   4455    0.0    0.0    100   6.46    279     19  316.7  337.4  317.9
  574.0   4757   -0.1   -0.1    100   6.66    284     18  320.0  341.6  321.3
  571.0   4798   -0.3   -0.3    100   6.60    285     18  320.2  341.7  321.5
  530.0   5388   -3.2   -3.2    100   5.73    260     17  323.6  342.6  324.7
  500.0   5850   -5.5   -5.5    100   5.11    260     17  326.3  343.5  327.3
  475.0   6253   -7.5   -7.6     99   4.57    259     16  328.6  344.2  329.5
  404.0   7503  -14.7  -15.3     95   2.89    255     13  334.9  345.2  335.5
  400.0   7580  -15.1  -15.8     94   2.81    260     13  335.3  345.3  335.9
  392.0   7732  -16.1  -16.8     94   2.63    259     13  335.9  345.4  336.4
  373.0   8096  -18.7  -19.5     93   2.20    255     13  337.3  345.4  337.8
  344.0   8688  -22.8  -24.0     90   1.61    280     12  339.5  345.6  339.9
  304.0   9593  -29.2  -30.8     86   0.97    265     10  342.8  346.6  343.0
  300.0   9690  -29.9  -31.5     86   0.92    255     10  343.1  346.7  343.3
  291.0   9905  -31.7  -33.3     86   0.80    250      7  343.5  346.7  343.7
  278.0  10228  -34.5  -36.0     86   0.64    266      9  344.0  346.6  344.2
  267.0  10506  -36.9                         280     11  344.6         344.6
  256.0  10796  -39.3                         255     11  345.1         345.1
  250.0  10960  -40.7                         265      5  345.4         345.4
  245.0  11094  -41.8                         340      2  345.7         345.7
  234.0  11399  -44.4                          25      5  346.4         346.4
  200.0  12440  -53.1                          25     20  348.5         348.5
  195.0  12598  -54.5                          20     21  348.8         348.8
  158.0  13908  -66.5                          64     31  350.1         350.1
  150.0  14220  -69.1                          75     34  350.9         350.9
  146.0  14379  -70.3                          85     37  351.6         351.6
  130.0  15063  -75.3                          78     51  354.4         354.4
  120.0  15522  -79.1                          74     60  355.6         355.6
  115.0  15763  -80.9                          72     65  356.6         356.6
  113.0  15862  -81.3                          71     67  357.7         357.7
  112.0  15912  -80.6                          70     68  360.0         360.0
  110.0  16014  -79.1                          72     59  364.6         364.6
  101.0  16503  -76.6                          80     14  378.4         378.4
  100.0  16560  -76.3                          90      9  380.1         380.1
   96.0  16793  -78.1                         130      8  381.0         381.0
   88.6  17249  -81.7                         112     18  382.6         382.6
   82.0  17685  -80.8                          95     27  393.0         393.0
   81.1  17748  -80.7                          97     24  394.5         394.5
   78.0  17965  -81.8                         105     15  396.7         396.7
   74.0  18260  -83.2                         135     20  399.7         399.7
   70.6  18523  -84.5                         135     30  402.3         402.3
   70.0  18570  -84.1                         130     32  404.2         404.2
   66.7  18840  -79.9                          89     25  418.9         418.9
   66.0  18900  -79.7                          80     24  420.5         420.5
   61.8  19273  -78.7                          73     31  430.8         430.8
   57.7  19669  -72.5                          67     37  453.3         453.3
   54.0  20058  -72.5                          60     44  462.0         462.0
   50.1  20498  -72.5                          70     32  472.0         472.0
   50.0  20510  -72.5                          70     32  472.2         472.2
   47.9  20762  -72.1                          75     27  479.0         479.0
   47.2  20850  -69.3                          77     25  487.7         487.7
   46.0  21004  -68.8                          80     22  492.5         492.5
   44.0  21271  -68.0                         105     36  500.9         500.9
   42.1  21536  -67.1                          91     22  509.4         509.4
   40.4  21788  -61.7                          78      8  528.9         528.9
   40.0  21849  -61.9                          75      5  529.9         529.9
   38.0  22164  -63.0                         300      8  535.0         535.0
   35.3  22617  -64.5                         270     10  542.4         542.4
   34.5  22758  -61.7                         261     11  553.3         553.3
   34.0  22849  -61.8                         255     11  555.3         555.3
   33.0  23033  -62.0                         250     13  559.5         559.5
   32.8  23071  -62.1                         244     12  560.3         560.3
   31.0  23425  -58.3                         185      5  579.6         579.6
   30.0  23630  -56.1                         220     14  591.1         591.1
   29.9  23651  -55.7                         219     14  592.8         592.8
   28.0  24067  -56.7                         195     12  601.1         601.1
   27.0  24298  -57.3                         255      4  605.8         605.8
   26.3  24464  -57.7                         321      5  609.2         609.2
   26.0  24537  -57.4                         350      6  612.0         612.0
   25.0  24786  -56.4                         300     18  621.7         621.7
   23.5  25179  -54.9                         285     19  637.3         637.3
   22.0  25598  -56.8                         270     20  643.9         643.9
   21.3  25803  -57.7                         250     15  647.1         647.1
   20.0  26200  -57.9                         210      4  658.2         658.2
   19.0  26525  -56.7                         300      5  671.7         671.7
   17.6  27011  -54.9                         252      4  692.2         692.2
   17.0  27232  -55.8                         230      3  696.4         696.4
   16.5  27422  -56.5                         144      4  699.9         699.9
   16.0  27619  -54.6                          55      5  712.2         712.2
   15.6  27780  -53.1                                     722.4         722.4
</PRE><H3>Station information and sounding indices</H3><PRE>
                         Station identifier: WIII
                             Station number: 96749
                           Observation time: 190101/0000
                           Station latitude: -6.11
                          Station longitude: 106.65
                          Station elevation: 8.0
                            Showalter index: 0.11
                               Lifted index: 0.68
    LIFT computed using virtual temperature: 0.72
                                SWEAT index: 248.21
                                    K index: 36.20
                         Cross totals index: 21.10
                      Vertical totals index: 22.10
                        Totals totals index: 43.20
      Convective Available Potential Energy: 75.42
             CAPE using virtual temperature: 88.07
                      Convective Inhibition: -93.14
             CINS using virtual temperature: -92.49
                           Equilibrum Level: 569.41
 Equilibrum Level using virtual temperature: 569.73
                   Level of Free Convection: 735.96
             LFCT using virtual temperature: 738.72
                     Bulk Richardson Number: 26.53
          Bulk Richardson Number using CAPV: 30.98
  Temp [K] of the Lifted Condensation Level: 293.20
Pres [hPa] of the Lifted Condensation Level: 961.12
   Equivalent potential temp [K] of the LCL: 341.74
     Mean mixed layer potential temperature: 296.56
              Mean mixed layer mixing ratio: 15.62
              1000 hPa to 500 hPa thickness: 5743.00
Precipitable water [mm] for entire sounding: 61.24
</PRE>
<P>Description of the 
<A HREF="/upperair/columns.html">data columns</A>
or <A HREF="/upperair/indices.html">sounding indices</A>.

<P>
<FORM>
<INPUT CLASS="button" TYPE="button" VALUE=" Close this window " 
 onClick="window.close();">
<INPUT CLASS="button" TYPE="button" VALUE=" Select another map " 
 onClick="window.blur();">
</FORM>
<HR SIZE="1">
<I>Interested in graduate studies in atmospheric science?
Check out our program at the
<a href="http://www.uwyo.edu/atsc/howtoapply/"
target=_top>University of Wyoming
</a></I>
<HR SIZE="1"><FONT SIZE="-1">
Questions about the weather data provided by this site can be
addressed to <A HREF="mailto:ldoolman@uwyo.edu">
Larry Oolman (ldoolman@uwyo.edu)</A></FONT>
<HR SIZE="1">
<SCRIPT TYPE="text/javascript">
<!--
window.focus();
// -->
</SCRIPT>
</BODY>
</HTML>
