2021-05-28 00
<HTML>
<TITLE>University of Wyoming - Radiosonde Data</TITLE>
<BODY BGCOLOR="white">
<H2>96749 WIII Jakarta Observations at 00Z 28 May 2021</H2>
<PRE>
-----------------------------------------------------------------------------
   PRES   HGHT   TEMP   DWPT   RELH   MIXR   DRCT   SKNT   THTA   THTE   THTV
    hPa     m      C      C      %    g/kg    deg   knot     K      K      K 
-----------------------------------------------------------------------------
 1010.0      8   25.0   23.5     91  18.44    200      2  297.3  350.9  300.6
 1009.0     17   26.4   23.2     83  18.11    191      3  298.8  351.8  302.0
 1000.0     99   26.8   23.1     80  18.17    110      7  299.9  353.4  303.2
  984.0    242   26.4   23.1     82  18.47    100     10  300.9  355.5  304.2
  977.0    305   26.0   22.6     82  18.08     95     11  301.1  354.6  304.4
  925.0    786   23.0   19.1     79  15.29     85     13  302.8  348.3  305.6
  893.0   1095   21.0   17.0     78  13.84     91     13  303.8  345.2  306.3
  866.0   1362   20.6    9.6     49   8.73     97     12  306.1  332.7  307.7
  852.0   1504   19.7    8.7     49   8.37    100     12  306.6  332.2  308.1
  850.0   1524   19.6    8.6     49   8.31    100     12  306.7  332.1  308.2
  830.0   1728   18.2   12.2     68  10.87     93     11  307.3  340.4  309.3
  823.0   1800   17.8   11.6     67  10.53     90     10  307.6  339.8  309.6
  767.0   2398   14.6    6.7     59   8.07     90     11  310.4  335.5  311.9
  734.0   2771   12.6    3.6     54   6.80     90     11  312.1  333.6  313.4
  700.0   3167    9.8    5.3     74   8.04     90     12  313.3  338.6  314.8
  695.0   3227    9.4    5.3     76   8.10     90     12  313.5  339.0  315.0
  595.0   4493    3.2   -3.5     61   4.98     95     12  320.5  336.9  321.5
  573.0   4800    1.6   -5.7     58   4.40     90      9  322.2  336.9  323.0
  550.0   5134    0.0   -8.0     55   3.83    101      6  324.0  337.0  324.8
  531.0   5415   -1.7  -11.7     46   2.96    110      4  325.3  335.5  325.9
  512.0   5703   -3.8  -13.2     48   2.73    120      2  326.2  335.6  326.7
  500.0   5890   -5.1  -14.1     49   2.58     20      1  326.8  335.8  327.3
  498.0   5921   -5.3  -12.3     58   3.00     17      2  326.9  337.3  327.5
  493.0   6000   -5.7  -13.3     55   2.80     10      3  327.3  337.1  327.9
  474.0   6305   -7.3  -17.1     46   2.13     15      5  329.0  336.6  329.4
  472.0   6338   -7.5  -17.5     45   2.06      8      5  329.2  336.6  329.6
  469.0   6387   -7.5  -17.5     45   2.08    357      4  329.8  337.2  330.2
  462.0   6504   -6.5  -24.5     22   1.14    332      3  332.5  336.8  332.7
  461.0   6521   -6.1  -23.1     25   1.30    328      3  333.2  338.0  333.4
  456.0   6605   -6.6  -24.9     22   1.12    310      2  333.6  337.8  333.8
  439.0   6897   -8.4  -31.2     14   0.65    355      3  334.9  337.5  335.1
  422.0   7201  -10.3  -37.7      9   0.35     25      4  336.4  337.8  336.4
  413.0   7367  -11.3  -41.3      6   0.25     50      5  337.1  338.1  337.2
  406.0   7497  -12.2  -40.5      7   0.27     70      5  337.7  338.8  337.7
  400.0   7610  -12.9  -39.9      8   0.30     60      6  338.1  339.4  338.2
  369.0   8221  -18.7  -32.7     28   0.67     52      7  338.3  340.9  338.4
  360.0   8403  -19.9  -34.6     26   0.57     50      7  339.1  341.4  339.2
  346.0   8695  -21.8  -37.6     22   0.43     45     11  340.4  342.1  340.5
  310.0   9504  -27.1  -46.1     15   0.20     37     13  343.8  344.7  343.9
  300.0   9740  -28.9  -47.9     14   0.17     35     14  344.5  345.3  344.6
  285.0  10106  -31.7  -49.7     15   0.14     39     11  345.6  346.2  345.6
  281.0  10205  -32.6  -49.5     17   0.15     40     10  345.7  346.4  345.8
  269.0  10509  -35.3  -48.9     24   0.17     50      7  346.1  346.8  346.1
  250.0  11020  -39.9  -47.9     42   0.20     10      3  346.6  347.5  346.6
  247.0  11101  -40.6  -47.6     47   0.21      5      2  346.8  347.7  346.8
  240.0  11295  -42.3  -46.8     61   0.24    337      3  347.1  348.1  347.1
  236.0  11406  -43.2  -47.5     62   0.22    320      3  347.4  348.3  347.4
  226.0  11694  -45.5  -49.3     65   0.19    355      5  348.1  348.9  348.2
  222.0  11812  -46.5  -50.1     67   0.18    353      6  348.4  349.2  348.5
  211.0  12144  -49.3  -53.1     64   0.13    348      9  349.2  349.7  349.2
  206.0  12299  -50.5  -57.4     44   0.08    345     11  349.7  350.1  349.7
  201.0  12458  -51.7  -61.7     29   0.05    345      8  350.2  350.5  350.2
  200.0  12490  -51.9  -62.9     25   0.04    345      7  350.4  350.6  350.4
  197.0  12587  -52.8  -65.8     19   0.03    350      6  350.5  350.6  350.5
  194.0  12686  -53.7  -68.7     14   0.02    348      6  350.6  350.7  350.6
  183.0  13058  -56.5  -65.5     31   0.03    338      5  351.9  352.1  352.0
  179.0  13197  -57.5  -67.3     27   0.02    335      5  352.6  352.7  352.6
  171.0  13485  -59.6  -71.1     21   0.02    265      5  353.8  353.8  353.8
  169.0  13558  -60.1  -72.1     19   0.01    262      5  354.1  354.1  354.1
  155.0  14089  -64.9  -74.0     27   0.01    240      8  354.8  354.8  354.8
  150.0  14290  -66.7  -74.7     32   0.01    235     10  355.0  355.0  355.0
  149.0  14330  -66.9  -74.9     31   0.01    233     10  355.3  355.4  355.3
  147.0  14411  -67.6  -75.6     31   0.01    230     10  355.4  355.5  355.4
  140.0  14700  -70.2  -78.2     30   0.01    235      9  355.8  355.9  355.8
  127.0  15277  -75.5  -83.5     28   0.00    210     11  356.4  356.4  356.4
  120.0  15600  -77.0  -86.0     23   0.00    205     14  359.4  359.5  359.4
  108.0  16201  -79.8  -90.5     16   0.00    135     13  365.1  365.1  365.1
  103.0  16471  -81.1  -92.6     13   0.00    130      7  367.7  367.7  367.7
  100.0  16640  -81.9  -93.9     12   0.00     75      5  369.2  369.2  369.2
   97.0  16810  -83.1  -94.0     14   0.00     35      9  370.2  370.2  370.2
   92.0  17104  -85.1  -94.3     19   0.00     20     18  371.8  371.8  371.8
   91.6  17129  -85.3  -94.3     19   0.00     20     18  371.9  371.9  371.9
   88.4  17327  -81.1  -93.1     12   0.00     27     10  384.1  384.1  384.1
   87.0  17417  -81.0  -93.0     12   0.00     30      6  386.1  386.1  386.1
   83.0  17683  -80.6  -92.6     12   0.00    200      7  392.0  392.0  392.0
   81.5  17786  -80.5  -92.5     12   0.00    220      9  394.3  394.3  394.3
   79.0  17965  -79.0  -92.0     11   0.00    255     12  401.1  401.1  401.1
   74.3  18316  -75.9  -90.9      8   0.00    252     25  414.6  414.6  414.6
   71.0  18578  -77.0  -93.5      6   0.00    250     35  417.7  417.7  417.7
   70.0  18660  -77.3  -94.3      5   0.00    250     31  418.7  418.7  418.7
   68.9  18751  -77.3  -94.3      5   0.00    256     30  420.6  420.6  420.6
   64.0  19184  -72.3  -92.5      3   0.00    285     27  440.6  440.6  440.6
   60.0  19562  -67.9  -90.9      2   0.00    259     24  458.6  458.6  458.6
   55.0  20084  -68.2  -92.8      2   0.00    225     19  469.3  469.4  469.4
   53.9  20206  -68.3  -93.3      2   0.00    233     19  471.9  471.9  471.9
   51.3  20504  -65.5  -92.5      1   0.00    254     18  485.1  485.1  485.1
   50.0  20660  -65.5  -91.5      2   0.00    265     17  488.7  488.7  488.7
   47.0  21036  -65.5  -91.0      2   0.00    280     22  497.4  497.4  497.4
   45.0  21301  -65.5  -90.7      2   0.00    270     26  503.6  503.7  503.6
   43.9  21452  -65.5  -90.5      2   0.00    279     24  507.2  507.2  507.2
   41.3  21826  -61.9  -89.9      1   0.00    302     18  525.1  525.1  525.1
   41.0  21871  -61.9  -89.8      1   0.00    305     17  526.2  526.2  526.2
   39.0  22181  -61.8  -89.5      1   0.00    345      6  534.0  534.1  534.0
   37.0  22507  -61.7  -89.2      1   0.00    320      8  542.4  542.4  542.4
   35.0  22852  -61.6  -88.8      2   0.00    320     15  551.3  551.4  551.3
   34.0  23031  -61.5  -88.7      2   0.00    300     13  556.0  556.1  556.0
   33.2  23179  -61.5  -88.5      2   0.00    284     11  560.0  560.0  560.0
   32.0  23407  -61.6  -88.7      2   0.00    260      8  565.5  565.5  565.5
   31.6  23485  -61.7  -88.7      2   0.00    210     10  567.4  567.4  567.4
   31.0  23605  -60.1  -88.1      1   0.01    135     14  574.8  574.8  574.8
   30.4  23727  -58.5  -87.5      1   0.01    126     18  582.4  582.4  582.4
   30.0  23810  -58.3  -88.3      1   0.01    120     21  585.1  585.2  585.1
   28.1  24223  -56.9  -86.9      1   0.01     92     30  600.0  600.1  600.0
   28.0  24245  -57.0  -86.9      1   0.01     90     31  600.4  600.5  600.5
   24.9  24984  -59.5  -86.5      2   0.01    100     36  613.7  613.8  613.7
   23.4  25373  -58.5  -86.5      2   0.01    105     38  627.6  627.7  627.6
   22.0  25766  -54.8  -85.1      1   0.01    110     41  649.8  649.9  649.8
   21.6  25882  -53.7  -84.7      1   0.01    105     43  656.5  656.6  656.5
   20.2  26315  -51.1  -83.1      1   0.02     88     48  677.1  677.3  677.1
   20.0  26380  -50.9  -82.9      1   0.02     85     49  679.6  679.8  679.6
   18.0  27073  -50.0  -82.0      1   0.03     75     56  703.1  703.4  703.1
   11.4  30075  -46.3  -78.3      1   0.08     94     50  814.5  815.5  814.6
   11.0                                        95     50                     
</PRE><H3>Station information and sounding indices</H3><PRE>
                         Station identifier: WIII
                             Station number: 96749
                           Observation time: 210528/0000
                           Station latitude: -6.11
                          Station longitude: 106.65
                          Station elevation: 8.0
                            Showalter index: 5.23
                               Lifted index: -3.28
    LIFT computed using virtual temperature: -3.96
                                SWEAT index: 128.20
                                    K index: 28.80
                         Cross totals index: 13.70
                      Vertical totals index: 24.70
                        Totals totals index: 38.40
      Convective Available Potential Energy: 864.51
             CAPE using virtual temperature: 1056.03
                      Convective Inhibition: -54.35
             CINS using virtual temperature: -20.13
                           Equilibrum Level: 174.85
 Equilibrum Level using virtual temperature: 174.74
                   Level of Free Convection: 781.22
             LFCT using virtual temperature: 859.68
                     Bulk Richardson Number: 2189.03
          Bulk Richardson Number using CAPV: 2673.98
  Temp [K] of the Lifted Condensation Level: 294.92
Pres [hPa] of the Lifted Condensation Level: 934.13
   Equivalent potential temp [K] of the LCL: 353.55
     Mean mixed layer potential temperature: 300.73
              Mean mixed layer mixing ratio: 17.94
              1000 hPa to 500 hPa thickness: 5791.00
Precipitable water [mm] for entire sounding: 49.86
</PRE>
<P>Description of the 
<A HREF="/upperair/columns.html">data columns</A>
or <A HREF="/upperair/indices.html">sounding indices</A>.

<P>
<FORM>
<INPUT CLASS="button" TYPE="button" VALUE=" Close this window " 
 onClick="window.close();">
<INPUT CLASS="button" TYPE="button" VALUE=" Select another map " 
 onClick="window.blur();">
</FORM>
<HR SIZE="1">
<I>Interested in graduate studies in atmospheric science?
Check out our program at the
<a href="http://www.uwyo.edu/atsc/howtoapply/"
target=_top>University of Wyoming
</a></I>
<HR SIZE="1"><FONT SIZE="-1">
Questions about the weather data provided by this site can be
addressed to <A HREF="mailto:ldoolman@uwyo.edu">
Larry Oolman (ldoolman@uwyo.edu)</A></FONT>
<HR SIZE="1">
<SCRIPT TYPE="text/javascript">
<!--
window.focus();
// -->
</SCRIPT>
</BODY>
</HTML>
