2018-10-11 12
<HTML>
<TITLE>University of Wyoming - Radiosonde Data</TITLE>
<BODY BGCOLOR="white">
<H2>96749 WIII Jakarta Observations at 00Z 11 Oct 2018</H2>
<PRE>
-----------------------------------------------------------------------------
   PRES   HGHT   TEMP   DWPT   RELH   MIXR   DRCT   SKNT   THTA   THTE   THTV
    hPa     m      C      C      %    g/kg    deg   knot     K      K      K 
-----------------------------------------------------------------------------
 1010.0      8   27.2   22.8     77  17.65    190      5  299.5  351.3  302.6
 1000.0     95   25.6   20.6     74  15.53    155      6  298.8  344.2  301.5
  999.0    104   25.4   20.4     74  15.35    154      6  298.6  343.5  301.4
  977.0    299   24.7   21.0     80  16.33    140      4  299.8  347.8  302.8
  974.0    326   24.6   21.1     81  16.46    139      4  300.0  348.4  302.9
  949.0    553   24.0   16.0     61  12.19    129      5  301.6  337.8  303.8
  925.0    776   21.8   15.8     69  12.35    120      5  301.6  338.2  303.8
  915.0    870   20.6   17.6     83  14.04    110      6  301.3  342.8  303.8
  881.0   1198   19.5   15.4     78  12.68     75      8  303.4  341.3  305.7
  850.0   1507   18.4   13.4     73  11.49     90     12  305.4  340.1  307.5
  845.0   1558   18.4   12.4     68  10.82     93     12  305.9  338.7  307.9
  821.0   1803   16.6   10.1     66   9.56    105     12  306.6  335.7  308.3
  795.0   2077   14.6    7.6     63   8.30     90     13  307.2  332.7  308.8
  739.0   2692   12.3   -2.4     36   4.35     55     14  311.2  325.1  312.0
  737.0   2715   12.2   -2.8     35   4.24     55     14  311.4  325.0  312.1
  722.0   2887   11.4    4.4     62   7.31     57     15  312.3  335.3  313.7
  700.0   3145   10.6    1.6     54   6.18     60     16  314.2  333.9  315.4
  687.0   3301   10.1    0.5     51   5.81     70     16  315.3  334.0  316.4
  679.0   3398    9.8   -0.2     50   5.59     76     16  316.0  334.1  317.1
  639.0   3893    6.2   -3.0     51   4.81    110     15  317.5  333.2  318.4
  616.0   4192    4.1   -4.8     53   4.38    115     16  318.4  332.8  319.2
  575.0   4753    0.0   -8.0     55   3.66     73     12  319.9  332.2  320.6
  572.0   4795   -0.3   -7.3     59   3.87     70     12  320.0  332.9  320.8
  569.0   4837   -0.7   -6.7     64   4.09     70     12  320.1  333.7  320.9
  546.0   5165   -2.7   -9.7     59   3.37     73     15  321.5  332.9  322.1
  544.0   5194   -2.7   -9.7     59   3.38     73     15  321.8  333.3  322.5
  536.0   5311   -2.3  -16.3     33   2.01     74     16  323.7  330.7  324.1
  530.0   5400   -2.4  -17.1     31   1.89     75     17  324.6  331.2  324.9
  519.0   5566   -2.7  -18.7     28   1.69     86     15  326.2  332.2  326.5
  510.0   5704   -3.8  -20.8     26   1.44     95     13  326.5  331.7  326.7
  500.0   5860   -5.1  -23.1     23   1.20     95     13  326.8  331.1  327.0
  458.0   6539  -11.9  -22.9     40   1.33     77      6  326.6  331.4  326.8
  454.0   6606  -12.5  -23.1     41   1.32     75      5  326.6  331.4  326.9
  449.0   6690  -13.3  -23.3     43   1.31     78      6  326.6  331.4  326.9
  444.0   6775  -14.1  -23.1     46   1.35     81      6  326.7  331.6  326.9
  443.0   6792  -14.3  -23.3     46   1.33     82      7  326.6  331.5  326.9
  442.0   6809  -14.3  -23.3     46   1.33     82      7  326.9  331.7  327.1
  441.0   6826  -14.3  -31.3     22   0.64     83      7  327.1  329.5  327.2
  440.0   6843  -13.1  -39.1      9   0.29     84      7  328.8  330.0  328.9
  432.0   6983  -10.9  -44.9      4   0.16     89      8  333.3  334.0  333.4
  430.0   7019  -10.5  -44.5      4   0.17     90      8  334.3  335.0  334.3
  400.0   7570  -14.1  -48.1      4   0.12    110     13  336.6  337.1  336.6
  388.0   7799  -15.4  -49.6      4   0.11    125     13  337.9  338.3  337.9
  358.0   8404  -18.7  -53.5      3   0.07    100     10  341.2  341.5  341.2
  348.0   8617  -19.9  -54.9      3   0.06    104     10  342.4  342.7  342.4
  300.0   9700  -28.7  -58.7      4   0.05    125      7  344.8  345.0  344.8
  283.0  10116  -32.3  -59.3      5   0.05    138      8  345.4  345.7  345.4
  280.0  10191  -33.0  -57.4      7   0.06    140      8  345.5  345.8  345.5
  267.0  10525  -36.1  -49.1     25   0.16    104      6  345.7  346.4  345.7
  257.0  10789  -38.3  -51.9     23   0.12     75      5  346.2  346.8  346.3
  250.0  10980  -39.9  -53.9     21   0.10     90      4  346.6  347.1  346.6
  225.0  11674  -45.9                         135      4  347.9         347.9
  215.0  11974  -48.5                         110      3  348.4         348.4
  205.0  12287  -51.3                          25      6  348.9         348.9
  200.0  12450  -52.7                          20      8  349.1         349.1
  187.0  12868  -56.3                          15     12  350.0         350.0
  161.0  13800  -64.5                          45     15  351.7         351.7
  150.0  14240  -68.3                          45     16  352.2         352.2
  148.0  14320  -69.1                          47     16  352.2         352.2
  132.0  14974  -73.7                          65     18  355.7         355.7
  119.0  15566  -77.9                          90     18  358.7         358.7
  107.0  16173  -82.2                          65     26  361.7         361.7
  101.0  16503  -84.5                          65     30  363.2         363.2
  100.0  16560  -84.9                          70     29  363.4         363.4
   99.4  16593  -82.7                          72     29  368.3         368.3
   91.0  17087  -81.4                         105     25  380.4         380.4
   86.0  17404  -80.5                          85     14  388.3         388.3
   82.7  17622  -79.9                         118     12  393.9         393.9
   82.0  17671  -78.8                         125     12  397.2         397.2
   81.1  17733  -77.3                         117     11  401.4         401.4
   78.0  17957  -76.7                          90      6  407.3         407.3
   74.0  18259  -75.8                          95      5  415.3         415.3
   72.7  18361  -75.5                          85      6  418.0         418.0
   70.0  18580  -73.7                          65      7  426.4         426.4
   67.0  18839  -70.3                          65     10  439.1         439.1
   63.0  19207  -70.3                          65     14  446.9         446.9
   53.1  20227  -70.3                         101     33  469.3         469.3
   52.0  20353  -68.6                         105     35  475.9         475.9
   50.1  20578  -65.7                          96     38  488.0         488.0
   50.0  20590  -65.5                          95     38  488.7         488.7
   47.0  20965  -65.5                          95     38  497.4         497.4
   46.0  21095  -65.5                          97     40  500.5         500.5
   40.0  21957  -59.8                         110     54  535.1         535.1
   37.6  22339  -57.3                          96     52  551.1         551.1
   35.0  22793  -55.9                          80     49  566.2         566.2
   33.0  23166  -54.7                          70     34  578.8         578.8
   32.6  23243  -54.5                          61     30  581.5         581.5
   30.0  23770  -56.5                           0      6  590.0         590.0
   29.2  23941  -57.1                         112      4  593.0         593.0
   29.0  23985  -57.0                         140      4  594.3         594.3
   26.0  24677  -56.1                         122     17  615.8         615.8
   25.0  24928  -54.7                         115     22  626.7         626.7
   23.5  25325  -52.5                          82     19  644.3         644.3
   23.1  25436  -49.5                          72     18  656.3         656.3
   23.0  25465  -49.5                          70     18  657.1         657.1
   22.0  25756  -49.4                         355      6  665.7         665.7
   21.0  26060  -49.4                         240      6  674.8         674.8
   20.0  26380  -49.3                         280      8  684.5         684.5
   19.0  26718  -47.3                         278     15  700.8         700.8
   17.0  27448  -49.8                         275     30  715.3         715.3
   16.8  27526  -50.1                         272     29  716.9         716.9
   16.0  27846  -49.6                         260     24  728.5         728.5
   15.0  28268  -49.0                         235     18  744.0         744.0
   14.8  28356  -48.9                                     747.3         747.3
</PRE><H3>Station information and sounding indices</H3><PRE>
                         Station identifier: WIII
                             Station number: 96749
                           Observation time: 181011/0000
                           Station latitude: -6.11
                          Station longitude: 106.65
                          Station elevation: 8.0
                            Showalter index: 1.75
                               Lifted index: -0.32
    LIFT computed using virtual temperature: -1.00
                                SWEAT index: 197.80
                                    K index: 27.90
                         Cross totals index: 18.50
                      Vertical totals index: 23.50
                        Totals totals index: 42.00
      Convective Available Potential Energy: 132.75
             CAPE using virtual temperature: 198.19
                      Convective Inhibition: -159.76
             CINS using virtual temperature: -59.07
                           Equilibrum Level: 433.77
 Equilibrum Level using virtual temperature: 432.34
                   Level of Free Convection: 616.65
             LFCT using virtual temperature: 799.66
                     Bulk Richardson Number: 11.32
          Bulk Richardson Number using CAPV: 16.90
  Temp [K] of the Lifted Condensation Level: 292.34
Pres [hPa] of the Lifted Condensation Level: 916.30
   Equivalent potential temp [K] of the LCL: 345.29
     Mean mixed layer potential temperature: 299.75
              Mean mixed layer mixing ratio: 15.59
              1000 hPa to 500 hPa thickness: 5765.00
Precipitable water [mm] for entire sounding: 42.98
</PRE>
<P>Description of the 
<A HREF="/upperair/columns.html">data columns</A>
or <A HREF="/upperair/indices.html">sounding indices</A>.

<P>
<FORM>
<INPUT CLASS="button" TYPE="button" VALUE=" Close this window " 
 onClick="window.close();">
<INPUT CLASS="button" TYPE="button" VALUE=" Select another map " 
 onClick="window.blur();">
</FORM>
<HR SIZE="1">
<I>Interested in graduate studies in atmospheric science?
Check out our program at the
<a href="http://www.uwyo.edu/atsc/howtoapply/"
target=_top>University of Wyoming
</a></I>
<HR SIZE="1"><FONT SIZE="-1">
Questions about the weather data provided by this site can be
addressed to <A HREF="mailto:ldoolman@uwyo.edu">
Larry Oolman (ldoolman@uwyo.edu)</A></FONT>
<HR SIZE="1">
<SCRIPT TYPE="text/javascript">
<!--
window.focus();
// -->
</SCRIPT>
</BODY>
</HTML>
