2022-04-03 12
<HTML>
<TITLE>University of Wyoming - Radiosonde Data</TITLE>
<BODY BGCOLOR="white">
<H2>96749 WIII Jakarta Observations at 00Z 03 Apr 2022</H2>
<PRE>
-----------------------------------------------------------------------------
   PRES   HGHT   TEMP   DWPT   RELH   MIXR   DRCT   SKNT   THTA   THTE   THTV
    hPa     m      C      C      %    g/kg    deg   knot     K      K      K 
-----------------------------------------------------------------------------
 1009.0      8   25.4   23.0     87  17.89    250      4  297.8  349.9  301.0
 1005.0     41   26.4   23.0     82  17.96    252      6  299.1  351.7  302.3
 1000.0     83   26.2   22.7     81  17.72    255      8  299.4  351.3  302.5
  976.0    298   25.3   21.3     79  16.64    230     19  300.5  349.5  303.5
  925.0    773   23.2   18.2     73  14.43    245     18  303.0  346.0  305.6
  922.0    801   23.2   17.2     69  13.57    246     18  303.3  343.8  305.8
  850.0   1498   18.6   15.4     82  13.11    270     12  305.6  345.1  308.0
  808.0   1932   15.6   12.1     80  11.09    275     12  306.9  340.6  308.9
  765.0   2395   14.0    9.6     75   9.92    280     11  309.9  340.6  311.8
  751.0   2552   13.4    8.8     74   9.55    280     11  311.0  340.6  312.8
  700.0   3141    9.4    6.4     82   8.69    280     10  312.9  340.1  314.5
  687.0   3296    8.4    6.1     85   8.67    275     10  313.4  340.7  315.1
  669.0   3517    7.0    5.7     91   8.66    275      8  314.2  341.5  315.9
  639.0   3891    4.9    1.5     79   6.73    275      4  316.0  337.6  317.3
  615.0   4204    3.2   -2.0     69   5.41    285      4  317.5  335.1  318.6
  593.0   4501    1.6   -5.3     60   4.37      0      1  318.9  333.4  319.8
  591.0   4529    1.4   -5.6     60   4.28     16      1  319.1  333.2  319.9
  572.0   4792    0.0   -3.9     75   5.04    172      5  320.4  337.0  321.4
  571.0   4806   -0.1   -3.9     75   5.04    180      5  320.5  337.1  321.5
  530.0   5399   -3.6   -5.2     89   4.94    185      9  323.1  339.6  324.1
  514.0   5643   -5.1   -5.7     96   4.89    167      8  324.2  340.6  325.1
  500.0   5860   -6.5   -6.5    100   4.73    150      8  325.1  341.0  326.0
  491.0   6000   -7.4   -7.4    100   4.49    150      8  325.6  340.8  326.5
  454.0   6604  -11.2  -11.3     99   3.57    140     12  328.2  340.5  328.9
  432.0   6987  -13.7  -13.8     99   3.07    129      9  329.8  340.5  330.4
  429.0   7040  -14.1  -14.2     99   2.99    128      9  329.9  340.4  330.5
  417.0   7255  -13.9  -16.9     78   2.46    122      8  332.9  341.6  333.4
  404.0   7495  -15.0  -19.2     70   2.09    115      6  334.5  342.1  334.9
  400.0   7570  -15.3  -19.9     68   1.98    130      7  335.0  342.2  335.4
  388.0   7800  -16.5  -23.6     54   1.47    150      9  336.4  341.9  336.7
  384.0   7878  -16.9  -24.9     50   1.33    145      9  336.8  341.8  337.1
  358.0   8397  -20.4  -28.8     47   0.99    115      8  338.9  342.8  339.1
  344.0   8693  -22.4  -31.1     45   0.84    155     11  340.1  343.4  340.3
  330.0   9001  -24.5  -33.4     43   0.70    160     12  341.3  344.1  341.5
  326.0   9091  -25.1  -34.1     43   0.66    160     11  341.7  344.3  341.8
  317.0   9293  -26.8  -36.5     40   0.54    160      9  342.1  344.2  342.2
  300.0   9690  -30.1  -41.1     33   0.35    100      8  342.8  344.3  342.9
  291.0   9906  -31.9  -43.9     29   0.27     65      8  343.3  344.4  343.3
  279.0  10200  -34.5  -44.6     35   0.26     60     11  343.6  344.7  343.7
  261.0  10666  -38.7  -45.7     48   0.25     68      9  344.1  345.2  344.2
  256.0  10798  -39.9  -46.4     50   0.23     70      8  344.3  345.3  344.4
  250.0  10960  -41.3  -47.3     52   0.22     80      8  344.5  345.4  344.6
  245.0  11095  -42.5  -49.0     49   0.18     85     10  344.8  345.6  344.8
  231.0  11490  -45.9  -53.9     40   0.11     80     11  345.4  345.9  345.4
  226.0  11635  -47.1  -56.1     35   0.08     78     12  345.7  346.1  345.8
  221.0  11782  -48.5  -53.4     57   0.12     77     12  345.8  346.3  345.8
  215.0  11962  -49.7  -53.8     62   0.12     74     13  346.7  347.2  346.7
  211.0  12084  -50.5  -57.5     43   0.08     73     13  347.3  347.6  347.3
  204.0  12302  -52.4  -61.9     31   0.05     70     14  347.7  347.9  347.7
  200.0  12430  -53.5  -64.5     25   0.03     70     14  347.9  348.0  347.9
  174.0  13308  -61.1  -67.1     45   0.03     60     15  349.5  349.6  349.5
  150.0  14210  -69.1  -75.1     42   0.01     50     17  350.9  350.9  350.9
  147.0  14330  -69.9  -75.9     41   0.01     48     16  351.5  351.6  351.5
  138.0  14703  -71.2  -79.5     28   0.01     40     12  355.6  355.7  355.6
  132.0  14966  -72.1  -82.1     21   0.00     10      4  358.6  358.6  358.6
  131.0  15009  -72.3  -82.3     21   0.00      5      3  358.9  358.9  358.9
  125.0  15278  -73.8  -83.8     20   0.00    205      6  361.1  361.1  361.1
  112.0  15909  -77.3  -87.3     19   0.00    230     12  366.1  366.1  366.1
  107.0  16171  -78.8  -88.8     18   0.00    240      5  368.1  368.1  368.1
  101.0  16503  -80.6  -90.6     18   0.00    145      3  370.7  370.7  370.7
  100.0  16560  -80.9  -90.9     18   0.00    140      2  371.2  371.2  371.2
   97.4  16708  -81.7  -91.7     17   0.00      5      4  372.4  372.4  372.4
   96.0  16789  -81.5  -92.0     16   0.00    350      6  374.3  374.3  374.3
   91.6  17053  -80.9  -92.9     12   0.00    249      7  380.6  380.6  380.6
   91.0  17090  -80.3  -92.7     12   0.00    235      7  382.5  382.5  382.5
   88.3  17261  -77.5  -91.5      9   0.00    222     10  391.4  391.4  391.4
   86.0  17411  -78.0  -92.0      9   0.00    210     13  393.3  393.3  393.3
   82.0  17681  -79.1  -93.1      9   0.00    220      5  396.6  396.6  396.6
   78.0  17965  -80.1  -94.1      8   0.00    255     12  400.1  400.1  400.1
   74.4  18233  -81.1  -95.1      8   0.00    260      9  403.5  403.5  403.5
   74.0  18263  -80.9  -94.9      8   0.00    280      8  404.5  404.5  404.5
   72.8  18355  -80.3  -94.3      8   0.00    296     10  407.7  407.7  407.7
   71.9  18426  -77.1  -93.1      6   0.00    308     12  415.9  415.9  415.9
   70.0  18580  -75.7  -91.7      7   0.00    335     15  422.1  422.1  422.1
   67.9  18757  -74.1  -92.1      5   0.00    257      9  429.2  429.3  429.2
   66.0  18922  -75.3  -92.8      5   0.00    185      4  430.1  430.1  430.1
   63.9  19110  -76.7  -93.7      5   0.00    136      4  431.1  431.1  431.1
   63.0  19192  -76.4  -93.6      5   0.00    115      4  433.5  433.6  433.5
   60.0  19476  -75.2  -93.2      5   0.00    200      4  442.2  442.2  442.2
   57.0  19775  -74.0  -92.7      4   0.00     15      5  451.4  451.4  451.4
   55.7  19909  -73.5  -92.5      4   0.00     47     10  455.6  455.6  455.6
   54.0  20093  -72.0  -92.2      4   0.00     90     16  463.1  463.1  463.1
   50.0  20550  -68.3  -91.3      2   0.00     85     26  482.1  482.1  482.1
   49.7  20586  -68.3  -91.3      2   0.00     85     27  482.9  483.0  482.9
   48.0  20797  -64.3  -90.3      2   0.00     83     33  497.3  497.3  497.3
   46.0  21059  -63.9  -90.2      2   0.00     80     40  504.3  504.3  504.3
   42.0  21617  -63.1  -90.1      2   0.00     87     41  519.6  519.6  519.6
   39.0  22078  -59.1  -88.1      1   0.00     93     43  540.8  540.9  540.8
   36.0  22579  -59.5  -87.5      1   0.01    100     44  552.4  552.5  552.4
   30.0  23720  -60.3  -86.3      2   0.01     90     46  579.7  579.7  579.7
   29.8  23762  -60.5  -86.5      2   0.01     89     46  580.2  580.3  580.2
   29.0  23932  -60.2  -86.7      2   0.01     85     48  585.6  585.7  585.6
   26.0  24615  -58.9  -87.6      1   0.01     95     56  607.9  607.9  607.9
   23.1  25355  -57.5  -88.5      1   0.01     99     64  632.8  632.9  632.8
   22.0  25661  -58.2  -88.2      1   0.01    100     67  639.5  639.5  639.5
   21.1  25924  -58.9  -87.9      1   0.01     96     70  645.2  645.3  645.2
   20.0  26260  -57.5  -88.5      1   0.01     90     73  659.4  659.5  659.4
   19.6  26390  -56.4  -88.1      1   0.01     90     73  666.8  666.9  666.8
   19.0  26589  -54.6  -87.5      1   0.01     85     66  678.2  678.3  678.2
   17.5  27118  -49.9  -85.9      1   0.01     87     62  709.2  709.4  709.2
   16.0  27704  -49.7  -83.5      1   0.02     90     57  728.3  728.6  728.4
   14.9  28170  -49.5  -81.5      1   0.04     87     53  743.9  744.3  743.9
   14.5  28348  -49.5  -81.5      1   0.04     86     51  749.7  750.1  749.7
   14.0  28580  -45.5  -80.5      1   0.04     85     49  770.8  771.3  770.8
   13.0  29079  -42.5  -78.1      1   0.07     80     20  797.6  798.4  797.6
   12.3  29452  -40.3  -76.3      1   0.10     56     28  818.1  819.3  818.2
   12.0                                        45     32                     
</PRE><H3>Station information and sounding indices</H3><PRE>
                         Station identifier: WIII
                             Station number: 96749
                           Observation time: 220403/0000
                           Station latitude: -6.11
                          Station longitude: 106.65
                          Station elevation: 8.0
                            Showalter index: -1.64
                               Lifted index: -3.35
    LIFT computed using virtual temperature: -3.58
                                SWEAT index: 216.81
                                    K index: 37.50
                         Cross totals index: 21.90
                      Vertical totals index: 25.10
                        Totals totals index: 47.00
      Convective Available Potential Energy: 778.44
             CAPE using virtual temperature: 878.40
                      Convective Inhibition: -71.27
             CINS using virtual temperature: -53.69
                           Equilibrum Level: 174.87
 Equilibrum Level using virtual temperature: 174.67
                   Level of Free Convection: 812.28
             LFCT using virtual temperature: 827.89
                     Bulk Richardson Number: 143.11
          Bulk Richardson Number using CAPV: 161.48
  Temp [K] of the Lifted Condensation Level: 293.81
Pres [hPa] of the Lifted Condensation Level: 927.44
   Equivalent potential temp [K] of the LCL: 349.71
     Mean mixed layer potential temperature: 300.22
              Mean mixed layer mixing ratio: 16.86
              1000 hPa to 500 hPa thickness: 5777.00
Precipitable water [mm] for entire sounding: 57.05
</PRE>
<P>Description of the 
<A HREF="/upperair/columns.html">data columns</A>
or <A HREF="/upperair/indices.html">sounding indices</A>.

<P>
<FORM>
<INPUT CLASS="button" TYPE="button" VALUE=" Close this window " 
 onClick="window.close();">
<INPUT CLASS="button" TYPE="button" VALUE=" Select another map " 
 onClick="window.blur();">
</FORM>
<HR SIZE="1">
<I>Interested in graduate studies in atmospheric science?
Check out our program at the
<a href="http://www.uwyo.edu/atsc/howtoapply/"
target=_top>University of Wyoming
</a></I>
<HR SIZE="1"><FONT SIZE="-1">
Questions about the weather data provided by this site can be
addressed to <A HREF="mailto:ldoolman@uwyo.edu">
Larry Oolman (ldoolman@uwyo.edu)</A></FONT>
<HR SIZE="1">
<SCRIPT TYPE="text/javascript">
<!--
window.focus();
// -->
</SCRIPT>
</BODY>
</HTML>
