2019-09-19 12
<HTML>
<TITLE>University of Wyoming - Radiosonde Data</TITLE>
<BODY BGCOLOR="white">
<H2>96749 WIII Jakarta Observations at 00Z 19 Sep 2019</H2>
<PRE>
-----------------------------------------------------------------------------
   PRES   HGHT   TEMP   DWPT   RELH   MIXR   DRCT   SKNT   THTA   THTE   THTV
    hPa     m      C      C      %    g/kg    deg   knot     K      K      K 
-----------------------------------------------------------------------------
 1012.0      8   26.4   20.4     70  15.15    190      1  298.5  342.8  301.2
 1000.0    115   25.6   20.6     74  15.53    155      2  298.8  344.2  301.5
  979.0    301   24.2   20.2     79  15.52     95      4  299.2  344.6  301.9
  946.0    602   21.9   19.7     87  15.51     80      6  299.8  345.4  302.6
  941.0    649   21.6   19.6     88  15.51     84      6  299.9  345.5  302.7
  925.0    798   20.6   18.5     88  14.71     95      5  300.4  343.7  303.0
  914.0    901   19.9   17.9     89  14.37    110      4  300.6  343.0  303.2
  873.0   1296   17.0   15.8     93  13.10    119      7  301.6  340.4  304.0
  862.0   1404   16.6   15.7     94  13.18    122      7  302.3  341.5  304.7
  859.0   1434   16.0   14.7     92  12.39    123      7  302.0  338.8  304.2
  858.0   1444   15.4   11.3     77   9.89    123      7  301.5  330.9  303.2
  851.0   1514   18.8   11.8     64  10.32    125      8  305.7  337.0  307.6
  850.0   1524   19.2   12.2     64  10.61    125      8  306.2  338.4  308.2
  843.0   1595   20.0    6.0     40   7.00    126      9  307.8  329.5  309.1
  828.0   1750   20.2   -2.8     21   3.77    129     10  309.6  321.7  310.3
  823.0   1801   19.8   -3.0     21   3.74    130     11  309.7  321.7  310.4
  768.0   2386   15.3   -5.5     23   3.32    100     11  311.0  321.8  311.6
  714.0   3002   10.5   -8.1     26   2.92    130      9  312.3  321.9  312.9
  700.0   3169    9.2   -8.8     27   2.82    145      7  312.6  321.9  313.2
  664.0   3602    5.6  -12.4     26   2.23    165      6  313.4  320.8  313.8
  626.0   4081    2.8  -11.2     35   2.61    137      9  315.5  324.2  316.0
  623.0   4119    2.6  -13.4     30   2.19    135      9  315.7  323.1  316.1
  622.0   4132    2.6   -8.4     44   3.28    134     10  315.8  326.7  316.4
  621.0   4145    2.4   -7.6     48   3.49    133     10  315.7  327.3  316.4
  620.0   4158    2.6  -11.4     35   2.59    132     10  316.1  324.8  316.6
  618.0   4184    2.8  -19.2     18   1.36    131     10  316.6  321.4  316.9
  617.0   4197    2.8  -19.7     17   1.31    130     10  316.8  321.4  317.0
  597.0   4463    2.8  -29.2      7   0.58    143     11  319.8  321.9  319.9
  594.0   4504    2.5  -28.0      8   0.64    145     11  319.9  322.3  320.1
  573.0   4793    0.8  -19.7     20   1.41    125      6  321.2  326.2  321.4
  564.0   4920    0.0  -16.0     29   1.96    144      5  321.7  328.5  322.1
  553.0   5077   -0.9  -29.9      9   0.58    168      4  322.5  324.6  322.6
  552.0   5091   -1.0  -29.9      9   0.58    170      4  322.5  324.7  322.6
  511.0   5700   -5.5  -30.7     12   0.59    190      6  324.3  326.5  324.4
  509.0   5731   -5.7  -30.7     12   0.59    180      5  324.4  326.6  324.5
  500.0   5870   -6.1  -39.1      5   0.26    135      2  325.5  326.6  325.6
  492.0   5996   -6.9  -39.4      6   0.26     40      2  326.0  327.1  326.1
  474.0   6286   -8.8  -40.0      6   0.25     90      5  327.2  328.1  327.2
  457.0   6570  -10.7  -40.7      7   0.24     88     10  328.3  329.2  328.3
  432.0   7003  -11.7  -44.7      5   0.17     86     18  332.3  333.0  332.3
  421.0   7200  -13.4  -41.3      8   0.25     85     21  332.6  333.6  332.6
  413.0   7347  -14.7  -38.7     11   0.33     93     21  332.7  334.1  332.8
  402.0   7552  -14.9  -46.9      5   0.14    103     22  335.1  335.6  335.1
  400.0   7590  -15.1  -49.1      4   0.11    105     22  335.3  335.8  335.3
  359.0   8396  -21.3  -51.3      5   0.09    115     36  337.5  337.9  337.5
  344.0   8708  -22.7  -50.6      6   0.11    105     42  339.8  340.2  339.8
  323.0   9169  -24.7  -49.7      8   0.13    113     32  343.1  343.7  343.2
  317.0   9303  -25.9  -50.6      8   0.12    115     29  343.4  343.9  343.4
  300.0   9700  -29.3  -53.3      8   0.09    100     31  344.0  344.4  344.0
  257.0  10782  -39.7  -56.7     15   0.07     79     39  344.2  344.5  344.2
  250.0  10970  -41.7                          75     40  343.9         343.9
  214.0  11994  -48.7                          55     57  348.7         348.7
  200.0  12440  -51.7                          45     66  350.7         350.7
  196.0  12571  -52.5                          45     64  351.5         351.5
  186.0  12900  -55.3                          45     59  352.2         352.2
  150.0  14250  -66.9                          80     30  354.6         354.6
  136.0  14834  -71.9                          99     22  355.9         355.9
  132.0  15007  -73.6                         105     20  355.9         355.9
  123.0  15417  -77.5                         132     29  356.1         356.1
  119.0  15604  -78.1                         145     33  358.4         358.4
  107.0  16207  -79.9                         135     28  365.9         365.9
  100.0  16590  -81.1                          95     25  370.8         370.8
   98.4  16680  -81.9                          80     24  370.9         370.9
   96.0  16819  -79.8                          60     21  377.7         377.7
   94.6  16902  -78.5                          56     19  381.8         381.8
   91.0  17121  -80.0                          45     13  383.2         383.2
   87.3  17355  -81.5                          50      8  384.7         384.7
   87.0  17374  -81.5                          50      8  385.0         385.0
   82.0  17706  -81.7                         130      2  391.3         391.3
   81.0  17774  -81.7                         172      2  392.6         392.6
   78.0  17987  -78.9                         300      3  402.6         402.6
   74.0  18285  -79.1                         300     12  408.3         408.3
   70.0  18600  -79.3                         270     10  414.4         414.4
   67.9  18774  -79.7                         273      7  417.2         417.2
   66.0  18936  -78.7                         275      4  422.8         422.8
   63.2  19185  -77.1                         350      6  431.5         431.5
   63.0  19203  -76.7                         355      6  432.9         432.9
   61.4  19353  -73.1                         358      8  444.0         444.0
   60.0  19489  -72.9                           0      9  447.4         447.4
   59.0  19588  -72.7                         321      9  450.0         450.0
   57.7  19721  -68.3                         269      8  462.8         462.8
   57.0  19794  -68.5                         240      8  464.0         464.0
   51.3  20426  -69.9                         252     16  474.9         474.9
   50.0  20580  -69.7                         255     18  478.8         478.8
   49.0  20699  -69.8                         260     20  481.3         481.3
   48.5  20760  -69.9                         257     20  482.5         482.5
   46.3  21037  -66.3                         242     21  497.6         497.6
   44.0  21342  -67.2                         225     22  502.6         502.6
   42.5  21550  -67.9                         232     22  506.0         506.0
   38.0  22227  -65.8                         255     23  527.9         527.9
   36.0  22553  -64.8                         295     26  538.7         538.7
   35.0  22724  -64.2                         305     35  544.5         544.5
   32.3  23209  -62.7                         297     39  561.2         561.2
   30.0  23660  -63.7                         290     43  570.4         570.4
   27.0  24307  -63.5                         265     43  588.3         588.3
   23.2  25239  -63.3                         224     41  615.0         615.0
   22.0  25564  -65.0                         210     40  619.5         619.5
   21.9  25592  -65.1                         210     39  619.9         619.9
   21.0  25849  -63.7                         205     32  631.5         631.5
   20.6  25967  -63.1                         189     27  636.9         636.9
   20.0  26150  -61.1                         165     20  648.4         648.4
   19.7  26244  -59.3                         149     21  656.8         656.8
   18.0  26809  -59.3                          50     29  673.9         673.9
   17.0  27167  -59.3                          20     27  685.0         685.0
   15.0  27950  -59.3                         350     10  710.0         710.0
   14.5  28163  -59.3                          19      7  716.9         716.9
   14.1  28338  -59.5                          44      4  721.9         721.9
   14.0  28383  -59.0                          50      3  725.0         725.0
   13.1  28803  -54.7                          99     38  753.8         753.8
   13.0                                       105     42                     
</PRE><H3>Station information and sounding indices</H3><PRE>
                         Station identifier: WIII
                             Station number: 96749
                           Observation time: 190919/0000
                           Station latitude: -6.11
                          Station longitude: 106.65
                          Station elevation: 8.0
                            Showalter index: 1.44
                               Lifted index: -0.95
    LIFT computed using virtual temperature: -1.76
                                SWEAT index: 164.41
                                    K index: 19.50
                         Cross totals index: 18.30
                      Vertical totals index: 25.30
                        Totals totals index: 43.60
      Convective Available Potential Energy: 108.05
             CAPE using virtual temperature: 247.33
                      Convective Inhibition: -17.99
             CINS using virtual temperature: -15.44
                           Equilibrum Level: 408.41
 Equilibrum Level using virtual temperature: 357.62
                   Level of Free Convection: 879.63
             LFCT using virtual temperature: 886.35
                     Bulk Richardson Number: 51.99
          Bulk Richardson Number using CAPV: 119.01
  Temp [K] of the Lifted Condensation Level: 292.43
Pres [hPa] of the Lifted Condensation Level: 924.65
   Equivalent potential temp [K] of the LCL: 344.33
     Mean mixed layer potential temperature: 299.06
              Mean mixed layer mixing ratio: 15.48
              1000 hPa to 500 hPa thickness: 5755.00
Precipitable water [mm] for entire sounding: 33.11
</PRE>
<P>Description of the 
<A HREF="/upperair/columns.html">data columns</A>
or <A HREF="/upperair/indices.html">sounding indices</A>.

<P>
<FORM>
<INPUT CLASS="button" TYPE="button" VALUE=" Close this window " 
 onClick="window.close();">
<INPUT CLASS="button" TYPE="button" VALUE=" Select another map " 
 onClick="window.blur();">
</FORM>
<HR SIZE="1">
<I>Interested in graduate studies in atmospheric science?
Check out our program at the
<a href="http://www.uwyo.edu/atsc/howtoapply/"
target=_top>University of Wyoming
</a></I>
<HR SIZE="1"><FONT SIZE="-1">
Questions about the weather data provided by this site can be
addressed to <A HREF="mailto:ldoolman@uwyo.edu">
Larry Oolman (ldoolman@uwyo.edu)</A></FONT>
<HR SIZE="1">
<SCRIPT TYPE="text/javascript">
<!--
window.focus();
// -->
</SCRIPT>
</BODY>
</HTML>
