2021-12-30 12
<HTML>
<TITLE>University of Wyoming - Radiosonde Data</TITLE>
<BODY BGCOLOR="white">
<H2>96749 WIII Jakarta Observations at 00Z 30 Dec 2021</H2>
<PRE>
-----------------------------------------------------------------------------
   PRES   HGHT   TEMP   DWPT   RELH   MIXR   DRCT   SKNT   THTA   THTE   THTV
    hPa     m      C      C      %    g/kg    deg   knot     K      K      K 
-----------------------------------------------------------------------------
 1011.0      8   25.6   24.9     96  20.08    150      2  297.8  356.4  301.4
 1000.0    101   25.8   23.7     88  18.86    265      4  298.9  354.2  302.3
  978.0    297   24.8   22.4     86  17.75    240      3  299.9  352.0  303.1
  945.0    599   23.3   20.3     83  16.13    235      4  301.3  349.0  304.2
  925.0    787   22.4   19.0     81  15.19    230      3  302.2  347.3  305.0
  919.0    844   22.2   18.5     80  14.81    252      3  302.6  346.6  305.2
  913.0    901   21.8   18.4     81  14.85    275      4  302.7  346.9  305.4
  865.0   1369   18.6   17.9     96  15.16    267      7  304.1  349.4  306.9
  850.0   1519   18.0   15.7     86  13.37    265      8  305.0  345.2  307.4
  767.0   2397   14.4   10.4     77  10.41    245      7  310.2  342.4  312.2
  757.0   2509   14.0    9.7     75  10.08    249      8  310.9  342.1  312.8
  740.0   2700   12.4    9.1     80   9.89    255     10  311.2  341.9  313.1
  700.0   3167    8.6    7.6     93   9.44    265      8  312.0  341.4  313.8
  689.0   3298    7.7    7.1     96   9.25    270      8  312.4  341.3  314.2
  675.0   3467    6.6    6.4     99   9.01    270     11  313.0  341.2  314.7
  656.0   3702    5.0    4.6     97   8.17    270     15  313.8  339.5  315.3
  652.0   3752    4.8    3.3     90   7.50    270     15  314.1  337.8  315.5
  640.0   3904    5.7    1.5     75   6.73    270     18  316.7  338.3  318.0
  627.0   4072    6.6   -0.4     61   5.96    269     17  319.7  339.1  320.8
  626.0   4085    6.6   -1.4     57   5.55    269     17  319.8  338.0  320.9
  573.0   4803    2.1   -4.5     61   4.79    265     11  322.7  338.7  323.6
  550.0   5135    0.0   -6.0     64   4.47    279     14  324.0  339.1  324.9
  525.0   5506   -3.5   -7.5     74   4.17    294     18  324.2  338.2  325.0
  500.0   5890   -5.5  -10.2     69   3.54    310     22  326.3  338.4  327.0
  487.0   6097   -6.1  -10.1     73   3.66    312     20  328.0  340.6  328.7
  474.0   6308   -7.6  -10.5     80   3.64    315     18  328.6  341.2  329.4
  457.0   6592   -9.7  -11.1     90   3.61    320      9  329.5  342.0  330.2
  454.0   6643  -10.1  -11.2     92   3.60    317      9  329.6  342.1  330.4
  439.0   6900  -11.7  -12.9     91   3.23    300     12  330.7  342.0  331.4
  422.0   7201  -13.7  -15.0     90   2.84    280      6  332.0  342.1  332.6
  400.0   7610  -16.3  -17.8     88   2.37    290      7  333.7  342.2  334.2
  390.0   7799  -17.5  -18.9     88   2.21    275      6  334.6  342.6  335.1
  374.0   8111  -19.4  -20.8     88   1.95    245      6  336.1  343.2  336.4
  367.0   8252  -20.3  -21.7     89   1.85    249      7  336.7  343.5  337.1
  345.0   8700  -23.7  -25.2     87   1.43    260     10  338.1  343.5  338.4
  331.0   9000  -26.0  -27.6     86   1.20    255     10  339.0  343.6  339.2
  318.0   9291  -28.2  -29.9     85   1.01    265      9  339.8  343.7  340.0
  306.0   9570  -30.3  -32.1     84   0.85    256     11  340.6  343.9  340.8
  305.0   9593  -30.5  -32.3     84   0.84    255     11  340.7  343.9  340.8
  300.0   9710  -31.5  -33.3     84   0.77    260     12  340.9  343.9  341.0
  260.0  10711  -39.3  -42.8     69   0.34    284     12  343.6  345.0  343.7
  250.0  10980  -41.3  -48.3     47   0.19    290     12  344.5  345.4  344.6
  248.0  11034  -41.9  -48.9     46   0.18    290     12  344.4  345.2  344.5
  235.0  11389  -44.9  -53.3     39   0.12    290     10  345.2  345.7  345.2
  225.0  11676  -47.4  -56.8     33   0.08    300     10  345.7  346.1  345.7
  205.0  12289  -52.7  -64.3     23   0.03    335     10  346.8  346.9  346.8
  202.0  12386  -53.5  -65.5     22   0.03    344     11  346.9  347.0  346.9
  200.0  12450  -54.1  -66.1     22   0.03    350     11  346.9  347.1  346.9
  196.0  12579  -55.2  -66.1     25   0.03      5     12  347.2  347.3  347.2
  180.0  13121  -59.9  -65.9     45   0.03     51     13  348.1  348.2  348.1
  169.0  13508  -63.4  -69.4     44   0.02     85     13  348.6  348.8  348.7
  150.0  14240  -69.9  -75.9     41   0.01     70     20  349.5  349.5  349.5
  139.0  14684  -73.7  -80.3     36   0.00     65     29  350.4  350.5  350.4
  132.0  14985  -76.3  -83.2     33   0.00     60     31  351.0  351.0  351.0
  130.0  15074  -77.1  -84.1     32   0.00     61     34  351.2  351.2  351.2
  122.0  15434  -79.9  -88.9     22   0.00     64     44  352.5  352.5  352.5
  118.0  15622  -80.3  -89.1     23   0.00     65     50  355.1  355.1  355.1
  112.0  15915  -81.0  -89.3     24   0.00     60     47  359.1  359.1  359.1
  108.0  16119  -81.5  -89.5     25   0.00     57     42  362.0  362.0  362.0
  106.0  16224  -81.3  -90.3     21   0.00     55     40  364.2  364.2  364.2
  101.0  16494  -81.0  -92.5     13   0.00     60     21  370.0  370.0  370.0
  100.0  16550  -80.9  -92.9     12   0.00     60     16  371.2  371.2  371.2
   98.1  16659  -77.9  -91.9      9   0.00    345      9  379.0  379.1  379.0
   96.0  16783  -78.3  -89.3     16   0.00    260      2  380.6  380.6  380.6
   94.0  16904  -78.7  -86.7     26   0.00    199      4  382.1  382.1  382.1
   91.0  17088  -79.0  -89.9     16   0.00    105      7  385.0  385.0  385.0
   88.8  17228  -79.3  -92.3     11   0.00     96     13  387.2  387.2  387.2
   86.0  17409  -80.4  -92.1     13   0.00     85     20  388.6  388.6  388.6
   82.0  17678  -82.0  -91.8     18   0.00     90     21  390.7  390.7  390.7
   80.2  17803  -82.7  -91.7     20   0.00    100     20  391.6  391.6  391.6
   77.0  18032  -81.4  -91.6     17   0.00    120     23  399.0  399.0  399.0
   75.0  18180  -80.5  -91.5     15   0.00    117     19  403.8  403.8  403.8
   74.3  18234  -77.7  -91.7      9   0.00    116     18  410.8  410.8  410.8
   74.0  18257  -77.3  -91.3      9   0.00    115     17  412.0  412.0  412.0
   71.1  18489  -73.9  -86.9     12   0.00    176     16  424.1  424.1  424.1
   70.0  18580  -73.7  -84.7     17   0.00    200     15  426.4  426.4  426.4
   67.0  18837  -72.1  -82.1     21   0.01    234      7  435.2  435.3  435.2
   66.0  18925  -72.4  -82.4     21   0.01    245      4  436.5  436.6  436.5
   63.0  19197  -73.2  -83.2     21   0.01     85      9  440.6  440.6  440.6
   60.0  19482  -74.0  -84.0     20   0.01     75      6  444.8  444.9  444.8
   57.8  19701  -74.7  -84.7     20   0.01    119      5  448.1  448.1  448.1
   57.0  19782  -74.4  -84.9     19   0.01    135      4  450.5  450.5  450.5
   54.0  20097  -73.4  -85.6     14   0.00    120     10  459.9  459.9  459.9
   52.6  20251  -72.9  -85.9     12   0.00    111     11  464.5  464.6  464.5
   50.0  20550  -70.1  -88.1      6   0.00     95     14  477.9  477.9  477.9
   49.0  20671  -68.2  -89.1      4   0.00     95     14  485.0  485.1  485.0
   48.6  20721  -67.5  -89.5      3   0.00     95     15  487.9  488.0  487.9
   46.4  21000  -68.5  -85.5      7   0.01     95     20  492.1  492.1  492.1
   44.0  21326  -64.8  -85.0      5   0.01     95     25  508.7  508.7  508.7
   41.4  21699  -60.5  -84.5      3   0.01     95     35  528.2  528.3  528.2
   40.0  21913  -61.2  -84.2      3   0.01     95     40  531.7  531.8  531.7
   37.1  22381  -62.7  -83.7      4   0.01     95     43  539.4  539.5  539.4
   33.0  23108  -61.9  -89.5      1   0.00     95     47  559.8  559.8  559.8
   32.0  23299  -61.7  -91.1      1   0.00    100     52  565.3  565.3  565.3
   30.0  23700  -61.3  -94.3      1   0.00     95     55  577.0  577.0  577.0
   29.5  23804  -61.1  -94.1      1   0.00     94     55  580.3  580.3  580.3
   23.6  25209  -53.7  -74.7      6   0.06     86     57  640.1  640.6  640.1
   20.9  25987  -53.5  -75.5      5   0.06     82     59  663.3  663.9  663.3
   20.0  26270  -52.1  -75.1      5   0.07     80     59  675.9  676.6  676.0
   18.6  26743  -48.7  -75.7      3   0.07     80     58  700.7  701.4  700.8
   18.0  26959  -48.6  -75.6      3   0.07     80     57  707.6  708.4  707.6
   17.0  27335  -48.4  -75.4      3   0.08     80     47  719.8  720.6  719.8
   16.0  27734  -48.3  -75.3      3   0.09     85     32  732.9  733.9  733.0
   15.1  28115  -48.1  -75.1      3   0.10     85     35  745.7  746.7  745.8
   14.0  28615  -47.3  -75.4      3   0.10     85     38  764.7  765.8  764.7
   13.2  29003  -46.7  -75.7      2   0.10     77     32  779.7  780.9  779.8
   13.0  29105  -45.9  -75.8      2   0.10     75     30  785.8  787.0  785.9
   12.3  29475  -43.1  -76.1      1   0.10     72     26  808.3  809.5  808.3
   12.0  29641  -43.3  -75.7      2   0.11     70     24  813.3  814.6  813.4
   11.0  30225  -44.0  -74.5      2   0.14    145     18  831.3  833.0  831.4
   10.3  30667  -44.5  -73.5      3   0.18     93     24  845.1  847.3  845.2
   10.0                                        70     27                     
</PRE><H3>Station information and sounding indices</H3><PRE>
                         Station identifier: WIII
                             Station number: 96749
                           Observation time: 211230/0000
                           Station latitude: -6.11
                          Station longitude: 106.65
                          Station elevation: 8.0
                            Showalter index: -0.66
                               Lifted index: -3.32
    LIFT computed using virtual temperature: -3.82
                                SWEAT index: 226.41
                                    K index: 38.20
                         Cross totals index: 21.20
                      Vertical totals index: 23.50
                        Totals totals index: 44.70
      Convective Available Potential Energy: 1501.94
             CAPE using virtual temperature: 1625.89
                      Convective Inhibition: -23.25
             CINS using virtual temperature: -15.16
                           Equilibrum Level: 122.14
 Equilibrum Level using virtual temperature: 122.12
                   Level of Free Convection: 873.53
             LFCT using virtual temperature: 882.90
                     Bulk Richardson Number: 268.17
          Bulk Richardson Number using CAPV: 290.30
  Temp [K] of the Lifted Condensation Level: 295.30
Pres [hPa] of the Lifted Condensation Level: 950.74
   Equivalent potential temp [K] of the LCL: 352.51
     Mean mixed layer potential temperature: 299.61
              Mean mixed layer mixing ratio: 18.07
              1000 hPa to 500 hPa thickness: 5789.00
Precipitable water [mm] for entire sounding: 60.63
</PRE>
<P>Description of the 
<A HREF="/upperair/columns.html">data columns</A>
or <A HREF="/upperair/indices.html">sounding indices</A>.

<P>
<FORM>
<INPUT CLASS="button" TYPE="button" VALUE=" Close this window " 
 onClick="window.close();">
<INPUT CLASS="button" TYPE="button" VALUE=" Select another map " 
 onClick="window.blur();">
</FORM>
<HR SIZE="1">
<I>Interested in graduate studies in atmospheric science?
Check out our program at the
<a href="http://www.uwyo.edu/atsc/howtoapply/"
target=_top>University of Wyoming
</a></I>
<HR SIZE="1"><FONT SIZE="-1">
Questions about the weather data provided by this site can be
addressed to <A HREF="mailto:ldoolman@uwyo.edu">
Larry Oolman (ldoolman@uwyo.edu)</A></FONT>
<HR SIZE="1">
<SCRIPT TYPE="text/javascript">
<!--
window.focus();
// -->
</SCRIPT>
</BODY>
</HTML>
