2022-07-07 12
<HTML>
<TITLE>University of Wyoming - Radiosonde Data</TITLE>
<BODY BGCOLOR="white">
<H2>96749 WIII Jakarta Observations at 00Z 07 Jul 2022</H2>
<PRE>
-----------------------------------------------------------------------------
   PRES   HGHT   TEMP   DWPT   RELH   MIXR   DRCT   SKNT   THTA   THTE   THTV
    hPa     m      C      C      %    g/kg    deg   knot     K      K      K 
-----------------------------------------------------------------------------
 1010.0      8   24.4   23.3     94  18.21    230      2  296.7  349.5  299.9
 1004.0     60   25.4   23.3     88  18.32    236      3  298.2  351.7  301.5
 1000.0     95   25.6   23.6     89  18.74    240      4  298.8  353.6  302.1
  977.0    299   24.7   22.1     86  17.52     70      3  299.8  351.3  303.0
  944.0    601   23.4   20.0     81  15.83     50      6  301.5  348.3  304.3
  925.0    779   22.6   18.7     79  14.90     60      8  302.4  346.7  305.1
  851.0   1505   19.1   15.6     81  13.31     65      3  306.0  346.1  308.4
  850.0   1515   19.0   15.6     81  13.29     70      3  306.0  346.1  308.5
  823.0   1793   18.1   13.3     74  11.83      0      0  307.9  344.0  310.1
  819.0   1835   18.0   13.0     73  11.62     22      0  308.2  343.7  310.4
  794.0   2099   16.4   11.6     73  10.93    165      3  309.3  342.8  311.3
  767.0   2393   14.6   10.1     74  10.19    125      7  310.4  341.9  312.3
  749.0   2596   13.4    9.0     75   9.71    120     11  311.2  341.4  313.0
  734.0   2766   12.6    6.6     67   8.40    116     14  312.1  338.4  313.7
  718.0   2951   12.2   -5.8     28   3.47    111     17  313.7  325.1  314.3
  714.0   2998   11.8   -6.0     28   3.44    110     18  313.7  325.0  314.4
  700.0   3163   10.4   -6.6     30   3.35    110     17  314.0  325.0  314.6
  696.0   3211   10.0   -6.0     32   3.53    111     17  314.0  325.6  314.7
  685.0   3343    9.2    1.2     57   6.13    113     17  314.6  334.2  315.8
  653.0   3738    6.6   -6.4     39   3.65    121     17  316.0  328.0  316.7
  630.0   4032    4.2   -8.8     38   3.14    127     17  316.5  326.9  317.1
  622.0   4136    3.6   -3.4     60   4.81    129     17  317.0  332.6  317.9
  617.0   4201    3.2   -5.8     52   4.04    130     17  317.3  330.6  318.1
  605.0   4361    2.4  -11.6     35   2.61    127     17  318.1  326.9  318.6
  595.0   4495    1.8  -14.2     29   2.15    124     16  318.9  326.3  319.3
  578.0   4729    0.0   -5.0     69   4.59    119     16  319.5  334.6  320.4
  574.0   4784   -0.7   -2.2     90   5.70    118     16  319.3  337.9  320.4
  562.0   4953   -1.5   -2.3     94   5.78    114     15  320.3  339.2  321.4
  551.0   5111   -1.9   -6.6     70   4.26    111     15  321.6  335.8  322.4
  533.0   5375   -3.9   -5.3     90   4.86    106     14  322.3  338.4  323.2
  531.0   5405   -4.2   -5.0     94   4.98    105     14  322.3  338.9  323.3
  530.0   5420   -4.3   -4.9     96   5.04    106     14  322.3  339.1  323.3
  528.0   5449   -4.3   -5.2     93   4.95    108     14  322.7  339.1  323.6
  519.0   5585   -3.3  -18.3     30   1.75    118     13  325.5  331.7  325.8
  516.0   5631   -3.5  -23.5     20   1.12    121     12  325.8  329.9  326.0
  514.0   5662   -3.3  -22.3     21   1.25    123     12  326.4  330.9  326.6
  513.0   5677   -3.7  -16.7     36   2.03    124     12  326.1  333.2  326.5
  512.0   5693   -3.9  -11.9     54   3.02    125     12  326.0  336.4  326.6
  507.0   5770   -4.5  -13.5     49   2.68    119     12  326.2  335.5  326.7
  506.0   5786   -4.5  -16.5     39   2.09    118     12  326.4  333.8  326.8
  505.0   5802   -4.3  -20.3     28   1.52    116     12  326.8  332.3  327.1
  504.0   5817   -4.3  -22.3     23   1.28    115     12  327.0  331.6  327.2
  501.0   5864   -4.7  -12.7     54   2.89    111     12  327.1  337.1  327.6
  500.0   5880   -4.7  -10.7     63   3.40    110     12  327.2  339.0  327.9
  498.0   5912   -5.1   -9.2     73   3.85    110     13  327.1  340.3  327.9
  474.0   6299   -7.3   -9.9     82   3.81    105     19  329.0  342.2  329.8
  460.0   6534   -8.7  -10.4     87   3.79    101     19  330.1  343.3  330.9
  442.0   6844  -10.3  -12.7     83   3.28     97     19  331.9  343.4  332.6
  421.0   7219  -12.1  -18.1     61   2.20     91     18  334.2  342.2  334.7
  416.0   7311  -12.9  -18.9     61   2.08     90     18  334.4  341.9  334.8
  411.0   7403  -13.1  -28.1     27   0.93     88     18  335.3  338.8  335.4
  400.0   7610  -14.5  -32.5     20   0.63     85     18  336.1  338.5  336.2
  381.0   7978  -16.9  -31.9     26   0.70     86     20  337.6  340.3  337.7
  362.0   8361  -19.9  -27.9     49   1.07     88     22  338.6  342.7  338.8
  332.0   8999  -24.3  -37.3     29   0.47     90     26  341.0  342.9  341.1
  321.0   9244  -26.5  -38.5     31   0.43     97     24  341.3  343.0  341.3
  316.0   9358  -27.5  -34.5     51   0.65    100     23  341.4  344.0  341.5
  313.0   9427  -28.5  -36.5     46   0.54    102     22  340.9  343.1  341.1
  304.0   9636  -30.3  -32.8     79   0.80    107     20  341.3  344.4  341.4
  300.0   9730  -31.1  -32.5     87   0.84    110     19  341.4  344.7  341.6
  294.0   9873  -32.3  -33.2     92   0.80    109     19  341.7  344.8  341.9
  275.0  10342  -35.1  -41.1     54   0.38    106     19  344.2  345.8  344.3
  269.0  10494  -36.4  -43.0     50   0.32    105     19  344.6  345.9  344.7
  250.0  11000  -40.5  -49.5     37   0.17     95     23  345.7  346.4  345.8
  240.0  11277  -43.1  -55.1     25   0.09     91     27  345.9  346.3  345.9
  236.0  11388  -44.0  -55.9     25   0.08     90     29  346.2  346.5  346.2
  215.0  12003  -49.0  -60.4     25   0.05     90     33  347.7  348.0  347.7
  200.0  12480  -52.9  -63.9     25   0.04     85     33  348.8  349.0  348.8
  172.0  13428  -61.5  -70.5     29   0.02     85     36  350.0  350.1  350.0
  150.0  14260  -67.3  -79.3     17   0.00     85     38  354.0  354.0  354.0
  134.0  14933  -71.5  -85.5     11   0.00     81     46  358.1  358.1  358.1
  132.0  15020  -72.0  -85.8     11   0.00     80     47  358.7  358.8  358.7
  126.0  15288  -73.6  -86.9     12   0.00     75     54  360.7  360.7  360.7
  120.0  15569  -75.2  -88.1     12   0.00     70     42  362.8  362.8  362.8
  108.0  16176  -78.7  -90.5     13   0.00     75     22  367.2  367.2  367.2
  100.0  16620  -81.3  -92.3     15   0.00    115     19  370.4  370.4  370.4
   97.0  16791  -82.2  -92.8     15   0.00    120     24  371.8  371.8  371.8
   93.1  17021  -83.5  -93.5     17   0.00    110     30  373.7  373.7  373.7
   90.6  17173  -81.7  -92.7     14   0.00     94     30  380.2  380.2  380.2
   87.0  17400  -82.9  -92.7     18   0.00     70     31  382.2  382.2  382.2
   84.7  17550  -83.7  -92.7     20   0.00     81     26  383.5  383.6  383.5
   83.3  17642  -83.9  -91.9     24   0.00     88     23  385.0  385.0  385.0
   83.0  17663  -83.2  -91.7     22   0.00     90     22  386.7  386.7  386.7
   81.3  17779  -79.5  -90.5     15   0.00    105     23  396.7  396.7  396.7
   80.4  17843  -74.7  -89.7      8   0.00    113     24  407.8  407.8  407.8
   78.0  18022  -71.3  -87.1      8   0.00    135     26  418.4  418.4  418.4
   77.6  18052  -70.7  -86.7      8   0.00    133     26  420.2  420.3  420.2
   71.6  18527  -73.3  -88.3      9   0.00     94     22  424.5  424.5  424.5
   71.0  18577  -73.2  -88.6      8   0.00     90     22  425.7  425.7  425.7
   70.0  18660  -73.1  -89.1      7   0.00     90     22  427.7  427.7  427.7
   68.4  18796  -73.5  -89.5      7   0.00     89     24  429.6  429.7  429.6
   64.1  19181  -68.9  -87.9      5   0.00     85     29  447.8  447.8  447.8
   64.0  19190  -68.9  -87.9      5   0.00     85     29  448.0  448.0  448.0
   58.0  19782  -68.0  -86.0      6   0.00     95     31  462.9  462.9  462.9
   57.6  19823  -67.9  -85.9      6   0.00     93     31  463.9  464.0  463.9
   56.6  19930  -64.9  -85.9      4   0.00     88     32  473.1  473.1  473.1
   52.0  20450  -64.1  -85.1      4   0.01     65     35  486.6  486.6  486.6
   50.0  20690  -63.7  -84.7      4   0.01     80     33  492.9  493.0  492.9
   46.9  21084  -62.9  -83.9      4   0.01     80     37  504.0  504.0  504.0
   44.2  21453  -58.7  -81.7      4   0.01     80     41  522.8  522.9  522.8
   43.0  21625  -59.0  -81.2      4   0.01     80     43  526.3  526.4  526.3
   37.0  22566  -60.4  -78.7      7   0.02     70     31  545.7  545.9  545.7
   36.6  22634  -60.5  -78.5      8   0.02     70     30  547.1  547.3  547.1
   34.0  23096  -59.0  -78.4      7   0.03     70     21  562.7  562.9  562.7
   32.8  23321  -58.3  -78.3      6   0.03     64     16  570.4  570.6  570.4
   32.0  23478  -56.7  -78.2      5   0.03     60     12  578.6  578.9  578.6
   31.0  23680  -54.7  -78.1      4   0.03     90      8  589.3  589.6  589.3
   30.7  23742  -54.1  -78.1      4   0.03    111      9  592.6  592.9  592.6
   30.0  23890  -53.5  -77.5      4   0.03    160     10  598.2  598.5  598.2
   28.0  24332  -54.6  -76.8      5   0.04    180     19  607.1  607.4  607.1
   27.8  24378  -54.7  -76.7      5   0.04    172     16  608.0  608.4  608.0
   27.0  24566  -52.8  -76.3      4   0.04    140      4  618.4  618.8  618.4
   26.7  24637  -52.1  -76.1      4   0.05    180      7  622.4  622.8  622.4
   26.0  24809  -52.1  -75.7      4   0.05    275     14  627.1  627.6  627.1
   23.0  25602  -52.1  -73.8      6   0.08    265     24  649.5  650.2  649.5
   22.0  25889  -52.1  -73.2      6   0.09    280     29  657.8  658.6  657.8
   21.9  25919  -52.1  -73.1      6   0.09    280     29  658.6  659.5  658.7
   21.0  26192  -49.7  -73.7      4   0.08    275     26  673.8  674.6  673.9
   20.0  26510  -50.5  -74.5      4   0.08    255     34  680.8  681.6  680.9
   19.5  26675  -50.9  -74.9      4   0.08    255     34  684.5  685.3  684.6
   19.0  26845  -49.3  -74.5      4   0.08    255     33  694.6  695.5  694.7
   18.7  26949  -48.3  -74.3      3   0.09    259     31  700.9  701.8  700.9
   18.0  27200  -48.3  -74.0      4   0.09    270     25  708.5  709.4  708.5
   16.0  27975  -48.4  -73.2      4   0.12    290     41  732.5  733.7  732.5
   15.0  28400  -48.5  -72.8      4   0.13    275     45  745.9  747.4  746.0
   14.3  28714  -48.5  -72.5      5   0.15                756.0  757.6  756.1
</PRE><H3>Station information and sounding indices</H3><PRE>
                         Station identifier: WIII
                             Station number: 96749
                           Observation time: 220707/0000
                           Station latitude: -6.11
                          Station longitude: 106.65
                          Station elevation: 8.0
                            Showalter index: -0.22
                               Lifted index: -2.08
    LIFT computed using virtual temperature: -2.57
                                SWEAT index: 205.19
                                    K index: 22.30
                         Cross totals index: 20.30
                      Vertical totals index: 23.70
                        Totals totals index: 44.00
      Convective Available Potential Energy: 868.29
             CAPE using virtual temperature: 1019.37
                      Convective Inhibition: -83.52
             CINS using virtual temperature: -52.43
                           Equilibrum Level: 166.08
 Equilibrum Level using virtual temperature: 165.82
                   Level of Free Convection: 708.71
             LFCT using virtual temperature: 774.53
                     Bulk Richardson Number: 93.48
          Bulk Richardson Number using CAPV: 109.74
  Temp [K] of the Lifted Condensation Level: 294.91
Pres [hPa] of the Lifted Condensation Level: 947.67
   Equivalent potential temp [K] of the LCL: 351.24
     Mean mixed layer potential temperature: 299.49
              Mean mixed layer mixing ratio: 17.68
              1000 hPa to 500 hPa thickness: 5785.00
Precipitable water [mm] for entire sounding: 52.24
</PRE>
<P>Description of the 
<A HREF="/upperair/columns.html">data columns</A>
or <A HREF="/upperair/indices.html">sounding indices</A>.

<P>
<FORM>
<INPUT CLASS="button" TYPE="button" VALUE=" Close this window " 
 onClick="window.close();">
<INPUT CLASS="button" TYPE="button" VALUE=" Select another map " 
 onClick="window.blur();">
</FORM>
<HR SIZE="1">
<I>Interested in graduate studies in atmospheric science?
Check out our program at the
<a href="http://www.uwyo.edu/atsc/howtoapply/"
target=_top>University of Wyoming
</a></I>
<HR SIZE="1"><FONT SIZE="-1">
Questions about the weather data provided by this site can be
addressed to <A HREF="mailto:ldoolman@uwyo.edu">
Larry Oolman (ldoolman@uwyo.edu)</A></FONT>
<HR SIZE="1">
<SCRIPT TYPE="text/javascript">
<!--
window.focus();
// -->
</SCRIPT>
</BODY>
</HTML>
