2019-11-04 12
<HTML>
<TITLE>University of Wyoming - Radiosonde Data</TITLE>
<BODY BGCOLOR="white">
<H2>96749 WIII Jakarta Observations at 00Z 04 Nov 2019</H2>
<PRE>
-----------------------------------------------------------------------------
   PRES   HGHT   TEMP   DWPT   RELH   MIXR   DRCT   SKNT   THTA   THTE   THTV
    hPa     m      C      C      %    g/kg    deg   knot     K      K      K 
-----------------------------------------------------------------------------
 1012.0      8   24.8   20.0     75  14.77    210      1  296.9  339.8  299.6
 1000.0    112   24.2   20.0     77  14.95    225      7  297.4  340.8  300.0
  999.0    121   24.0   19.9     78  14.87    222      7  297.2  340.4  299.9
  979.0    299   24.3   19.3     73  14.57    170      5  299.3  342.0  301.9
  959.0    480   24.6   18.6     69  14.27    167      3  301.3  343.6  303.9
  946.0    600   23.5   18.6     74  14.50    165      2  301.4  344.4  304.1
  925.0    797   21.8   18.7     83  14.90      0      1  301.6  345.7  304.3
  914.0    901   20.9   18.4     85  14.76    330      1  301.8  345.5  304.4
  912.0    920   20.8   18.3     86  14.73    333      1  301.8  345.4  304.4
  883.0   1199   19.1   16.2     83  13.32     15      1  302.9  342.6  305.3
  853.0   1498   17.4   14.0     81  11.94     75      2  304.0  339.8  306.2
  850.0   1528   17.2   13.8     80  11.80     55      2  304.1  339.6  306.3
  823.0   1803   15.8   10.6     71   9.81    335      2  305.5  335.2  307.3
  812.0   1918   15.2    9.2     67   9.07    304      3  306.0  333.6  307.7
  795.0   2098   15.5    1.9     40   5.55    255      5  308.2  325.6  309.3
  792.0   2130   15.6    0.6     36   5.07    254      5  308.6  324.6  309.6
  751.0   2578   12.6   -3.4     33   3.98    247      4  310.1  322.9  310.9
  743.0   2668   12.4   -4.6     30   3.67    246      4  310.8  322.7  311.5
  740.0   2702   12.1   -2.7     36   4.27    245      4  310.9  324.6  311.7
  731.0   2804   11.2    3.2     58   6.63    296      4  311.0  331.8  312.2
  720.0   2931   10.4    5.8     73   8.10    360      3  311.4  336.7  313.0
  714.0   3001   10.3    4.7     68   7.54     35      3  312.1  335.7  313.5
  700.0   3166   10.0    2.0     58   6.36     50      6  313.5  333.7  314.7
  696.0   3214    9.8    1.8     57   6.30     52      6  313.8  333.9  315.0
  664.0   3602    7.4    1.3     65   6.38     65      3  315.4  335.8  316.6
  641.0   3892    5.6    1.0     72   6.44    115      7  316.5  337.2  317.7
  619.0   4180    3.8    0.6     80   6.50    113      8  317.6  338.6  318.9
  595.0   4502    2.9   -3.0     65   5.18    110      9  320.2  337.2  321.2
  577.0   4752    2.2   -5.8     55   4.32    134     11  322.2  336.7  323.0
  573.0   4808    1.7   -6.5     54   4.12    140     12  322.3  336.1  323.1
  559.0   5007    0.0   -9.0     51   3.48    138     11  322.5  334.3  323.2
  532.0   5401   -3.9   -9.6     65   3.49    135      9  322.4  334.2  323.1
  523.0   5537   -5.3   -9.8     71   3.49    122     11  322.3  334.1  323.0
  512.0   5704   -5.6  -13.9     52   2.56    105     13  323.9  332.7  324.4
  510.0   5735   -5.7  -14.7     49   2.41    104     14  324.2  332.6  324.7
  504.0   5827   -6.3  -12.3     62   2.97    102     17  324.6  334.8  325.1
  500.0   5890   -5.9  -12.9     58   2.85    100     19  325.8  335.6  326.3
  490.0   6048   -6.3  -22.3     27   1.31    103     18  327.2  331.9  327.4
  475.0   6289   -7.1  -33.1     11   0.50    108     17  329.1  331.0  329.2
  456.0   6602   -9.3  -32.2     14   0.57    115     15  330.1  332.3  330.3
  423.0   7178  -13.5  -30.5     22   0.72     76     16  332.0  334.8  332.1
  422.0   7196  -13.6  -31.1     21   0.68     75     16  332.1  334.7  332.2
  400.0   7600  -15.7  -44.7      6   0.18     85     24  334.5  335.2  334.5
  385.0   7889  -16.7  -49.7      4   0.11     90     23  336.9  337.3  336.9
  331.0   9001  -25.0  -50.1      8   0.12    110     21  340.4  340.9  340.4
  306.0   9578  -29.3  -50.3     11   0.13    114     19  342.0  342.6  342.1
  300.0   9720  -30.5  -50.5     12   0.12    115     19  342.3  342.8  342.3
  284.0  10106  -34.3  -51.3     16   0.12    107     17  342.2  342.8  342.3
  280.0  10203  -35.2  -50.5     20   0.13    105     16  342.3  342.9  342.3
  260.0  10714  -40.1  -46.1     53   0.24     89     16  342.4  343.4  342.5
  250.0  10980  -42.3                          80     16  343.0         343.0
  225.0  11679  -48.1                          50     22  344.7         344.7
  200.0  12460  -54.5                          55     27  346.3         346.3
  175.0  13294  -61.5                          65     33  348.2         348.2
  153.0  14110  -66.2                          75     39  353.8         353.8
  150.0  14230  -66.9                          80     34  354.6         354.6
  139.0  14680  -70.7                         115     31  355.7         355.7
  125.0  15306  -76.1                         108     32  356.9         356.9
  119.0  15587  -77.1                         105     32  360.2         360.2
  113.0  15883  -78.1                          85     26  363.7         363.7
  105.0  16303  -79.5                          95     21  368.7         368.7
  100.0  16580  -78.9                         110     13  375.0         375.0
   96.0  16812  -79.1                         105     13  379.1         379.1
   91.0  17115  -79.3                         250      1  384.5         384.5
   87.0  17370  -79.5                         255     11  389.0         389.0
   79.6  17875  -79.9                         227      9  398.2         398.2
   78.0  17991  -79.3                         220      9  401.9         401.9
   70.0  18610  -75.9                         135      4  421.7         421.7
   67.0  18863  -75.3                         310      7  428.3         428.3
   63.4  19182  -74.5                         274     13  436.9         436.9
   63.0  19219  -74.1                         270     14  438.5         438.5
   58.9  19614  -70.1                         259     18  456.0         456.0
   54.0  20130  -69.2                         245     22  469.6         469.6
   53.5  20185  -69.1                         246     21  471.1         471.1
   52.0  20355  -68.1                         250     18  477.2         477.2
   50.0  20590  -66.7                         240     18  485.9         485.9
   49.0  20713  -65.8                         235     17  490.9         490.9
   46.4  21045  -63.3                         270     18  504.6         504.6
   45.0  21231  -64.3                         290     19  506.5         506.5
   41.1  21783  -67.3                         285     24  512.4         512.4
   40.0  21948  -66.3                         285     22  519.0         519.0
   38.0  22259  -64.3                         275     15  531.6         531.6
   37.4  22356  -63.7                         267     15  535.6         535.6
   35.0  22762  -64.4                         235     13  544.0         544.0
   34.0  22939  -64.7                         250     11  547.8         547.8
   33.0  23123  -63.7                         265      9  555.1         555.1
   32.0  23312  -62.7                         260     12  562.8         562.8
   30.0  23710  -60.5                         345      7  579.1         579.1
   29.8  23752  -60.5                         348      9  580.2         580.2
   29.0  23923  -57.1                           0     19  594.0         594.0
   28.8  23967  -56.3                         358     18  597.5         597.5
   27.4  24286  -53.3                         344     13  614.5         614.5
   27.0  24379  -53.7                         340     11  615.8         615.8
   26.0  24619  -54.8                         265      5  619.4         619.4
   25.0  24868  -56.0                         155      8  623.1         623.1
   23.0  25398  -58.4                         140     24  631.0         631.0
   22.0  25681  -59.7                         130     28  635.2         635.2
   21.0  25972  -59.7                         108     36  643.7         643.7
   20.0  26280  -55.9                          85     45  664.3         664.3
   18.6  26745  -52.9                          89     46  687.6         687.6
   17.3  27215  -50.1                          93     46  710.9         710.9
   15.0  28147  -49.8                         100     47  741.5         741.5
   14.4  28414  -49.7                                     750.5         750.5
</PRE><H3>Station information and sounding indices</H3><PRE>
                         Station identifier: WIII
                             Station number: 96749
                           Observation time: 191104/0000
                           Station latitude: -6.11
                          Station longitude: 106.65
                          Station elevation: 8.0
                            Showalter index: 1.17
                               Lifted index: 0.32
    LIFT computed using virtual temperature: -0.00
                                SWEAT index: 188.60
                                    K index: 28.90
                         Cross totals index: 19.70
                      Vertical totals index: 23.10
                        Totals totals index: 42.80
      Convective Available Potential Energy: 11.67
             CAPE using virtual temperature: 20.02
                      Convective Inhibition: -281.43
             CINS using virtual temperature: -207.87
                           Equilibrum Level: 501.77
 Equilibrum Level using virtual temperature: 500.07
                   Level of Free Convection: 539.70
             LFCT using virtual temperature: 545.82
                     Bulk Richardson Number: 4.90
          Bulk Richardson Number using CAPV: 8.41
  Temp [K] of the Lifted Condensation Level: 291.37
Pres [hPa] of the Lifted Condensation Level: 914.88
   Equivalent potential temp [K] of the LCL: 341.61
     Mean mixed layer potential temperature: 298.89
              Mean mixed layer mixing ratio: 14.62
              1000 hPa to 500 hPa thickness: 5778.00
Precipitable water [mm] for entire sounding: 45.11
</PRE>
<P>Description of the 
<A HREF="/upperair/columns.html">data columns</A>
or <A HREF="/upperair/indices.html">sounding indices</A>.

<P>
<FORM>
<INPUT CLASS="button" TYPE="button" VALUE=" Close this window " 
 onClick="window.close();">
<INPUT CLASS="button" TYPE="button" VALUE=" Select another map " 
 onClick="window.blur();">
</FORM>
<HR SIZE="1">
<I>Interested in graduate studies in atmospheric science?
Check out our program at the
<a href="http://www.uwyo.edu/atsc/howtoapply/"
target=_top>University of Wyoming
</a></I>
<HR SIZE="1"><FONT SIZE="-1">
Questions about the weather data provided by this site can be
addressed to <A HREF="mailto:ldoolman@uwyo.edu">
Larry Oolman (ldoolman@uwyo.edu)</A></FONT>
<HR SIZE="1">
<SCRIPT TYPE="text/javascript">
<!--
window.focus();
// -->
</SCRIPT>
</BODY>
</HTML>
