2019-02-16 00
<HTML>
<TITLE>University of Wyoming - Radiosonde Data</TITLE>
<BODY BGCOLOR="white">
<H2>96749 WIII Jakarta Observations at 00Z 16 Feb 2019</H2>
<PRE>
-----------------------------------------------------------------------------
   PRES   HGHT   TEMP   DWPT   RELH   MIXR   DRCT   SKNT   THTA   THTE   THTV
    hPa     m      C      C      %    g/kg    deg   knot     K      K      K 
-----------------------------------------------------------------------------
 1012.0      8   24.2   22.9     92  17.72    140      2  296.3  347.6  299.5
 1000.0    114   24.0   22.5     91  17.50    205      1  297.1  347.9  300.3
  979.0    300   23.2   21.9     93  17.23    270      6  298.1  348.4  301.2
  925.0    798   21.0   20.3     96  16.50    300      9  300.8  349.4  303.7
  914.0    902   20.6   19.1     91  15.43    310      8  301.4  346.9  304.1
  886.0   1171   19.4   15.8     80  12.91    287      7  302.8  341.3  305.2
  853.0   1497   17.4   15.8     90  13.41    260      6  304.0  344.2  306.5
  850.0   1527   17.2   15.8     91  13.46    265      6  304.1  344.4  306.6
  836.0   1669   16.0   15.1     94  13.08    314      3  304.3  343.5  306.7
  823.0   1802   15.4   14.2     92  12.53      0      1  305.1  342.8  307.4
  795.0   2095   14.2   12.2     88  11.39     65      1  306.8  341.4  308.9
  767.0   2399   12.9   10.2     84  10.29     95      4  308.6  340.2  310.5
  743.0   2668   11.8    8.4     80   9.39     11      0  310.2  339.2  311.9
  740.0   2702   11.6    8.2     80   9.33      0      0  310.4  339.2  312.1
  714.0   3001   10.1    6.8     80   8.75     95      3  311.8  339.1  313.5
  700.0   3166    9.2    6.0     80   8.45    100      4  312.6  339.1  314.2
  689.0   3296    8.5    5.5     81   8.27     95      4  313.2  339.3  314.8
  640.0   3899    5.1    3.0     87   7.50    135      6  316.1  340.0  317.5
  617.0   4199    3.4    1.8     90   7.14    110      9  317.5  340.4  318.8
  573.0   4804    0.0   -0.6     96   6.43    113     11  320.3  341.2  321.5
  532.0   5397   -2.7   -3.6     94   5.55    115     12  323.8  342.3  324.9
  512.0   5702   -4.2   -5.1     93   5.13     70     11  325.7  342.9  326.7
  510.0   5734   -4.3   -5.3     93   5.08     72     11  325.9  343.0  326.9
  501.0   5874   -4.9   -6.8     87   4.61     84     13  326.8  342.5  327.7
  500.0   5890   -4.9   -6.9     86   4.59     85     13  327.0  342.6  327.9
  493.0   6001   -5.7   -9.4     75   3.83     93     15  327.3  340.5  328.1
  491.0   6033   -5.9  -10.1     72   3.63     95     16  327.5  340.0  328.2
  487.0   6097   -6.1  -17.1     41   2.07    100     17  328.0  335.3  328.4
  485.0   6129   -5.9  -30.9     12   0.60    102     18  328.6  330.9  328.8
  474.0   6307   -6.9  -33.4     10   0.49    115     21  329.6  331.4  329.7
  463.0   6490   -7.9  -35.9      9   0.39    115     22  330.5  332.1  330.6
  456.0   6609   -8.3  -28.3     18   0.82    115     22  331.5  334.6  331.6
  425.0   7150  -12.3  -35.3     13   0.45    115     24  333.1  334.9  333.2
  402.0   7572  -14.9  -42.9      7   0.22    115     26  335.1  335.9  335.1
  400.0   7610  -15.1  -43.1      7   0.21    115     26  335.3  336.2  335.3
  380.0   7995  -17.7  -44.7      8   0.19    110     23  336.8  337.6  336.8
  365.0   8294  -20.1  -44.1     10   0.21    106     21  337.5  338.4  337.5
  360.0   8396  -20.6  -44.1     10   0.21    105     20  338.1  339.0  338.1
  356.0   8479  -21.1  -44.1     11   0.21    104     19  338.6  339.5  338.6
  351.0   8583  -21.5  -46.5      9   0.17    102     19  339.4  340.1  339.4
  347.0   8667  -22.3  -45.3     10   0.19    101     18  339.4  340.2  339.5
  345.0   8709  -22.7  -44.7     12   0.21    100     17  339.4  340.3  339.5
  344.0   8731  -22.9  -44.9     12   0.20    100     17  339.5  340.3  339.5
  343.0   8752  -22.9  -44.9     12   0.20     99     17  339.7  340.6  339.8
  342.0   8773  -22.9  -45.9     10   0.18     99     17  340.0  340.8  340.1
  341.0   8795  -22.9  -30.9     48   0.86     99     17  340.3  343.6  340.5
  340.0   8816  -22.9  -44.9     12   0.21     98     17  340.6  341.5  340.6
  337.0   8881  -23.3  -46.3     10   0.18     97     16  340.9  341.7  340.9
  333.0   8968  -24.1  -34.1     39   0.64     96     15  341.0  343.5  341.1
  331.0   9012  -24.5  -30.5     58   0.92     95     15  341.0  344.6  341.2
  330.0   9034  -24.5  -29.5     63   1.01     96     15  341.3  345.2  341.5
  325.0   9145  -24.9  -35.9     35   0.55     99     15  342.3  344.5  342.4
  324.0   9167  -25.1  -44.1     15   0.24     99     15  342.3  343.3  342.3
  320.0   9257  -25.9  -38.9     28   0.41    102     15  342.4  344.1  342.5
  319.0   9280  -26.1  -35.1     43   0.61    103     15  342.4  344.9  342.6
  317.0   9325  -26.3  -42.3     21   0.29    104     15  342.8  344.0  342.8
  313.0   9417  -27.3  -40.3     28   0.37    106     14  342.6  344.1  342.7
  307.0   9555  -28.5  -35.5     51   0.61    110     14  342.8  345.3  343.0
  306.0   9579  -28.7  -32.5     70   0.82    111     14  342.9  346.1  343.0
  302.0   9673  -29.1  -34.1     62   0.71    114     14  343.6  346.4  343.7
  300.0   9720  -29.3  -35.3     56   0.64    115     14  344.0  346.5  344.1
  299.0   9744  -29.5  -36.5     51   0.57    115     14  344.0  346.3  344.1
  298.0   9768  -29.7  -42.7     27   0.30    116     14  344.1  345.3  344.1
  294.0   9864  -30.3  -49.3     14   0.15    117     14  344.5  345.2  344.6
  276.0  10308  -34.3  -54.3     11   0.09    122     14  345.0  345.4  345.1
  268.0  10512  -36.3  -45.3     39   0.25    125     14  345.0  346.1  345.1
  267.0  10538  -36.5  -43.5     48   0.31    124     14  345.1  346.4  345.2
  259.0  10748  -37.9  -49.9     27   0.15    118     14  346.1  346.7  346.1
  250.0  10990  -39.9  -48.9     38   0.18    110     14  346.6  347.4  346.6
  225.0  11689  -46.1                         105     11  347.7         347.7
  200.0  12470  -53.1                          85     13  348.5         348.5
  196.0  12596  -54.1                          85     13  348.9         348.9
  162.0  13781  -63.8                         145     14  352.2         352.2
  150.0  14260  -67.7                         130     18  353.3         353.3
  132.0  15017  -73.9                         134     17  355.4         355.4
  126.0  15284  -75.6                         135     16  357.1         357.1
  111.0  16012  -80.1                          92     25  361.8         361.8
  107.0  16219  -80.5                          80     28  364.9         364.9
  100.0  16600  -81.1                          70     25  370.8         370.8
</PRE><H3>Station information and sounding indices</H3><PRE>
                         Station identifier: WIII
                             Station number: 96749
                           Observation time: 190216/0000
                           Station latitude: -6.11
                          Station longitude: 106.65
                          Station elevation: 8.0
                            Showalter index: 0.22
                               Lifted index: -1.19
    LIFT computed using virtual temperature: -1.40
                                SWEAT index: 214.60
                                    K index: 34.70
                         Cross totals index: 20.70
                      Vertical totals index: 22.10
                        Totals totals index: 42.80
      Convective Available Potential Energy: 306.04
             CAPE using virtual temperature: 415.61
                      Convective Inhibition: -21.62
             CINS using virtual temperature: -15.27
                           Equilibrum Level: 260.86
 Equilibrum Level using virtual temperature: 259.72
                   Level of Free Convection: 849.70
             LFCT using virtual temperature: 866.15
                     Bulk Richardson Number: 77.60
          Bulk Richardson Number using CAPV: 105.38
  Temp [K] of the Lifted Condensation Level: 294.88
Pres [hPa] of the Lifted Condensation Level: 965.44
   Equivalent potential temp [K] of the LCL: 348.20
     Mean mixed layer potential temperature: 297.88
              Mean mixed layer mixing ratio: 17.30
              1000 hPa to 500 hPa thickness: 5776.00
Precipitable water [mm] for entire sounding: 57.48
</PRE>
<P>Description of the 
<A HREF="/upperair/columns.html">data columns</A>
or <A HREF="/upperair/indices.html">sounding indices</A>.

<P>
<FORM>
<INPUT CLASS="button" TYPE="button" VALUE=" Close this window " 
 onClick="window.close();">
<INPUT CLASS="button" TYPE="button" VALUE=" Select another map " 
 onClick="window.blur();">
</FORM>
<HR SIZE="1">
<I>Interested in graduate studies in atmospheric science?
Check out our program at the
<a href="http://www.uwyo.edu/atsc/howtoapply/"
target=_top>University of Wyoming
</a></I>
<HR SIZE="1"><FONT SIZE="-1">
Questions about the weather data provided by this site can be
addressed to <A HREF="mailto:ldoolman@uwyo.edu">
Larry Oolman (ldoolman@uwyo.edu)</A></FONT>
<HR SIZE="1">
<SCRIPT TYPE="text/javascript">
<!--
window.focus();
// -->
</SCRIPT>
</BODY>
</HTML>
