2020-03-26 12
<HTML>
<TITLE>University of Wyoming - Radiosonde Data</TITLE>
<BODY BGCOLOR="white">
<H2>96749 WIII Jakarta Observations at 00Z 26 Mar 2020</H2>
<PRE>
-----------------------------------------------------------------------------
   PRES   HGHT   TEMP   DWPT   RELH   MIXR   DRCT   SKNT   THTA   THTE   THTV
    hPa     m      C      C      %    g/kg    deg   knot     K      K      K 
-----------------------------------------------------------------------------
 1009.0      8   26.0   23.9     88  18.92    165      4  298.4  353.6  301.8
 1000.0     85   26.0   23.5     86  18.63     80      9  299.1  353.7  302.5
  976.0    298   24.9   22.1     84  17.46     70     12  300.2  351.5  303.3
  943.0    600   23.4   20.0     81  15.91     55      9  301.6  348.7  304.5
  925.0    769   22.6   18.9     80  15.09     50      8  302.4  347.2  305.1
  851.0   1496   18.7   16.6     88  14.20    105      5  305.6  348.3  308.2
  850.0   1506   18.6   16.6     88  14.18    105      5  305.6  348.3  308.2
  827.0   1741   16.8   15.3     91  13.40    148      7  306.1  346.6  308.6
  821.0   1803   16.5   15.0     91  13.21    160      7  306.5  346.4  308.9
  793.0   2096   15.2   13.4     89  12.33    185      6  308.1  345.7  310.4
  720.0   2913   11.6    9.0     84  10.11    154      9  312.8  344.3  314.7
  700.0   3149   10.8    6.7     76   8.87    145     10  314.4  342.4  316.1
  688.0   3293   10.3    4.4     67   7.67    145      9  315.4  339.8  316.9
  681.0   3379   10.0    3.0     62   7.02    148      9  316.0  338.5  317.3
  640.0   3892    7.1    0.1     61   6.08    165      9  318.4  338.1  319.6
  627.0   4061    6.2   -0.8     61   5.79    156      8  319.2  338.1  320.3
  573.0   4792    1.6   -1.7     79   5.93    115      6  322.1  341.6  323.2
  556.0   5037    0.0   -2.0     86   5.98    155      9  323.0  342.8  324.2
  552.0   5094   -0.4   -2.3     87   5.90    165     10  323.3  342.8  324.4
  531.0   5402   -2.3   -3.8     89   5.46    150      6  324.6  342.8  325.6
  512.0   5692   -4.1   -5.3     92   5.08    180      7  325.7  342.8  326.7
  500.0   5880   -5.3   -6.2     93   4.84    185      6  326.5  342.9  327.5
  493.0   5989   -5.9   -6.8     93   4.68    175      8  327.1  343.0  328.0
  456.0   6592   -9.3  -10.2     93   3.88    200     12  330.2  343.6  331.0
  414.0   7339  -13.5  -14.4     93   3.05    151     14  334.1  344.9  334.7
  405.0   7506  -14.5  -15.5     92   2.85    140     15  334.8  345.0  335.4
  400.0   7600  -15.1  -16.1     92   2.74    145     14  335.3  345.1  335.8
  327.0   9098  -24.9  -27.2     81   1.26    141     22  341.7  346.5  341.9
  318.0   9299  -26.4  -28.7     81   1.13    140     23  342.3  346.7  342.6
  300.0   9720  -29.5  -31.9     80   0.89    120     27  343.7  347.2  343.9
  280.0  10204  -33.4  -36.1     77   0.63    125     23  345.0  347.5  345.1
  269.0  10486  -35.6  -38.5     75   0.51    130     26  345.7  347.8  345.8
  250.0  11000  -39.7  -42.9     71   0.35     90     18  346.9  348.4  347.0
  249.0  11027  -39.9  -43.1     71   0.34     89     18  347.0  348.4  347.1
  246.0  11107  -40.6                          85     17  347.1         347.1
  200.0  12470  -52.9                          70     26  348.8         348.8
  167.0  13605  -62.5                          70     29  351.3         351.3
  162.0  13790  -63.5                          70     29  352.7         352.7
  154.0  14099  -65.1                          60     20  355.1         355.1
  150.0  14260  -65.9                          45     15  356.4         356.4
  147.0  14377  -66.7                          25     11  357.0         357.0
  140.0  14660  -68.8                         345      9  358.4         358.4
  126.0  15271  -73.1                         270      8  361.5         361.5
  120.0  15553  -75.2                         255      8  362.9         362.9
  114.0  15851  -77.3                         310      2  364.3         364.3
  108.0  16164  -79.5                           5      9  365.7         365.7
  100.0  16610  -82.7                          25     13  367.7         367.7
   97.1  16775  -83.3                          30     13  369.6         369.6
   92.0  17081  -81.2                          55      5  379.5         379.5
   88.9  17275  -79.9                          34      3  385.9         385.9
   87.0  17397  -80.4                          20      2  387.2         387.2
   83.0  17664  -81.5                         195     12  390.3         390.3
   77.4  18060  -83.1                         177     17  394.8         394.8
   74.0  18314  -81.5                         165     21  403.3         403.3
   70.8  18565  -79.9                         133     11  411.8         411.8
   70.0  18630  -78.3                         125      8  416.6         416.6
   68.6  18747  -71.5                         123      8  433.6         433.6
   67.0  18884  -72.5                         120      8  434.4         434.4
   64.0  19150  -74.4                          85     11  436.0         436.0
   60.5  19477  -76.7                          81     13  437.9         437.9
   60.0  19525  -76.4                          80     13  439.6         439.6
   57.0  19823  -74.4                          35      8  450.6         450.6
   54.0  20138  -72.3                          25      2  462.4         462.4
   52.0  20357  -70.8                          70     12  470.8         470.8
   51.8  20380  -70.7                          70     12  471.7         471.7
   50.0  20590  -68.3                          70     15  482.1         482.1
   48.0  20838  -64.5                          74     21  496.8         496.8
   45.0  21237  -62.1                          80     31  511.9         511.9
   43.8  21404  -61.1                          85     30  518.3         518.3
   39.1  22106  -64.1                         105     26  527.8         527.8
   39.0  22122  -64.1                         105     26  528.3         528.3
   32.0  23350  -60.9                          75     29  567.4         567.4
   30.0  23750  -59.9                          90     25  580.8         580.8
   29.6  23833  -60.3                          96     24  581.9         581.9
   29.0  23961  -59.8                         105     22  586.8         586.8
   28.0  24181  -58.8                          85     21  595.3         595.3
   25.8  24692  -56.7                         120     16  615.4         615.4
   24.0  25148  -56.2                         150     12  629.6         629.6
   23.5  25281  -56.1                         139     15  633.8         633.8
   22.2  25640  -57.3                         110     22  640.6         640.6
   22.0  25697  -57.1                         105     23  643.0         643.0
   20.0  26300  -54.5                          95     35  668.6         668.6
   18.4  26836  -52.3                          93     48  691.6         691.6
   16.0  27742  -51.5                          90     69  722.6         722.6
   15.6  27906  -51.3                          90     69  728.3         728.3
   15.1  28118  -51.1                                     735.8         735.8
</PRE><H3>Station information and sounding indices</H3><PRE>
                         Station identifier: WIII
                             Station number: 96749
                           Observation time: 200326/0000
                           Station latitude: -6.11
                          Station longitude: 106.65
                          Station elevation: 8.0
                            Showalter index: -1.63
                               Lifted index: -2.89
    LIFT computed using virtual temperature: -3.16
                                SWEAT index: 215.19
                                    K index: 36.40
                         Cross totals index: 21.90
                      Vertical totals index: 23.90
                        Totals totals index: 45.80
      Convective Available Potential Energy: 760.45
             CAPE using virtual temperature: 855.99
                      Convective Inhibition: -40.67
             CINS using virtual temperature: -29.40
                           Equilibrum Level: 165.90
 Equilibrum Level using virtual temperature: 165.88
                   Level of Free Convection: 834.64
             LFCT using virtual temperature: 841.95
                     Bulk Richardson Number: 84.37
          Bulk Richardson Number using CAPV: 94.97
  Temp [K] of the Lifted Condensation Level: 294.83
Pres [hPa] of the Lifted Condensation Level: 941.86
   Equivalent potential temp [K] of the LCL: 351.82
     Mean mixed layer potential temperature: 299.93
              Mean mixed layer mixing ratio: 17.70
              1000 hPa to 500 hPa thickness: 5795.00
Precipitable water [mm] for entire sounding: 62.12
</PRE>
<P>Description of the 
<A HREF="/upperair/columns.html">data columns</A>
or <A HREF="/upperair/indices.html">sounding indices</A>.

<P>
<FORM>
<INPUT CLASS="button" TYPE="button" VALUE=" Close this window " 
 onClick="window.close();">
<INPUT CLASS="button" TYPE="button" VALUE=" Select another map " 
 onClick="window.blur();">
</FORM>
<HR SIZE="1">
<I>Interested in graduate studies in atmospheric science?
Check out our program at the
<a href="http://www.uwyo.edu/atsc/howtoapply/"
target=_top>University of Wyoming
</a></I>
<HR SIZE="1"><FONT SIZE="-1">
Questions about the weather data provided by this site can be
addressed to <A HREF="mailto:ldoolman@uwyo.edu">
Larry Oolman (ldoolman@uwyo.edu)</A></FONT>
<HR SIZE="1">
<SCRIPT TYPE="text/javascript">
<!--
window.focus();
// -->
</SCRIPT>
</BODY>
</HTML>
