2020-11-12 12
<HTML>
<TITLE>University of Wyoming - Radiosonde Data</TITLE>
<BODY BGCOLOR="white">
<H2>96749 WIII Jakarta Observations at 00Z 12 Nov 2020</H2>
<PRE>
-----------------------------------------------------------------------------
   PRES   HGHT   TEMP   DWPT   RELH   MIXR   DRCT   SKNT   THTA   THTE   THTV
    hPa     m      C      C      %    g/kg    deg   knot     K      K      K 
-----------------------------------------------------------------------------
 1010.0      8   26.2   24.3     89  19.37    240      4  298.5  355.1  301.9
 1000.0    101   25.6   23.8     90  18.98    285      2  298.8  354.3  302.1
  977.0    307   25.6   21.8     80  17.15    337      6  300.7  351.3  303.8
  925.0    787   22.2   20.6     91  16.82    100     14  302.0  351.9  305.0
  911.6    914   21.4   19.9     91  16.32     90     11  302.4  350.9  305.4
  880.2   1219   19.4   18.2     93  15.16     95     11  303.4  348.6  306.2
  877.0   1250   19.2   18.0     93  15.04     95     11  303.5  348.4  306.2
  850.0   1520   18.0   16.3     90  13.91     95     11  305.0  346.8  307.5
  849.6   1524   18.0   16.3     90  13.89     90     14  305.0  346.7  307.6
  819.9   1829   16.6   14.2     85  12.57    100     13  306.7  344.8  309.0
  806.0   1976   16.0   13.2     83  11.97     98     13  307.5  343.9  309.7
  791.1   2134   14.8   12.5     86  11.67     95     14  307.9  343.5  310.1
  745.0   2642   11.0   10.4     96  10.74     90     14  309.1  342.0  311.1
  730.0   2812    9.8    9.3     97  10.17     88     14  309.6  340.9  311.5
  728.0   2835    9.8    8.8     93   9.86     88     14  309.8  340.2  311.6
  707.0   3079   10.4   -0.6     46   5.21     86     14  313.1  329.8  314.1
  700.0   3162    9.8   -4.2     37   4.02     85     14  313.3  326.4  314.1
  690.0   3281    8.8   -5.2     37   3.78     84     14  313.5  325.8  314.2
  675.0   3463    8.0   -1.0     53   5.30     83     14  314.6  331.6  315.6
  662.0   3624    7.6   -8.4     31   3.08     82     15  315.9  326.1  316.5
  650.0   3774    7.2  -12.8     23   2.21     81     15  317.1  324.6  317.5
  647.0   3812    7.0  -12.0     24   2.37     80     15  317.3  325.3  317.7
  643.0   3863    6.4   -2.6     53   4.94     80     15  317.1  333.2  318.1
  637.0   3940    5.4    2.2     80   7.09     79     15  316.9  339.6  318.2
  618.0   4188    4.2    1.4     82   6.90     78     15  318.2  340.5  319.6
  606.0   4348    4.0   -3.0     60   5.09     76     16  319.8  336.5  320.8
  596.0   4483    3.2   -0.3     78   6.32     75     16  320.4  341.0  321.6
  563.0   4944    0.8   -2.1     81   5.86     72     17  322.8  342.2  324.0
  546.0   5191    0.0   -5.0     69   4.86     70     17  324.7  341.0  325.7
  513.0   5687   -3.9   -8.7     69   3.88     67     18  325.8  339.1  326.6
  507.0   5780   -4.3   -7.0     81   4.49     66     18  326.4  341.6  327.3
  500.0   5890   -4.9   -8.9     74   3.92     65     18  327.0  340.4  327.8
  447.0   6763  -10.7  -13.9     77   2.94     68     14  330.3  340.7  330.9
  424.0   7167  -12.7  -23.7     39   1.34     69     12  332.8  337.8  333.1
  400.0   7610  -15.3  -28.3     32   0.93     70     10  335.0  338.6  335.2
  394.0   7724  -15.7  -30.7     26   0.76     71     10  335.9  338.9  336.1
  389.0   7821  -16.1  -27.1     38   1.07     71     10  336.6  340.7  336.9
  382.0   7958  -16.9  -32.9     24   0.63     72     10  337.4  339.8  337.5
  365.0   8299  -19.1  -30.1     37   0.86     73     11  338.8  342.2  339.0
  352.0   8568  -21.3  -32.3     36   0.73     74     11  339.4  342.2  339.5
  345.0   8716  -22.3  -39.3     20   0.37     75     12  340.0  341.5  340.1
  338.0   8867  -22.9  -32.9     40   0.71     76     12  341.2  344.0  341.3
  300.0   9730  -30.3  -37.3     50   0.52     80     13  342.6  344.7  342.7
  250.0  11000  -40.1  -48.1     42   0.20     80     10  346.3  347.2  346.4
  239.0  11305  -42.9  -51.9     37   0.13     75     12  346.6  347.2  346.6
  227.0  11650  -45.7  -50.4     59   0.17     69     15  347.4  348.2  347.5
  200.0  12480  -52.7  -57.5     56   0.08     55     21  349.1  349.5  349.2
  174.0  13363  -60.7  -64.8     58   0.04     67     21  350.1  350.3  350.1
  150.0  14270  -68.3  -74.3     42   0.01     80     22  352.2  352.3  352.2
  122.0  15475  -78.5  -85.5     32   0.00     65     28  355.1  355.1  355.1
  112.0  15956  -82.1  -89.1     30   0.00     58     31  357.1  357.1  357.1
  108.0  16158  -83.1  -90.1     29   0.00     56     32  358.9  359.0  358.9
  105.0  16315  -82.7  -91.7     20   0.00     54     33  362.6  362.6  362.6
  100.0  16590  -77.3  -89.3     13   0.00     50     34  378.1  378.1  378.1
   92.0  17065  -79.0  -89.5     17   0.00     10      5  383.8  383.8  383.8
   87.0  17383  -80.2  -89.6     20   0.00    160      7  387.7  387.7  387.7
   84.9  17522  -80.7  -89.7     21   0.00    139      7  389.4  389.4  389.4
   82.0  17720  -79.7  -89.5     19   0.00    110      7  395.3  395.3  395.3
   78.0  18005  -78.3  -89.2     16   0.00     10     13  404.0  404.0  404.0
   74.4  18275  -76.9  -88.9     13   0.00     21     12  412.3  412.3  412.3
   70.6  18580  -72.5  -87.5      9   0.00     33     10  427.9  427.9  427.9
   70.0  18630  -72.7  -86.7     11   0.00     35     10  428.5  428.6  428.5
   67.0  18886  -74.5  -88.5     10   0.00     50     11  430.1  430.1  430.1
   66.6  18921  -74.7  -88.7     10   0.00     39     10  430.3  430.4  430.3
   64.0  19157  -72.8  -88.2      8   0.00    325      4  439.4  439.4  439.4
   60.0  19539  -69.7  -87.5      6   0.00    155      3  454.5  454.5  454.5
   58.0  19740  -68.1  -87.1      5   0.00    162      7  462.6  462.6  462.6
   57.0  19846  -67.8  -87.1      5   0.00    165      9  465.7  465.7  465.7
   55.0  20062  -67.0  -87.1      4   0.00    130      4  472.1  472.1  472.1
   52.0  20402  -65.9  -87.1      4   0.00     25      6  482.4  482.4  482.4
   50.0  20640  -65.1  -87.1      3   0.00     35      9  489.7  489.7  489.7
   47.0  21020  -61.8  -88.4      2   0.00    340     13  506.2  506.2  506.2
   46.7  21059  -61.5  -88.5      2   0.00    334     13  507.9  508.0  507.9
   43.0  21568  -63.9  -96.9      0   0.00    260     13  514.2  514.2  514.2
   37.0  22510  -59.2  -92.7      1   0.00    260     11  548.7  548.8  548.7
   35.0  22859  -57.5  -91.1      1   0.00    285      4  562.0  562.1  562.0
   34.0  23040  -56.6  -90.3      1   0.00    205      8  569.1  569.1  569.1
   31.0  23620  -53.7  -87.7      1   0.01    270      5  592.1  592.1  592.1
   30.0  23830  -54.3  -88.3      1   0.01    280      9  596.0  596.1  596.0
   29.0  24045  -54.9  -88.2      1   0.01    290     12  600.3  600.3  600.3
   24.4  25142  -57.7  -87.7      1   0.01    203     11  622.4  622.5  622.4
   24.0  25247  -57.7  -88.0      1   0.01    195     11  625.4  625.5  625.4
   23.2  25460  -57.7  -88.7      1   0.01    232     10  631.5  631.5  631.5
   22.1  25769  -53.7  -87.7      1   0.01    285      9  652.2  652.3  652.2
   22.0  25798  -53.7  -87.6      1   0.01    290      9  653.0  653.1  653.0
   21.0  26097  -53.7  -86.6      1   0.01    235      4  661.8  661.9  661.8
   20.2  26346  -53.7  -85.7      1   0.01    132      7  669.1  669.3  669.1
   20.0  26410  -54.1  -86.1      1   0.01    105      8  669.8  670.0  669.8
   18.0  27096  -47.5  -82.5      1   0.02    100     25  711.1  711.4  711.1
   17.0  27472  -47.7  -81.9      1   0.03     75     18  722.1  722.5  722.1
   16.0  27872  -47.9  -81.2      1   0.03     40     14  734.0  734.4  734.0
   15.0  28297  -48.2  -80.5      1   0.04     35      4  746.9  747.4  746.9
   14.0  28752  -48.4  -79.7      1   0.05    100      7  760.9  761.5  760.9
   13.7  28895  -48.5  -79.5      2   0.05                765.4  766.0  765.4
</PRE><H3>Station information and sounding indices</H3><PRE>
                         Station identifier: WIII
                             Station number: 96749
                           Observation time: 201112/0000
                           Station latitude: -6.11
                          Station longitude: 106.65
                          Station elevation: 8.0
                            Showalter index: -0.66
                               Lifted index: -2.71
    LIFT computed using virtual temperature: -3.15
                                SWEAT index: 235.60
                                    K index: 25.20
                         Cross totals index: 21.20
                      Vertical totals index: 22.90
                        Totals totals index: 44.10
      Convective Available Potential Energy: 1058.74
             CAPE using virtual temperature: 1216.16
                      Convective Inhibition: -18.95
             CINS using virtual temperature: -15.67
                           Equilibrum Level: 148.93
 Equilibrum Level using virtual temperature: 148.66
                   Level of Free Convection: 881.86
             LFCT using virtual temperature: 890.26
                     Bulk Richardson Number: 46.65
          Bulk Richardson Number using CAPV: 53.59
  Temp [K] of the Lifted Condensation Level: 294.99
Pres [hPa] of the Lifted Condensation Level: 942.37
   Equivalent potential temp [K] of the LCL: 352.47
     Mean mixed layer potential temperature: 300.05
              Mean mixed layer mixing ratio: 17.87
              1000 hPa to 500 hPa thickness: 5789.00
Precipitable water [mm] for entire sounding: 57.45
</PRE>
<P>Description of the 
<A HREF="/upperair/columns.html">data columns</A>
or <A HREF="/upperair/indices.html">sounding indices</A>.

<P>
<FORM>
<INPUT CLASS="button" TYPE="button" VALUE=" Close this window " 
 onClick="window.close();">
<INPUT CLASS="button" TYPE="button" VALUE=" Select another map " 
 onClick="window.blur();">
</FORM>
<HR SIZE="1">
<I>Interested in graduate studies in atmospheric science?
Check out our program at the
<a href="http://www.uwyo.edu/atsc/howtoapply/"
target=_top>University of Wyoming
</a></I>
<HR SIZE="1"><FONT SIZE="-1">
Questions about the weather data provided by this site can be
addressed to <A HREF="mailto:ldoolman@uwyo.edu">
Larry Oolman (ldoolman@uwyo.edu)</A></FONT>
<HR SIZE="1">
<SCRIPT TYPE="text/javascript">
<!--
window.focus();
// -->
</SCRIPT>
</BODY>
</HTML>
