2019-10-02 00
<HTML>
<TITLE>University of Wyoming - Radiosonde Data</TITLE>
<BODY BGCOLOR="white">
<H2>96749 WIII Jakarta Observations at 00Z 02 Oct 2019</H2>
<PRE>
-----------------------------------------------------------------------------
   PRES   HGHT   TEMP   DWPT   RELH   MIXR   DRCT   SKNT   THTA   THTE   THTV
    hPa     m      C      C      %    g/kg    deg   knot     K      K      K 
-----------------------------------------------------------------------------
 1012.0      8   25.4   22.3     83  17.07    210      2  297.5  347.2  300.6
 1000.0    115   25.0   20.8     78  15.73    195      5  298.1  344.0  301.0
  983.0    266   24.6   20.7     79  15.90    163      4  299.2  345.8  302.1
  979.0    301   24.3   20.6     80  15.82    155      4  299.3  345.6  302.1
  928.0    767   20.6   18.6     88  14.76    108     11  300.1  343.5  302.7
  925.0    795   20.4   18.4     88  14.62    105     11  300.2  343.2  302.8
  914.0    898   20.2   16.6     80  13.20    100     13  301.0  340.0  303.4
  904.0    993   20.0   15.0     73  12.00    102     13  301.7  337.4  303.9
  898.0   1051   19.8   12.8     64  10.44    104     12  302.1  333.3  304.0
  893.0   1099   19.0   15.6     81  12.64    105     12  301.8  339.2  304.0
  882.0   1205   18.2   15.1     82  12.38    108     11  302.0  338.8  304.2
  856.0   1462   18.8   13.8     73  11.72    114     10  305.2  340.5  307.4
  852.0   1502   18.5   13.5     73  11.57    115     10  305.3  340.2  307.5
  850.0   1522   18.4   13.4     73  11.49    115     10  305.4  340.1  307.5
  795.0   2093   13.9    9.2     73   9.25     95     16  306.5  334.8  308.2
  784.0   2212   13.0    8.3     73   8.84     93     16  306.8  333.8  308.4
  764.0   2430   13.0    3.0     51   6.25     89     17  309.0  328.6  310.2
  748.0   2608   11.6    1.6     50   5.78     85     17  309.4  327.5  310.5
  734.0   2767   10.2    5.7     74   7.88     82     18  309.5  334.0  311.0
  700.0   3162    8.4    4.9     79   7.82     75     19  311.8  336.2  313.2
  697.0   3198    8.2    4.9     80   7.85     75     19  311.9  336.5  313.4
  688.0   3305    7.8    3.5     75   7.21     75     19  312.6  335.3  313.9
  662.0   3622    6.4   -0.6     61   5.56     74     19  314.5  332.4  315.6
  589.0   4570    0.0   -6.0     64   4.17     72     19  317.8  331.5  318.6
  579.0   4707   -0.7   -8.7     55   3.44     72     19  318.5  330.0  319.1
  577.0   4735   -0.9   -5.9     69   4.29     72     19  318.6  332.7  319.4
  558.0   5002   -1.1  -11.1     47   2.95     71     19  321.4  331.4  322.0
  554.0   5059   -1.3  -12.3     43   2.70     71     19  321.8  331.1  322.4
  553.0   5074   -1.5   -8.5     59   3.66     71     19  321.8  334.1  322.5
  512.0   5684   -4.5  -20.5     27   1.47     70     19  325.3  330.6  325.6
  511.0   5699   -4.6  -20.5     28   1.47     70     19  325.3  330.6  325.6
  500.0   5870   -5.7  -20.7     30   1.48     80     21  326.0  331.3  326.3
  454.0   6623   -9.5  -34.5     11   0.45     94     25  330.4  332.1  330.5
  421.0   7199  -14.0  -35.5     15   0.45    105     28  331.8  333.5  331.9
  405.0   7495  -16.4  -35.9     17   0.44     85     28  332.5  334.2  332.6
  400.0   7590  -17.1  -36.1     18   0.44     85     26  332.7  334.4  332.8
  373.0   8104  -20.7  -40.9     15   0.29    105     20  334.6  335.8  334.6
  344.0   8700  -24.9  -46.5     12   0.17     80     12  336.7  337.4  336.8
  335.0   8895  -26.3  -48.3     11   0.14     88     15  337.4  338.0  337.4
  304.0   9587  -32.5  -55.5      8   0.07    119     25  338.2  338.5  338.2
  303.0   9610  -32.7  -55.5      8   0.07    120     25  338.2  338.5  338.2
  300.0   9680  -33.3  -55.3      9   0.07    115     26  338.3  338.6  338.3
  286.0  10015  -34.5  -57.5      8   0.06    108     25  341.3  341.5  341.3
  261.0  10647  -39.9  -54.9     19   0.09     94     23  342.4  342.8  342.4
  255.0  10805  -41.4                          90     22  342.4         342.4
  250.0  10940  -42.7                          90     22  342.4         342.4
  233.0  11404  -46.7                          85     21  343.3         343.3
  203.0  12312  -54.6                          55     29  344.6         344.6
  200.0  12410  -55.5                          55     30  344.7         344.7
  165.0  13607  -65.3                          46     33  347.8         347.8
  160.0  13792  -66.7                          45     33  348.5         348.5
  150.0  14180  -69.7                          55     41  349.8         349.8
  141.0  14546  -72.7                          71     41  350.8         350.8
  131.0  14976  -74.2                          90     42  355.6         355.6
  125.0  15249  -75.1                          92     41  358.8         358.8
  120.0  15485  -76.7                          94     40  360.0         360.0
  118.0  15582  -76.9                          95     40  361.4         361.4
  116.0  15680  -77.1                          91     37  362.8         362.8
  114.0  15780  -77.3                          87     33  364.2         364.2
  112.0  15882  -76.5                          83     30  367.6         367.6
  111.0  15934  -73.9                          81     28  373.4         373.4
  106.0  16202  -74.9                          70     19  376.5         376.5
  100.0  16540  -76.1                         100     14  380.4         380.4
   96.0  16775  -77.6                         105     16  382.0         382.0
   91.5  17051  -79.3                          90     14  383.9         383.9
   91.0  17083  -78.9                          90     12  385.2         385.2
   86.0  17412  -75.0                         355      2  399.3         399.3
   82.4  17660  -72.1                         256      8  410.2         410.2
   82.0  17689  -72.2                         245      9  410.7         410.7
   78.0  17983  -72.9                         265     12  415.1         415.1
   70.0  18620  -74.5                         250     18  424.7         424.7
   69.6  18653  -74.7                         251     18  424.9         424.9
   67.9  18797  -74.9                         257     16  427.5         427.5
   67.0  18875  -72.9                         260     15  433.6         433.6
   66.4  18927  -71.5                         259     15  437.6         437.6
   60.0  19523  -72.0                         250     17  449.3         449.3
   57.0  19825  -72.3                         275     17  455.4         455.4
   54.7  20067  -72.5                         253     18  460.3         460.3
   52.0  20367  -70.0                         225     19  472.9         472.9
   50.7  20517  -68.7                         222     18  479.3         479.3
   50.0  20600  -69.1                         220     17  480.2         480.2
   49.0  20720  -69.4                         225     16  482.4         482.4
   45.0  21225  -70.6                         275     14  491.4         491.4
   43.9  21372  -70.9                         271     16  494.0         494.0
   42.0  21633  -70.8                         265     19  500.6         500.6
   41.0  21775  -70.7                         275     19  504.3         504.3
   39.6  21982  -66.9                         289     20  518.9         518.9
   38.0  22231  -66.9                         305     21  525.0         525.0
   37.9  22247  -66.9                         305     21  525.4         525.4
   36.2  22526  -62.3                         308     27  544.2         544.2
   35.0  22733  -62.4                         310     31  549.1         549.1
   30.0  23680  -63.1                         245     19  572.0         572.0
   29.9  23701  -63.1                         246     18  572.6         572.6
   29.0  23891  -62.2                         255     11  580.1         580.1
   27.0  24337  -60.1                         325      8  598.0         598.0
   26.0  24573  -59.0                         350     15  607.7         607.7
   24.1  25047  -56.7                         326     34  627.5         627.5
   24.0  25073  -56.6                         325     35  628.4         628.4
   21.6  25742  -55.5                         279     25  651.1         651.1
   20.0  26230  -57.9                         245     17  658.2         658.2
   19.4  26422  -58.5                         224     18  662.1         662.1
   19.0  26553  -58.3                         210     19  666.7         666.7
   18.2  26823  -57.9                         166     17  676.2         676.2
   18.0  26894  -57.2                         155     16  680.4         680.4
   16.3  27529  -51.3                         120     38  719.2         719.2
   15.0  28067  -51.6                          90     56  735.3         735.3
   13.0  28993  -52.3                          80     39  763.9         763.9
   12.2  29404  -52.5                          90     60  777.0         777.0
   12.0  29511  -52.6                          90     60  780.4         780.4
   11.7  29675  -52.7                                     785.7         785.7
</PRE><H3>Station information and sounding indices</H3><PRE>
                         Station identifier: WIII
                             Station number: 96749
                           Observation time: 191002/0000
                           Station latitude: -6.11
                          Station longitude: 106.65
                          Station elevation: 8.0
                            Showalter index: 1.15
                               Lifted index: -0.86
    LIFT computed using virtual temperature: -1.49
                                SWEAT index: 201.81
                                    K index: 34.00
                         Cross totals index: 19.10
                      Vertical totals index: 24.10
                        Totals totals index: 43.20
      Convective Available Potential Energy: 382.70
             CAPE using virtual temperature: 528.22
                      Convective Inhibition: -56.55
             CINS using virtual temperature: -36.66
                           Equilibrum Level: 201.66
 Equilibrum Level using virtual temperature: 201.43
                   Level of Free Convection: 795.41
             LFCT using virtual temperature: 810.46
                     Bulk Richardson Number: 15.56
          Bulk Richardson Number using CAPV: 21.48
  Temp [K] of the Lifted Condensation Level: 292.93
Pres [hPa] of the Lifted Condensation Level: 932.38
   Equivalent potential temp [K] of the LCL: 345.13
     Mean mixed layer potential temperature: 298.86
              Mean mixed layer mixing ratio: 15.85
              1000 hPa to 500 hPa thickness: 5755.00
Precipitable water [mm] for entire sounding: 46.04
</PRE>
<P>Description of the 
<A HREF="/upperair/columns.html">data columns</A>
or <A HREF="/upperair/indices.html">sounding indices</A>.

<P>
<FORM>
<INPUT CLASS="button" TYPE="button" VALUE=" Close this window " 
 onClick="window.close();">
<INPUT CLASS="button" TYPE="button" VALUE=" Select another map " 
 onClick="window.blur();">
</FORM>
<HR SIZE="1">
<I>Interested in graduate studies in atmospheric science?
Check out our program at the
<a href="http://www.uwyo.edu/atsc/howtoapply/"
target=_top>University of Wyoming
</a></I>
<HR SIZE="1"><FONT SIZE="-1">
Questions about the weather data provided by this site can be
addressed to <A HREF="mailto:ldoolman@uwyo.edu">
Larry Oolman (ldoolman@uwyo.edu)</A></FONT>
<HR SIZE="1">
<SCRIPT TYPE="text/javascript">
<!--
window.focus();
// -->
</SCRIPT>
</BODY>
</HTML>
