2020-12-25 12
<HTML>
<TITLE>University of Wyoming - Radiosonde Data</TITLE>
<BODY BGCOLOR="white">
<H2>96749 WIII Jakarta Observations at 00Z 25 Dec 2020</H2>
<PRE>
-----------------------------------------------------------------------------
   PRES   HGHT   TEMP   DWPT   RELH   MIXR   DRCT   SKNT   THTA   THTE   THTV
    hPa     m      C      C      %    g/kg    deg   knot     K      K      K 
-----------------------------------------------------------------------------
 1008.0      8   25.8   21.0     75  15.80    210      6  298.3  344.4  301.1
 1000.0     73   26.4   20.4     70  15.33    250      8  299.6  344.6  302.3
  980.0    251   25.8   19.8     69  15.07    234     16  300.7  345.1  303.4
  975.0    296   25.6   19.4     69  14.79    230     18  300.9  344.6  303.6
  925.0    758   23.6   15.6     61  12.19    245     22  303.4  339.9  305.7
  885.0   1146   22.0   12.0     53  10.05    248     20  305.6  336.1  307.5
  850.0   1497   19.4   12.4     64  10.75    250     18  306.4  339.1  308.4
  826.0   1742   17.2   14.0     81  12.31    246     12  306.6  343.9  308.9
  820.0   1804   16.8   13.8     82  12.20    245     11  306.9  343.9  309.1
  792.0   2096   15.0   12.6     85  11.67    245      8  308.0  343.6  310.1
  738.0   2690   11.2   10.1     93  10.64    285     10  310.1  342.9  312.1
  700.0   3134    8.4    8.3     99   9.91    290     13  311.8  342.5  313.6
  689.0   3265    7.2    7.1     99   9.27    289     13  311.8  340.7  313.6
  662.0   3591    5.6    5.5     99   8.65    285     12  313.7  340.9  315.3
  615.0   4191    2.8    2.7     99   7.60    265      8  317.0  341.3  318.5
  593.0   4488    1.3    1.2     99   7.11    265      3  318.7  341.6  320.1
  573.0   4768    0.0   -0.1     99   6.68    211      3  320.3  342.0  321.6
  571.0   4796   -0.2   -0.3     99   6.59    205      3  320.4  341.8  321.6
  533.0   5345   -3.7   -4.7     93   5.09    178      6  322.5  339.4  323.5
  510.0   5694   -4.9   -6.7     87   4.57    160      8  325.1  340.5  326.0
  500.0   5850   -5.5   -7.6     85   4.34    170      9  326.3  341.0  327.1
  490.0   6008   -6.1   -9.6     76   3.79    165     12  327.4  340.4  328.2
  487.0   6056   -6.3  -10.2     74   3.64    158     13  327.8  340.3  328.5
  472.0   6300   -7.3  -10.3     79   3.71    120     16  329.5  342.3  330.2
  466.0   6399   -7.7  -10.4     81   3.74    119     16  330.2  343.1  330.9
  457.0   6550   -8.7  -10.7     85   3.72    118     15  330.8  343.7  331.5
  447.0   6721   -8.9  -15.9     57   2.49    117     14  332.6  341.5  333.1
  444.0   6773   -9.1  -18.1     48   2.08    116     14  333.0  340.5  333.4
  441.0   6826   -9.5  -15.5     62   2.61    116     14  333.1  342.5  333.7
  417.0   7254  -12.7  -15.9     77   2.67    112     12  334.4  344.0  334.9
  404.0   7495  -14.4  -17.5     77   2.41    110     11  335.3  344.0  335.8
  400.0   7570  -14.9  -18.0     77   2.33    110     11  335.5  344.0  336.0
  388.0   7797  -16.5  -19.7     76   2.08    100     10  336.4  344.0  336.8
  373.0   8091  -18.6  -21.9     75   1.79     85     14  337.4  344.0  337.8
  335.0   8892  -24.3  -27.8     73   1.17     88     12  340.1  344.6  340.4
  329.0   9024  -24.9  -30.9     57   0.89     89     12  341.1  344.5  341.2
  317.0   9293  -27.0  -32.0     62   0.83     90     11  341.8  345.1  342.0
  305.0   9572  -29.1  -33.1     68   0.78     62     11  342.6  345.7  342.8
  304.0   9595  -29.3  -33.4     68   0.76     60     11  342.7  345.7  342.8
  300.0   9690  -30.1  -34.5     65   0.69     65     11  342.8  345.6  343.0
  295.0   9809  -30.9  -36.9     56   0.55     66     11  343.4  345.6  343.5
  267.0  10506  -36.3  -40.4     66   0.43     70     10  345.4  347.2  345.5
  262.0  10639  -37.3  -41.0     68   0.41     72      9  345.8  347.5  345.9
  256.0  10797  -38.7  -42.9     64   0.34     75      8  346.1  347.5  346.1
  250.0  10960  -40.1  -44.8     61   0.28     85      8  346.3  347.5  346.4
  214.0  11984  -49.2  -54.8     52   0.11     90     13  348.0  348.4  348.0
  200.0  12430  -53.1  -59.1     48   0.07     70     21  348.5  348.8  348.5
  195.0  12588  -54.4  -60.6     46   0.06     75     23  348.9  349.2  349.0
  169.0  13478  -61.9  -69.0     38   0.02     80     23  351.1  351.2  351.1
  161.0  13780  -64.4  -71.9     35   0.01     80     32  351.7  351.8  351.8
  150.0  14220  -68.1  -76.1     31   0.01     80     42  352.6  352.6  352.6
  141.0  14588  -70.9  -78.9     30   0.01     82     43  354.0  354.0  354.0
  101.0  16493  -83.5  -92.5     20   0.00     95     47  365.1  365.1  365.1
  100.0  16550  -83.9  -92.9     20   0.00     95     48  365.4  365.4  365.4
   97.8  16673  -84.7  -93.7     20   0.00    100     51  366.2  366.2  366.2
   96.0  16776  -84.6  -93.6     20   0.00     95     52  368.2  368.2  368.2
   92.9  16958  -84.5  -93.5     20   0.00     86     40  372.0  372.0  372.0
   90.8  17085  -83.3  -92.3     20   0.00     80     32  376.8  376.8  376.8
   89.1  17192  -78.1  -90.1     13   0.00     75     26  389.2  389.2  389.2
   86.0  17396  -76.6  -87.5     16   0.00     65     13  396.2  396.2  396.2
   83.4  17573  -75.3  -85.3     20   0.00    341      8  402.3  402.3  402.3
   82.0  17671  -75.3  -85.3     20   0.00    295      6  404.2  404.2  404.2
   78.0  17961  -75.4  -85.4     20   0.00     75      4  409.9  409.9  409.9
   74.0  18267  -75.5  -85.5     20   0.00    130      3  416.0  416.0  416.0
   71.6  18458  -75.5  -85.5     20   0.00    201      6  419.8  419.9  419.8
   70.0  18590  -73.1  -86.1     12   0.00    250      8  427.7  427.7  427.7
   68.3  18735  -71.5  -83.5     15   0.01    256     11  434.1  434.2  434.1
   63.0  19211  -73.1  -83.6     19   0.01    275     21  440.8  440.8  440.8
   61.0  19401  -73.7  -83.7     20   0.01    272     16  443.5  443.5  443.5
   60.0  19498  -73.6  -83.6     21   0.01    270     13  445.9  445.9  445.9
   57.0  19799  -73.2  -83.2     21   0.01    305      6  453.4  453.4  453.4
   54.0  20117  -72.8  -82.8     21   0.01     50      6  461.4  461.4  461.4
   52.0  20339  -72.5  -82.5     21   0.01      5      8  467.1  467.1  467.1
   50.9  20464  -72.3  -82.3     21   0.01    330      4  470.3  470.4  470.3
   50.0  20570  -71.1  -82.1     18   0.01    300      1  475.5  475.6  475.5
   49.0  20690  -70.6  -81.4     19   0.01    175      3  479.5  479.6  479.5
   47.0  20938  -69.6  -79.9     21   0.01     80      4  487.7  487.8  487.7
   45.4  21144  -68.7  -78.7     22   0.02     56      7  494.6  494.8  494.6
   44.0  21334  -65.5  -77.0     19   0.02     35     10  506.8  506.9  506.8
   42.6  21531  -62.3  -75.3     16   0.03     42     10  519.5  519.7  519.5
   40.0  21919  -62.7  -74.3     20   0.04     55     10  528.0  528.3  528.0
   38.0  22235  -63.0  -73.5     23   0.05    195      4  535.0  535.4  535.0
   37.2  22366  -63.1  -73.1     25   0.05    197      4  538.0  538.3  538.0
   36.0  22569  -62.1  -72.4     24   0.06    200      5  545.6  546.0  545.6
   33.7  22977  -60.1  -71.1     22   0.08    261      7  561.2  561.9  561.3
   33.0  23108  -60.4  -72.2     20   0.07    280      7  563.8  564.3  563.8
   32.0  23299  -60.9  -73.8     17   0.05    235     10  567.5  568.0  567.6
   31.1  23477  -61.3  -75.3     14   0.04    228      7  571.0  571.4  571.1
   30.0  23700  -60.9  -76.9     10   0.04    220      4  578.0  578.3  578.0
   29.0  23910  -60.8  -77.1     10   0.04    185      4  584.1  584.4  584.1
   27.4  24263  -60.5  -77.5      9   0.04    237      6  594.3  594.6  594.3
   27.0  24355  -59.0  -77.0      8   0.04    250      6  601.1  601.4  601.1
   26.2  24544  -55.9  -75.9      6   0.05    254      2  615.0  615.4  615.0
   26.0  24593  -55.8  -76.2      6   0.05    255      1  616.6  617.0  616.6
   25.0  24843  -55.3  -77.8      4   0.04     60      8  625.0  625.3  625.0
   24.0  25103  -54.8  -79.5      3   0.03     40     10  633.8  634.0  633.8
   23.4  25264  -54.5  -80.5      3   0.03     49     14  639.3  639.5  639.3
   23.0  25374  -55.1  -83.0      2   0.02     55     17  640.7  640.9  640.7
   21.8  25714  -56.9  -90.9      1   0.00     59     19  645.2  645.2  645.2
   20.0  26260  -55.9  -90.9      1   0.01     65     22  664.3  664.4  664.3
   19.0  26589  -55.4  -91.6      0   0.00     60     18  675.6  675.7  675.6
   18.0  26935  -54.9  -92.4      0   0.00     45      2  687.7  687.8  687.7
   17.0  27301  -54.4  -93.2      0   0.00    150      9  700.8  700.8  700.8
   15.0  28103  -53.2  -94.9      0   0.00     75     36  730.2  730.2  730.2
   14.2  28454  -52.7  -95.7      0   0.00                743.4  743.4  743.4
</PRE><H3>Station information and sounding indices</H3><PRE>
                         Station identifier: WIII
                             Station number: 96749
                           Observation time: 201225/0000
                           Station latitude: -6.11
                          Station longitude: 106.65
                          Station elevation: 8.0
                            Showalter index: 1.76
                               Lifted index: -0.27
    LIFT computed using virtual temperature: -0.41
                                SWEAT index: 193.81
                                    K index: 37.20
                         Cross totals index: 17.90
                      Vertical totals index: 24.90
                        Totals totals index: 42.80
      Convective Available Potential Energy: 86.51
             CAPE using virtual temperature: 98.70
                      Convective Inhibition: -173.71
             CINS using virtual temperature: -148.02
                           Equilibrum Level: 492.03
 Equilibrum Level using virtual temperature: 485.75
                   Level of Free Convection: 719.77
             LFCT using virtual temperature: 723.47
                     Bulk Richardson Number: 24.76
          Bulk Richardson Number using CAPV: 28.24
  Temp [K] of the Lifted Condensation Level: 291.20
Pres [hPa] of the Lifted Condensation Level: 895.17
   Equivalent potential temp [K] of the LCL: 344.09
     Mean mixed layer potential temperature: 300.58
              Mean mixed layer mixing ratio: 14.80
              1000 hPa to 500 hPa thickness: 5777.00
Precipitable water [mm] for entire sounding: 56.83
</PRE>
<P>Description of the 
<A HREF="/upperair/columns.html">data columns</A>
or <A HREF="/upperair/indices.html">sounding indices</A>.

<P>
<FORM>
<INPUT CLASS="button" TYPE="button" VALUE=" Close this window " 
 onClick="window.close();">
<INPUT CLASS="button" TYPE="button" VALUE=" Select another map " 
 onClick="window.blur();">
</FORM>
<HR SIZE="1">
<I>Interested in graduate studies in atmospheric science?
Check out our program at the
<a href="http://www.uwyo.edu/atsc/howtoapply/"
target=_top>University of Wyoming
</a></I>
<HR SIZE="1"><FONT SIZE="-1">
Questions about the weather data provided by this site can be
addressed to <A HREF="mailto:ldoolman@uwyo.edu">
Larry Oolman (ldoolman@uwyo.edu)</A></FONT>
<HR SIZE="1">
<SCRIPT TYPE="text/javascript">
<!--
window.focus();
// -->
</SCRIPT>
</BODY>
</HTML>
