2021-05-16 00
<HTML>
<TITLE>University of Wyoming - Radiosonde Data</TITLE>
<BODY BGCOLOR="white">
<H2>96749 WIII Jakarta Observations at 00Z 16 May 2021</H2>
<PRE>
-----------------------------------------------------------------------------
   PRES   HGHT   TEMP   DWPT   RELH   MIXR   DRCT   SKNT   THTA   THTE   THTV
    hPa     m      C      C      %    g/kg    deg   knot     K      K      K 
-----------------------------------------------------------------------------
 1007.0      8   25.4   23.7     90  18.72    190      2  298.0  352.5  301.3
 1006.0     17   27.0   24.0     84  19.09    184      2  299.6  355.7  303.1
 1000.0     69   26.8   23.8     84  18.98    150      5  299.9  355.8  303.3
  975.0    295   25.6   22.1     81  17.49    105     10  300.9  352.6  304.1
  925.0    765   23.2   18.5     75  14.71     90     11  303.0  346.8  305.7
  920.0    812   23.0   17.0     69  13.43     90     11  303.3  343.4  305.7
  910.0    907   22.4   16.9     71  13.51     90     10  303.7  344.1  306.1
  880.0   1196   20.8   16.7     77  13.75     85      5  304.8  346.1  307.4
  850.0   1496   19.0   16.4     85  14.00    140      2  306.0  348.3  308.6
  792.0   2099   14.9   13.8     93  12.64    150      4  307.9  346.4  310.3
  758.0   2474   12.4   12.1     98  11.84     82      5  309.1  345.3  311.3
  756.0   2496   12.0   11.2     95  11.17     78      5  308.9  343.1  310.9
  748.0   2586   13.2    9.4     78   9.99     61      5  311.1  342.1  313.0
  738.0   2699   12.9    7.7     70   9.00     40      5  312.0  340.1  313.7
  726.0   2838   12.6    5.6     62   7.92     45      5  313.1  338.1  314.6
  720.0   2907   11.8    7.8     76   9.30     47      5  313.0  342.1  314.7
  716.0   2954   11.8    7.9     77   9.42     48      5  313.5  343.0  315.3
  712.0   3001   12.1    2.5     52   6.50     50      5  314.3  335.1  315.6
  711.0   3013   12.2    1.2     47   5.91     48      5  314.6  333.5  315.7
  707.0   3061   12.4   -4.6     30   3.86     42      5  315.3  327.9  316.0
  700.0   3144   12.0   -4.0     32   4.08     30      5  315.7  329.1  316.5
  687.0   3300   11.1   -6.6     28   3.42     20      3  316.5  327.8  317.1
  670.0   3509   10.0  -10.0     23   2.68    324      2  317.5  326.5  318.0
  663.0   3595    9.2   -7.0     31   3.44    300      1  317.6  329.0  318.2
  659.0   3646    8.8   -5.2     37   3.96    307      2  317.6  330.7  318.4
  652.0   3734    7.8    1.8     66   6.73    320      3  317.5  339.1  318.8
  639.0   3899    6.8    1.3     68   6.60    345      5  318.2  339.5  319.4
  619.0   4160    5.2    0.4     71   6.41    336      3  319.2  340.1  320.5
  616.0   4200    5.0   -0.1     70   6.23    335      3  319.5  339.7  320.7
  606.0   4333    4.4   -1.6     65   5.65    301      3  320.2  338.8  321.4
  599.0   4427    4.0   -5.0     52   4.43    277      3  320.9  335.6  321.7
  594.0   4495    4.2  -10.7     33   2.87    260      3  321.8  331.6  322.4
  593.0   4509    4.2  -11.8     30   2.63    259      3  322.0  331.0  322.5
  585.0   4619    3.6   -3.4     60   5.12    252      4  322.6  339.6  323.6
  579.0   4703    3.0   -1.2     74   6.09    246      4  322.8  342.9  324.0
  572.0   4802    2.8   -1.4     74   6.08    240      5  323.7  343.8  324.9
  564.0   4916    3.0   -3.0     65   5.47    212      5  325.2  343.6  326.3
  562.0   4944    2.8   -3.2     65   5.41    205      5  325.3  343.4  326.4
  561.0   4959    2.8   -3.2     65   5.42    202      4  325.5  343.7  326.6
  560.0   4973    2.8   -3.2     65   5.43    198      4  325.7  343.9  326.7
  559.0   4988    2.6   -3.4     65   5.36    195      4  325.6  343.6  326.6
  558.0   5002    3.0   -6.0     52   4.40    191      4  326.2  341.2  327.1
  557.0   5017    3.2  -12.8     30   2.58    188      4  326.6  335.6  327.1
  556.0   5031    3.4  -13.6     28   2.42    184      4  327.1  335.6  327.5
  555.0   5046    2.8   -8.2     44   3.73    181      4  326.5  339.3  327.2
  554.0   5060    2.6   -5.4     56   4.64    177      4  326.4  342.2  327.4
  553.0   5075    2.4   -3.6     65   5.33    174      4  326.4  344.3  327.4
  552.0   5090    2.2   -2.8     70   5.67    170      4  326.3  345.3  327.4
  551.0   5104    2.2   -2.8     70   5.68    169      4  326.5  345.6  327.6
  549.0   5134    2.0   -6.0     55   4.48    166      4  326.6  341.8  327.5
  547.0   5163    2.4  -17.6     21   1.76    163      4  327.4  333.7  327.7
  544.0   5207    2.2  -23.8     13   1.03    158      4  327.7  331.5  327.9
  539.0   5282    1.2   -8.8     47   3.67    151      4  327.3  339.9  328.1
  531.0   5401    0.6  -21.4     17   1.31    139      3  328.0  332.8  328.3
  525.0   5492    0.0  -18.0     24   1.78    130      3  328.4  334.7  328.7
  515.0   5646   -1.3  -18.3     26   1.77    115      3  328.6  334.9  328.9
  513.0   5677   -1.5  -21.5     20   1.34    112      3  328.7  333.6  329.0
  512.0   5692   -1.7  -18.4     27   1.76    110      3  328.7  335.0  329.0
  510.0   5723   -2.1  -12.1     46   2.98    112      3  328.6  339.0  329.1
  509.0   5739   -2.5   -8.5     63   3.98    114      3  328.2  341.9  329.0
  500.0   5880   -3.5  -10.5     58   3.46    125      2  328.7  340.7  329.4
  495.0   5960   -3.9  -12.9     50   2.88    127      2  329.2  339.2  329.7
  490.0   6040   -4.5  -10.5     63   3.53    130      3  329.4  341.6  330.1
  479.0   6218   -5.9  -10.5     70   3.61    135      4  329.8  342.3  330.5
  476.0   6268   -6.3  -10.2     74   3.72    136      4  329.9  342.8  330.6
  473.0   6317   -5.9  -13.9     53   2.78    138      4  331.0  340.8  331.6
  462.0   6501   -7.5  -13.5     62   2.94    143      5  331.2  341.6  331.8
  444.0   6810   -9.7  -17.7     52   2.16    152      7  332.2  340.0  332.7
  439.0   6898  -10.1  -22.4     36   1.45    155      7  332.8  338.2  333.1
  436.0   6950  -10.3  -25.3     28   1.13    148      7  333.2  337.4  333.4
  434.0   6986  -10.5  -26.5     26   1.02    143      7  333.4  337.2  333.6
  429.0   7075  -11.3  -17.3     61   2.31    130      7  333.5  341.8  333.9
  425.0   7147  -11.7  -15.3     75   2.75    120      7  333.9  343.7  334.4
  407.0   7478  -13.5  -22.5     47   1.55     73      6  335.7  341.4  336.0
  406.0   7497  -13.6  -22.7     46   1.53     70      6  335.8  341.5  336.1
  400.0   7610  -14.1  -24.1     43   1.37     55      5  336.6  341.7  336.9
  386.0   7879  -15.7  -20.7     65   1.92    110      4  337.9  345.0  338.3
  375.0   8092  -17.2  -22.8     62   1.64    155      4  338.7  344.8  339.0
  360.0   8391  -19.4  -25.8     57   1.31    300      3  339.8  344.7  340.0
  346.0   8683  -21.5  -28.7     52   1.04    325      4  340.8  344.8  341.0
  332.0   8986  -23.7  -31.7     48   0.82    300      4  341.8  345.0  342.0
  319.0   9279  -25.8  -34.6     44   0.64    250      5  342.8  345.3  342.9
  300.0   9730  -29.1  -39.1     37   0.43    250     10  344.2  346.0  344.3
  281.0  10194  -33.1  -45.1     29   0.24    255     11  345.0  346.0  345.0
  272.0  10424  -35.1  -48.1     25   0.18    270     13  345.3  346.1  345.4
  260.0  10739  -37.1  -49.1     28   0.17    291     16  346.9  347.6  346.9
  258.0  10792  -37.5  -49.5     27   0.16    295     16  347.1  347.8  347.1
  250.0  11010  -38.9  -50.9     27   0.14    295     19  348.1  348.7  348.1
  240.0  11288  -40.5  -58.5     13   0.06    291     19  349.8  350.1  349.8
  200.0  12500  -50.7  -67.7     12   0.02    275     17  352.3  352.4  352.3
  178.0  13248  -56.9  -66.9     27   0.03    273     17  354.1  354.2  354.1
  150.0  14310  -65.3  -78.3     15   0.01    270     18  357.4  357.4  357.4
  148.0  14388  -65.9  -78.9     15   0.01    270     18  357.8  357.8  357.8
  127.0  15283  -72.4  -85.4     13   0.00    255     16  362.1  362.1  362.1
  109.0  16176  -78.8  -91.8     11   0.00    305     15  366.0  366.0  366.0
  103.0  16507  -81.2  -94.2     10   0.00    295     13  367.4  367.4  367.4
  100.0  16680  -82.5  -95.5     10   0.00    260      9  368.1  368.1  368.1
   98.0  16792  -83.0  -95.8     10   0.00    240      8  369.3  369.3  369.3
   93.0  17082  -84.2  -96.7     10   0.00     10     12  372.4  372.4  372.4
   88.0  17388  -85.5  -97.6     11   0.00     25     22  375.7  375.7  375.7
   87.4  17426  -85.7  -97.7     11   0.00     25     22  376.1  376.1  376.1
   83.1  17705  -82.7  -94.7     12   0.00     87     22  387.7  387.7  387.7
   79.0  17986  -84.1  -96.1     11   0.00    150     21  390.4  390.4  390.4
   75.6  18230  -85.3  -97.3     11   0.00    154     21  392.9  392.9  392.9
   75.0  18274  -84.7  -96.9     10   0.00    155     21  395.0  395.0  395.0
   70.0  18660  -79.5  -93.5      9   0.00    220     10  414.0  414.0  414.0
   67.0  18914  -76.8  -93.8      5   0.00    230     10  425.1  425.1  425.1
   64.0  19180  -73.9  -94.2      3   0.00    260     12  437.0  437.0  437.0
   61.0  19458  -70.9  -94.5      2   0.00    290     21  449.6  449.6  449.6
   59.8  19574  -69.7  -94.7      2   0.00    289     21  455.0  455.0  455.0
   56.1  19952  -70.5 -100.5      1   0.00    287     22  461.5  461.5  461.5
   52.0  20406  -68.1  -99.5      0   0.00    285     23  477.2  477.2  477.2
   50.0  20640  -66.9  -98.9      0   0.00    300     19  485.4  485.4  485.4
   47.6  20939  -63.5  -96.5      0   0.00    296     21  500.4  500.4  500.4
   47.0  21017  -63.8  -96.7      0   0.00    295     21  501.5  501.5  501.5
   43.0  21559  -65.9  -98.0      0   0.00    285     29  509.3  509.3  509.3
   42.6  21616  -66.1  -98.1      0   0.00    283     30  510.1  510.1  510.1
   41.0  21849  -66.0  -98.0      0   0.00    275     32  516.1  516.1  516.1
   37.0  22472  -65.5  -97.5      1   0.00    240     21  532.5  532.5  532.5
   36.7  22521  -65.5  -97.5      1   0.00    241     20  533.9  533.9  533.9
   33.9  23008  -62.3  -95.3      1   0.00    255      6  554.5  554.5  554.5
   33.0  23176  -59.2  -92.9      1   0.00    260      1  566.9  566.9  566.9
   32.5  23271  -57.5  -91.5      1   0.00    322      2  574.0  574.0  574.0
   32.0  23369  -56.8  -91.1      1   0.00     25      4  578.5  578.6  578.5
   30.9  23591  -55.1  -90.1      1   0.00     11      2  588.8  588.9  588.8
   30.0  23780  -55.3  -90.3      1   0.00      0      1  593.3  593.3  593.3
   29.0  23993  -56.4  -91.2      1   0.00      0      3  596.0  596.0  596.0
   28.0  24214  -57.6  -92.1      1   0.00    150      6  598.8  598.8  598.8
   26.1  24657  -59.9  -93.9      0   0.00    125     14  604.3  604.4  604.3
   24.6  25030  -54.7  -89.7      1   0.01    114     27  629.6  629.7  629.6
   24.0  25189  -54.1  -89.3      1   0.01    110     33  635.9  635.9  635.9
   22.0  25748  -51.9  -87.9      1   0.01    103     36  658.4  658.5  658.4
   20.0  26360  -54.5  -89.5      1   0.01     95     39  668.6  668.7  668.6
   19.8  26424  -54.7  -89.7      1   0.01     94     41  669.9  670.0  669.9
   19.0  26689  -54.3  -89.3      1   0.01     90     47  679.0  679.1  679.0
   17.0  27402  -53.3  -88.3      1   0.01     95     54  704.2  704.3  704.2
   14.5  28440  -47.3  -84.3      1   0.02     91     56  757.1  757.4  757.1
   14.0  28675  -46.8  -83.9      1   0.03     90     57  766.5  766.8  766.5
   11.0  30287  -43.2  -81.0      1   0.05     90     55  834.1  834.7  834.1
   10.2  30792  -42.1  -80.1      1   0.06                856.4  857.2  856.4
</PRE><H3>Station information and sounding indices</H3><PRE>
                         Station identifier: WIII
                             Station number: 96749
                           Observation time: 210516/0000
                           Station latitude: -6.11
                          Station longitude: 106.65
                          Station elevation: 8.0
                            Showalter index: 0.19
                               Lifted index: -1.48
    LIFT computed using virtual temperature: -2.00
                                SWEAT index: 202.80
                                    K index: 22.90
                         Cross totals index: 19.90
                      Vertical totals index: 22.50
                        Totals totals index: 42.40
      Convective Available Potential Energy: 558.79
             CAPE using virtual temperature: 704.57
                      Convective Inhibition: -49.16
             CINS using virtual temperature: -31.16
                           Equilibrum Level: 204.22
 Equilibrum Level using virtual temperature: 203.26
                   Level of Free Convection: 824.16
             LFCT using virtual temperature: 836.31
                     Bulk Richardson Number: 177.43
          Bulk Richardson Number using CAPV: 223.71
  Temp [K] of the Lifted Condensation Level: 294.68
Pres [hPa] of the Lifted Condensation Level: 931.26
   Equivalent potential temp [K] of the LCL: 352.96
     Mean mixed layer potential temperature: 300.75
              Mean mixed layer mixing ratio: 17.75
              1000 hPa to 500 hPa thickness: 5811.00
Precipitable water [mm] for entire sounding: 54.44
</PRE>
<P>Description of the 
<A HREF="/upperair/columns.html">data columns</A>
or <A HREF="/upperair/indices.html">sounding indices</A>.

<P>
<FORM>
<INPUT CLASS="button" TYPE="button" VALUE=" Close this window " 
 onClick="window.close();">
<INPUT CLASS="button" TYPE="button" VALUE=" Select another map " 
 onClick="window.blur();">
</FORM>
<HR SIZE="1">
<I>Interested in graduate studies in atmospheric science?
Check out our program at the
<a href="http://www.uwyo.edu/atsc/howtoapply/"
target=_top>University of Wyoming
</a></I>
<HR SIZE="1"><FONT SIZE="-1">
Questions about the weather data provided by this site can be
addressed to <A HREF="mailto:ldoolman@uwyo.edu">
Larry Oolman (ldoolman@uwyo.edu)</A></FONT>
<HR SIZE="1">
<SCRIPT TYPE="text/javascript">
<!--
window.focus();
// -->
</SCRIPT>
</BODY>
</HTML>
