2022-07-30 12
<HTML>
<TITLE>University of Wyoming - Radiosonde Data</TITLE>
<BODY BGCOLOR="white">
<H2>96749 WIII Jakarta Observations at 00Z 30 Jul 2022</H2>
<PRE>
-----------------------------------------------------------------------------
   PRES   HGHT   TEMP   DWPT   RELH   MIXR   DRCT   SKNT   THTA   THTE   THTV
    hPa     m      C      C      %    g/kg    deg   knot     K      K      K 
-----------------------------------------------------------------------------
 1010.0      8   23.8   22.7     94  17.54    200      1  296.1  346.8  299.2
 1009.0     17   26.4   22.0     77  16.81    190      1  298.8  347.9  301.8
 1000.0     97   26.6   21.9     75  16.85    100      6  299.8  349.2  302.8
  978.0    294   25.2   20.8     77  16.10     90      9  300.3  347.7  303.2
  945.0    598   23.1   19.1     78  15.00     95     10  301.1  345.4  303.8
  925.0    788   21.8   18.1     80  14.34    100      7  301.6  344.0  304.2
  913.0    902   20.8   18.3     86  14.74    125      6  301.7  345.4  304.4
  898.0   1047   19.6   18.6     94  15.26    154      6  301.9  347.1  304.6
  882.0   1204   19.0   17.3     90  14.31    185      5  302.8  345.4  305.4
  852.0   1505   17.9   14.9     83  12.63    110      4  304.6  342.6  307.0
  850.0   1525   17.8   14.7     82  12.52    105      4  304.8  342.4  307.1
  826.0   1769   16.4   11.5     73  10.42     96      7  305.8  337.4  307.7
  823.0   1800   16.4    9.9     66   9.41     95      7  306.1  334.7  307.8
  814.0   1894   16.2    5.2     48   6.86     95      7  306.9  328.1  308.1
  799.0   2051   15.0    1.0     39   5.18     95      8  307.2  323.4  308.2
  794.0   2104   14.6    3.7     48   6.33     95      8  307.3  326.9  308.5
  788.0   2168   14.0    7.0     63   8.04     87      7  307.4  332.1  308.9
  785.0   2200   13.4    8.6     73   9.01     83      7  307.1  334.6  308.7
  781.0   2243   13.6    4.6     54   6.85     78      7  307.7  329.0  309.0
  769.0   2373   12.8    6.8     67   8.12     63      5  308.2  333.3  309.7
  767.0   2395   12.7    6.7     67   8.08     60      5  308.4  333.3  309.9
  736.0   2740   11.8    4.8     62   7.38     63     12  311.0  334.1  312.4
  717.0   2959   11.6   -3.4     35   4.17     65     16  313.1  326.6  313.9
  713.0   3005   11.3   -4.6     32   3.83     65     17  313.3  325.8  314.1
  700.0   3158   10.4   -8.6     25   2.87     65     18  314.0  323.5  314.5
  695.0   3218   10.2  -10.8     22   2.43     64     17  314.4  322.5  314.9
  668.0   3546    8.2  -11.8     23   2.33     61     14  315.7  323.6  316.2
  663.0   3608    7.6   -9.0     30   2.93     60     13  315.8  325.5  316.3
  646.0   3822    5.6    0.6     70   6.23     71     10  315.8  335.8  317.0
  639.0   3911    5.1    0.4     72   6.18     75      9  316.2  336.1  317.4
  594.0   4506    1.5   -1.3     82   5.91     20      5  318.7  337.9  319.8
  593.0   4519    1.4   -1.3     82   5.90     22      5  318.8  338.0  319.9
  573.0   4796    0.0   -7.0     59   3.97     58      7  320.3  333.5  321.0
  572.0   4810   -0.1   -6.8     61   4.03     60      7  320.3  333.7  321.1
  557.0   5023   -1.9   -4.2     84   5.06     39      7  320.6  337.3  321.6
  551.0   5109   -2.8   -4.2     90   5.13     30      7  320.6  337.5  321.6
  543.0   5225   -3.9   -4.1     99   5.23     36      8  320.6  337.8  321.6
  541.0   5254   -4.1   -4.4     98   5.13     37      9  320.7  337.6  321.7
  533.0   5373   -2.3   -6.6     72   4.40     43     10  324.2  339.0  325.1
  516.0   5630   -2.7  -10.7     54   3.30     56     13  326.7  338.1  327.4
  512.0   5692   -2.9  -14.9     39   2.36     59     14  327.2  335.5  327.7
  511.0   5708   -3.0  -14.9     40   2.37     60     14  327.2  335.6  327.7
  500.0   5880   -4.5  -14.5     46   2.50     60     17  327.5  336.3  328.0
  489.0   6055   -5.9  -11.9     63   3.16     56     19  327.9  338.8  328.5
  477.0   6249   -7.1  -18.1     41   1.94     52     22  328.7  335.6  329.1
  456.0   6597  -10.2  -18.3     51   2.00     45     27  329.1  336.3  329.6
  455.0   6614  -10.3  -18.3     52   2.00     46     27  329.2  336.3  329.6
  449.0   6716  -11.3  -20.3     47   1.71     50     28  329.2  335.3  329.5
  445.0   6785  -11.5  -24.5     33   1.19     53     28  329.8  334.1  330.0
  441.0   6854  -10.5  -33.5     13   0.52     55     29  331.9  333.9  332.0
  433.0   6995  -10.3  -40.3      7   0.26     61     30  333.9  334.9  333.9
  421.0   7210  -11.7  -41.4      7   0.24     70     31  334.7  335.7  334.8
  400.0   7600  -14.3  -43.3      7   0.21     80     32  336.3  337.2  336.4
  389.0   7811  -15.1  -43.1      7   0.22     80     30  338.0  338.9  338.0
  359.0   8401  -19.8  -46.2      8   0.17     90     28  339.5  340.2  339.5
  300.0   9720  -30.3  -53.3      9   0.09    100     21  342.6  342.9  342.6
  280.0  10197  -34.2  -56.8      8   0.06     90     24  343.8  344.1  343.8
  257.0  10789  -39.0  -61.1      8   0.04     80     27  345.3  345.5  345.3
  250.0  10980  -40.5  -62.5      8   0.03     75     30  345.7  345.9  345.7
  246.0  11088  -41.3  -62.9      8   0.03     75     33  346.1  346.3  346.1
  213.0  12057  -48.5  -66.5     11   0.02     78     37  349.5  349.6  349.5
  200.0  12470  -52.3  -67.3     15   0.02     80     39  349.8  349.9  349.8
  172.0  13425  -61.3  -68.3     39   0.02     73     42  350.3  350.4  350.3
  162.0  13790  -64.3  -71.7     35   0.01     70     43  351.4  351.4  351.4
  150.0  14260  -68.1  -76.1     31   0.01     60     38  352.6  352.6  352.6
  139.0  14696  -71.6  -80.0     28   0.00     65     42  354.1  354.2  354.1
  101.0  16523  -86.4  -96.4     16   0.00    130     37  359.5  359.5  359.5
  100.0  16580  -86.9  -96.9     15   0.00    130     38  359.6  359.6  359.6
   96.1  16796  -88.9  -98.9     15   0.00    120     37  359.8  359.8  359.8
   93.2  16963  -85.7  -95.7     16   0.00    113     37  369.3  369.3  369.3
   91.2  17085  -76.5  -90.5      9   0.00    108     37  389.8  389.8  389.8
   89.6  17188  -74.1  -87.1     12   0.00    104     37  396.6  396.6  396.6
   86.0  17426  -74.3  -88.2     10   0.00     95     37  400.7  400.8  400.7
   78.2  17980  -74.9  -90.9      7   0.00     66     34  410.6  410.6  410.6
   78.0  17995  -74.8  -90.9      7   0.00     65     34  411.1  411.1  411.1
   74.0  18304  -72.8  -90.8      5   0.00     55     29  421.6  421.6  421.6
   70.0  18630  -70.7  -90.7      4   0.00     95     28  432.8  432.8  432.8
   68.5  18759  -69.7  -90.7      3   0.00    102     32  437.6  437.6  437.6
   67.0  18890  -69.9  -91.0      3   0.00    110     37  440.1  440.1  440.1
   64.0  19162  -70.2  -91.7      3   0.00    110     45  445.1  445.1  445.1
   61.0  19447  -70.5  -92.4      3   0.00    110     49  450.5  450.5  450.5
   59.7  19575  -70.7  -92.7      3   0.00    109     49  452.9  452.9  452.9
   51.3  20483  -65.7  -89.7      2   0.00    101     52  484.7  484.7  484.7
   50.0  20640  -63.3  -89.3      2   0.00    100     52  493.9  493.9  493.9
   47.5  20958  -58.9  -86.9      2   0.00     83     50  511.7  511.7  511.7
   47.0  21025  -58.5  -86.6      2   0.00     80     50  514.3  514.3  514.3
   43.3  21543  -55.1  -84.1      2   0.01     39     25  534.7  534.8  534.7
   43.0  21587  -55.0  -83.9      2   0.01     35     23  536.0  536.1  536.0
   41.0  21892  -54.4  -82.7      2   0.01    345     12  545.0  545.1  545.0
   39.7  22098  -53.9  -81.9      2   0.01    313     12  551.2  551.3  551.2
   39.0  22211  -54.4  -81.9      2   0.01    295     12  552.6  552.8  552.7
   37.0  22545  -56.0  -81.8      3   0.01    315      5  557.0  557.2  557.0
   36.0  22719  -56.8  -81.8      3   0.01    290     12  559.3  559.5  559.3
   34.9  22916  -57.7  -81.7      3   0.01    290     13  561.9  562.0  561.9
   33.1  23252  -54.5  -81.5      2   0.02    290     15  579.0  579.1  579.0
   30.0  23880  -54.9  -79.9      3   0.02    290     18  594.4  594.6  594.4
   28.4  24229  -55.5  -79.5      4   0.03    282     25  602.1  602.3  602.1
   28.0  24320  -54.8  -79.4      3   0.03    280     27  606.4  606.6  606.4
   27.0  24552  -53.1  -79.1      3   0.03    270     30  617.6  617.9  617.6
   26.0  24795  -53.1  -78.7      3   0.03    260     34  624.2  624.5  624.2
   23.0  25583  -53.3  -77.3      4   0.04    255     26  646.0  646.4  646.0
   21.0  26172  -49.9  -76.9      3   0.05    265     43  673.2  673.7  673.2
   20.0  26490  -49.9  -75.9      3   0.06    260     38  682.7  683.3  682.7
   16.4  27789  -49.3  -75.3      3   0.09    270     32  724.4  725.3  724.5
   15.0  28368  -52.8  -75.3      5   0.09    275     30  731.6  732.6  731.6
   14.8  28455  -53.3  -75.3      5   0.09    275     30  732.7  733.7  732.7
   13.4  29097  -51.7  -75.7      4   0.10    279     29  759.3  760.3  759.3
   13.0                                       280     29                     
</PRE><H3>Station information and sounding indices</H3><PRE>
                         Station identifier: WIII
                             Station number: 96749
                           Observation time: 220730/0000
                           Station latitude: -6.11
                          Station longitude: 106.65
                          Station elevation: 8.0
                            Showalter index: 1.42
                               Lifted index: -0.62
    LIFT computed using virtual temperature: -1.15
                                SWEAT index: 201.40
                                    K index: 18.00
                         Cross totals index: 19.20
                      Vertical totals index: 22.30
                        Totals totals index: 41.50
      Convective Available Potential Energy: 229.27
             CAPE using virtual temperature: 372.03
                      Convective Inhibition: -40.04
             CINS using virtual temperature: -23.87
                           Equilibrum Level: 248.13
 Equilibrum Level using virtual temperature: 246.74
                   Level of Free Convection: 794.50
             LFCT using virtual temperature: 835.69
                     Bulk Richardson Number: 211.92
          Bulk Richardson Number using CAPV: 343.88
  Temp [K] of the Lifted Condensation Level: 293.10
Pres [hPa] of the Lifted Condensation Level: 921.05
   Equivalent potential temp [K] of the LCL: 347.69
     Mean mixed layer potential temperature: 300.08
              Mean mixed layer mixing ratio: 16.23
              1000 hPa to 500 hPa thickness: 5783.00
Precipitable water [mm] for entire sounding: 46.52
</PRE>
<P>Description of the 
<A HREF="/upperair/columns.html">data columns</A>
or <A HREF="/upperair/indices.html">sounding indices</A>.

<P>
<FORM>
<INPUT CLASS="button" TYPE="button" VALUE=" Close this window " 
 onClick="window.close();">
<INPUT CLASS="button" TYPE="button" VALUE=" Select another map " 
 onClick="window.blur();">
</FORM>
<HR SIZE="1">
<I>Interested in graduate studies in atmospheric science?
Check out our program at the
<a href="http://www.uwyo.edu/atsc/howtoapply/"
target=_top>University of Wyoming
</a></I>
<HR SIZE="1"><FONT SIZE="-1">
Questions about the weather data provided by this site can be
addressed to <A HREF="mailto:ldoolman@uwyo.edu">
Larry Oolman (ldoolman@uwyo.edu)</A></FONT>
<HR SIZE="1">
<SCRIPT TYPE="text/javascript">
<!--
window.focus();
// -->
</SCRIPT>
</BODY>
</HTML>
