2016-01-06 00
<HTML>
<TITLE>University of Wyoming - Radiosonde Data</TITLE>
<BODY BGCOLOR="white">
<H2>96749 WIII Jakarta Observations at 00Z 06 Jan 2016</H2>
<PRE>
-----------------------------------------------------------------------------
   PRES   HGHT   TEMP   DWPT   RELH   MIXR   DRCT   SKNT   THTA   THTE   THTV
    hPa     m      C      C      %    g/kg    deg   knot     K      K      K 
-----------------------------------------------------------------------------
 1011.0      8   24.2   23.2     94  18.08      0      0  296.4  348.7  299.6
 1010.0     17   26.0   22.3     80  17.11      9      0  298.3  348.2  301.4
 1002.0     91   27.2   22.8     77  17.79     78      2  300.2  352.6  303.4
 1000.0    110   27.0   22.8     78  17.83     95      2  300.1  352.6  303.4
  979.0    297   26.0   21.7     77  16.99     95      6  300.9  351.1  304.0
  925.0    798   23.2   18.7     76  14.90     65      6  303.0  347.4  305.7
  914.0    902   22.6   18.2     76  14.60     60      6  303.4  347.0  306.1
  850.0   1533   19.0   15.1     78  12.86     50      8  306.0  344.9  308.4
  824.0   1797   17.6   13.4     76  11.85     45     10  307.3  343.4  309.5
  796.0   2090   16.1   11.5     74  10.81     70     10  308.7  341.8  310.7
  741.0   2697   12.9    7.5     70   8.87     80      6  311.6  339.3  313.3
  715.0   3000   11.3    5.6     68   8.02    105      8  313.1  338.3  314.6
  700.0   3180   10.4    4.4     66   7.55     95      8  314.0  337.8  315.4
  690.0   3298    9.7    3.6     66   7.25     85      8  314.5  337.5  315.9
  642.0   3892    6.4   -0.2     63   5.89    100      4  317.3  336.3  318.4
  619.0   4192    4.7   -2.2     61   5.28     75      2  318.6  335.9  319.7
  610.0   4313    4.0   -3.0     60   5.05    141      2  319.2  335.8  320.2
  596.0   4500    2.6   -2.7     68   5.28    245      2  319.7  337.1  320.8
  575.0   4790    0.5   -2.3     81   5.65    105      2  320.5  339.1  321.6
  570.0   4860    0.0   -2.2     85   5.75     85      3  320.7  339.6  321.9
  553.0   5101   -1.2   -3.9     81   5.20     15      8  322.2  339.4  323.2
  533.0   5393   -2.6   -6.0     77   4.60    340      8  323.9  339.3  324.8
  513.0   5697   -4.0   -8.2     73   4.04    350     14  325.7  339.4  326.5
  504.0   5837   -4.7   -9.2     71   3.80    347     15  326.5  339.5  327.2
  500.0   5900   -5.3   -9.4     73   3.77    345     16  326.5  339.4  327.3
  460.0   6555   -8.3  -13.2     68   3.02    317      9  330.6  341.3  331.2
  457.0   6605   -8.5  -15.8     56   2.45    315      8  331.0  339.7  331.4
  450.0   6726   -9.1  -22.1     34   1.45    305      7  331.7  337.1  332.0
  440.0   6900  -10.4  -19.8     46   1.81    290      6  332.2  338.8  332.6
  436.0   6971  -10.9  -18.9     52   1.98    291      7  332.4  339.6  332.8
  433.0   7024  -11.3  -14.7     76   2.84    293      7  332.6  342.7  333.2
  400.0   7630  -15.9  -16.1     98   2.74    305     14  334.2  344.0  334.8
  391.0   7801  -17.2  -17.6     96   2.46    310     12  334.8  343.6  335.3
  390.0   7820  -17.3  -17.8     96   2.43    312     12  334.8  343.6  335.3
  388.0   7859  -16.7  -20.4     73   1.96    316     12  336.1  343.3  336.5
  375.0   8113  -18.1  -27.8     42   1.04    345     10  337.6  341.6  337.8
  360.0   8418  -19.7  -36.7     21   0.46    349     11  339.4  341.2  339.5
  327.0   9122  -25.9  -37.9     32   0.45    358     13  340.3  342.1  340.4
  319.0   9300  -27.1  -34.0     52   0.68      0     14  341.0  343.7  341.1
  309.0   9529  -28.7  -29.0     97   1.13    349      9  341.9  346.3  342.1
  306.0   9599  -29.3  -30.2     92   1.02    345      8  342.0  346.0  342.2
  300.0   9740  -30.5  -32.7     81   0.82      0      8  342.3  345.5  342.4
  293.0   9907  -31.7  -35.0     73   0.67     20      6  342.9  345.5  343.0
  292.0   9932  -31.9  -35.3     72   0.65     17      6  342.9  345.5  343.1
  269.0  10506  -36.5  -40.7     65   0.41    310      2  344.4  346.1  344.5
  257.0  10820  -38.7  -42.3     69   0.36    130      2  345.6  347.1  345.7
  250.0  11010  -40.1  -43.2     72   0.34     90      2  346.3  347.7  346.4
  246.0  11117  -41.0                          70      2  346.5         346.5
  225.0  11709  -46.1                         125      6  347.6         347.6
  200.0  12490  -52.9                         130      8  348.8         348.8
  196.0  12618  -53.8                         130      8  349.5         349.5
  187.0  12917  -55.8                          65      8  351.0         351.0
  168.0  13598  -60.3                          31     17  354.3         354.3
  150.0  14300  -63.5                         355     27  360.5         360.5
  140.0  14707  -65.9                         330     31  363.4         363.4
  115.0  15868  -72.9                         290     21  371.5         371.5
  103.0  16518  -76.8                         260     12  375.9         375.9
  101.0  16633  -77.5                         253     11  376.7         376.7
  100.0  16690  -77.9                         250     10  377.0         377.0
   93.0  17097  -80.4                         240     12  380.0         380.0
   84.0  17668  -83.8                         325      8  384.1         384.1
   79.1  18005  -85.9                         335     12  386.6         386.6
   75.0  18304  -82.7                           0     10  399.2         399.2
   71.0  18611  -79.4                         310      8  412.6         412.6
   70.0  18690  -78.5                         305     12  416.1         416.1
   68.6  18806  -75.9                         305     16  424.1         424.1
   67.0  18941  -76.4                         305     21  425.9         425.9
   64.0  19203  -77.4                         265     29  429.4         429.4
   58.0  19767  -79.5                         230     29  436.9         436.9
   57.9  19777  -79.5                         227     29  437.1         437.1
   55.0  20076  -76.1                         140     14  451.4         451.4
   50.0  20630  -69.7                          55     23  478.8         478.8
   49.0  20752  -67.9                          45     23  485.9         485.9
   47.4  20952  -64.9                          45     19  497.7         497.7
   45.0  21269  -64.7                          45     12  505.7         505.7
   41.0  21838  -64.2                          80     12  520.4         520.4
   40.0  21989  -64.1                          80     11  524.4         524.4
   39.0  22146  -63.2                          80     10  530.5         530.5
   37.0  22474  -61.3                         115     10  543.3         543.3
   33.0  23187  -57.3                         315      6  572.1         572.1
   32.3  23321  -56.5                         307      9  577.7         577.7
   30.0  23790  -56.1                         280     19  591.1         591.1
   26.0  24697  -56.2                         260     19  615.4         615.4
   24.0  25204  -56.3                         280     19  629.4         629.4
   23.0  25474  -56.4                         265     10  637.0         637.0
   22.0  25756  -56.4                         210      8  645.0         645.0
   21.0  26051  -56.5                         225      2  653.5         653.5
   20.0  26360  -56.5                         350      4  662.5         662.5
   19.0  26687  -56.2                         280      6  673.1         673.1
   18.0  27031  -55.9                         325      6  684.5         684.5
   17.0  27395  -55.6                         350     10  696.8         696.8
   16.0  27781  -55.3                          65      8  710.0         710.0
   13.8  28723  -54.5                          86     30  743.4         743.4
   13.3  28962  -48.7                          92     36  771.2         771.2
   13.0  29112  -48.6                          95     39  776.6         776.6
   12.0  29639  -48.3                          75     31  795.7         795.7
   10.0  30840  -47.5                          95     56  841.1         841.1
    8.0  32341  -41.9                          80     78  918.6         918.6
    7.6  32686  -40.6                          80     78  937.4         937.4
    7.2  33049  -39.3                          80     74  957.5         957.5
    7.0                                        80     72                     
</PRE><H3>Station information and sounding indices</H3><PRE>
                         Station identifier: WIII
                             Station number: 96749
                           Observation time: 160106/0000
                           Station latitude: -6.11
                          Station longitude: 106.65
                          Station elevation: 8.0
                            Showalter index: -0.34
                               Lifted index: -2.55
    LIFT computed using virtual temperature: -2.97
                                SWEAT index: 213.21
                                    K index: 33.40
                         Cross totals index: 20.40
                      Vertical totals index: 24.30
                        Totals totals index: 44.70
      Convective Available Potential Energy: 701.88
             CAPE using virtual temperature: 817.63
                      Convective Inhibition: -84.85
             CINS using virtual temperature: -55.67
                           Equilibrum Level: 191.02
 Equilibrum Level using virtual temperature: 191.01
                   Level of Free Convection: 731.66
             LFCT using virtual temperature: 790.12
                     Bulk Richardson Number: 675.11
          Bulk Richardson Number using CAPV: 786.44
  Temp [K] of the Lifted Condensation Level: 293.96
Pres [hPa] of the Lifted Condensation Level: 924.62
   Equivalent potential temp [K] of the LCL: 350.84
     Mean mixed layer potential temperature: 300.63
              Mean mixed layer mixing ratio: 17.07
              1000 hPa to 500 hPa thickness: 5790.00
Precipitable water [mm] for entire sounding: 55.97
</PRE>
<P>Description of the 
<A HREF="/upperair/columns.html">data columns</A>
or <A HREF="/upperair/indices.html">sounding indices</A>.

<P>
<FORM>
<INPUT CLASS="button" TYPE="button" VALUE=" Close this window " 
 onClick="window.close();">
<INPUT CLASS="button" TYPE="button" VALUE=" Select another map " 
 onClick="window.blur();">
</FORM>
<HR SIZE="1">
<I>Interested in graduate studies in atmospheric science?
Check out our program at the
<a href="http://www.uwyo.edu/atsc/howtoapply/"
target=_top>University of Wyoming
</a></I>
<HR SIZE="1"><FONT SIZE="-1">
Questions about the weather data provided by this site can be
addressed to <A HREF="mailto:ldoolman@uwyo.edu">
Larry Oolman (ldoolman@uwyo.edu)</A></FONT>
<HR SIZE="1">
<SCRIPT TYPE="text/javascript">
<!--
window.focus();
// -->
</SCRIPT>
</BODY>
</HTML>
