2020-01-22 00
<HTML>
<TITLE>University of Wyoming - Radiosonde Data</TITLE>
<BODY BGCOLOR="white">
<H2>96749 WIII Jakarta Observations at 00Z 22 Jan 2020</H2>
<PRE>
-----------------------------------------------------------------------------
   PRES   HGHT   TEMP   DWPT   RELH   MIXR   DRCT   SKNT   THTA   THTE   THTV
    hPa     m      C      C      %    g/kg    deg   knot     K      K      K 
-----------------------------------------------------------------------------
 1011.0      8   25.0   23.5     91  18.42    100      4  297.2  350.7  300.5
 1000.0    104   26.2   23.4     85  18.51    100      7  299.4  353.6  302.7
  995.0    149   26.2   23.0     83  18.15     86      7  299.8  353.1  303.0
  978.0    301   25.3   22.2     83  17.62     40      5  300.4  352.2  303.5
  946.0    596   23.6   20.8     84  16.63    320      7  301.5  350.6  304.5
  925.0    795   22.4   19.8     85  15.98    315      7  302.2  349.6  305.1
  882.0   1206   20.0   18.0     88  14.95    325      8  303.9  348.6  306.6
  850.0   1525   18.2   16.6     90  14.18    345      5  305.2  347.8  307.8
  795.0   2097   15.1   14.4     96  13.13    350      4  307.7  347.6  310.2
  774.0   2326   13.8   13.5     98  12.72      1      3  308.7  347.6  311.1
  767.0   2403   13.6   12.2     91  11.81      5      3  309.4  345.5  311.6
  758.0   2503   13.4   10.6     83  10.70     30      4  310.2  343.1  312.1
  740.0   2706   12.4   10.7     89  11.05     80      6  311.2  345.4  313.3
  729.0   2832   11.8   10.8     94  11.28     82      6  311.9  346.9  314.0
  715.0   2995   11.8    7.8     77   9.38     85      5  313.6  343.0  315.4
  714.0   3007   11.8    7.6     75   9.25     83      5  313.7  342.8  315.5
  700.0   3173   10.8    6.8     76   8.93     60      3  314.4  342.6  316.1
  693.0   3257   10.0    8.1     88   9.87     38      4  314.4  345.4  316.3
  689.0   3305    9.7    7.6     87   9.61     25      4  314.7  344.9  316.5
  642.0   3889    6.6    1.7     71   6.79     45      7  317.5  339.4  318.8
  641.0   3902    6.5    1.6     71   6.76     45      7  317.6  339.4  318.9
  618.0   4200    4.7   -0.1     71   6.20     15      9  318.9  339.0  320.1
  596.0   4495    3.0   -1.8     71   5.68    345      9  320.1  338.7  321.2
  589.0   4592    2.4   -2.3     71   5.52    339      8  320.5  338.7  321.6
  580.0   4716    1.6   -4.4     64   4.78    331      7  321.0  336.9  321.9
  574.0   4800    1.1   -3.2     73   5.30    325      6  321.4  338.9  322.4
  561.0   4984    0.0   -0.5     96   6.62    343      4  322.2  343.9  323.5
  553.0   5098   -0.5   -1.0     97   6.49    355      3  322.9  344.3  324.2
  533.0   5391   -1.8   -2.1     98   6.17     30      3  324.8  345.3  326.0
  513.0   5696   -3.2   -3.4     99   5.85     85      2  326.7  346.3  327.8
  503.0   5853   -3.9   -4.0     99   5.69     62      4  327.7  346.8  328.8
  500.0   5900   -4.3   -4.4     99   5.56     55      4  327.7  346.5  328.8
  493.0   6012   -4.7   -5.0     98   5.38     45      4  328.6  346.8  329.6
  475.0   6305   -5.2  -14.2     49   2.69     20      3  331.4  340.9  331.9
  473.0   6338   -5.3  -15.3     45   2.47     15      3  331.7  340.6  332.2
  457.0   6606   -7.8  -17.4     46   2.14    335      6  331.9  339.6  332.3
  431.0   7061  -12.1  -21.1     47   1.66    331      8  332.0  338.1  332.4
  423.0   7204  -13.0  -20.9     51   1.72    330      8  332.6  338.9  333.0
  400.0   7630  -15.7  -20.4     67   1.90    305      9  334.5  341.4  334.9
  391.0   7801  -17.0  -20.6     73   1.90    300     12  335.0  341.9  335.4
  385.0   7917  -17.9  -20.8     78   1.91    301     12  335.3  342.2  335.7
  374.0   8134  -18.5  -23.5     65   1.55    304     11  337.3  343.0  337.6
  344.0   8752  -23.3  -25.3     84   1.43    312      9  338.9  344.3  339.2
  332.0   9009  -25.2  -27.5     81   1.21    315      8  339.7  344.4  340.0
  319.0   9297  -27.4  -30.0     78   1.00    330      7  340.6  344.5  340.9
  300.0   9740  -30.7  -33.8     74   0.74    310      7  342.0  344.9  342.1
  269.0  10501  -36.7  -39.6     75   0.46    300      6  344.0  345.9  344.1
  258.0  10793  -39.0  -41.8     75   0.38    310      6  344.8  346.4  344.9
  254.0  10902  -39.9  -42.6     75   0.35    305      6  345.0  346.5  345.1
  250.0  11010  -40.9                         300      5  345.1         345.1
  247.0  11090  -41.6                         285      5  345.3         345.3
  236.0  11390  -44.3                         290      3  345.8         345.8
  225.0  11704  -47.0                         340      3  346.3         346.3
  215.0  12004  -49.7                          15      4  346.7         346.7
  206.0  12285  -52.2                          10      7  347.0         347.0
  200.0  12480  -53.9                           0      7  347.2         347.2
  196.0  12608  -55.1                           0      7  347.3         347.3
  191.0  12773  -56.7                           6      8  347.4         347.4
  187.0  12904  -57.4                          10      9  348.3         348.3
  179.0  13175  -58.9                           5     16  350.2         350.2
  162.0  13794  -62.3                          40      9  354.7         354.7
  154.0  14108  -64.0                         140      3  356.9         356.9
  151.0  14230  -64.7                         159      4  357.8         357.8
  150.0  14270  -64.9                         165      4  358.1         358.1
  147.0  14391  -66.0                         180      5  358.3         358.3
  140.0  14684  -68.6                         160      6  358.8         358.8
  133.0  14991  -71.3                          95      6  359.2         359.2
  132.0  15036  -71.7                          82      6  359.3         359.3
  126.0  15305  -73.1                           0      6  361.6         361.6
  120.0  15587  -74.5                         330     10  364.0         364.0
  114.0  15883  -76.0                         350     15  366.6         366.6
  108.0  16195  -77.6                          20     21  369.3         369.3
  100.0  16640  -79.9                          30     11  373.1         373.1
   97.0  16812  -81.2                          45      7  373.7         373.7
   94.3  16971  -82.5                          58      6  374.3         374.3
   92.0  17109  -82.0                          70      5  378.0         378.0
   89.2  17283  -81.3                          31      3  382.7         382.7
   87.0  17422  -82.0                           0      1  384.1         384.1
   83.0  17685  -83.2                          45      5  386.8         386.8
   78.0  18031  -84.8                         315     10  390.4         390.4
   76.5  18139  -85.3                         332      6  391.5         391.5
   74.0  18322  -85.4                           0      0  395.1         395.1
   71.7  18496  -85.5                          82      8  398.4         398.4
   70.0  18630  -81.7                         145     14  409.3         409.3
   69.9  18638  -80.9                         145     14  411.2         411.2
   67.0  18882  -78.5                         160     22  421.5         421.5
   60.0  19517  -72.1                                     449.2         449.2
</PRE><H3>Station information and sounding indices</H3><PRE>
                         Station identifier: WIII
                             Station number: 96749
                           Observation time: 200122/0000
                           Station latitude: -6.11
                          Station longitude: 106.65
                          Station elevation: 8.0
                            Showalter index: -0.45
                               Lifted index: -2.00
    LIFT computed using virtual temperature: -2.16
                                SWEAT index: 213.19
                                    K index: 35.10
                         Cross totals index: 20.90
                      Vertical totals index: 22.50
                        Totals totals index: 43.40
      Convective Available Potential Energy: 1040.47
             CAPE using virtual temperature: 1145.53
                      Convective Inhibition: -29.88
             CINS using virtual temperature: -22.18
                           Equilibrum Level: 172.70
 Equilibrum Level using virtual temperature: 172.63
                   Level of Free Convection: 844.85
             LFCT using virtual temperature: 861.35
                     Bulk Richardson Number: 663.62
          Bulk Richardson Number using CAPV: 730.63
  Temp [K] of the Lifted Condensation Level: 294.94
Pres [hPa] of the Lifted Condensation Level: 942.97
   Equivalent potential temp [K] of the LCL: 352.15
     Mean mixed layer potential temperature: 299.94
              Mean mixed layer mixing ratio: 17.79
              1000 hPa to 500 hPa thickness: 5796.00
Precipitable water [mm] for entire sounding: 63.17
</PRE>
<P>Description of the 
<A HREF="/upperair/columns.html">data columns</A>
or <A HREF="/upperair/indices.html">sounding indices</A>.

<P>
<FORM>
<INPUT CLASS="button" TYPE="button" VALUE=" Close this window " 
 onClick="window.close();">
<INPUT CLASS="button" TYPE="button" VALUE=" Select another map " 
 onClick="window.blur();">
</FORM>
<HR SIZE="1">
<I>Interested in graduate studies in atmospheric science?
Check out our program at the
<a href="http://www.uwyo.edu/atsc/howtoapply/"
target=_top>University of Wyoming
</a></I>
<HR SIZE="1"><FONT SIZE="-1">
Questions about the weather data provided by this site can be
addressed to <A HREF="mailto:ldoolman@uwyo.edu">
Larry Oolman (ldoolman@uwyo.edu)</A></FONT>
<HR SIZE="1">
<SCRIPT TYPE="text/javascript">
<!--
window.focus();
// -->
</SCRIPT>
</BODY>
</HTML>
