2019-10-26 00
<HTML>
<TITLE>University of Wyoming - Radiosonde Data</TITLE>
<BODY BGCOLOR="white">
<H2>96749 WIII Jakarta Observations at 00Z 26 Oct 2019</H2>
<PRE>
-----------------------------------------------------------------------------
   PRES   HGHT   TEMP   DWPT   RELH   MIXR   DRCT   SKNT   THTA   THTE   THTV
    hPa     m      C      C      %    g/kg    deg   knot     K      K      K 
-----------------------------------------------------------------------------
 1010.0      8   25.4   19.4     69  14.25    200      8  297.7  339.2  300.2
 1000.0     93   25.4   18.4     65  13.50    185      9  298.6  338.1  301.0
  991.0    173   25.8   18.8     65  13.98    181      9  299.7  340.8  302.2
  963.0    425   23.8   19.9     79  15.44    169      7  300.2  345.6  302.9
  944.0    599   22.8   18.4     76  14.28    160      6  300.9  343.1  303.4
  925.0    776   21.8   16.8     73  13.18    155      6  301.6  340.7  304.0
  881.0   1199   20.6   14.2     67  11.70    185      4  304.6  339.7  306.7
  861.0   1398   20.0   13.0     64  11.05    125      6  306.0  339.4  308.0
  851.0   1499   19.1   11.2     60   9.90     95      7  306.0  336.1  307.9
  850.0   1509   19.0   11.0     60   9.79     95      7  306.0  335.8  307.8
  825.0   1765   16.8    9.8     63   9.30     82     11  306.3  334.7  308.1
  822.0   1796   16.7    8.8     60   8.74     80     12  306.5  333.2  308.1
  766.0   2394   14.6   -9.7     18   2.40     80     10  310.5  318.4  310.9
  757.0   2495   14.2  -12.8     14   1.90     70      8  311.1  317.5  311.5
  739.0   2697   13.3  -14.9     13   1.64     50      5  312.3  317.9  312.6
  726.0   2846   12.6  -16.4     12   1.47     72      5  313.1  318.2  313.4
  719.0   2927   12.0  -17.0     12   1.41     84      4  313.3  318.2  313.6
  717.0   2950   11.6   -5.4     30   3.58     88      4  313.1  324.8  313.8
  713.0   2997   11.0   -4.3     34   3.91     95      4  313.0  325.7  313.8
  700.0   3150    9.2   -0.8     50   5.18     80      5  312.6  329.2  313.6
  697.0   3186    8.8    0.8     57   5.85     81      5  312.6  331.2  313.7
  688.0   3292    8.3   -1.9     49   4.88     85      6  313.2  328.9  314.1
  663.0   3596    6.9   -9.4     30   2.83    115      7  315.0  324.4  315.5
  639.0   3899    5.6  -17.0     18   1.59     80      5  316.8  322.3  317.1
  626.0   4067    4.8  -21.2     13   1.13     86      6  317.8  321.8  318.0
  572.0   4795    2.0  -27.6      9   0.70    110     11  322.7  325.3  322.9
  551.0   5096    0.8  -30.2      8   0.57    130      6  324.8  327.0  324.9
  537.0   5304    0.0  -32.0      7   0.49    102      6  326.2  328.1  326.4
  531.0   5393   -0.7  -31.0      8   0.55     90      6  326.4  328.5  326.6
  511.0   5697   -3.1  -27.5     13   0.79    120      4  327.1  330.1  327.3
  500.0   5870   -4.5  -25.5     18   0.97    165      5  327.5  331.1  327.7
  492.0   5996   -5.3  -24.7     20   1.06    185      5  328.0  331.9  328.2
  474.0   6287   -7.3  -22.8     28   1.30    155      2  329.1  333.8  329.3
  458.0   6556   -9.1  -21.1     37   1.56     42      3  330.1  335.7  330.4
  455.0   6606   -9.6  -21.0     39   1.58     20      3  330.1  335.9  330.4
  441.0   6847  -11.7  -20.7     47   1.68    331      4  330.4  336.4  330.7
  438.0   6900  -11.8  -22.6     40   1.43    320      4  330.9  336.1  331.2
  433.0   6988  -11.9  -25.9     30   1.08    311      4  331.8  335.9  332.1
  421.0   7201  -13.5  -29.7     24   0.78    290      4  332.4  335.4  332.6
  405.0   7496  -15.8  -34.8     18   0.49    330      5  333.2  335.1  333.3
  400.0   7590  -16.5  -36.5     16   0.42    320      3  333.5  335.1  333.5
  390.0   7780  -17.7  -44.7      8   0.18    202      5  334.3  335.1  334.3
  389.0   7799  -17.8  -44.9      7   0.18    190      5  334.5  335.2  334.5
  374.0   8092  -18.9  -47.9      6   0.14    215     11  336.8  337.3  336.8
  366.0   8254  -19.5  -49.5      5   0.11    211     10  338.0  338.5  338.1
  317.0   9306  -27.1  -51.1      8   0.11    187      7  341.6  342.1  341.7
  304.0   9605  -29.8  -49.3     13   0.14    180      6  341.9  342.5  341.9
  300.0   9700  -30.7  -48.7     15   0.15    185      7  342.0  342.6  342.0
  298.0   9748  -30.9  -43.9     27   0.26    186      7  342.4  343.5  342.4
  292.0   9889  -32.1  -46.0     24   0.21    190      8  342.7  343.6  342.7
  279.0  10207  -34.7  -50.6     18   0.13    140      5  343.4  344.0  343.4
  256.0  10807  -39.6  -59.3     11   0.05    105      7  344.6  344.9  344.6
  254.0  10862  -40.1  -60.1     10   0.05    103      8  344.7  345.0  344.8
  250.0  10970  -40.9                         100     10  345.1         345.1
  214.0  12001  -49.7                         115      7  347.2         347.2
  200.0  12450  -53.5                          85      7  347.9         347.9
  195.0  12608  -54.8                          75      7  348.3         348.3
  178.0  13175  -59.6                         135      6  349.7         349.7
  169.0  13498  -62.3                         150      7  350.4         350.4
  150.0  14240  -68.5                         105      7  351.9         351.9
  146.0  14400  -69.9                         100      7  352.2         352.2
  137.0  14776  -73.1                         116      8  353.0         353.0
  125.0  15297  -76.6                         140      9  356.0         356.0
  119.0  15576  -78.5                          75      8  357.6         357.6
  107.0  16181  -82.6                          55     19  360.8         360.8
  104.0  16342  -83.7                          55     18  361.7         361.7
  101.0  16505  -82.8                          70     15  366.5         366.5
  100.0  16560  -82.5                          75     14  368.1         368.1
   96.0  16789  -81.7                         120     11  374.0         374.0
   91.0  17090  -80.7                         120      5  381.8         381.8
   89.4  17189  -80.3                         169      7  384.4         384.4
   86.0  17407  -81.4                         275     11  386.6         386.6
   83.2  17593  -82.3                         278     13  388.4         388.4
   77.0  18033  -78.1                         285     17  405.8         405.8
   73.7  18282  -75.7                         264     21  415.9         415.9
   70.0  18580  -75.5                         240     26  422.5         422.5
   66.9  18842  -76.1                         244     25  426.8         426.8
   63.0  19190  -74.3                         250     24  438.1         438.1
   59.8  19497  -69.3                         255     24  455.9         455.9
   57.0  19787  -67.8                         260     23  465.6         465.6
   54.0  20113  -66.0                         270     17  476.8         476.8
   52.1  20329  -64.9                         327     15  484.4         484.4
   52.0  20341  -64.9                         330     15  484.6         484.6
   50.0  20580  -65.3                         335     21  489.2         489.2
   49.0  20703  -65.0                         330     20  492.6         492.6
   44.0  21360  -63.6                         265     14  511.5         511.5
   43.6  21416  -63.5                         263     14  513.1         513.1
   38.3  22205  -65.9                         227     19  526.4         526.4
   38.0  22253  -65.9                         225     19  527.6         527.6
   33.0  23109  -65.2                         245     12  551.1         551.1
   32.3  23239  -65.1                         269     13  554.8         554.8
   32.0  23296  -64.9                         280     13  556.9         556.9
   30.0  23690  -63.3                         285     10  571.5         571.5
   29.0  23902  -61.6                         110      3  581.7         581.7
   27.0  24348  -58.0                          95     12  603.8         603.8
   26.2  24536  -56.5                         331     10  613.3         613.3
   26.0  24584  -56.6                         300      9  614.5         614.5
   25.0  24833  -56.9                         275     11  620.4         620.4
   24.5  24961  -57.1                         277     10  623.4         623.4
   24.0  25092  -56.0                         280      8  630.2         630.2
   23.0  25364  -53.8                         145      6  644.5         644.5
   22.6  25476  -52.9                         134      9  650.4         650.4
   21.0  25952  -50.9                          90     20  670.2         670.2
   20.7  26046  -50.5                          90     22  674.2         674.2
   20.0  26270  -50.3                          90     26  681.5         681.5
   18.7  26706  -52.7                          80     39  687.2         687.2
   18.0  26951  -53.6                          75     47  691.9         691.9
   17.3  27206  -54.5                          70     40  696.9         696.9
   16.9  27356  -55.3                          67     36  699.0         699.0
   16.7  27431  -55.7                          65     34  700.1         700.1
   16.5  27508  -53.9                          64     31  708.3         708.3
   16.4  27548  -52.3                          63     30  714.7         714.7
   16.0  27707  -52.4                          60     26  719.5         719.5
   14.1  28523  -52.9                         103     33  744.2         744.2
   14.0  28569  -53.0                         105     33  745.3         745.3
   13.8  28662  -53.3                         104     34  747.5         747.5
   12.4  29367  -42.5                          93     43  808.5         808.5
   12.0                                        90     46                     
</PRE><H3>Station information and sounding indices</H3><PRE>
                         Station identifier: WIII
                             Station number: 96749
                           Observation time: 191026/0000
                           Station latitude: -6.11
                          Station longitude: 106.65
                          Station elevation: 8.0
                            Showalter index: 4.18
                               Lifted index: 1.59
    LIFT computed using virtual temperature: 0.96
                                SWEAT index: 150.98
                                    K index: 24.50
                         Cross totals index: 15.50
                      Vertical totals index: 23.50
                        Totals totals index: 39.00
      Convective Available Potential Energy: 0.00
             CAPE using virtual temperature: 0.96
                      Convective Inhibition: 0.00
             CINS using virtual temperature: -170.43
 Equilibrum Level using virtual temperature: 626.58
             LFCT using virtual temperature: 676.01
                     Bulk Richardson Number: 0.00
          Bulk Richardson Number using CAPV: 0.12
  Temp [K] of the Lifted Condensation Level: 291.00
Pres [hPa] of the Lifted Condensation Level: 903.71
   Equivalent potential temp [K] of the LCL: 341.92
     Mean mixed layer potential temperature: 299.56
              Mean mixed layer mixing ratio: 14.48
              1000 hPa to 500 hPa thickness: 5777.00
Precipitable water [mm] for entire sounding: 33.74
</PRE>
<P>Description of the 
<A HREF="/upperair/columns.html">data columns</A>
or <A HREF="/upperair/indices.html">sounding indices</A>.

<P>
<FORM>
<INPUT CLASS="button" TYPE="button" VALUE=" Close this window " 
 onClick="window.close();">
<INPUT CLASS="button" TYPE="button" VALUE=" Select another map " 
 onClick="window.blur();">
</FORM>
<HR SIZE="1">
<I>Interested in graduate studies in atmospheric science?
Check out our program at the
<a href="http://www.uwyo.edu/atsc/howtoapply/"
target=_top>University of Wyoming
</a></I>
<HR SIZE="1"><FONT SIZE="-1">
Questions about the weather data provided by this site can be
addressed to <A HREF="mailto:ldoolman@uwyo.edu">
Larry Oolman (ldoolman@uwyo.edu)</A></FONT>
<HR SIZE="1">
<SCRIPT TYPE="text/javascript">
<!--
window.focus();
// -->
</SCRIPT>
</BODY>
</HTML>
