2017-04-27 12
<HTML>
<TITLE>University of Wyoming - Radiosonde Data</TITLE>
<BODY BGCOLOR="white">
<H2>96749 WIII Jakarta Observations at 00Z 27 Apr 2017</H2>
<PRE>
-----------------------------------------------------------------------------
   PRES   HGHT   TEMP   DWPT   RELH   MIXR   DRCT   SKNT   THTA   THTE   THTV
    hPa     m      C      C      %    g/kg    deg   knot     K      K      K 
-----------------------------------------------------------------------------
 1011.0      8   24.4   23.3     94  18.19    230      2  296.6  349.3  299.8
 1010.0     16   24.2   22.3     89  17.11    230      2  296.5  346.0  299.5
 1000.0     98   25.8   21.4     77  16.33    235      2  298.9  346.8  301.9
  996.0    134   26.0   21.3     75  16.30    203      2  299.5  347.3  302.4
  978.0    295   25.4   20.6     75  15.84     60      1  300.5  347.1  303.3
  972.0    349   25.2   20.3     74  15.69     68      1  300.8  347.1  303.6
  945.0    597   23.6   19.3     77  15.13    105      3  301.6  346.4  304.3
  925.0    785   22.4   18.5     79  14.71    120      5  302.2  345.9  304.9
  913.0    898   21.7   17.9     79  14.32    120      7  302.6  345.2  305.2
  904.0    984   21.2   17.4     79  14.03    111      7  303.0  344.8  305.5
  889.0   1128   20.8   13.8     64  11.28     97      8  304.0  337.9  306.1
  882.0   1196   20.4   13.2     63  10.95     90      8  304.3  337.2  306.3
  850.0   1513   18.6   10.6     60   9.53    105      6  305.6  334.5  307.4
  838.0   1635   17.8    9.8     59   9.15    109      6  306.0  333.9  307.7
  826.0   1759   16.6   12.9     79  11.44    114      7  306.0  340.6  308.1
  822.0   1801   16.4   12.2     76  10.94    115      7  306.2  339.4  308.2
  789.0   2150   14.8    5.8     55   7.38    156      5  308.1  331.0  309.5
  776.0   2291   13.6    9.6     77   9.76    172      5  308.3  338.2  310.1
  766.0   2400   13.0    9.1     77   9.56    185      4  308.8  338.2  310.6
  739.0   2702   11.3    7.8     79   9.03    200      3  310.1  338.1  311.8
  713.0   3002    9.7    6.4     80   8.52    240      4  311.5  338.1  313.1
  700.0   3157    8.8    5.7     81   8.27    230      4  312.2  338.1  313.8
  664.0   3588    6.4    3.5     82   7.46    220      5  314.2  337.9  315.6
  640.0   3888    4.7    2.0     82   6.94    180      5  315.6  337.8  316.9
  578.0   4720    0.0   -2.3     84   5.62    203      7  319.5  337.8  320.6
  572.0   4803   -0.6   -2.5     87   5.59    205      7  319.7  338.0  320.8
  553.0   5073   -2.7   -3.2     96   5.50    173      4  320.3  338.4  321.4
  551.0   5102   -2.8   -3.4     96   5.46    170      4  320.6  338.5  321.6
  531.0   5395   -3.4   -4.8     89   5.05    215      3  323.3  340.1  324.3
  520.0   5561   -3.7   -5.7     86   4.84    253      4  324.8  341.0  325.8
  511.0   5698   -4.5   -6.8     84   4.53    285      5  325.5  340.8  326.4
  500.0   5870   -5.5   -8.1     82   4.18    315      7  326.3  340.5  327.1
  492.0   5995   -6.2   -8.8     82   4.03    315     10  326.9  340.6  327.7
  438.0   6896  -11.6  -13.5     86   3.11    330     15  331.1  342.0  331.7
  428.0   7075  -12.7  -14.4     87   2.95    324     12  331.9  342.3  332.5
  405.0   7496  -13.9  -18.9     66   2.13    310      6  335.6  343.4  336.1
  400.0   7590  -14.5  -20.5     60   1.88    300      5  336.1  343.0  336.4
  359.0   8390  -20.0  -27.7     50   1.10    265     10  339.3  343.5  339.5
  318.0   9288  -26.1  -35.8     40   0.57    275      7  342.7  345.0  342.9
  313.0   9405  -26.9  -36.9     38   0.52    285      8  343.2  345.3  343.3
  300.0   9710  -29.5  -38.5     41   0.46    310     10  343.7  345.6  343.8
  292.0   9898  -31.1  -40.0     41   0.41    325     12  344.1  345.7  344.1
  251.0  10953  -40.1  -48.1     42   0.20    320     15  345.9  346.8  346.0
  250.0  10980  -40.1                         320     15  346.3         346.3
  205.0  12296  -51.5                         330     20  348.6         348.6
  200.0  12460  -52.9                         335     19  348.8         348.8
  178.0  13191  -59.6                           0     18  349.7         349.7
  170.0  13480  -62.2                           0     20  349.9         349.9
  168.0  13554  -62.9                           1     19  350.0         350.0
  154.0  14081  -67.0                          10     15  351.7         351.7
  150.0  14240  -68.3                           5     12  352.2         352.2
  146.0  14395  -69.4                         355      9  353.1         353.1
  132.0  14975  -73.3                         290      5  356.4         356.4
  125.0  15288  -75.5                         230      9  358.0         358.0
  119.0  15570  -77.4                         225     13  359.5         359.5
  113.0  15868  -79.5                         245      6  361.1         361.1
  107.0  16181  -81.6                         340      8  362.7         362.7
  101.0  16513  -83.9                         330     10  364.3         364.3
  100.0  16570  -84.3                         330     10  364.6         364.6
   93.0  16973  -84.3                         253      8  372.2         372.2
   91.0  17094  -83.8                         230      7  375.6         375.6
   87.8  17294  -82.9                         237      9  381.2         381.2
   86.9  17352  -80.3                         239     10  387.6         387.6
   82.0  17683  -79.0                         250     13  396.7         396.7
   78.0  17969  -77.9                         295     11  404.7         404.7
   77.3  18020  -77.7                         297     13  406.2         406.2
   74.0  18277  -71.3                         305     21  424.7         424.7
   72.2  18422  -67.7                         289     27  435.4         435.4
   70.0  18610  -66.1                         270     34  442.6         442.6
   69.5  18653  -66.1                         268     35  443.5         443.5
   67.0  18872  -67.1                         255     38  446.0         446.0
   55.4  20008  -72.3                         240     26  459.1         459.1
   50.0  20610  -73.1                         235     27  470.8         470.8
   47.2  20947  -73.7                         230     13  477.2         477.2
   47.0  20972  -73.4                         230     12  478.5         478.5
   45.0  21234  -70.2                         255      6  492.1         492.1
   42.0  21648  -65.3                         245      9  514.3         514.3
   40.2  21911  -62.1                         294     13  528.7         528.7
   40.0  21942  -61.1                         300     14  531.8         531.8
   39.7  21989  -59.7                         301     15  536.6         536.6
   35.0  22779  -59.0                         310     26  558.0         558.0
   33.0  23147  -58.7                         300     22  568.3         568.3
   31.8  23379  -58.5                                     574.9         574.9
</PRE><H3>Station information and sounding indices</H3><PRE>
                         Station identifier: WIII
                             Station number: 96749
                           Observation time: 170427/0000
                           Station latitude: -6.11
                          Station longitude: 106.65
                          Station elevation: 8.0
                            Showalter index: 3.73
                               Lifted index: -1.30
    LIFT computed using virtual temperature: -1.54
                                SWEAT index: 146.20
                                    K index: 31.60
                         Cross totals index: 16.10
                      Vertical totals index: 24.10
                        Totals totals index: 40.20
      Convective Available Potential Energy: 240.12
             CAPE using virtual temperature: 298.71
                      Convective Inhibition: -92.57
             CINS using virtual temperature: -60.34
                           Equilibrum Level: 407.40
 Equilibrum Level using virtual temperature: 396.71
                   Level of Free Convection: 767.20
             LFCT using virtual temperature: 805.48
                     Bulk Richardson Number: 362.56
          Bulk Richardson Number using CAPV: 451.02
  Temp [K] of the Lifted Condensation Level: 292.91
Pres [hPa] of the Lifted Condensation Level: 921.35
   Equivalent potential temp [K] of the LCL: 346.83
     Mean mixed layer potential temperature: 299.86
              Mean mixed layer mixing ratio: 16.02
              1000 hPa to 500 hPa thickness: 5772.00
Precipitable water [mm] for entire sounding: 54.19
</PRE>
<P>Description of the 
<A HREF="/upperair/columns.html">data columns</A>
or <A HREF="/upperair/indices.html">sounding indices</A>.

<P>
<FORM>
<INPUT CLASS="button" TYPE="button" VALUE=" Close this window " 
 onClick="window.close();">
<INPUT CLASS="button" TYPE="button" VALUE=" Select another map " 
 onClick="window.blur();">
</FORM>
<HR SIZE="1">
<I>Interested in graduate studies in atmospheric science?
Check out our program at the
<a href="http://www.uwyo.edu/atsc/howtoapply/"
target=_top>University of Wyoming
</a></I>
<HR SIZE="1"><FONT SIZE="-1">
Questions about the weather data provided by this site can be
addressed to <A HREF="mailto:ldoolman@uwyo.edu">
Larry Oolman (ldoolman@uwyo.edu)</A></FONT>
<HR SIZE="1">
<SCRIPT TYPE="text/javascript">
<!--
window.focus();
// -->
</SCRIPT>
</BODY>
</HTML>
