2020-07-30 12
<HTML>
<TITLE>University of Wyoming - Radiosonde Data</TITLE>
<BODY BGCOLOR="white">
<H2>96749 WIII Jakarta Observations at 00Z 30 Jul 2020</H2>
<PRE>
-----------------------------------------------------------------------------
   PRES   HGHT   TEMP   DWPT   RELH   MIXR   DRCT   SKNT   THTA   THTE   THTV
    hPa     m      C      C      %    g/kg    deg   knot     K      K      K 
-----------------------------------------------------------------------------
 1010.0      8   23.8   21.3     86  16.07    180      2  296.1  342.5  298.9
 1009.0     17   24.6   20.6     78  15.39    178      2  297.0  341.6  299.7
 1000.0     99   25.4   20.9     76  15.83    155      6  298.6  344.8  301.4
  996.0    134   25.8   21.4     77  16.40    154      5  299.3  347.4  302.2
  977.0    303   24.6   20.8     79  16.09    150      3  299.8  347.1  302.7
  947.0    577   22.8   19.8     83  15.60     46      5  300.6  346.6  303.4
  944.0    605   22.6   19.4     82  15.27     35      5  300.7  345.7  303.4
  925.0    782   21.6   16.9     75  13.27     60      5  301.4  340.7  303.8
  924.0    791   21.8   14.8     64  11.58     59      5  301.7  336.1  303.8
  913.0    895   21.0   14.7     67  11.65     50      2  301.9  336.5  304.0
  882.0   1194   18.7   14.4     76  11.83    200      4  302.5  337.8  304.6
  851.0   1503   16.3   14.1     87  12.03    235      5  303.1  339.0  305.3
  850.0   1513   16.2   14.1     87  12.04    235      5  303.1  339.1  305.3
  847.0   1543   16.0   14.2     89  12.16    230      5  303.2  339.5  305.4
  839.0   1624   15.6   13.7     88  11.88    217      5  303.6  339.2  305.8
  824.0   1778   15.8   11.6     76  10.52    192      5  305.4  337.2  307.3
  813.0   1892   16.4    4.4     45   6.49    174      5  307.2  327.3  308.4
  793.0   2103   15.3   -0.0     35   4.84    140      5  308.3  323.5  309.2
  772.0   2331   14.2   -4.8     26   3.48    159      9  309.4  320.6  310.1
  766.0   2396   13.8   -4.5     28   3.60    165     10  309.7  321.3  310.4
  709.0   3044   10.0   -1.0     46   5.04    169     19  312.4  328.5  313.3
  700.0   3150    9.2   -1.8     46   4.81    170     21  312.6  328.1  313.6
  695.0   3209    9.0   -4.0     40   4.11    168     19  313.1  326.4  313.8
  688.0   3293    9.0  -14.0     18   1.89    165     17  314.0  320.4  314.3
  687.0   3305    8.9  -14.2     18   1.86    165     17  314.0  320.4  314.4
  639.0   3899    5.6  -24.3      9   0.84    115     19  316.8  319.8  316.9
  618.0   4173    4.0  -29.0      7   0.57    110     17  318.0  320.1  318.1
  616.0   4199    3.9  -29.4      7   0.55    110     17  318.2  320.2  318.3
  601.0   4399    3.0  -32.0      6   0.44    133     15  319.4  321.0  319.5
  590.0   4549    4.0  -35.0      4   0.33    151     14  322.2  323.5  322.3
  581.0   4673    3.2  -13.8     28   2.28    165     13  322.7  330.6  323.2
  572.0   4799    2.0  -13.5     31   2.37    180     12  322.8  331.0  323.2
  557.0   5014    0.0  -13.0     37   2.54    165     10  322.9  331.6  323.4
  518.0   5591   -3.7  -13.7     46   2.58    123      4  325.2  334.1  325.7
  511.0   5699   -4.3  -15.1     43   2.33    115      3  325.7  333.8  326.1
  500.0   5870   -5.3  -17.3     38   1.98     65      6  326.5  333.5  326.9
  492.0   5996   -6.0  -21.1     29   1.45     75      9  327.1  332.4  327.4
  487.0   6076   -6.5  -23.5     25   1.19     81      9  327.5  331.9  327.7
  473.0   6303   -8.0  -23.0     29   1.28    100      8  328.4  333.1  328.7
  466.0   6419   -8.7  -22.7     31   1.33     97      9  328.9  333.8  329.2
  451.0   6672  -10.9  -24.9     31   1.13     91     10  329.2  333.4  329.5
  447.0   6740  -11.3  -25.3     30   1.10     89     11  329.6  333.7  329.8
  445.0   6774  -11.5  -24.5     33   1.19     88     11  329.8  334.1  330.0
  444.0   6792  -11.7  -23.7     36   1.28     88     11  329.7  334.4  330.0
  443.0   6809  -11.7  -23.7     36   1.28     87     11  329.9  334.6  330.2
  441.0   6844  -11.5  -45.5      4   0.15     86     12  330.6  331.2  330.6
  438.0   6896  -11.7  -42.2      6   0.21     85     12  331.0  331.9  331.0
  435.0   6948  -11.9  -38.9      9   0.30     86     12  331.4  332.6  331.5
  432.0   7001  -12.5  -32.5     17   0.58     88     13  331.3  333.5  331.4
  421.0   7199  -11.5  -31.5     17   0.66     93     14  335.0  337.6  335.1
  406.0   7476  -11.9  -36.9     11   0.40    100     16  338.0  339.6  338.1
  405.0   7495  -12.0  -37.0     11   0.40    100     16  338.1  339.7  338.1
  400.0   7590  -12.7  -37.7     10   0.37     95     17  338.4  339.9  338.5
  359.0   8401  -19.8  -38.9     17   0.37     90     18  339.5  341.0  339.6
  352.0   8549  -21.1  -39.1     18   0.37     86     18  339.7  341.2  339.7
  328.0   9067  -24.1  -42.1     17   0.29     71     17  342.5  343.7  342.5
  305.0   9591  -29.0  -42.1     27   0.31     55     16  342.8  344.1  342.9
  300.0   9710  -30.1  -42.1     30   0.32     55     15  342.8  344.1  342.9
  281.0  10171  -34.7  -43.7     40   0.28     60     14  342.7  343.9  342.8
  280.0  10196  -34.8  -44.2     38   0.27     60     14  342.8  344.0  342.9
  268.0  10499  -36.6  -50.0     24   0.15     80     16  344.6  345.3  344.7
  250.0  10980  -39.3  -59.3     10   0.05     80     23  347.5  347.7  347.5
  247.0  11062  -40.1  -59.1     11   0.05     81     23  347.5  347.8  347.5
  200.0  12460  -52.9                          95     25  348.8         348.8
  196.0  12586  -53.9                          95     26  349.2         349.2
  150.0  14250  -67.5                          70     39  353.6         353.6
  123.0  15405  -78.3                          66     33  354.6         354.6
  119.0  15590  -79.2                          65     32  356.2         356.2
  101.0  16504  -83.8                          95     26  364.5         364.5
  100.0  16560  -84.1                         100     27  365.0         365.0
   95.2  16832  -85.9                         100     34  366.6         366.6
   92.3  17004  -82.7                         100     36  376.2         376.2
   91.5  17054  -79.3                         100     36  383.9         383.9
   89.2  17201  -74.5                         100     38  396.3         396.3
   86.0  17415  -74.2                         100     40  401.0         401.0
   84.8  17497  -74.1                          96     35  402.8         402.8
   82.0  17696  -70.7                          85     24  413.7         413.7
   80.9  17776  -69.3                          73     23  418.1         418.1
   78.0  17994  -69.8                          40     19  421.4         421.4
   70.0  18640  -71.5                          10     12  431.1         431.1
   68.9  18733  -71.7                           8      9  432.6         432.6
   67.0  18899  -71.4                           5      5  436.7         436.7
   64.0  19169  -70.9                         130      9  443.6         443.6
   60.6  19496  -65.9                         126     14  461.7         461.7
   55.0  20083  -66.3                         120     22  473.8         473.8
   50.0  20660  -66.7                         110     26  485.9         485.9
   49.5  20721  -66.9                         107     27  486.8         486.8
   47.0  21039  -64.0                          90     30  501.1         501.1
   45.0  21305  -61.5                          65     22  513.3         513.3
   44.5  21374  -60.9                          69     20  516.5         516.5
   43.0  21587  -60.6                          80     12  522.3         522.3
   41.0  21884  -60.2                          55     12  530.5         530.5
   39.8  22069  -59.9                         117      6  535.7         535.7
   39.0  22195  -60.5                         160      2  537.4         537.4
   37.0  22522  -61.9                         170      5  541.8         541.8
   35.2  22831  -63.3                         323      5  546.0         546.0
   35.0  22866  -63.2                         340      5  547.2         547.2
   33.4  23154  -62.1                         314      7  557.4         557.4
   32.0  23422  -58.1                         290      9  575.0         575.0
   31.8  23461  -57.5                         284      9  577.6         577.6
   30.0  23830  -56.9                         230     13  588.9         588.9
   29.0  24043  -57.7                         200     13  592.4         592.4
   28.3  24196  -58.3                         191     11  595.0         595.0
   27.0  24495  -57.5                         175      8  605.3         605.3
   25.0  24983  -56.2                          85      4  622.5         622.5
   24.0  25243  -55.5                          55      8  631.9         631.9
   23.0  25513  -54.7                          65      8  641.8         641.8
   22.0  25795  -54.0                         165      4  652.3         652.3
   20.0  26400  -52.3                          90      6  675.3         675.3
   19.0  26734  -51.6                         115     10  687.3         687.3
   16.3  27730  -49.7                          86     12  724.4         724.4
   15.0  28274  -49.5                          70     13  742.3         742.3
   14.0  28726  -49.4                          70     12  757.5         757.5
   13.0  29211  -49.3                                     774.2         774.2
</PRE><H3>Station information and sounding indices</H3><PRE>
                         Station identifier: WIII
                             Station number: 96749
                           Observation time: 200730/0000
                           Station latitude: -6.11
                          Station longitude: 106.65
                          Station elevation: 8.0
                            Showalter index: 1.99
                               Lifted index: -0.85
    LIFT computed using virtual temperature: -1.43
                                SWEAT index: 185.19
                                    K index: 24.60
                         Cross totals index: 19.40
                      Vertical totals index: 21.50
                        Totals totals index: 40.90
      Convective Available Potential Energy: 86.95
             CAPE using virtual temperature: 229.76
                      Convective Inhibition: -34.43
             CINS using virtual temperature: -21.48
                           Equilibrum Level: 275.94
 Equilibrum Level using virtual temperature: 275.08
                   Level of Free Convection: 863.51
             LFCT using virtual temperature: 878.77
                     Bulk Richardson Number: 31.96
          Bulk Richardson Number using CAPV: 84.44
  Temp [K] of the Lifted Condensation Level: 292.98
Pres [hPa] of the Lifted Condensation Level: 927.37
   Equivalent potential temp [K] of the LCL: 346.17
     Mean mixed layer potential temperature: 299.38
              Mean mixed layer mixing ratio: 15.99
              1000 hPa to 500 hPa thickness: 5771.00
Precipitable water [mm] for entire sounding: 36.74
</PRE>
<P>Description of the 
<A HREF="/upperair/columns.html">data columns</A>
or <A HREF="/upperair/indices.html">sounding indices</A>.

<P>
<FORM>
<INPUT CLASS="button" TYPE="button" VALUE=" Close this window " 
 onClick="window.close();">
<INPUT CLASS="button" TYPE="button" VALUE=" Select another map " 
 onClick="window.blur();">
</FORM>
<HR SIZE="1">
<I>Interested in graduate studies in atmospheric science?
Check out our program at the
<a href="http://www.uwyo.edu/atsc/howtoapply/"
target=_top>University of Wyoming
</a></I>
<HR SIZE="1"><FONT SIZE="-1">
Questions about the weather data provided by this site can be
addressed to <A HREF="mailto:ldoolman@uwyo.edu">
Larry Oolman (ldoolman@uwyo.edu)</A></FONT>
<HR SIZE="1">
<SCRIPT TYPE="text/javascript">
<!--
window.focus();
// -->
</SCRIPT>
</BODY>
</HTML>
