2022-03-07 12
<HTML>
<TITLE>University of Wyoming - Radiosonde Data</TITLE>
<BODY BGCOLOR="white">
<H2>96749 WIII Jakarta Observations at 00Z 07 Mar 2022</H2>
<PRE>
-----------------------------------------------------------------------------
   PRES   HGHT   TEMP   DWPT   RELH   MIXR   DRCT   SKNT   THTA   THTE   THTV
    hPa     m      C      C      %    g/kg    deg   knot     K      K      K 
-----------------------------------------------------------------------------
 1008.0      8   25.4   23.4     89  18.36    220      2  297.9  351.4  301.1
 1000.0     82   25.8   23.7     88  18.86    185      5  298.9  354.2  302.3
  975.0    305   24.7   22.3     87  17.74    235     16  300.0  352.2  303.2
  925.0    768   22.4   19.4     83  15.58    235     25  302.2  348.4  305.0
  875.0   1251   20.8   16.1     74  13.33    222     24  305.4  345.5  307.8
  850.0   1501   19.2   14.9     76  12.69    215     24  306.2  344.6  308.6
  825.0   1758   17.2   15.5     90  13.61    218     22  306.8  347.9  309.3
  767.0   2379   14.8   10.6     76  10.57    224     18  310.6  343.3  312.6
  712.0   3003   10.1    7.1     82   8.96    230     13  312.1  340.1  313.8
  700.0   3146    9.0    6.3     83   8.63    220     14  312.4  339.4  314.0
  687.0   3301    7.5    6.0     90   8.58    210     13  312.4  339.3  314.0
  681.0   3374    6.8    5.8     93   8.56    215     13  312.4  339.2  314.0
  639.0   3892    4.0    3.4     96   7.70    250     13  315.0  339.4  316.4
  593.0   4501    0.7    0.6     99   6.78    240      9  317.9  339.8  319.2
  584.0   4625    0.0    0.0    100   6.60    252      7  318.5  339.9  319.8
  571.0   4805   -0.8   -0.8    100   6.34    270      4  319.6  340.2  320.8
  550.0   5103   -2.3   -2.3    100   5.92    210      6  321.3  340.8  322.5
  510.0   5703   -5.1   -5.1    100   5.15    250      7  324.9  342.1  325.9
  505.0   5782   -5.5   -5.5    100   5.06    240      5  325.3  342.3  326.3
  500.0   5860   -5.9   -6.1     98   4.88    230      2  325.8  342.2  326.7
  491.0   6000   -6.7   -7.0     98   4.63    130      3  326.5  342.2  327.4
  472.0   6304   -8.4   -9.0     96   4.14     75      5  328.1  342.3  328.9
  437.0   6897  -11.7  -12.8     92   3.29     95      9  331.2  342.8  331.9
  423.0   7148  -13.1  -14.4     90   2.98     87     11  332.5  343.1  333.1
  404.0   7495  -15.9  -17.5     87   2.40     75     14  333.3  341.9  333.8
  400.0   7570  -16.5  -18.2     87   2.29     70     14  333.5  341.7  333.9
  390.0   7760  -18.1  -20.0     85   2.02     71     16  333.8  341.1  334.2
  356.0   8438  -21.1  -22.8     86   1.73     73     21  338.6  345.0  338.9
  330.0   8988  -25.1  -26.7     86   1.31     75     26  340.5  345.5  340.8
  303.0   9608  -29.6  -31.1     87   0.95    105     37  342.6  346.3  342.8
  300.0   9680  -30.1  -31.6     87   0.91    105     35  342.8  346.4  343.0
  292.0   9872  -31.7  -33.3     86   0.79    107     34  343.2  346.4  343.4
  256.0  10785  -39.2  -41.9     75   0.38    115     30  345.4  346.9  345.4
  250.0  10950  -40.5  -43.4     74   0.33    115     29  345.7  347.1  345.8
  245.0  11084  -41.7  -44.6     73   0.30    120     29  346.0  347.2  346.0
  224.0  11678  -46.9  -49.7     73   0.18    135     32  346.9  347.7  347.0
  200.0  12430  -53.5  -56.2     72   0.09    145     35  347.9  348.3  347.9
  191.0  12724  -56.1  -59.4     66   0.07    145     32  348.3  348.6  348.3
  186.0  12891  -57.9  -61.1     67   0.06    145     31  348.1  348.3  348.1
  180.0  13097  -60.1  -63.2     67   0.04    138     30  347.7  347.9  347.8
  177.0  13202  -60.8  -64.2     65   0.04    135     30  348.2  348.4  348.2
  175.0  13273  -61.3  -64.8     63   0.04    133     30  348.6  348.8  348.6
  171.0  13415  -62.7  -66.3     62   0.03    128     29  348.6  348.7  348.6
  169.0  13488  -63.3  -67.2     59   0.03    125     28  348.8  348.9  348.8
  168.0  13524  -63.9  -67.9     58   0.02    121     29  348.3  348.5  348.4
  167.0  13561  -63.9  -68.3     55   0.02    116     29  348.9  349.1  348.9
  166.0  13597  -64.7  -69.1     54   0.02    112     30  348.2  348.3  348.2
  165.0  13634  -65.3  -69.9     53   0.02    107     30  347.8  347.9  347.8
  164.0  13671  -66.9  -70.3     62   0.02    103     31  345.7  345.8  345.7
  163.0  13707  -71.5  -74.8     61   0.01     99     31  338.6  338.6  338.6
  162.0  13744  -73.9  -78.7     48   0.01     94     32  335.2  335.2  335.2
  160.0  13816  -74.2  -79.2     46   0.00     85     33  335.8  335.8  335.8
  150.0  14190  -75.9  -81.9     39   0.00     80     43  339.2  339.2  339.2
  148.0  14267  -76.3  -81.3     45   0.00     80     44  339.8  339.8  339.8
  145.0  14385  -76.5  -81.7     44   0.00     80     46  341.4  341.4  341.4
  131.0  14969  -77.7  -83.7     38   0.00     75     53  349.3  349.4  349.3
  130.0  15013  -77.6  -83.7     37   0.00     75     54  350.3  350.3  350.3
  120.0  15472  -76.7  -83.7     32   0.00     79     59  360.0  360.1  360.0
  117.0  15618  -76.5  -83.5     32   0.00     80     60  363.0  363.0  363.0
  114.0  15768  -76.3  -83.3     32   0.00     76     52  366.1  366.1  366.1
  100.0  16520  -77.9  -83.9     38   0.00     55      9  377.0  377.0  377.0
   96.3  16735  -79.3  -85.3     37   0.00     62      8  378.3  378.3  378.3
   95.0  16813  -77.8  -84.2     35   0.00     65      7  382.8  382.8  382.8
   93.3  16916  -75.7  -82.7     33   0.00     98      7  388.9  388.9  388.9
   90.0  17121  -76.9  -83.5     35   0.00    165      6  390.5  390.5  390.5
   81.0  17721  -80.3  -85.7     41   0.00    100      2  395.3  395.4  395.3
   78.7  17886  -81.3  -86.3     43   0.00    295      3  396.6  396.7  396.6
   77.0  18009  -80.6  -85.5     44   0.00    285      4  400.6  400.6  400.6
   71.8  18405  -78.3  -82.9     47   0.01    215     10  413.5  413.6  413.6
   70.0  18550  -77.5  -83.5     38   0.01    190     12  418.3  418.3  418.3
   69.5  18591  -76.3  -83.3     32   0.01    178     12  421.7  421.7  421.7
   69.0  18633  -75.4  -82.4     33   0.01    165     12  424.6  424.6  424.6
   67.8  18734  -73.1  -80.1     34   0.01    156     12  431.6  431.6  431.6
   63.3  19136  -71.3  -76.3     47   0.02    122     11  444.1  444.2  444.1
   58.9  19559  -72.5  -75.3     66   0.02     86     10  450.6  450.8  450.6
   57.0  19751  -72.2  -75.4     62   0.02     70     10  455.7  455.8  455.7
   52.5  20233  -71.3  -75.5     54   0.03     79     18  468.5  468.7  468.5
   50.0  20520  -71.5  -74.3     66   0.03     85     22  474.6  474.8  474.6
   46.2  20987  -70.7  -72.9     73   0.04     94     27  487.4  487.7  487.4
   46.0  21013  -70.5  -72.9     70   0.04     95     27  488.4  488.7  488.4
   44.0  21279  -68.5  -73.0     52   0.04    100     32  499.6  500.0  499.7
   42.7  21458  -67.1  -73.1     42   0.05     98     34  507.3  507.6  507.3
   38.0  22169  -62.7  -68.7     44   0.10     90     44  535.7  536.4  535.7
   37.6  22234  -62.3  -68.3     44   0.10     90     45  538.4  539.1  538.4
   34.9  22695  -60.5  -65.3     53   0.17     86     54  554.6  555.9  554.7
   34.0  22857  -61.4  -66.0     54   0.16     85     57  556.5  557.6  556.5
   32.5  23136  -62.9  -67.2     56   0.14     85     59  559.6  560.7  559.7
   30.0  23630  -61.7  -67.7     45   0.14     85     62  575.9  577.0  575.9
   28.0  24060  -60.0  -68.0     35   0.15     85     61  592.0  593.2  592.1
   27.0  24286  -59.1  -68.1     30   0.15                600.8  602.0  600.8
</PRE><H3>Station information and sounding indices</H3><PRE>
                         Station identifier: WIII
                             Station number: 96749
                           Observation time: 220307/0000
                           Station latitude: -6.11
                          Station longitude: 106.65
                          Station elevation: 8.0
                            Showalter index: -0.84
                               Lifted index: -3.64
    LIFT computed using virtual temperature: -3.92
                                SWEAT index: 228.82
                                    K index: 37.30
                         Cross totals index: 20.80
                      Vertical totals index: 25.10
                        Totals totals index: 45.90
      Convective Available Potential Energy: 1749.50
             CAPE using virtual temperature: 1836.46
                      Convective Inhibition: -55.77
             CINS using virtual temperature: -34.21
                           Equilibrum Level: 127.90
 Equilibrum Level using virtual temperature: 127.88
                   Level of Free Convection: 757.35
             LFCT using virtual temperature: 830.80
                     Bulk Richardson Number: 1876.32
          Bulk Richardson Number using CAPV: 1969.58
  Temp [K] of the Lifted Condensation Level: 295.13
Pres [hPa] of the Lifted Condensation Level: 947.47
   Equivalent potential temp [K] of the LCL: 352.27
     Mean mixed layer potential temperature: 299.73
              Mean mixed layer mixing ratio: 17.92
              1000 hPa to 500 hPa thickness: 5778.00
Precipitable water [mm] for entire sounding: 62.27
</PRE>
<P>Description of the 
<A HREF="/upperair/columns.html">data columns</A>
or <A HREF="/upperair/indices.html">sounding indices</A>.

<P>
<FORM>
<INPUT CLASS="button" TYPE="button" VALUE=" Close this window " 
 onClick="window.close();">
<INPUT CLASS="button" TYPE="button" VALUE=" Select another map " 
 onClick="window.blur();">
</FORM>
<HR SIZE="1">
<I>Interested in graduate studies in atmospheric science?
Check out our program at the
<a href="http://www.uwyo.edu/atsc/howtoapply/"
target=_top>University of Wyoming
</a></I>
<HR SIZE="1"><FONT SIZE="-1">
Questions about the weather data provided by this site can be
addressed to <A HREF="mailto:ldoolman@uwyo.edu">
Larry Oolman (ldoolman@uwyo.edu)</A></FONT>
<HR SIZE="1">
<SCRIPT TYPE="text/javascript">
<!--
window.focus();
// -->
</SCRIPT>
</BODY>
</HTML>
