2019-06-20 00
<HTML>
<TITLE>University of Wyoming - Radiosonde Data</TITLE>
<BODY BGCOLOR="white">
<H2>96749 WIII Jakarta Observations at 00Z 20 Jun 2019</H2>
<PRE>
-----------------------------------------------------------------------------
   PRES   HGHT   TEMP   DWPT   RELH   MIXR   DRCT   SKNT   THTA   THTE   THTV
    hPa     m      C      C      %    g/kg    deg   knot     K      K      K 
-----------------------------------------------------------------------------
 1010.0      8   24.6   21.1     81  15.86    350      7  296.9  342.9  299.7
 1000.0    100   25.6   20.6     74  15.53    105      4  298.8  344.2  301.5
  977.0    304   24.6   18.4     68  13.87     90      9  299.8  340.6  302.3
  925.0    784   22.4   13.4     57  10.55     95     11  302.2  333.7  304.1
  896.0   1060   21.2    8.2     43   7.67     98      9  303.7  327.0  305.1
  882.0   1196   19.6   12.6     64  10.50    100      8  303.4  334.9  305.4
  850.0   1514   18.0   12.0     68  10.47    140      5  305.0  336.6  306.9
  822.0   1799   16.5    7.9     57   8.17    185      5  306.4  331.4  307.9
  798.0   2051   15.2    4.2     48   6.52    191      4  307.6  327.8  308.8
  775.0   2298   13.4    5.4     58   7.31    196      4  308.2  330.8  309.6
  761.0   2451   13.4   -2.6     33   4.17    199      4  309.8  323.1  310.6
  739.0   2695   12.5   -7.0     25   3.07    205      3  311.4  321.4  312.0
  713.0   2994   11.4  -12.4     18   2.08    150      5  313.4  320.4  313.8
  700.0   3148   10.8  -15.2     15   1.68    150      4  314.4  320.2  314.7
  687.0   3304   10.8  -16.0     14   1.60    155      3  316.1  321.6  316.4
  684.0   3340   10.8  -16.2     13   1.59    170      3  316.5  322.0  316.8
  663.0   3597    9.2  -14.2     18   1.94    280      2  317.6  324.2  318.0
  639.0   3900    7.4  -11.8     24   2.44    280      4  318.9  327.2  319.3
  616.0   4202    5.6   -9.4     33   3.06    335      6  320.1  330.5  320.7
  604.0   4362    5.0  -21.0     13   1.19    340      6  321.2  325.5  321.5
  594.0   4498    4.4  -21.6     13   1.15    345      6  322.1  326.2  322.3
  591.0   4539    4.2  -21.8     13   1.14    341      6  322.3  326.4  322.5
  584.0   4635    3.4  -20.6     15   1.28    333      7  322.5  327.1  322.7
  581.0   4677    2.8  -12.2     32   2.59    330      7  322.3  331.2  322.8
  573.0   4788    1.8   -9.5     43   3.27    320      8  322.3  333.4  322.9
  560.0   4973    0.0   -5.0     69   4.74    325     10  322.4  338.1  323.3
  540.0   5263   -2.1   -4.3     85   5.18    332     13  323.2  340.5  324.2
  531.0   5396   -3.0   -4.9     86   5.02    335     14  323.8  340.5  324.7
  511.0   5699   -4.9   -6.4     89   4.66    335     15  325.0  340.7  325.9
  502.0   5839   -4.9   -9.3     71   3.79    335     15  326.6  339.6  327.4
  500.0   5870   -4.9   -9.5     70   3.74    335     15  327.0  339.8  327.7
  492.0   5996   -5.7  -10.4     70   3.55    340     12  327.5  339.7  328.2
  474.0   6288   -7.7  -12.3     69   3.14      0      6  328.6  339.5  329.2
  463.0   6472   -8.9  -13.6     69   2.91    315      5  329.3  339.5  329.9
  456.0   6589  -10.0  -13.9     73   2.88    285      5  329.4  339.5  329.9
  430.0   7041  -14.1  -15.1     92   2.77    310      7  329.7  339.4  330.2
  420.0   7220  -15.3  -15.4     99   2.76    320      8  330.4  340.1  330.9
  416.0   7292  -15.9  -16.0     99   2.65    324      8  330.5  339.9  331.0
  414.0   7329  -16.1  -16.3     98   2.60    326      8  330.7  339.9  331.2
  413.0   7347  -15.3  -16.1     94   2.65    327      8  332.0  341.4  332.5
  405.0   7496  -14.8  -19.8     66   1.98    335      9  334.4  341.7  334.9
  403.0   7533  -14.7  -20.7     60   1.84    339      8  335.1  341.8  335.4
  400.0   7590  -14.7  -22.7     51   1.55    345      7  335.8  341.6  336.1
  389.0   7801  -15.4  -34.4     18   0.54     10      6  337.6  339.7  337.7
  387.0   7840  -15.5  -36.5     15   0.44     13      6  337.9  339.7  338.0
  374.0   8095  -17.2  -39.5     13   0.33     30      5  339.0  340.4  339.1
  359.0   8400  -19.2  -43.0     10   0.24     90      5  340.3  341.3  340.4
  348.0   8632  -20.7  -45.7      9   0.18     97      6  341.3  342.1  341.4
  300.0   9710  -29.3  -51.3     10   0.11    130     10  344.0  344.5  344.0
  257.0  10797  -38.5  -54.4     17   0.09    145     23  345.9  346.4  346.0
  251.0  10963  -39.9  -54.9     19   0.09    145     24  346.2  346.6  346.2
  250.0  10990  -40.1                         145     24  346.3         346.3
  200.0  12470  -52.7                         130     29  349.1         349.1
  187.0  12889  -56.3                         135     33  350.1         350.1
  152.0  14180  -67.5                         140     32  352.3         352.3
  150.0  14260  -68.1                         140     32  352.6         352.6
  139.0  14709  -71.8                         140     31  353.8         353.8
  131.0  15059  -74.7                         124     33  354.7         354.7
  113.0  15908  -78.5                          85     39  363.0         363.0
  112.0  15959  -78.7                          82     38  363.5         363.5
  102.0  16488  -80.2                          55     23  370.4         370.4
  100.0  16600  -80.5                          50     20  371.9         371.9
   95.8  16845  -76.5                          29     15  384.4         384.4
   92.1  17069  -77.7                          10     10  386.3         386.3
   87.4  17374  -79.4                         280     14  388.9         388.9
   87.0  17398  -79.5                         276     14  389.1         389.1
   82.9  17678  -77.8                         225     12  398.0         398.0
   78.7  17983  -75.9                         225     12  407.9         407.9
   74.6  18288  -74.0                         260     29  418.0         418.0
   70.0  18660  -71.7                         280     31  430.7         430.7
   65.0  19097  -70.9                         280     31  441.6         441.6
   63.9  19202  -68.4                         280     31  449.3         449.3
   63.8  19208  -68.3                         280     31  449.7         449.7
   57.7  19812  -67.9                         260     37  463.8         463.8
   54.8  20117  -67.7                         275     38  471.0         471.0
   50.1  20658  -67.3                         275     46  484.2         484.2
   50.0  20670  -67.3                         275     46  484.5         484.5
</PRE><H3>Station information and sounding indices</H3><PRE>
                         Station identifier: WIII
                             Station number: 96749
                           Observation time: 190620/0000
                           Station latitude: -6.11
                          Station longitude: 106.65
                          Station elevation: 8.0
                            Showalter index: 3.43
                               Lifted index: 1.56
    LIFT computed using virtual temperature: 1.41
                                SWEAT index: 168.98
                                    K index: 8.90
                         Cross totals index: 16.90
                      Vertical totals index: 22.90
                        Totals totals index: 39.80
      Convective Available Potential Energy: 5.05
             CAPE using virtual temperature: 5.74
                      Convective Inhibition: -496.18
             CINS using virtual temperature: -350.87
                           Equilibrum Level: 413.52
 Equilibrum Level using virtual temperature: 413.51
                   Level of Free Convection: 437.66
             LFCT using virtual temperature: 439.04
                     Bulk Richardson Number: 1.17
          Bulk Richardson Number using CAPV: 1.33
  Temp [K] of the Lifted Condensation Level: 290.68
Pres [hPa] of the Lifted Condensation Level: 901.59
   Equivalent potential temp [K] of the LCL: 340.99
     Mean mixed layer potential temperature: 299.42
              Mean mixed layer mixing ratio: 14.24
              1000 hPa to 500 hPa thickness: 5770.00
Precipitable water [mm] for entire sounding: 36.99
</PRE>
<P>Description of the 
<A HREF="/upperair/columns.html">data columns</A>
or <A HREF="/upperair/indices.html">sounding indices</A>.

<P>
<FORM>
<INPUT CLASS="button" TYPE="button" VALUE=" Close this window " 
 onClick="window.close();">
<INPUT CLASS="button" TYPE="button" VALUE=" Select another map " 
 onClick="window.blur();">
</FORM>
<HR SIZE="1">
<I>Interested in graduate studies in atmospheric science?
Check out our program at the
<a href="http://www.uwyo.edu/atsc/howtoapply/"
target=_top>University of Wyoming
</a></I>
<HR SIZE="1"><FONT SIZE="-1">
Questions about the weather data provided by this site can be
addressed to <A HREF="mailto:ldoolman@uwyo.edu">
Larry Oolman (ldoolman@uwyo.edu)</A></FONT>
<HR SIZE="1">
<SCRIPT TYPE="text/javascript">
<!--
window.focus();
// -->
</SCRIPT>
</BODY>
</HTML>
