2016-07-23 00
<HTML>
<TITLE>University of Wyoming - Radiosonde Data</TITLE>
<BODY BGCOLOR="white">
<H2>96749 WIII Jakarta Observations at 00Z 23 Jul 2016</H2>
<PRE>
-----------------------------------------------------------------------------
   PRES   HGHT   TEMP   DWPT   RELH   MIXR   DRCT   SKNT   THTA   THTE   THTV
    hPa     m      C      C      %    g/kg    deg   knot     K      K      K 
-----------------------------------------------------------------------------
 1010.0      8   23.4   22.8     96  17.65    200      3  295.7  346.6  298.8
 1000.0     92   24.4   21.7     85  16.64    230      5  297.6  345.9  300.5
  995.0    136   25.0   21.1     79  16.11    217      5  298.6  345.6  301.4
  944.0    596   23.0   18.6     77  14.55     85      3  301.1  344.0  303.7
  925.0    774   22.2   17.7     76  13.97     85      4  302.0  343.5  304.5
  918.0    840   22.0   16.0     69  12.61     85      4  302.4  340.0  304.7
  860.0   1405   18.0   14.6     81  12.30     85      4  304.0  340.8  306.2
  851.0   1496   17.6   14.2     80  12.14     85      4  304.5  341.0  306.7
  850.0   1506   17.6   14.2     80  12.12     90      4  304.6  341.0  306.8
  822.0   1793   16.6   11.5     72  10.46    110      3  306.4  338.2  308.3
  807.0   1951   16.0   10.0     68   9.64     54      2  307.4  336.9  309.2
  793.0   2099   15.1    9.5     69   9.46      0      1  308.0  337.0  309.7
  766.0   2391   13.3    8.4     72   9.12    175      3  309.1  337.2  310.8
  739.0   2693   11.4    7.3     76   8.78    145      6  310.3  337.5  311.9
  700.0   3150    8.6    5.7     82   8.27    160      8  312.0  337.8  313.5
  688.0   3293    7.7    5.1     83   8.07    150      8  312.6  337.9  314.1
  686.0   3317    7.6    5.0     84   8.04    148      8  312.7  337.9  314.2
  639.0   3898    4.6   -1.1     67   5.57    105     11  315.6  333.6  316.7
  619.0   4158    3.2   -3.8     60   4.69     98     12  316.9  332.2  317.8
  591.0   4532    1.0   -3.3     73   5.10     87     12  318.6  335.3  319.6
  578.0   4710    0.0   -8.0     55   3.64     82     13  319.5  331.6  320.2
  575.0   4752   -0.5   -5.5     69   4.44     81     13  319.4  334.0  320.2
  572.0   4794   -0.7   -7.0     62   3.99     80     13  319.6  332.9  320.4
  568.0   4850   -0.9   -8.9     55   3.45     80     13  320.0  331.6  320.7
  567.0   4864   -0.9   -9.9     50   3.20     80     13  320.2  330.9  320.8
  566.0   4878   -0.9   -5.9     69   4.37     80     13  320.3  334.8  321.2
  565.0   4892   -0.9   -8.9     55   3.47     80     13  320.5  332.1  321.2
  558.0   4992   -1.3  -12.3     43   2.68     79     13  321.2  330.3  321.7
  557.0   5006   -1.3  -14.3     37   2.28     79     13  321.3  329.2  321.8
  555.0   5034   -1.5   -9.5     54   3.37     79     13  321.4  332.8  322.1
  550.0   5107   -1.7  -10.7     50   3.09     79     14  322.0  332.5  322.6
  536.0   5311   -2.7  -11.7     50   2.93     78     14  323.2  333.2  323.8
  534.0   5341   -2.9  -12.9     46   2.67     77     14  323.3  332.5  323.8
  533.0   5356   -2.9  -17.9     30   1.76     77     14  323.5  329.7  323.8
  531.0   5385   -2.9  -19.9     26   1.49     77     14  323.8  329.1  324.1
  528.0   5430   -3.3  -13.3     46   2.61     77     14  323.9  332.9  324.4
  521.0   5536   -3.7  -17.7     33   1.84     77     14  324.6  331.1  325.0
  511.0   5689   -4.1  -12.1     54   2.97     76     15  325.9  336.2  326.5
  500.0   5860   -4.9  -12.9     53   2.85     75     15  327.0  336.9  327.6
  488.0   6051   -5.7  -20.7     30   1.52     74     15  328.3  333.8  328.6
  461.0   6495   -9.3  -19.3     44   1.81     72     16  329.2  335.7  329.6
  451.0   6664  -10.5  -16.5     61   2.35     71     16  329.8  338.1  330.2
  447.0   6733  -10.3  -25.3     28   1.10     71     16  330.8  334.9  331.1
  437.0   6907  -11.4  -23.3     37   1.35     70     16  331.6  336.6  331.9
  434.0   6960  -11.7  -22.7     40   1.43     70     16  331.9  337.1  332.1
  400.0   7580  -16.3  -34.3     20   0.53     75     20  333.7  335.8  333.8
  398.0   7618  -16.3  -36.3     16   0.43     75     20  334.2  335.9  334.3
  387.0   7829  -17.1  -32.1     26   0.67     76     21  335.8  338.4  336.0
  383.0   7907  -17.3  -27.3     41   1.07     76     21  336.6  340.6  336.8
  379.0   7985  -17.9  -24.9     54   1.35     76     21  336.8  341.8  337.1
  375.0   8065  -18.7  -25.7     54   1.27     76     21  336.8  341.5  337.0
  370.0   8165  -19.5  -28.5     45   0.99     77     21  337.0  340.8  337.2
  367.0   8225  -20.1  -32.1     34   0.71     77     21  337.0  339.7  337.1
  366.0   8245  -20.1  -40.1     15   0.32     77     22  337.2  338.5  337.3
  353.0   8512  -22.7  -30.7     48   0.84     78     22  337.2  340.5  337.4
  350.0   8575  -23.1  -31.1     48   0.82     78     22  337.5  340.7  337.7
  349.0   8596  -23.3  -33.3     39   0.66     78     22  337.5  340.1  337.7
  345.0   8680  -23.7  -28.7     63   1.04     78     23  338.1  342.1  338.3
  328.0   9049  -25.5  -33.5     47   0.69     79     23  340.5  343.3  340.7
  317.0   9294  -27.5  -33.6     56   0.71     80     24  341.1  343.9  341.3
  300.0   9690  -30.7  -33.7     75   0.74     70     26  342.0  344.9  342.1
  299.0   9714  -30.9  -33.7     76   0.75     70     26  342.0  345.0  342.2
  267.0  10497  -37.1  -40.4     72   0.43     65     28  344.2  345.9  344.3
  254.0  10842  -39.9  -43.3     70   0.33     73     23  345.0  346.4  345.1
  250.0  10950  -40.9                          75     22  345.1         345.1
  200.0  12430  -54.3                          90     21  346.6         346.6
  176.0  13236  -61.1                         102     21  348.3         348.3
  161.0  13779  -65.3                         110     21  350.2         350.2
  150.0  14210  -68.7                         100     19  351.6         351.6
  133.0  14918  -74.7                         104     23  353.2         353.2
  131.0  15004  -75.2                         105     24  353.7         353.7
  118.0  15595  -79.0                          55     33  357.6         357.6
  106.0  16202  -82.8                          50     41  361.5         361.5
  101.0  16475  -84.5                          70     38  363.2         363.2
  100.0  16530  -83.9                          80     38  365.4         365.4
   98.5  16614  -84.3                          76     37  366.2         366.2
   96.5  16730  -79.1                          70     37  378.5         378.5
   95.0  16820  -78.1                          65     36  382.1         382.1
   89.2  17184  -74.1                          95     30  397.1         397.1
   82.0  17677  -74.1                         135     23  406.7         406.7
   77.7  17992  -74.1                         119     22  413.0         413.0
   75.1  18192  -73.5                         109     21  418.3         418.3
   74.0  18279  -71.8                         105     21  423.8         423.8
   73.1  18352  -70.3                          98     20  428.3         428.3
   70.0  18610  -70.5                          75     18  433.2         433.2
   67.0  18868  -71.1                          50     17  437.4         437.4
   63.0  19231  -72.0                          40     14  443.2         443.2
   56.6  19863  -73.5                          85     17  453.5         453.5
   54.6  20075  -69.5                         100     18  467.4         467.4
   54.0  20141  -69.6                         105     18  468.7         468.7
   52.0  20366  -69.8                         110     23  473.2         473.2
   50.0  20600  -70.1                         105     26  477.9         477.9
   49.2  20696  -70.5                          96     27  479.1         479.1
   47.0  20970  -66.5                          70     29  495.1         495.1
   46.6  21021  -65.7                          70     24  498.2         498.2
   45.0  21237  -60.2                          70      2  516.4         516.4
   44.5  21306  -58.5                         113      6  522.3         522.3
   43.0  21521  -58.6                         245     18  527.1         527.1
   37.0  22463  -59.1                         230     15  549.0         549.0
   35.2  22775  -59.3                         251     19  556.4         556.4
   32.0  23378  -55.2                         290     27  582.8         582.8
   31.5  23478  -54.5                         288     28  587.2         587.2
   30.0  23790  -53.9                         280     33  597.1         597.1
   28.0  24231  -55.5                         270     25  604.5         604.5
   27.3  24392  -56.1                                     607.2         607.2
</PRE><H3>Station information and sounding indices</H3><PRE>
                         Station identifier: WIII
                             Station number: 96749
                           Observation time: 160723/0000
                           Station latitude: -6.11
                          Station longitude: 106.65
                          Station elevation: 8.0
                            Showalter index: 1.59
                               Lifted index: -0.06
    LIFT computed using virtual temperature: -0.47
                                SWEAT index: 193.40
                                    K index: 33.80
                         Cross totals index: 19.10
                      Vertical totals index: 22.50
                        Totals totals index: 41.60
      Convective Available Potential Energy: 134.27
             CAPE using virtual temperature: 227.14
                      Convective Inhibition: -109.23
             CINS using virtual temperature: -77.47
                           Equilibrum Level: 336.50
 Equilibrum Level using virtual temperature: 334.84
                   Level of Free Convection: 727.02
             LFCT using virtual temperature: 752.49
                     Bulk Richardson Number: 21.11
          Bulk Richardson Number using CAPV: 35.71
  Temp [K] of the Lifted Condensation Level: 292.90
Pres [hPa] of the Lifted Condensation Level: 931.55
   Equivalent potential temp [K] of the LCL: 345.15
     Mean mixed layer potential temperature: 298.92
              Mean mixed layer mixing ratio: 15.85
              1000 hPa to 500 hPa thickness: 5768.00
Precipitable water [mm] for entire sounding: 49.75
</PRE>
<P>Description of the 
<A HREF="/upperair/columns.html">data columns</A>
or <A HREF="/upperair/indices.html">sounding indices</A>.

<P>
<FORM>
<INPUT CLASS="button" TYPE="button" VALUE=" Close this window " 
 onClick="window.close();">
<INPUT CLASS="button" TYPE="button" VALUE=" Select another map " 
 onClick="window.blur();">
</FORM>
<HR SIZE="1">
<I>Interested in graduate studies in atmospheric science?
Check out our program at the
<a href="http://www.uwyo.edu/atsc/howtoapply/"
target=_top>University of Wyoming
</a></I>
<HR SIZE="1"><FONT SIZE="-1">
Questions about the weather data provided by this site can be
addressed to <A HREF="mailto:ldoolman@uwyo.edu">
Larry Oolman (ldoolman@uwyo.edu)</A></FONT>
<HR SIZE="1">
<SCRIPT TYPE="text/javascript">
<!--
window.focus();
// -->
</SCRIPT>
</BODY>
</HTML>
