2016-04-08 12
<HTML>
<TITLE>University of Wyoming - Radiosonde Data</TITLE>
<BODY BGCOLOR="white">
<H2>96749 WIII Jakarta Observations at 00Z 08 Apr 2016</H2>
<PRE>
-----------------------------------------------------------------------------
   PRES   HGHT   TEMP   DWPT   RELH   MIXR   DRCT   SKNT   THTA   THTE   THTV
    hPa     m      C      C      %    g/kg    deg   knot     K      K      K 
-----------------------------------------------------------------------------
 1009.0      8   26.8   24.9     89  20.13    200      3  299.2  358.2  302.8
 1000.0     93   27.0   25.4     91  20.95    135      7  300.1  361.9  303.9
  977.0    300   26.1   23.6     87  19.26    115      9  301.2  358.1  304.7
  966.0    401   25.6   22.8     85  18.47    118      8  301.7  356.4  305.0
  944.0    604   24.3   21.7     85  17.64    125      6  302.4  354.8  305.6
  925.0    784   23.2   20.7     86  16.92     95      5  303.0  353.4  306.1
  912.0    907   22.3   20.2     88  16.68     70      4  303.4  353.1  306.4
  875.0   1266   19.8   18.9     95  15.97     44      5  304.3  352.1  307.2
  850.0   1515   18.8   16.6     87  14.18     25      5  305.8  348.6  308.4
  823.0   1792   17.5   15.3     87  13.44     10      6  307.3  348.0  309.7
  794.0   2099   16.0   13.8     87  12.65     25      5  308.8  347.5  311.2
  775.0   2307   15.0   12.8     87  12.13     46      6  309.9  347.2  312.2
  767.0   2395   14.7   11.9     83  11.57     55      6  310.5  346.2  312.7
  753.0   2552   14.2   10.4     78  10.63     55      6  311.6  344.6  313.6
  714.0   3000   12.0    8.3     78   9.70     55      7  314.0  344.4  315.8
  700.0   3167   11.2    7.5     78   9.38     45      7  314.9  344.4  316.6
  690.0   3287   10.6    5.7     72   8.39     40      7  315.5  342.1  317.1
  689.0   3299   10.5    5.7     72   8.39     40      7  315.5  342.1  317.1
  651.0   3771    7.2    4.7     84   8.29     48      9  316.9  343.4  318.5
  624.0   4119    5.0    3.7     91   8.06     54     10  318.3  344.1  319.8
  619.0   4185    4.4    3.6     95   8.07     55     11  318.3  344.2  319.9
  613.0   4264    4.8    0.4     73   6.47     56     11  319.7  340.7  320.9
  607.0   4345    4.4   -1.6     65   5.64     57     11  320.1  338.6  321.2
  606.0   4358    4.4   -1.6     65   5.65     58     11  320.2  338.8  321.4
  605.0   4372    4.2    1.4     82   7.05     58     11  320.2  343.1  321.5
  595.0   4507    3.7   -2.7     63   5.31     60     12  321.1  338.7  322.2
  585.0   4645    3.2   -6.8     48   3.95     62     12  322.1  335.4  322.9
  566.0   4912    1.6  -13.4     32   2.42     67     11  323.3  331.6  323.7
  562.0   4969    1.2  -10.8     40   3.00     68     10  323.4  333.7  324.0
  559.0   5012    0.8   -9.2     47   3.43     69     10  323.5  335.1  324.1
  555.0   5070    0.0   -1.7     88   6.13     70     10  323.2  343.4  324.4
  553.0   5099   -0.2   -2.1     87   5.97     70     10  323.3  343.1  324.5
  528.0   5469   -2.5   -7.2     70   4.24     85      9  324.8  339.2  325.7
  513.0   5697   -3.8   -7.3     76   4.33     95      8  326.0  340.7  326.8
  500.0   5900   -4.9   -7.4     83   4.41     90      9  327.0  342.0  327.9
  496.0   5963   -5.7   -7.0     91   4.59     90      9  326.8  342.3  327.7
  481.0   6204   -6.9   -9.9     79   3.77     90     10  328.2  341.1  328.9
  476.0   6286   -7.5   -8.6     92   4.22     90     10  328.4  342.9  329.2
  463.0   6501   -8.3  -12.3     73   3.23     90     11  330.0  341.3  330.7
  461.0   6535   -8.3  -11.9     75   3.35     90     11  330.4  342.1  331.1
  460.0   6552   -8.3  -15.3     57   2.54     90     11  330.6  339.7  331.1
  450.0   6723   -9.3  -12.5     78   3.27     90     11  331.5  342.9  332.1
  440.0   6896   -9.6  -14.3     69   2.89     90     12  333.2  343.5  333.8
  425.0   7165  -10.1  -17.1     57   2.37     83     10  335.9  344.5  336.4
  424.0   7183  -10.1  -21.1     40   1.69     83     10  336.1  342.4  336.5
  414.0   7367  -11.5  -20.5     47   1.82     78      9  336.6  343.3  337.0
  407.0   7497  -12.2  -21.2     47   1.74     75      8  337.4  343.8  337.7
  400.0   7630  -12.9  -21.9     47   1.67     75      7  338.1  344.3  338.5
  376.0   8089  -16.2  -27.9     36   1.03     90      5  339.7  343.7  339.9
  347.0   8684  -20.6  -35.8     24   0.52     60     15  341.8  343.9  341.9
  318.0   9331  -25.3  -44.3     15   0.24     51     17  343.8  344.8  343.9
  313.0   9445  -25.9  -39.9     26   0.38     49     17  344.6  346.1  344.6
  312.0   9468  -26.1  -39.1     28   0.42     49     17  344.6  346.3  344.7
  310.0   9515  -26.5  -38.5     31   0.45     48     17  344.7  346.5  344.8
  309.0   9538  -26.5  -45.5     15   0.21     48     17  345.0  345.9  345.0
  300.0   9750  -28.1  -41.1     28   0.35     45     18  345.7  347.1  345.7
  294.0   9894  -29.1  -46.6     17   0.20     45     17  346.2  347.0  346.2
  292.0   9943  -29.5  -48.5     14   0.16     44     16  346.4  347.1  346.4
  282.0  10189  -31.6  -45.3     25   0.24     40     13  346.8  347.8  346.8
  270.0  10496  -34.3  -41.3     49   0.38     78     10  347.2  348.8  347.3
  250.0  11030  -38.1  -43.1     59   0.34    145      5  349.3  350.7  349.4
  247.0  11113  -38.9  -43.5     62   0.33    140      6  349.4  350.8  349.4
  243.0  11224  -39.9  -44.0     65   0.32    142      7  349.4  350.8  349.5
  226.0  11707  -44.1                         150     12  350.4         350.4
  207.0  12291  -49.1                         170     16  351.4         351.4
  200.0  12520  -51.1                         165     17  351.7         351.7
  150.0  14320  -67.7                         180     18  353.3         353.3
  139.0  14771  -71.9                         187     18  353.7         353.7
  134.0  14979  -73.4                         190     18  354.8         354.8
  127.0  15284  -75.5                         175     10  356.4         356.4
  114.0  15897  -79.8                          85     11  359.5         359.5
  103.0  16472  -83.9                          55     10  362.3         362.3
  100.0  16640  -85.1                          60      9  363.1         363.1
   92.0  17100  -84.8                          85     16  372.5         372.5
   86.3  17454  -84.5                          76     26  379.9         379.9
   83.1  17663  -82.7                          70     32  387.7         387.7
   83.0  17670  -82.6                          70     32  388.1         388.1
   78.0  18026  -75.3                          45     21  410.1         410.1
   76.7  18122  -73.3                           6     24  416.2         416.2
   75.0  18254  -72.3                         315     27  420.9         420.9
   73.6  18365  -71.5                         307     30  425.0         425.0
   70.0  18660  -73.1                         285     37  427.7         427.7
   64.0  19182  -75.6                         255     32  433.2         433.2
   59.5  19607  -77.7                         250     18  437.7         437.7
   58.0  19754  -77.6                         265     13  441.0         441.0
   55.0  20060  -77.5                         300      7  448.1         448.1
   52.0  20384  -77.4                         290      9  455.6         455.6
   50.0  20610  -77.3                         235      8  460.9         460.9
   47.0  20963  -77.0                         155     10  469.9         469.9
   45.9  21099  -76.9                         136     14  473.3         473.3
   42.0  21618  -70.6                          65     28  501.0         501.0
   40.4  21845  -67.9                          77     35  513.4         513.4
   38.0  22218  -65.0                          95     46  529.7         529.7
   34.9  22735  -61.1                          98     35  553.1         553.1
   33.0  23081  -61.0                         100     28  562.2         562.2
   30.0  23670  -60.9                         110     20  578.0         578.0
   28.3  24032  -61.3                          85     19  586.6         586.6
   27.0  24330  -56.9                          65     18  606.9         606.9
   26.0  24569  -53.4                          15     11  623.4         623.4
   25.8  24618  -52.7                           0     12  626.8         626.8
   25.0  24821  -52.8                         300     18  632.3         632.3
   23.0  25359  -53.0                         260     12  646.9         646.9
   22.0  25645  -53.1                         200      8  654.9         654.9
   21.0  25945  -53.2                         180      3  663.3         663.3
   20.0  26260  -53.3                         250      4  672.3         672.3
   19.0  26590  -53.2                         275      5  682.5         682.5
   18.0  26939  -53.1                          70      5  693.4         693.4
   17.0  27307  -53.0                         275      7  705.1         705.1
   16.0  27697  -52.9                         210     10  717.8         717.8
   15.8  27778  -52.9                         199     11  720.4         720.4
   14.0  28574  -49.7                          95     19  756.5         756.5
   12.0  29588  -45.7                          55     13  804.8         804.8
   11.2  30042  -43.9                          83     13  827.3         827.3
   11.0                                        90     13                     
</PRE><H3>Station information and sounding indices</H3><PRE>
                         Station identifier: WIII
                             Station number: 96749
                           Observation time: 160408/0000
                           Station latitude: -6.11
                          Station longitude: 106.65
                          Station elevation: 8.0
                            Showalter index: -1.32
                               Lifted index: -4.69
    LIFT computed using virtual temperature: -5.23
                                SWEAT index: 218.18
                                    K index: 36.60
                         Cross totals index: 21.50
                      Vertical totals index: 23.70
                        Totals totals index: 45.20
      Convective Available Potential Energy: 1830.57
             CAPE using virtual temperature: 2017.75
                      Convective Inhibition: -11.96
             CINS using virtual temperature: -7.19
                           Equilibrum Level: 118.21
 Equilibrum Level using virtual temperature: 118.06
                   Level of Free Convection: 900.48
             LFCT using virtual temperature: 912.18
                     Bulk Richardson Number: 299.81
          Bulk Richardson Number using CAPV: 330.47
  Temp [K] of the Lifted Condensation Level: 296.54
Pres [hPa] of the Lifted Condensation Level: 950.04
   Equivalent potential temp [K] of the LCL: 358.50
     Mean mixed layer potential temperature: 300.93
              Mean mixed layer mixing ratio: 19.53
              1000 hPa to 500 hPa thickness: 5807.00
Precipitable water [mm] for entire sounding: 62.95
</PRE>
<P>Description of the 
<A HREF="/upperair/columns.html">data columns</A>
or <A HREF="/upperair/indices.html">sounding indices</A>.

<P>
<FORM>
<INPUT CLASS="button" TYPE="button" VALUE=" Close this window " 
 onClick="window.close();">
<INPUT CLASS="button" TYPE="button" VALUE=" Select another map " 
 onClick="window.blur();">
</FORM>
<HR SIZE="1">
<I>Interested in graduate studies in atmospheric science?
Check out our program at the
<a href="http://www.uwyo.edu/atsc/howtoapply/"
target=_top>University of Wyoming
</a></I>
<HR SIZE="1"><FONT SIZE="-1">
Questions about the weather data provided by this site can be
addressed to <A HREF="mailto:ldoolman@uwyo.edu">
Larry Oolman (ldoolman@uwyo.edu)</A></FONT>
<HR SIZE="1">
<SCRIPT TYPE="text/javascript">
<!--
window.focus();
// -->
</SCRIPT>
</BODY>
</HTML>
