2021-02-21 12
<HTML>
<TITLE>University of Wyoming - Radiosonde Data</TITLE>
<BODY BGCOLOR="white">
<H2>96749 WIII Jakarta Observations at 00Z 21 Feb 2021</H2>
<PRE>
-----------------------------------------------------------------------------
   PRES   HGHT   TEMP   DWPT   RELH   MIXR   DRCT   SKNT   THTA   THTE   THTV
    hPa     m      C      C      %    g/kg    deg   knot     K      K      K 
-----------------------------------------------------------------------------
 1011.0      8   24.6   23.5     94  18.42    170      1  296.8  350.2  300.1
 1000.0    105   25.0   23.0     89  18.05    230      3  298.1  350.8  301.4
  995.0    149   25.0   23.0     89  18.15    245      4  298.6  351.6  301.8
  978.0    300   24.0   22.0     88  17.33    295      9  299.1  349.8  302.1
  945.0    599   22.0   20.0     88  15.80    315     13  300.0  346.4  302.8
  925.0    786   20.8   18.7     88  14.90    325     16  300.6  344.5  303.2
  891.0   1111   19.2   14.7     75  11.94    323     16  302.1  337.7  304.3
  850.0   1517   16.8   14.2     85  12.12    320     17  303.7  340.0  305.9
  822.0   1802   15.1   14.1     94  12.46    320     13  304.8  342.2  307.1
  821.0   1812   15.0   14.1     94  12.47    321     13  304.9  342.3  307.1
  793.0   2103   13.7   12.6     93  11.65    340     13  306.5  341.8  308.6
  766.0   2394   12.4   11.0     91  10.87    335      9  308.2  341.4  310.2
  718.0   2936   10.0    8.1     88   9.53    317      8  311.3  340.8  313.1
  712.0   3006    9.7    7.0     83   8.91    315      8  311.7  339.5  313.4
  700.0   3147    9.2    4.8     74   7.76    310      9  312.6  337.0  314.1
  688.0   3290    8.6    1.6     61   6.28    307     10  313.5  333.5  314.7
  663.0   3592    6.9    0.8     65   6.13    300     13  315.0  334.6  316.1
  568.0   4851    0.0   -2.8     81   5.51    292     12  321.1  339.2  322.1
  550.0   5106   -1.6   -4.2     82   5.11    290     12  322.1  339.0  323.1
  530.0   5399   -3.5   -5.9     84   4.67    275     11  323.2  338.9  324.2
  510.0   5703   -5.5   -7.6     85   4.25    275      9  324.4  338.8  325.3
  500.0   5860   -6.5   -8.5     86   4.05    305     11  325.1  338.8  325.9
  491.0   6001   -7.6   -8.6     92   4.09    320     12  325.4  339.3  326.2
  490.0   6017   -7.7   -8.6     93   4.10    319     12  325.5  339.4  326.3
  472.0   6302   -9.7  -10.9     91   3.55    310     10  326.5  338.7  327.2
  454.0   6598  -11.7  -13.3     88   3.04    250      8  327.6  338.1  328.2
  437.0   6888  -13.8  -15.7     85   2.60    260     13  328.6  337.8  329.1
  404.0   7486  -17.9  -20.5     80   1.86    207     21  330.7  337.4  331.1
  400.0   7560  -18.3  -20.6     82   1.87    200     22  331.1  337.9  331.5
  383.0   7884  -18.5  -20.5     84   1.97    158     18  335.0  342.2  335.4
  372.0   8096  -20.0  -22.1     83   1.76    130     16  335.8  342.3  336.2
  329.0   8991  -26.2  -29.0     78   1.07    130     15  339.2  343.3  339.5
  306.0   9519  -29.9  -33.0     74   0.78    130     17  341.2  344.2  341.4
  300.0   9660  -30.9  -34.2     73   0.71    130     17  341.7  344.5  341.9
  250.0  10930  -41.7  -46.0     63   0.25    100     24  343.9  345.0  344.0
  213.0  11991  -51.0  -57.7     45   0.07     90     23  345.6  345.9  345.6
  209.0  12117  -52.1  -59.1     43   0.06     94     25  345.7  346.0  345.7
  203.0  12304  -53.8  -60.2     46   0.06    100     28  345.9  346.2  345.9
  200.0  12400  -54.7  -60.7     47   0.05    100     30  346.0  346.2  346.0
  194.0  12594  -56.0  -61.3     52   0.05    100     34  346.9  347.1  346.9
  192.0  12660  -56.5  -61.5     53   0.05     98     35  347.2  347.4  347.2
  176.0  13205  -60.9  -67.9     39   0.02     85     46  348.7  348.8  348.7
  168.0  13492  -63.3  -70.3     38   0.02     80     52  349.3  349.4  349.3
  159.0  13831  -61.7  -75.7     14   0.01     72     45  357.6  357.6  357.6
  152.0  14108  -62.8  -79.1      9   0.01     65     40  360.4  360.4  360.4
  150.0  14190  -63.1  -80.1      8   0.00     60     35  361.2  361.2  361.2
  145.0  14389  -64.5  -81.2      8   0.00     50     24  362.3  362.3  362.3
  138.0  14679  -66.5  -82.7      9   0.00     35     17  363.8  363.8  363.8
  131.0  14985  -68.7  -84.4      9   0.00    345     12  365.4  365.4  365.4
  125.0  15260  -70.7  -85.9      9   0.00    315      9  366.8  366.8  366.8
  119.0  15549  -72.7  -87.4      9   0.00    300      4  368.3  368.3  368.3
  107.0  16173  -77.1  -90.8     10   0.00    340      6  371.3  371.3  371.3
  101.0  16512  -79.5  -92.6     10   0.00     40      6  372.8  372.9  372.8
  100.0  16570  -79.9  -92.9     10   0.00     55      7  373.1  373.1  373.1
   96.0  16799  -81.1  -94.1     10   0.00     85     11  375.2  375.2  375.2
   86.0  17415  -84.3  -97.3      9   0.00    145      2  380.7  380.7  380.7
   82.0  17682  -85.7  -98.7      9   0.00    225     13  383.1  383.1  383.1
   81.9  17689  -85.7  -98.7      9   0.00    225     13  383.2  383.2  383.2
   77.0  18031  -85.0  -96.6     12   0.00    125     10  391.5  391.5  391.5
   73.0  18327  -84.4  -94.8     15   0.00    100     24  398.8  398.8  398.8
   71.4  18449  -84.1  -94.1     16   0.00     92     28  401.9  401.9  401.9
   70.0  18560  -82.7  -93.7     14   0.00     85     31  407.1  407.1  407.1
   66.0  18891  -80.2  -91.9     13   0.00     70     16  419.6  419.6  419.6
   64.4  19029  -79.1  -91.1     13   0.00     83     12  424.9  424.9  424.9
   63.0  19158  -77.3  -90.5     11   0.00     95      8  431.4  431.4  431.4
   59.0  19541  -72.0  -88.5      7   0.00    165     14  451.5  451.5  451.5
   56.2  19825  -68.1  -87.1      5   0.00    165     15  466.7  466.8  466.7
   56.0                                       165     15                     
</PRE><H3>Station information and sounding indices</H3><PRE>
                         Station identifier: WIII
                             Station number: 96749
                           Observation time: 210221/0000
                           Station latitude: -6.11
                          Station longitude: 106.65
                          Station elevation: 8.0
                            Showalter index: 0.39
                               Lifted index: -3.36
    LIFT computed using virtual temperature: -3.70
                                SWEAT index: 215.39
                                    K index: 33.10
                         Cross totals index: 20.70
                      Vertical totals index: 23.30
                        Totals totals index: 44.00
      Convective Available Potential Energy: 1125.28
             CAPE using virtual temperature: 1244.75
                      Convective Inhibition: -6.34
             CINS using virtual temperature: -2.93
                           Equilibrum Level: 167.77
 Equilibrum Level using virtual temperature: 167.74
                   Level of Free Convection: 897.38
             LFCT using virtual temperature: 929.19
                     Bulk Richardson Number: 255.05
          Bulk Richardson Number using CAPV: 282.13
  Temp [K] of the Lifted Condensation Level: 294.87
Pres [hPa] of the Lifted Condensation Level: 955.49
   Equivalent potential temp [K] of the LCL: 349.76
     Mean mixed layer potential temperature: 298.75
              Mean mixed layer mixing ratio: 17.48
              1000 hPa to 500 hPa thickness: 5755.00
Precipitable water [mm] for entire sounding: 57.36
</PRE>
<P>Description of the 
<A HREF="/upperair/columns.html">data columns</A>
or <A HREF="/upperair/indices.html">sounding indices</A>.

<P>
<FORM>
<INPUT CLASS="button" TYPE="button" VALUE=" Close this window " 
 onClick="window.close();">
<INPUT CLASS="button" TYPE="button" VALUE=" Select another map " 
 onClick="window.blur();">
</FORM>
<HR SIZE="1">
<I>Interested in graduate studies in atmospheric science?
Check out our program at the
<a href="http://www.uwyo.edu/atsc/howtoapply/"
target=_top>University of Wyoming
</a></I>
<HR SIZE="1"><FONT SIZE="-1">
Questions about the weather data provided by this site can be
addressed to <A HREF="mailto:ldoolman@uwyo.edu">
Larry Oolman (ldoolman@uwyo.edu)</A></FONT>
<HR SIZE="1">
<SCRIPT TYPE="text/javascript">
<!--
window.focus();
// -->
</SCRIPT>
</BODY>
</HTML>
