2021-12-03 12
<HTML>
<TITLE>University of Wyoming - Radiosonde Data</TITLE>
<BODY BGCOLOR="white">
<H2>96749 WIII Jakarta Observations at 00Z 03 Dec 2021</H2>
<PRE>
-----------------------------------------------------------------------------
   PRES   HGHT   TEMP   DWPT   RELH   MIXR   DRCT   SKNT   THTA   THTE   THTV
    hPa     m      C      C      %    g/kg    deg   knot     K      K      K 
-----------------------------------------------------------------------------
 1010.0      8   26.6   22.0     76  16.79    220      6  298.9  348.0  301.9
 1000.0     91   26.4   21.7     75  16.64    240      8  299.6  348.4  302.5
  977.0    297   25.9   18.5     64  13.88    225     17  301.0  342.1  303.5
  964.0    415   25.6   16.6     58  12.48    227     17  301.9  339.0  304.2
  945.0    590   23.8   19.4     76  15.25    231     18  301.8  346.9  304.5
  925.0    778   23.0   18.1     74  14.34    235     19  302.8  345.5  305.4
  881.0   1202   20.2   17.7     85  14.68    255     13  304.2  348.1  306.9
  852.0   1493   18.3   17.4     94  14.92    275      9  305.1  349.9  307.9
  850.0   1513   18.2   17.4     95  14.94    275      9  305.2  350.1  307.9
  822.0   1800   16.2   15.8     97  13.93    270     10  306.0  348.0  308.6
  815.0   1873   15.8   15.0     95  13.33    277     11  306.3  346.6  308.8
  794.0   2095   16.0   12.3     79  11.45    300     16  308.9  343.9  311.0
  745.0   2636   14.2    6.2     59   8.04    282     14  312.6  337.8  314.1
  700.0   3159   10.8    4.8     66   7.76    265     12  314.4  339.0  315.9
  675.0   3461    9.0    4.1     71   7.66    262     13  315.7  340.1  317.1
  664.0   3596    8.3    2.8     68   7.12    260     13  316.4  339.2  317.8
  604.0   4375    4.6   -4.4     52   4.59    247     12  320.8  336.0  321.7
  573.0   4800    0.8   -4.0     71   5.00    240     11  321.2  337.7  322.1
  567.0   4885    0.0   -3.9     75   5.08    234     10  321.2  338.0  322.2
  532.0   5392   -3.8   -4.4     96   5.24    195      5  322.6  340.0  323.6
  529.0   5437   -4.1   -4.4     98   5.25    190      5  322.7  340.2  323.8
  500.0   5880   -6.5   -6.5    100   4.73    135      8  325.1  341.0  326.0
  492.0   6005   -7.2   -7.6     97   4.41    130      9  325.7  340.6  326.6
  474.0   6294   -8.8  -10.2     90   3.75    145     11  327.2  340.0  327.9
  454.0   6628  -10.7  -13.1     82   3.09    123     14  328.9  339.6  329.5
  444.0   6799  -11.9  -12.2     98   3.40    112     16  329.5  341.3  330.1
  438.0   6902  -12.6  -12.8     98   3.27    105     17  329.9  341.3  330.5
  405.0   7496  -16.5  -16.6     99   2.59    120     19  332.3  341.5  332.8
  400.0   7590  -17.1  -17.2     99   2.50    115     19  332.7  341.6  333.2
  399.0   7609  -17.1  -17.2     99   2.50    114     19  332.9  341.9  333.4
  396.0   7666  -17.7  -17.8     99   2.40    109     19  332.9  341.4  333.3
  390.0   7781  -16.1  -22.1     60   1.68    101     19  336.4  342.6  336.7
  389.0   7800  -16.1  -22.1     60   1.68    100     18  336.6  342.9  337.0
  359.0   8392  -20.5  -26.5     59   1.23     55     17  338.6  343.2  338.8
  318.0   9287  -27.1  -33.1     57   0.74     70     26  341.3  344.3  341.5
  310.0   9475  -28.5  -34.5     56   0.67     70     29  341.9  344.5  342.0
  305.0   9591  -29.2  -36.2     51   0.57     70     31  342.5  344.8  342.6
  300.0   9710  -29.9  -37.9     46   0.49     70     31  343.1  345.1  343.2
  272.0  10399  -35.3  -46.3     32   0.22     70     38  345.0  346.0  345.1
  250.0  10980  -40.1  -52.1     27   0.12     70     44  346.3  346.9  346.3
  245.0  11115  -41.4  -52.0     31   0.13     65     47  346.4  347.0  346.5
  235.0  11393  -43.9  -51.8     41   0.14     65     49  346.7  347.3  346.8
  224.0  11713  -46.9  -51.6     59   0.15     65     49  347.0  347.6  347.0
  221.0  11803  -47.7  -51.5     65   0.15     66     49  347.0  347.7  347.1
  205.0  12290  -51.8  -56.4     57   0.09     70     47  348.2  348.6  348.2
  200.0  12450  -53.1  -58.0     55   0.08     70     47  348.5  348.9  348.5
  169.0  13498  -62.5  -68.6     43   0.02     70     47  350.1  350.2  350.1
  154.0  14076  -67.6  -74.4     37   0.01     65     54  350.7  350.8  350.7
  150.0  14240  -69.1  -76.1     36   0.01     65     58  350.9  350.9  350.9
  143.0  14524  -71.1  -78.1     35   0.01     65     64  352.2  352.2  352.2
  139.0  14690  -72.4  -79.7     33   0.01     65     68  352.7  352.8  352.7
  132.0  14991  -74.9  -82.6     29   0.00     65     73  353.6  353.7  353.6
  128.0  15171  -76.3  -84.3     27   0.00     65     72  354.2  354.2  354.2
  122.0  15446  -78.7  -87.7     22   0.00     65     71  354.7  354.7  354.7
  119.0  15588  -78.4  -91.1     11   0.00     65     71  357.8  357.8  357.8
  118.0  15636  -78.3  -92.3      9   0.00     65     66  358.8  358.8  358.8
  116.0  15734  -77.1  -92.1      8   0.00     65     57  362.8  362.8  362.8
  113.0  15883  -77.5  -92.9      7   0.00     65     42  364.7  364.7  364.7
  102.0  16467  -79.2  -95.9      5   0.00    100     12  372.4  372.4  372.4
  100.0  16580  -79.5  -96.5      5   0.00    120     12  373.9  373.9  373.9
   91.0  17113  -81.5  -96.5      7   0.00    245      7  380.2  380.2  380.2
   87.0  17367  -82.4  -96.5      8   0.00    200     14  383.2  383.2  383.2
   82.5  17667  -83.5  -96.5      9   0.00    190      8  386.9  386.9  386.9
   82.0  17701  -83.4  -96.2     10   0.00    190      7  387.8  387.8  387.8
   80.2  17826  -82.9  -94.9     11   0.00    243      7  391.2  391.2  391.2
   78.0  17984  -77.9  -91.4     10   0.00    310      6  404.6  404.6  404.6
   77.2  18043  -76.1  -90.1     10   0.00    313      6  409.6  409.6  409.6
   74.0  18292  -73.2  -89.3      7   0.00    325      5  420.7  420.7  420.7
   72.6  18404  -71.9  -88.9      6   0.00    292      5  425.8  425.8  425.8
   70.0  18620  -72.7  -90.7      5   0.00    230      4  428.5  428.5  428.5
   69.7  18645  -72.9  -90.9      5   0.00    227      4  428.6  428.6  428.6
   67.6  18825  -72.3  -92.3      4   0.00    202      6  433.7  433.7  433.7
   67.1  18869  -70.1  -92.1      3   0.00    196      7  439.4  439.4  439.4
   67.0  18878  -70.1  -92.2      3   0.00    195      7  439.5  439.5  439.5
   63.0  19242  -71.0  -96.6      1   0.00    135     11  445.4  445.4  445.4
   61.5  19385  -71.3  -98.3      1   0.00    123      9  447.8  447.8  447.8
   60.0  19533  -70.2  -97.4      1   0.00    110      6  453.5  453.5  453.5
   57.0  19840  -67.8  -95.5      1   0.00     55      7  465.4  465.4  465.4
   55.1  20043  -66.3  -94.3      1   0.00    102     14  473.5  473.5  473.5
   55.0  20054  -66.3  -94.4      1   0.00    105     14  473.7  473.7  473.7
   50.0  20630  -66.9  -98.9      0   0.00     90     15  485.4  485.4  485.4
   47.0  21003  -67.2  -99.2      0   0.00     75     24  493.5  493.5  493.5
   45.0  21266  -67.3  -99.3      0   0.00     85     29  499.2  499.2  499.2
   43.0  21540  -67.5  -99.5      0   0.00     90     24  505.2  505.2  505.2
   41.3  21783  -67.7  -99.7      0   0.00     92     31  510.7  510.7  510.7
   39.0  22133  -64.6  -96.6      1   0.00     95     41  527.0  527.0  527.0
   37.7  22339  -62.7  -94.7      1   0.00     93     46  536.9  536.9  536.9
   35.0  22798  -62.6  -94.9      1   0.00     90     58  548.8  548.8  548.8
   30.0  23750  -62.3  -95.3      1   0.00     90     65  574.2  574.2  574.2
   28.0  24182  -58.3  -92.5      1   0.00     90     73  596.9  596.9  596.9
   26.8  24456  -55.7  -90.7      1   0.00     90     75  611.6  611.6  611.6
   24.4  25052  -56.1  -90.1      1   0.00     90     78  627.0  627.1  627.1
   21.2  25951  -52.7  -83.7      1   0.02     90     83  663.0  663.1  663.0
   20.0  26330  -48.7  -82.7      1   0.02     90     85  686.3  686.6  686.4
   19.9  26363  -48.5  -82.5      1   0.02     90     85  687.9  688.2  688.0
   16.0  27813  -46.1  -78.6      1   0.05     95     74  740.0  740.6  740.1
   15.8  27896  -46.0  -78.3      1   0.06     95     74  743.2  743.8  743.2
   15.0  28242  -45.4  -77.4      2   0.07     95     64  756.2  756.9  756.2
   14.0  28700  -44.6  -76.2      2   0.09     90     54  773.8  774.8  773.9
   13.0  29193  -43.8  -74.8      2   0.12     90     45  793.2  794.5  793.3
   12.9  29244  -43.7  -74.7      2   0.12                795.3  796.6  795.3
</PRE><H3>Station information and sounding indices</H3><PRE>
                         Station identifier: WIII
                             Station number: 96749
                           Observation time: 211203/0000
                           Station latitude: -6.11
                          Station longitude: 106.65
                          Station elevation: 8.0
                            Showalter index: -3.46
                               Lifted index: -1.07
    LIFT computed using virtual temperature: -1.14
                                SWEAT index: 234.79
                                    K index: 36.10
                         Cross totals index: 23.90
                      Vertical totals index: 24.70
                        Totals totals index: 48.60
      Convective Available Potential Energy: 90.81
             CAPE using virtual temperature: 101.74
                      Convective Inhibition: -308.40
             CINS using virtual temperature: -272.23
                           Equilibrum Level: 393.48
 Equilibrum Level using virtual temperature: 393.27
                   Level of Free Convection: 568.07
             LFCT using virtual temperature: 574.36
                     Bulk Richardson Number: 20.22
          Bulk Richardson Number using CAPV: 22.66
  Temp [K] of the Lifted Condensation Level: 290.91
Pres [hPa] of the Lifted Condensation Level: 891.18
   Equivalent potential temp [K] of the LCL: 343.57
     Mean mixed layer potential temperature: 300.66
              Mean mixed layer mixing ratio: 14.66
              1000 hPa to 500 hPa thickness: 5789.00
Precipitable water [mm] for entire sounding: 56.77
</PRE>
<P>Description of the 
<A HREF="/upperair/columns.html">data columns</A>
or <A HREF="/upperair/indices.html">sounding indices</A>.

<P>
<FORM>
<INPUT CLASS="button" TYPE="button" VALUE=" Close this window " 
 onClick="window.close();">
<INPUT CLASS="button" TYPE="button" VALUE=" Select another map " 
 onClick="window.blur();">
</FORM>
<HR SIZE="1">
<I>Interested in graduate studies in atmospheric science?
Check out our program at the
<a href="http://www.uwyo.edu/atsc/howtoapply/"
target=_top>University of Wyoming
</a></I>
<HR SIZE="1"><FONT SIZE="-1">
Questions about the weather data provided by this site can be
addressed to <A HREF="mailto:ldoolman@uwyo.edu">
Larry Oolman (ldoolman@uwyo.edu)</A></FONT>
<HR SIZE="1">
<SCRIPT TYPE="text/javascript">
<!--
window.focus();
// -->
</SCRIPT>
</BODY>
</HTML>
