2017-01-10 00
<HTML>
<TITLE>University of Wyoming - Radiosonde Data</TITLE>
<BODY BGCOLOR="white">
<H2>96749 WIII Jakarta Observations at 00Z 10 Jan 2017</H2>
<PRE>
-----------------------------------------------------------------------------
   PRES   HGHT   TEMP   DWPT   RELH   MIXR   DRCT   SKNT   THTA   THTE   THTV
    hPa     m      C      C      %    g/kg    deg   knot     K      K      K 
-----------------------------------------------------------------------------
 1007.0      8   25.0   23.9     94  18.96    150      2  297.6  352.7  300.9
 1000.0     74   24.0   22.0     89  16.96    160      6  297.1  346.4  300.2
  974.0    306   24.0   21.4     85  16.79    280      6  299.4  348.6  302.4
  952.0    507   24.0   20.9     83  16.64    304     11  301.4  350.6  304.4
  942.0    599   23.4   20.2     82  16.10    315     14  301.7  349.3  304.6
  925.0    759   22.4   19.0     81  15.19    315     15  302.2  347.3  305.0
  850.0   1490   17.6   16.2     92  13.82    315     14  304.6  346.0  307.1
  841.0   1581   17.0   15.9     93  13.70    314     14  304.9  346.0  307.4
  820.0   1797   16.4   14.6     89  12.94    310     13  306.4  345.6  308.8
  800.0   2008   15.8   13.4     86  12.22    301     14  308.0  345.2  310.2
  764.0   2396   13.2   11.4     89  11.21    285     15  309.2  343.6  311.3
  711.0   3001    9.0    8.3     95   9.76    297     13  311.0  341.3  312.9
  700.0   3130    8.4    8.1     98   9.77    300     12  311.8  342.1  313.6
  693.0   3213    7.8    7.4     97   9.41    302     11  312.0  341.3  313.8
  691.0   3237    7.0    5.0     87   7.98    303     11  311.4  336.3  312.9
  686.0   3297    6.6    3.8     82   7.37    305     10  311.6  334.7  313.0
  680.0   3370    6.2    2.3     76   6.69    299     11  311.9  333.0  313.1
  679.0   3382    6.0    1.0     70   6.10    298     11  311.8  331.1  312.9
  675.0   3430    7.8    4.1     77   7.66    294     12  314.3  338.6  315.8
  664.0   3567    8.8    2.8     66   7.10    283     14  316.9  339.7  318.3
  663.0   3579    8.8    2.8     66   7.11    282     15  317.1  339.9  318.4
  661.0   3604    8.6    2.7     66   7.09    280     15  317.2  339.9  318.5
  569.0   4829    0.0   -1.8     88   5.93    293     14  320.9  340.3  322.1
  522.0   5519   -2.3   -6.0     76   4.71    301     14  326.1  342.1  327.1
  500.0   5860   -4.7   -7.6     80   4.34    305     14  327.2  342.0  328.1
  438.0   6887  -10.5  -14.4     73   2.88    310     14  332.5  342.7  333.1
  432.0   6995  -11.1  -15.1     72   2.75    318     15  333.1  342.9  333.6
  404.0   7504  -14.4  -17.2     79   2.47    355     19  335.2  344.1  335.7
  400.0   7580  -14.9  -17.5     81   2.43    355     17  335.5  344.3  336.0
  389.0   7789  -16.7  -18.4     87   2.33      0     12  335.8  344.3  336.3
  375.0   8065  -19.1  -19.5     97   2.19      0      9  336.2  344.2  336.7
  359.0   8385  -21.3  -21.7     97   1.89      0      6  337.4  344.4  337.8
  344.0   8698  -23.5  -23.9     97   1.63    300      6  338.6  344.7  339.0
  330.0   9003  -25.6  -25.9     97   1.41    290      4  339.8  345.1  340.1
  327.0   9070  -26.1  -26.4     97   1.36    322      4  340.0  345.2  340.3
  317.0   9295  -27.1  -29.4     81   1.06     70      5  341.6  345.8  341.9
  315.0   9340  -27.3  -30.0     78   1.01     71      6  342.0  345.9  342.2
  300.0   9690  -29.7  -31.8     82   0.89     80     18  343.4  346.9  343.6
  289.0   9955  -31.7  -34.3     78   0.73     84     20  344.2  347.1  344.4
  275.0  10303  -34.5  -42.5     44   0.33     90     23  345.1  346.5  345.2
  251.0  10933  -39.9  -50.9     30   0.14    100     29  346.2  346.8  346.2
  250.0  10960  -40.1                         100     29  346.3         346.3
  224.0  11693  -46.4                         110     31  347.7         347.7
  200.0  12450  -52.9                          95     31  348.8         348.8
  171.0  13436  -61.7                          92     32  350.2         350.2
  153.0  14110  -67.8                          90     32  351.1         351.1
  150.0  14230  -68.9                          85     36  351.2         351.2
  128.0  15160  -76.1                          83     54  354.5         354.5
  114.0  15819  -81.1                          81     68  357.2         357.2
  107.0  16173  -83.5                          80     75  359.1         359.1
  100.0  16550  -81.5                          70     58  370.0         370.0
   96.0  16780  -81.4                          75     43  374.5         374.5
   86.0  17400  -81.2                         115     42  386.9         386.9
   82.0  17668  -81.1                         105     57  392.4         392.4
   80.7  17758  -81.1                         100     51  394.2         394.2
   76.4  18070  -77.9                          84     32  407.1         407.1
   74.0  18252  -78.3                          75     21  409.9         409.9
   70.0  18570  -79.1                         350      7  414.8         414.8
   67.6  18768  -79.1                         311     11  419.0         419.0
   66.0  18909  -77.4                         285     13  425.5         425.5
   63.0  19181  -74.2                         165      6  438.3         438.3
   60.0  19467  -70.9                         110     10  451.9         451.9
   57.0  19768  -67.3                         225      4  466.7         466.7
   56.5  19819  -66.7                         227      4  469.2         469.2
   54.0  20094  -66.3                         240      6  476.4         476.4
   51.0  20440  -65.7                         160      2  485.5         485.5
   50.0  20560  -65.5                          50      1  488.7         488.7
   49.0  20682  -65.5                         315      2  491.5         491.5
   47.0  20935  -65.5                         270     10  497.4         497.4
   45.0  21199  -65.5                         262     12  503.6         503.6
   42.0  21620  -62.8                         250     14  520.5         520.5
   41.1  21753  -61.9                         234     14  525.8         525.8
   40.0  21920  -61.9                         215     13  529.8         529.8
   38.0  22236  -62.0                         215     18  537.5         537.5
   34.5  22832  -62.1                         253     24  552.3         552.3
   33.0  23107  -60.9                         270     27  562.5         562.5
   30.9  23515  -59.1                         260     33  578.0         578.0
   30.0  23700  -58.9                         255     35  583.5         583.5
   29.0  23910  -60.1                         245     30  585.8         585.8
   28.4  24040  -60.9                         238     27  587.2         587.2
   27.0  24354  -58.7                         220     19  601.9         601.9
   26.4  24494  -57.7                         195     15  608.6         608.6
   25.0  24837  -57.0                         135      5  620.1         620.1
   24.0  25094  -56.5                         310      4  628.9         628.9
   23.0  25362  -56.0                          75     10  638.2         638.2
   22.9  25389  -55.9                          74     10  639.1         639.1
   22.0  25641  -57.0                          65     14  643.2         643.2
   21.3  25845  -57.9                          16      9  646.5         646.5
   21.0  25934  -57.6                         355      7  649.9         649.9
   20.0  26240  -56.7                         310      9  661.9         661.9
   19.0  26569  -54.9                         325      6  677.4         677.4
   18.0  26915  -52.9                         275     15  694.0         694.0
   17.5  27095  -51.9                                     702.9         702.9
</PRE><H3>Station information and sounding indices</H3><PRE>
                         Station identifier: WIII
                             Station number: 96749
                           Observation time: 170110/0000
                           Station latitude: -6.11
                          Station longitude: 106.65
                          Station elevation: 8.0
                            Showalter index: -0.17
                               Lifted index: -1.11
    LIFT computed using virtual temperature: -1.37
                                SWEAT index: 236.42
                                    K index: 38.20
                         Cross totals index: 20.90
                      Vertical totals index: 22.30
                        Totals totals index: 43.20
      Convective Available Potential Energy: 326.12
             CAPE using virtual temperature: 388.30
                      Convective Inhibition: -59.80
             CINS using virtual temperature: -43.31
                           Equilibrum Level: 236.38
 Equilibrum Level using virtual temperature: 236.99
                   Level of Free Convection: 771.98
             LFCT using virtual temperature: 843.54
                     Bulk Richardson Number: 27.69
          Bulk Richardson Number using CAPV: 32.97
  Temp [K] of the Lifted Condensation Level: 294.21
Pres [hPa] of the Lifted Condensation Level: 945.23
   Equivalent potential temp [K] of the LCL: 348.52
     Mean mixed layer potential temperature: 299.00
              Mean mixed layer mixing ratio: 16.95
              1000 hPa to 500 hPa thickness: 5786.00
Precipitable water [mm] for entire sounding: 60.73
</PRE>
<P>Description of the 
<A HREF="/upperair/columns.html">data columns</A>
or <A HREF="/upperair/indices.html">sounding indices</A>.

<P>
<FORM>
<INPUT CLASS="button" TYPE="button" VALUE=" Close this window " 
 onClick="window.close();">
<INPUT CLASS="button" TYPE="button" VALUE=" Select another map " 
 onClick="window.blur();">
</FORM>
<HR SIZE="1">
<I>Interested in graduate studies in atmospheric science?
Check out our program at the
<a href="http://www.uwyo.edu/atsc/howtoapply/"
target=_top>University of Wyoming
</a></I>
<HR SIZE="1"><FONT SIZE="-1">
Questions about the weather data provided by this site can be
addressed to <A HREF="mailto:ldoolman@uwyo.edu">
Larry Oolman (ldoolman@uwyo.edu)</A></FONT>
<HR SIZE="1">
<SCRIPT TYPE="text/javascript">
<!--
window.focus();
// -->
</SCRIPT>
</BODY>
</HTML>
