2020-07-12 00
<HTML>
<TITLE>University of Wyoming - Radiosonde Data</TITLE>
<BODY BGCOLOR="white">
<H2>96749 WIII Jakarta Observations at 00Z 12 Jul 2020</H2>
<PRE>
-----------------------------------------------------------------------------
   PRES   HGHT   TEMP   DWPT   RELH   MIXR   DRCT   SKNT   THTA   THTE   THTV
    hPa     m      C      C      %    g/kg    deg   knot     K      K      K 
-----------------------------------------------------------------------------
 1009.0      8   25.2   23.7     91  18.69    180      1  297.6  352.0  300.9
 1000.0     95   25.8   23.5     87  18.63    175      5  298.9  353.5  302.3
  995.0    139   25.8   23.3     86  18.49    168      5  299.4  353.6  302.7
  944.0    600   22.8   20.3     86  16.20    100      7  300.8  348.6  303.8
  925.0    778   21.6   19.2     86  15.38     90      6  301.4  346.9  304.2
  913.0    892   21.0   19.1     89  15.49     85      7  301.9  347.8  304.7
  912.0    902   21.0   18.9     88  15.30     85      7  302.0  347.4  304.8
  889.0   1124   21.0   14.0     64  11.43     89      9  304.2  338.5  306.3
  859.0   1423   20.0   10.0     53   9.05     94     12  306.2  333.8  307.8
  850.0   1514   19.2   10.2     56   9.27     95     13  306.2  334.5  307.9
  793.0   2104   14.6    8.9     69   9.12    105      8  307.4  335.4  309.1
  770.0   2354   12.6    8.4     76   9.06     89      9  307.9  335.7  309.6
  738.0   2708   10.5    7.8     83   9.04     65     11  309.3  337.2  311.0
  717.0   2949    9.0    7.3     89   9.03     65     13  310.3  338.2  312.0
  712.0   3007    8.7    7.0     90   8.93     65     13  310.5  338.2  312.2
  705.0   3089    8.2    6.7     90   8.81     71     11  310.9  338.3  312.6
  700.0   3148    9.2    5.5     78   8.16     75     10  312.6  338.2  314.2
  687.0   3303    8.8    2.4     64   6.65     90      8  313.9  335.0  315.1
  675.0   3450    8.4   -0.6     53   5.46     89     10  315.0  332.6  316.1
  639.0   3901    6.5   -9.7     30   2.89     85     18  317.8  327.5  318.4
  630.0   4018    6.0  -12.0     26   2.43     92     18  318.5  326.8  319.0
  572.0   4800    1.4  -15.9     26   1.95    140     19  322.0  328.8  322.4
  556.0   5030    0.0  -17.0     27   1.83    135     19  323.0  329.4  323.4
  500.0   5870   -6.3  -23.3     25   1.18    115     21  325.3  329.6  325.5
  498.0   5901   -6.5  -23.5     25   1.16    113     21  325.4  329.6  325.6
  484.0   6124   -7.3  -28.3     17   0.77    100     19  327.1  330.0  327.2
  473.0   6303   -8.1  -24.1     27   1.16     90     17  328.2  332.5  328.4
  471.0   6336   -8.3  -23.3     29   1.25     87     17  328.4  333.0  328.7
  456.0   6587  -10.1  -15.0     67   2.63     66     19  329.2  338.5  329.7
  455.0   6604  -10.2  -15.4     66   2.55     65     19  329.3  338.3  329.8
  438.0   6897  -12.1  -22.1     43   1.49     69     21  330.5  335.9  330.8
  431.0   7020  -12.7  -21.7     47   1.57     71     22  331.2  337.0  331.6
  429.0   7056  -12.9  -19.9     56   1.85     72     22  331.4  338.1  331.8
  428.0   7073  -12.9  -18.9     61   2.02     72     22  331.7  338.9  332.1
  425.0   7127  -12.5  -28.5     25   0.86     73     23  332.8  336.1  333.0
  423.0   7163  -11.9  -38.9      9   0.31     73     23  334.1  335.3  334.1
  405.0   7496  -13.5  -42.5      7   0.22     79     25  336.2  337.1  336.2
  400.0   7590  -14.1  -40.1      9   0.29     80     26  336.6  337.8  336.6
  369.0   8193  -19.5  -33.5     28   0.62     84     26  337.2  339.7  337.4
  317.0   9298  -27.9  -32.8     63   0.77     93     26  340.5  343.6  340.7
  304.0   9596  -30.5  -35.5     62   0.62     95     26  341.0  343.5  341.1
  300.0   9690  -31.3  -36.3     61   0.57     95     25  341.1  343.4  341.3
  267.0  10493  -38.3  -42.0     68   0.36     75     23  342.5  344.0  342.6
  260.0  10676  -39.9  -43.3     70   0.32     75     24  342.8  344.1  342.8
  250.0  10940  -42.1                          75     26  343.3         343.3
  213.0  12002  -49.9                          50     41  347.4         347.4
  200.0  12420  -52.9                          50     48  348.8         348.8
  153.0  14087  -65.9                          55     25  354.3         354.3
  150.0  14210  -66.9                          60     21  354.6         354.6
  145.0  14411  -68.8                          65     17  354.9         354.9
  138.0  14706  -71.5                         100     14  355.1         355.1
  135.0  14836  -72.7                         104     13  355.2         355.2
  125.0  15281  -76.6                         120      9  356.0         356.0
  121.0  15469  -78.3                         113      8  356.3         356.3
  112.0  15906  -81.1                          97      7  359.0         359.0
  106.0  16214  -81.6                          85      6  363.8         363.8
  101.0  16484  -82.0                         150     13  368.0         368.0
  100.0  16540  -82.1                         150     14  368.9         368.9
   96.0  16768  -83.0                         145      9  371.5         371.5
   94.5  16855  -83.3                         130      8  372.5         372.5
   91.0  17066  -81.8                          95      5  379.5         379.5
   89.8  17140  -81.3                         100      7  382.0         382.0
   88.0  17255  -77.5                         107     11  391.8         391.8
   86.0  17386  -77.8                         115     15  393.7         393.7
   85.7  17406  -77.9                         113     16  394.0         394.0
   80.7  17757  -69.9                          87     25  417.2         417.2
   74.0  18271  -70.8                          50     38  425.9         425.9
   70.0  18600  -71.3                          50     25  431.5         431.5
   67.0  18859  -71.3                          64     23  436.9         436.9
   60.0  19522  -67.1                         100     17  460.4         460.4
   57.0  19830  -65.1                         135     21  471.6         471.6
   56.4  19894  -64.7                         133     22  474.0         474.0
   52.7  20308  -65.3                         122     26  481.9         481.9
   52.0  20390  -64.6                         120     27  485.4         485.4
   50.0  20630  -62.5                         110     32  495.8         495.8
   45.0  21277  -63.5                         100     33  508.5         508.5
   43.2  21528  -63.9                          91     29  513.5         513.5
   41.0  21851  -62.2                          80     25  525.4         525.4
   39.0  22160  -60.6                          85     17  536.9         536.9
   38.1  22305  -59.9                          52     12  542.4         542.4
   37.0  22487  -60.5                          10      5  545.4         545.4
   35.7  22709  -61.3                         315      8  549.0         549.0
   35.0  22833  -60.3                         285     10  554.6         554.6
   34.0  23014  -58.9                         255     11  563.0         563.0
   33.2  23163  -57.7                         261     13  570.0         570.0
   32.0  23394  -58.2                         270     16  574.7         574.7
   31.0  23594  -58.6                         250     14  578.7         578.7
   30.0  23800  -59.1                         250     13  582.9         582.9
   29.0  24012  -59.3                                     588.1         588.1
</PRE><H3>Station information and sounding indices</H3><PRE>
                         Station identifier: WIII
                             Station number: 96749
                           Observation time: 200712/0000
                           Station latitude: -6.11
                          Station longitude: 106.65
                          Station elevation: 8.0
                            Showalter index: 2.95
                               Lifted index: -3.89
    LIFT computed using virtual temperature: -4.75
                                SWEAT index: 169.39
                                    K index: 32.00
                         Cross totals index: 16.50
                      Vertical totals index: 25.50
                        Totals totals index: 42.00
      Convective Available Potential Energy: 1139.05
             CAPE using virtual temperature: 1348.82
                      Convective Inhibition: -40.92
             CINS using virtual temperature: -13.26
                           Equilibrum Level: 177.07
 Equilibrum Level using virtual temperature: 175.69
                   Level of Free Convection: 819.19
             LFCT using virtual temperature: 849.07
                     Bulk Richardson Number: 126.15
          Bulk Richardson Number using CAPV: 149.38
  Temp [K] of the Lifted Condensation Level: 295.05
Pres [hPa] of the Lifted Condensation Level: 947.97
   Equivalent potential temp [K] of the LCL: 351.83
     Mean mixed layer potential temperature: 299.61
              Mean mixed layer mixing ratio: 17.83
              1000 hPa to 500 hPa thickness: 5775.00
Precipitable water [mm] for entire sounding: 45.80
</PRE>
<P>Description of the 
<A HREF="/upperair/columns.html">data columns</A>
or <A HREF="/upperair/indices.html">sounding indices</A>.

<P>
<FORM>
<INPUT CLASS="button" TYPE="button" VALUE=" Close this window " 
 onClick="window.close();">
<INPUT CLASS="button" TYPE="button" VALUE=" Select another map " 
 onClick="window.blur();">
</FORM>
<HR SIZE="1">
<I>Interested in graduate studies in atmospheric science?
Check out our program at the
<a href="http://www.uwyo.edu/atsc/howtoapply/"
target=_top>University of Wyoming
</a></I>
<HR SIZE="1"><FONT SIZE="-1">
Questions about the weather data provided by this site can be
addressed to <A HREF="mailto:ldoolman@uwyo.edu">
Larry Oolman (ldoolman@uwyo.edu)</A></FONT>
<HR SIZE="1">
<SCRIPT TYPE="text/javascript">
<!--
window.focus();
// -->
</SCRIPT>
</BODY>
</HTML>
