2019-01-17 12
<HTML>
<TITLE>University of Wyoming - Radiosonde Data</TITLE>
<BODY BGCOLOR="white">
<H2>96749 WIII Jakarta Observations at 00Z 17 Jan 2019</H2>
<PRE>
-----------------------------------------------------------------------------
   PRES   HGHT   TEMP   DWPT   RELH   MIXR   DRCT   SKNT   THTA   THTE   THTV
    hPa     m      C      C      %    g/kg    deg   knot     K      K      K 
-----------------------------------------------------------------------------
 1008.0      8   25.8   23.8     89  18.82    250      2  298.3  353.2  301.6
 1000.0     74   25.6   22.5     83  17.50    255     10  298.8  349.9  301.9
  942.0    601   22.8   19.2     80  15.11    280     21  301.1  345.7  303.8
  925.0    762   22.0   18.2     79  14.43    285     20  301.8  344.6  304.4
  910.0    903   21.1   17.4     79  13.92    295     20  302.3  343.7  304.8
  850.0   1492   17.4   14.0     80  11.96    280     30  304.4  340.3  306.6
  825.0   1746   15.6   13.3     86  11.77    278     30  305.1  340.5  307.2
  811.0   1891   14.8   13.0     89  11.74    276     30  305.7  341.2  307.9
  790.0   2113   15.0   11.3     79  10.76    274     30  308.2  341.1  310.2
  700.0   3126    9.2    4.4     72   7.55    265     30  312.6  336.4  314.1
  686.0   3293    8.2    4.3     76   7.62    260     32  313.3  337.3  314.7
  671.0   3476    7.0    4.1     82   7.71    262     32  314.0  338.3  315.4
  601.0   4378    3.8   -3.2     60   5.05    270     30  320.3  337.0  321.3
  555.0   5021    0.0   -4.5     72   4.96    277     29  323.2  339.8  324.2
  500.0   5850   -5.3   -7.1     87   4.52    285     27  326.5  341.8  327.4
  467.0   6384   -9.3   -9.6     98   3.98    288     26  328.0  341.6  328.8
  403.0   7513  -15.0  -18.3     76   2.26    295     25  334.7  342.9  335.1
  400.0   7570  -15.3  -18.7     75   2.20    295     26  335.0  343.0  335.5
  379.0   7975  -17.3  -23.3     60   1.55    280     21  337.6  343.4  337.9
  373.0   8094  -18.2  -23.8     62   1.51    275     19  337.9  343.5  338.2
  358.0   8398  -20.6  -25.1     67   1.40    260     11  338.7  343.9  339.0
  349.0   8587  -22.1  -25.9     71   1.34    231      8  339.1  344.2  339.4
  344.0   8693  -23.1  -26.5     74   1.29    215      6  339.2  344.1  339.5
  342.0   8735  -23.5  -26.7     75   1.27    212      6  339.2  344.0  339.5
  337.0   8843  -24.1  -31.1     52   0.85    205      6  339.8  343.1  340.0
  331.0   8973  -24.9  -29.4     66   1.02    196      6  340.5  344.4  340.7
  330.0   8995  -25.1  -29.6     66   1.00    195      6  340.6  344.4  340.8
  303.0   9608  -29.4  -35.2     57   0.63    215      9  342.9  345.4  343.0
  300.0   9680  -29.9  -35.9     56   0.60    215      9  343.1  345.5  343.2
  267.0  10493  -36.7  -41.9     59   0.36    195     12  344.8  346.3  344.8
  253.0  10869  -39.9  -44.6     61   0.29    183     10  345.4  346.6  345.5
  250.0  10950  -40.7                         180     10  345.4         345.4
  244.0  11111  -42.1                         175     11  345.7         345.7
  234.0  11389  -44.5                         190     12  346.2         346.2
  214.0  11981  -49.8                         160     13  347.0         347.0
  200.0  12430  -53.7                         165      9  347.6         347.6
  177.0  13194  -60.7                         150     14  348.4         348.4
  164.0  13672  -65.1                         124     19  348.7         348.7
  153.0  14091  -68.1                         100     23  350.7         350.7
  150.0  14210  -68.9                          95     28  351.2         351.2
  118.0  15577  -77.7                         100     59  360.0         360.0
  100.0  16520  -83.7                          90     60  365.8         365.8
   96.5  16718  -84.7                          85     59  367.6         367.6
   92.8  16935  -84.9                          79     53  371.3         371.3
   90.3  17087  -81.3                          75     49  381.4         381.4
   90.0  17106  -81.4                          75     48  381.6         381.6
   86.0  17361  -82.2                          65     29  384.9         384.9
   83.8  17507  -82.7                          71     26  386.8         386.8
   77.0  17986  -79.1                          90     18  403.7         403.7
   76.3  18038  -78.7                          88     17  405.6         405.6
   73.0  18290  -78.9                          80     12  410.3         410.3
   70.0  18530  -79.1                          85     17  414.8         414.8
   66.0  18863  -80.1                         100     33  419.7         419.7
   65.2  18932  -80.3                          98     34  420.7         420.7
   59.0  19501  -78.3                          80     39  437.3         437.3
   56.0  19798  -77.3                          80     26  446.2         446.2
   55.4  19859  -77.1                          84     27  448.1         448.1
   53.0  20118  -73.4                         100     32  462.4         462.4
   50.0  20460  -68.5                         100     37  481.6         481.6
   49.1  20569  -66.7                         104     34  488.4         488.4
   48.0  20706  -66.8                         110     30  491.3         491.3
   47.0  20833  -66.9                         100     30  494.1         494.1
   46.0  20965  -64.6                          90     31  502.6         502.6
   44.0  21238  -59.9                          65     10  520.5         520.5
   43.9  21252  -59.7                          59     10  521.4         521.4
   42.7  21426  -57.7                         344     11  530.5         530.5
   42.0  21530  -58.0                         300     12  532.2         532.2
   40.0  21835  -58.9                         265     19  537.6         537.6
   36.0  22494  -60.7                         260     28  549.2         549.2
   35.6  22564  -60.9                         253     25  550.5         550.5
   33.0  23037  -60.5                         205      7  563.7         563.7
   30.0  23630  -59.9                         205      7  580.8         580.8
   28.0  24060  -60.0                         155      3  592.0         592.0
   27.0  24286  -60.1                           0     12  598.0         598.0
   26.4  24426  -60.1                           0     13  601.8         601.8
   26.0  24523  -59.6                           0     14  605.8         605.8
   25.0  24771  -58.4                         300     12  616.2         616.2
   23.0  25299  -55.7                         265     14  638.9         638.9
   22.0  25580  -54.3                         190      7  651.3         651.3
   21.2  25815  -53.1                         226     16  661.8         661.8
   21.0  25876  -53.0                         235     18  664.0         664.0
   20.0  26190  -52.3                         240      5  675.3         675.3
   19.0  26523  -50.6                         240      4  690.5         690.5
   18.8  26592  -50.3                         225      4  693.6         693.6
   18.0  26875  -50.6                         165      5  701.3         701.3
   17.0  27247  -51.0                         355      3  711.5         711.5
   16.0  27641  -51.5                         335     14  722.5         722.5
   15.9  27682  -51.5                                     723.7         723.7
</PRE><H3>Station information and sounding indices</H3><PRE>
                         Station identifier: WIII
                             Station number: 96749
                           Observation time: 190117/0000
                           Station latitude: -6.11
                          Station longitude: 106.65
                          Station elevation: 8.0
                            Showalter index: 1.48
                               Lifted index: -1.70
    LIFT computed using virtual temperature: -1.93
                                SWEAT index: 254.99
                                    K index: 31.90
                         Cross totals index: 19.30
                      Vertical totals index: 22.70
                        Totals totals index: 42.00
      Convective Available Potential Energy: 397.95
             CAPE using virtual temperature: 495.40
                      Convective Inhibition: -35.89
             CINS using virtual temperature: -23.86
                           Equilibrum Level: 186.51
 Equilibrum Level using virtual temperature: 185.46
                   Level of Free Convection: 844.86
             LFCT using virtual temperature: 865.07
                     Bulk Richardson Number: 16.66
          Bulk Richardson Number using CAPV: 20.74
  Temp [K] of the Lifted Condensation Level: 293.81
Pres [hPa] of the Lifted Condensation Level: 934.93
   Equivalent potential temp [K] of the LCL: 348.47
     Mean mixed layer potential temperature: 299.54
              Mean mixed layer mixing ratio: 16.74
              1000 hPa to 500 hPa thickness: 5776.00
Precipitable water [mm] for entire sounding: 56.14
</PRE>
<P>Description of the 
<A HREF="/upperair/columns.html">data columns</A>
or <A HREF="/upperair/indices.html">sounding indices</A>.

<P>
<FORM>
<INPUT CLASS="button" TYPE="button" VALUE=" Close this window " 
 onClick="window.close();">
<INPUT CLASS="button" TYPE="button" VALUE=" Select another map " 
 onClick="window.blur();">
</FORM>
<HR SIZE="1">
<I>Interested in graduate studies in atmospheric science?
Check out our program at the
<a href="http://www.uwyo.edu/atsc/howtoapply/"
target=_top>University of Wyoming
</a></I>
<HR SIZE="1"><FONT SIZE="-1">
Questions about the weather data provided by this site can be
addressed to <A HREF="mailto:ldoolman@uwyo.edu">
Larry Oolman (ldoolman@uwyo.edu)</A></FONT>
<HR SIZE="1">
<SCRIPT TYPE="text/javascript">
<!--
window.focus();
// -->
</SCRIPT>
</BODY>
</HTML>
