2016-12-12 12
<HTML>
<TITLE>University of Wyoming - Radiosonde Data</TITLE>
<BODY BGCOLOR="white">
<H2>96749 WIII Jakarta Observations at 00Z 12 Dec 2016</H2>
<PRE>
-----------------------------------------------------------------------------
   PRES   HGHT   TEMP   DWPT   RELH   MIXR   DRCT   SKNT   THTA   THTE   THTV
    hPa     m      C      C      %    g/kg    deg   knot     K      K      K 
-----------------------------------------------------------------------------
 1009.0      8   24.6   22.8     90  17.67    260      6  297.0  348.2  300.1
 1000.0     87   23.6   21.1     86  16.03    230     10  296.8  343.2  299.6
  992.0    157   23.0   20.9     88  15.96    235     11  296.8  343.1  299.7
  979.0    273   23.6   21.7     89  17.01    243     12  298.6  348.2  301.6
  976.0    299   23.5   21.6     89  16.94    245     12  298.7  348.2  301.7
  925.0    767   21.0   19.5     91  15.68    275     13  300.8  347.0  303.6
  911.0    900   20.4   18.4     88  14.82    280     12  301.5  345.4  304.2
  863.0   1370   18.4   14.4     78  12.09    288     15  304.1  340.4  306.3
  850.0   1501   17.6   14.7     83  12.52    290     16  304.6  342.2  306.9
  812.0   1891   14.6   12.9     90  11.65    293     15  305.4  340.5  307.5
  738.0   2694   11.2    9.2     88  10.00    300     12  310.1  341.0  312.0
  706.0   3066    9.6    7.5     87   9.30    313     13  312.3  341.3  314.1
  700.0   3137    9.2    7.2     87   9.18    315     13  312.6  341.3  314.4
  686.0   3302    8.3    6.4     88   8.89    310      9  313.4  341.3  315.1
  662.0   3592    6.7    5.1     89   8.38    340      5  314.9  341.3  316.4
  615.0   4192    3.4    2.3     92   7.39    340     10  317.8  341.5  319.2
  593.0   4489    1.8    0.9     94   6.94    355      4  319.2  341.6  320.5
  571.0   4797    0.1   -0.5     96   6.49     15      3  320.7  341.9  321.9
  570.0   4811    0.0   -0.6     96   6.47     15      3  320.7  341.9  322.0
  550.0   5094   -1.4   -2.1     95   6.01     25      6  322.4  342.2  323.6
  529.0   5403   -2.9   -3.7     94   5.54    105      3  324.2  342.6  325.2
  510.0   5693   -4.3   -5.2     94   5.13    165      7  325.9  343.1  326.9
  500.0   5850   -5.1   -6.0     93   4.92    165      7  326.8  343.4  327.7
  454.0   6599   -9.3  -10.4     92   3.85    165     13  330.6  343.9  331.4
  437.0   6896  -11.0  -12.1     92   3.48    190     14  332.1  344.3  332.8
  434.0   6949  -11.3  -12.4     92   3.42    190     14  332.4  344.4  333.1
  400.0   7570  -15.3  -15.9     95   2.78    185     14  335.0  345.0  335.6
  361.0   8337  -20.1  -21.2     91   1.96    190     11  338.6  345.8  339.0
  358.0   8398  -20.6  -21.7     91   1.90    190     11  338.8  345.8  339.1
  344.0   8687  -22.8  -24.0     90   1.61    150      9  339.6  345.7  340.0
  316.0   9303  -27.4  -28.8     88   1.13    150      8  341.5  345.8  341.7
  303.0   9608  -29.8  -31.2     87   0.94    135      8  342.4  346.0  342.6
  300.0   9680  -30.3  -31.8     87   0.89    135      8  342.6  346.1  342.7
  279.0  10183  -34.6  -36.4     84   0.61    160      6  343.6  346.0  343.7
  255.0  10805  -39.9  -42.0     80   0.37    155      7  344.7  346.2  344.8
  254.0  10833  -40.1  -42.3     79   0.37    161      7  344.7  346.3  344.8
  250.0  10940  -40.9                         185      6  345.1         345.1
  244.0  11101  -42.3                         175      5  345.4         345.4
  234.0  11379  -44.8                         145      9  345.9         345.9
  200.0  12420  -53.9                         110     17  347.2         347.2
  168.0  13499  -63.0                          85     25  349.9         349.9
  150.0  14200  -68.9                          90     39  351.2         351.2
  134.0  14864  -74.9                          84     44  352.1         352.1
  100.0  16510  -86.5                          70     58  360.4         360.4
   92.4  16940  -89.5                          70     59  362.7         362.7
   90.0  17083  -88.5                          75     62  367.4         367.4
   89.8  17095  -88.4                          75     62  367.8         367.8
   88.5  17174  -87.9                          70     57  370.4         370.4
   86.7  17286  -85.9                          62     50  376.6         376.6
   85.2  17385  -77.5                          56     45  395.4         395.4
   85.0  17398  -76.8                          55     44  397.1         397.1
   84.2  17453  -73.9                          46     39  404.1         404.1
   81.0  17682  -72.4                          10     18  411.6         411.6
   78.7  17851  -71.3                         327     14  417.3         417.3
   77.0  17980  -72.0                         295     11  418.4         418.4
   73.0  18294  -73.8                         220     10  421.1         421.1
   71.5  18416  -74.5                         203     12  422.1         422.1
   70.0  18540  -74.1                         185     14  425.5         425.5
   69.0  18624  -74.5                         180     16  426.3         426.3
   67.8  18726  -75.1                         182     11  427.3         427.3
   66.0  18884  -71.5                         185      4  438.4         438.4
   65.9  18893  -71.3                         188      4  439.0         439.0
   63.0  19159  -72.8                         275      8  441.4         441.4
   62.4  19215  -73.1                         274      8  441.9         441.9
   60.0  19447  -72.6                         270      9  448.1         448.1
   57.0  19749  -71.9                         240      7  456.2         456.2
   54.0  20069  -71.2                         265      6  464.9         464.9
   53.5  20124  -71.1                         262      6  466.4         466.4
   51.1  20398  -67.3                         246      6  481.5         481.5
   51.0  20410  -67.3                         245      6  481.7         481.7
   50.0  20530  -67.3                         250      9  484.5         484.5
   49.0  20651  -67.3                         260     14  487.3         487.3
   48.0  20775  -67.3                         255     13  490.2         490.2
   46.8  20929  -63.7                         249     13  502.4         502.4
   46.0  21035  -63.3                         245     12  505.8         505.8
   42.0  21594  -61.2                         260     20  524.4         524.4
   41.9  21609  -61.1                         260     20  524.9         524.9
   38.0  22211  -63.1                         250     10  534.6         534.6
   37.7  22259  -63.3                         253     10  535.4         535.4
   36.7  22425  -60.7                         263     12  546.2         546.2
   36.0  22545  -60.6                         270     13  549.4         549.4
   33.0  23085  -60.4                         210     18  563.8         563.8
   31.9  23295  -60.3                         229     13  569.6         569.6
   31.0  23474  -58.2                         245      9  579.9         579.9
   30.7  23535  -57.5                         246     13  583.4         583.4
   30.0  23680  -57.3                         250     24  587.8         587.8
   27.0  24338  -59.2                         235     27  600.6         600.6
   25.3  24744  -60.3                         239     20  608.6         608.6
   25.0  24818  -60.2                         240     19  611.1         611.1
   24.0  25072  -59.7                         220     19  619.6         619.6
   22.8  25391  -59.1                         170     14  630.5         630.5
   22.0  25617  -57.5                         135     10  641.9         641.9
   21.0  25911  -55.3                          85     14  657.0         657.0
   20.2  26156  -53.5                          53     16  669.8         669.8
   20.0  26220  -53.1                          45     17  672.9         672.9
   19.0  26550  -53.3                          35     16  682.1         682.1
   17.0  27264  -53.8                         290     24  702.7         702.7
   15.8  27735  -54.1                         284     19  716.5         716.5
   15.0  28070  -52.2                         280     15  733.5         733.5
   14.8  28156  -51.7                         275     15  738.0         738.0
   14.0  28517  -51.6                         255     13  750.0         750.0
   13.0  28997  -51.6                         195     15  766.3         766.3
   12.2  29409  -51.5                         143     11  780.6         780.6
   12.0                                       130     10                     
</PRE><H3>Station information and sounding indices</H3><PRE>
                         Station identifier: WIII
                             Station number: 96749
                           Observation time: 161212/0000
                           Station latitude: -6.11
                          Station longitude: 106.65
                          Station elevation: 8.0
                            Showalter index: 0.91
                               Lifted index: -0.69
    LIFT computed using virtual temperature: -0.79
                                SWEAT index: 215.41
                                    K index: 35.40
                         Cross totals index: 19.80
                      Vertical totals index: 22.70
                        Totals totals index: 42.50
      Convective Available Potential Energy: 133.89
             CAPE using virtual temperature: 170.23
                      Convective Inhibition: -43.99
             CINS using virtual temperature: -34.90
                           Equilibrum Level: 367.47
 Equilibrum Level using virtual temperature: 366.91
                   Level of Free Convection: 824.37
             LFCT using virtual temperature: 833.14
                     Bulk Richardson Number: 15.55
          Bulk Richardson Number using CAPV: 19.78
  Temp [K] of the Lifted Condensation Level: 293.98
Pres [hPa] of the Lifted Condensation Level: 952.86
   Equivalent potential temp [K] of the LCL: 346.29
     Mean mixed layer potential temperature: 298.08
              Mean mixed layer mixing ratio: 16.57
              1000 hPa to 500 hPa thickness: 5763.00
Precipitable water [mm] for entire sounding: 61.38
</PRE>
<P>Description of the 
<A HREF="/upperair/columns.html">data columns</A>
or <A HREF="/upperair/indices.html">sounding indices</A>.

<P>
<FORM>
<INPUT CLASS="button" TYPE="button" VALUE=" Close this window " 
 onClick="window.close();">
<INPUT CLASS="button" TYPE="button" VALUE=" Select another map " 
 onClick="window.blur();">
</FORM>
<HR SIZE="1">
<I>Interested in graduate studies in atmospheric science?
Check out our program at the
<a href="http://www.uwyo.edu/atsc/howtoapply/"
target=_top>University of Wyoming
</a></I>
<HR SIZE="1"><FONT SIZE="-1">
Questions about the weather data provided by this site can be
addressed to <A HREF="mailto:ldoolman@uwyo.edu">
Larry Oolman (ldoolman@uwyo.edu)</A></FONT>
<HR SIZE="1">
<SCRIPT TYPE="text/javascript">
<!--
window.focus();
// -->
</SCRIPT>
</BODY>
</HTML>
