2018-04-09 00
<HTML>
<TITLE>University of Wyoming - Radiosonde Data</TITLE>
<BODY BGCOLOR="white">
<H2>96749 WIII Jakarta Observations at 00Z 09 Apr 2018</H2>
<PRE>
-----------------------------------------------------------------------------
   PRES   HGHT   TEMP   DWPT   RELH   MIXR   DRCT   SKNT   THTA   THTE   THTV
    hPa     m      C      C      %    g/kg    deg   knot     K      K      K 
-----------------------------------------------------------------------------
 1010.0      8   24.2   22.8     92  17.65    170      2  296.5  347.6  299.6
 1000.0    100   24.0   22.1     89  17.07    145      4  297.1  346.7  300.2
  991.0    180   23.6   21.3     87  16.38     83      3  297.5  345.1  300.4
  977.0    305   23.9   20.3     80  15.62    345      1  299.1  344.8  301.9
  967.0    396   24.2   19.6     76  15.08    352      2  300.2  344.6  302.9
  944.0    607   22.9   18.4     76  14.27     10      6  301.0  343.1  303.5
  925.0    786   21.8   17.3     76  13.62     25      9  301.6  341.9  304.1
  882.0   1199   19.1   16.4     84  13.48     25     12  302.9  343.1  305.4
  850.0   1520   17.0   15.7     92  13.37     30     14  303.9  343.9  306.4
  845.0   1570   16.6   15.2     91  13.02     31     14  304.0  343.0  306.4
  794.0   2096   13.8   12.7     93  11.76     40     13  306.5  342.2  308.7
  742.0   2667   10.8   10.0     95  10.50     34     11  309.2  341.4  311.2
  713.0   2999   10.0    7.5     84   9.18     30     10  311.9  340.5  313.6
  700.0   3152    9.6    6.3     80   8.63     20      9  313.1  340.1  314.7
  690.0   3272    9.0    4.9     75   7.93     21      9  313.7  338.7  315.2
  572.0   4801    0.2   -2.2     84   5.72     40      6  320.7  339.5  321.8
  569.0   4844    0.0   -2.4     84   5.67     39      6  320.9  339.5  322.0
  531.0   5393   -3.1   -4.4     90   5.21     20      7  323.6  341.0  324.7
  507.0   5761   -5.1   -5.8     95   4.92     51      5  325.5  342.0  326.4
  500.0   5870   -5.7   -6.6     93   4.69     60      5  326.0  341.9  326.9
  492.0   5996   -6.3   -7.6     91   4.41     65      3  326.7  341.7  327.6
  474.0   6289   -7.8  -10.0     85   3.80     25      4  328.4  341.4  329.1
  456.0   6592   -9.4  -12.5     78   3.24     65      5  330.1  341.4  330.7
  455.0   6609   -9.5  -12.6     78   3.21     65      5  330.2  341.4  330.8
  438.0   6902  -11.3  -13.9     81   3.01     70      5  331.5  342.1  332.1
  421.0   7207  -13.2  -15.2     85   2.81     30      4  332.8  342.8  333.4
  405.0   7504  -15.1  -16.5     89   2.62     90      1  334.1  343.5  334.6
  400.0   7600  -15.7  -16.9     90   2.56    120      1  334.5  343.7  335.0
  389.0   7810  -17.1  -19.7     80   2.07     91      3  335.3  342.9  335.8
  383.0   7926  -17.9  -19.5     87   2.14     75      4  335.8  343.6  336.2
  374.0   8104  -18.9  -20.1     91   2.08     50      6  336.7  344.3  337.1
  371.0   8164  -19.3  -20.3     92   2.07     52      6  337.0  344.6  337.4
  358.0   8428  -21.1  -23.7     80   1.59     58      7  338.0  343.9  338.4
  345.0   8697  -23.0  -25.5     80   1.40     65      7  339.0  344.3  339.3
  331.0   8997  -25.2  -27.6     80   1.21     55      5  340.1  344.7  340.3
  318.0   9288  -27.3  -29.5     81   1.05     25      6  341.1  345.1  341.3
  305.0   9590  -29.4  -31.6     82   0.90     40      6  342.1  345.7  342.3
  300.0   9710  -30.3  -32.4     82   0.84     35      6  342.6  345.9  342.7
  280.0  10191  -34.2  -36.5     79   0.60     35      4  343.8  346.2  343.9
  253.0  10899  -39.9  -42.6     75   0.36     39      6  345.4  346.9  345.5
  250.0  10980  -40.5                          40      6  345.7         345.7
  246.0  11087  -41.4                          40      6  346.0         346.0
  235.0  11390  -43.8                          60     10  346.9         346.9
  225.0  11679  -46.2                          50      7  347.6         347.6
  215.0  11980  -48.6                         290      3  348.4         348.4
  205.0  12296  -51.2                         250      8  349.1         349.1
  200.0  12460  -52.5                         245      9  349.5         349.5
  187.0  12878  -56.1                         250     10  350.4         350.4
  170.0  13471  -61.3                         205     13  351.5         351.5
  154.0  14086  -66.7                         210     14  352.4         352.4
  150.0  14250  -68.1                         200     13  352.6         352.6
  146.0  14407  -69.5                         195     11  353.0         353.0
  139.0  14692  -71.9                         155      4  353.6         353.6
  132.0  14993  -74.5                          85      7  354.3         354.3
  119.0  15595  -79.7                          75     16  355.4         355.4
  108.0  16135  -84.3                          86     22  356.7         356.7
  100.0  16560  -83.5                          95     26  366.2         366.2
   96.0  16789  -82.5                          85     33  372.3         372.3
   91.0  17090  -81.3                          50     16  380.5         380.5
   87.9  17285  -80.5                         358      9  385.9         385.9
   86.0  17410  -78.5                         325      5  392.4         392.4
   84.5  17510  -76.9                         295      9  397.6         397.6
   82.0  17683  -77.3                         245     17  400.2         400.2
   78.0  17970  -77.9                         235     21  404.7         404.7
   74.0  18272  -78.5                         255     21  409.5         409.5
   70.8  18525  -79.1                         243     17  413.5         413.5
   70.0  18590  -79.1                         240     16  414.8         414.8
   66.0  18927  -77.8                         185     10  424.6         424.6
   63.7  19131  -77.1                         101      8  430.6         430.6
   63.0  19195  -76.2                          75      8  434.0         434.0
   60.6  19421  -72.9                          76      8  446.1         446.1
   56.1  19875  -72.7                          79      7  456.5         456.5
   54.0  20102  -71.4                          80      7  464.6         464.6
   50.0  20560  -68.7                          40     14  481.2         481.2
   49.4  20632  -68.9                          40     14  482.4         482.4
   49.0  20682  -68.4                          40     14  484.8         484.8
   46.9  20946  -65.5                          50     18  497.7         497.7
   40.0  21911  -67.8                          85     34  515.2         515.2
   39.6  21972  -67.9                          84     36  516.4         516.4
   39.2  22033  -68.3                          83     38  516.8         516.8
   38.3  22174  -63.1                          81     42  533.5         533.5
   38.0  22223  -62.1                          80     43  537.3         537.3
   37.6  22289  -60.7                          83     45  542.4         542.4
   35.0  22736  -60.7                         100     57  553.6         553.6
   32.1  23275  -60.7                         100     60  567.5         567.5
   30.0  23700  -57.7                         100     62  586.8         586.8
   28.5  24024  -54.9                          99     62  603.1         603.1
   21.3  25899  -49.1                          92     64  672.9         672.9
   20.0  26310  -49.1                          90     64  685.1         685.1
   16.4  27613  -48.5                          83     66  727.0         727.0
   13.1  29108  -44.2                          75     68  790.1         790.1
   13.0  29159  -44.0                          75     68  792.3         792.3
   12.5  29420  -43.3                                     803.9         803.9
</PRE><H3>Station information and sounding indices</H3><PRE>
                         Station identifier: WIII
                             Station number: 96749
                           Observation time: 180409/0000
                           Station latitude: -6.11
                          Station longitude: 106.65
                          Station elevation: 8.0
                            Showalter index: -0.38
                               Lifted index: -0.88
    LIFT computed using virtual temperature: -0.99
                                SWEAT index: 221.40
                                    K index: 35.10
                         Cross totals index: 21.40
                      Vertical totals index: 22.70
                        Totals totals index: 44.10
      Convective Available Potential Energy: 89.91
             CAPE using virtual temperature: 125.88
                      Convective Inhibition: -59.97
             CINS using virtual temperature: -49.51
                           Equilibrum Level: 371.39
 Equilibrum Level using virtual temperature: 367.00
                   Level of Free Convection: 803.79
             LFCT using virtual temperature: 820.80
                     Bulk Richardson Number: 12.28
          Bulk Richardson Number using CAPV: 17.19
  Temp [K] of the Lifted Condensation Level: 293.15
Pres [hPa] of the Lifted Condensation Level: 937.88
   Equivalent potential temp [K] of the LCL: 345.18
     Mean mixed layer potential temperature: 298.59
              Mean mixed layer mixing ratio: 15.99
              1000 hPa to 500 hPa thickness: 5770.00
Precipitable water [mm] for entire sounding: 58.95
</PRE>
<P>Description of the 
<A HREF="/upperair/columns.html">data columns</A>
or <A HREF="/upperair/indices.html">sounding indices</A>.

<P>
<FORM>
<INPUT CLASS="button" TYPE="button" VALUE=" Close this window " 
 onClick="window.close();">
<INPUT CLASS="button" TYPE="button" VALUE=" Select another map " 
 onClick="window.blur();">
</FORM>
<HR SIZE="1">
<I>Interested in graduate studies in atmospheric science?
Check out our program at the
<a href="http://www.uwyo.edu/atsc/howtoapply/"
target=_top>University of Wyoming
</a></I>
<HR SIZE="1"><FONT SIZE="-1">
Questions about the weather data provided by this site can be
addressed to <A HREF="mailto:ldoolman@uwyo.edu">
Larry Oolman (ldoolman@uwyo.edu)</A></FONT>
<HR SIZE="1">
<SCRIPT TYPE="text/javascript">
<!--
window.focus();
// -->
</SCRIPT>
</BODY>
</HTML>
