2022-09-18 00
<HTML>
<TITLE>University of Wyoming - Radiosonde Data</TITLE>
<BODY BGCOLOR="white">
<H2>96749 WIII Jakarta Observations at 00Z 18 Sep 2022</H2>
<PRE>
-----------------------------------------------------------------------------
   PRES   HGHT   TEMP   DWPT   RELH   MIXR   DRCT   SKNT   THTA   THTE   THTV
    hPa     m      C      C      %    g/kg    deg   knot     K      K      K 
-----------------------------------------------------------------------------
 1011.0      8   24.8   23.0     90  17.85    220      4  297.0  348.8  300.2
 1002.0     86   24.2   22.0     88  16.93    187      5  297.2  346.3  300.2
 1000.0    104   24.6   21.8     84  16.75    180      5  297.8  346.5  300.7
  978.0    299   24.9   20.8     78  16.13    115      4  299.9  347.3  302.8
  968.0    389   25.0   20.4     76  15.85    106      5  300.9  347.7  303.8
  945.0    598   23.5   19.9     80  15.76     85      8  301.5  348.1  304.4
  925.0    785   22.2   19.5     85  15.68    100      8  302.0  348.5  304.8
  850.0   1520   18.2   14.9     81  12.69    105     11  305.2  343.4  307.5
  823.0   1796   16.2   13.3     83  11.83    110     11  305.9  341.7  308.1
  802.0   2018   14.6   12.1     85  11.18    105     12  306.5  340.4  308.5
  775.0   2308   13.2    7.2     67   8.29     99     14  308.0  333.5  309.5
  746.0   2630   11.4   10.0     91  10.44     93     16  309.4  341.5  311.3
  744.0   2652   11.2    9.6     90  10.19     92     16  309.4  340.8  311.3
  736.0   2743   11.6    4.6     62   7.28     90     17  310.8  333.6  312.2
  733.0   2777   12.0    4.0     58   7.00     90     17  311.6  333.6  312.9
  714.0   2997   10.6    4.4     65   7.40     85     18  312.4  335.7  313.9
  700.0   3163    9.6    4.7     71   7.71     90     19  313.1  337.4  314.5
  594.0   4503    0.7   -2.0     82   5.58    110     10  317.8  335.9  318.9
  586.0   4613    0.0   -2.6     83   5.42    107     11  318.2  335.9  319.2
  551.0   5103   -2.2   -8.2     64   3.77     95     16  321.3  333.9  322.0
  531.0   5398   -3.5  -11.5     54   3.00    115     15  323.1  333.4  323.7
  500.0   5870   -6.5  -16.5     45   2.12    105     17  325.1  332.5  325.5
  484.0   6123   -8.7  -19.7     41   1.67     97     19  325.4  331.3  325.7
  472.0   6317   -9.3  -29.3     18   0.72     92     20  327.0  329.7  327.1
  430.0   7032  -13.5  -26.5     33   1.03     70     24  330.4  334.3  330.7
  421.0   7192  -13.9  -30.4     23   0.73     65     25  331.9  334.7  332.1
  400.0   7580  -14.9  -39.9     10   0.30     65     24  335.5  336.8  335.6
  392.0   7733  -14.9  -41.9      8   0.25     66     24  337.5  338.5  337.5
  336.0   8876  -24.3  -37.3     29   0.46     74     25  339.8  341.7  339.9
  331.0   8984  -25.2  -37.1     32   0.48     75     25  340.0  342.0  340.1
  304.0   9595  -30.5  -35.8     60   0.60     55     31  341.0  343.4  341.1
  300.0   9690  -31.3  -35.6     66   0.62     50     30  341.1  343.6  341.3
  293.0   9857  -32.9  -36.1     73   0.60     38     28  341.2  343.6  341.3
  291.0   9905  -33.2  -36.6     71   0.57     35     28  341.4  343.7  341.5
  270.0  10430  -36.7  -42.7     54   0.33     38     27  343.7  345.1  343.8
  256.0  10797  -40.0  -44.4     63   0.29     40     26  344.1  345.3  344.1
  250.0  10960  -41.5  -45.2     67   0.27     45     29  344.2  345.4  344.3
  245.0  11097  -42.6  -46.3     67   0.25     45     32  344.6  345.6  344.7
  239.0  11265  -43.9  -47.6     67   0.22     45     33  345.1  346.0  345.1
  200.0  12440  -54.1  -62.1     37   0.04     45     44  346.9  347.1  346.9
  190.0  12766  -56.9  -65.9     31   0.03     47     45  347.6  347.7  347.6
  161.0  13778  -66.6  -74.2     34   0.01     55     47  348.1  348.2  348.1
  153.0  14089  -69.5  -76.7     35   0.01     55     49  348.1  348.2  348.1
  150.0  14210  -70.7  -77.7     35   0.01     55     51  348.1  348.1  348.1
  145.0  14409  -72.5  -79.5     34   0.01     57     57  348.4  348.4  348.4
  138.0  14697  -74.5  -81.5     33   0.00     60     65  349.8  349.8  349.8
  136.0  14782  -75.1  -82.1     33   0.00     60     67  350.2  350.2  350.2
  132.0  14954  -75.9  -84.9     23   0.00     60     70  351.8  351.8  351.8
  131.0  14998  -75.3  -84.6     22   0.00     60     71  353.6  353.6  353.6
  126.0  15224  -72.3  -83.3     18   0.00     64     55  363.0  363.0  363.0
  121.0  15462  -71.1  -85.1     11   0.00     68     38  369.4  369.4  369.4
  118.0  15608  -71.8  -85.9     11   0.00     70     28  370.8  370.8  370.8
  107.0  16177  -74.5  -89.1      9   0.00     90     15  376.3  376.3  376.3
  101.0  16512  -76.0  -91.0      8   0.00     85      8  379.5  379.5  379.5
  100.0  16570  -76.3  -91.3      8   0.00     65      6  380.1  380.1  380.1
   96.0  16808  -75.7  -90.7      8   0.00    310      9  385.7  385.7  385.7
   92.3  17037  -75.1  -90.1      8   0.00    299      9  391.2  391.2  391.2
   91.0  17119  -75.6  -90.4      8   0.00    295      9  391.8  391.8  391.8
   87.0  17380  -77.2  -91.5      9   0.00    250      6  393.6  393.6  393.6
   85.4  17488  -77.9  -91.9      9   0.00    205      9  394.4  394.4  394.4
   82.0  17723  -77.1  -91.7      8   0.00    105     14  400.6  400.6  400.6
   78.0  18013  -76.1  -91.5      7   0.00     60      9  408.4  408.4  408.4
   74.7  18264  -75.3  -91.3      7   0.00     92     14  415.2  415.2  415.2
   71.2  18548  -69.7  -89.7      4   0.00    128     20  432.8  432.9  432.8
   71.0  18565  -69.7  -89.7      4   0.00    130     20  433.2  433.3  433.2
   70.0  18650  -69.5  -89.5      4   0.00    130     21  435.4  435.4  435.4
   65.5  19044  -71.9  -91.9      4   0.00    111     23  438.5  438.5  438.5
   64.0  19182  -70.8  -91.8      3   0.00    105     24  443.7  443.7  443.7
   61.0  19468  -68.6  -91.6      2   0.00     75     32  454.7  454.8  454.7
   59.5  19617  -67.5  -91.5      2   0.00     58     24  460.5  460.6  460.5
   58.6  19709  -64.1  -92.1      1   0.00     47     19  470.2  470.2  470.2
   58.0  19773  -63.9  -92.0      1   0.00     40     16  472.1  472.2  472.1
   55.0  20101  -62.5  -91.5      1   0.00    320     14  482.3  482.4  482.3
   52.0  20447  -61.2  -91.0      1   0.00    265     19  493.3  493.3  493.3
   51.4  20518  -60.9  -90.9      1   0.00    258     19  495.6  495.6  495.6
   50.0  20690  -61.3  -89.3      1   0.00    240     18  498.6  498.6  498.6
   48.0  20942  -62.0  -88.5      2   0.00    225     13  502.7  502.7  502.7
   46.3  21165  -62.7  -87.7      2   0.00    231     10  506.3  506.3  506.3
   45.0  21342  -61.6  -87.3      2   0.00    235      8  513.1  513.1  513.1
   43.0  21626  -59.9  -86.6      2   0.01    220     12  524.0  524.1  524.0
   41.0  21923  -58.1  -85.8      2   0.01    225      5  535.7  535.8  535.7
   40.6  21984  -57.7  -85.7      2   0.01    237      6  538.2  538.2  538.2
   39.0  22236  -58.4  -85.9      2   0.01    285      9  542.5  542.6  542.5
   37.6  22466  -59.1  -86.1      2   0.01    284     15  546.5  546.6  546.5
   35.9  22758  -55.7  -86.7      1   0.01    282     22  562.6  562.6  562.6
   34.0  23104  -55.8  -86.2      1   0.01    280     30  571.2  571.3  571.2
   30.0  23900  -55.9  -84.9      2   0.01    265     34  591.6  591.7  591.7
   27.5  24455  -52.9  -84.9      1   0.01    270     36  614.9  615.0  614.9
   23.1  25566  -56.3  -87.3      1   0.01    280     41  636.4  636.4  636.4
   20.3  26385  -55.1  -88.1      1   0.01    271     37  663.9  664.0  663.9
   20.0  26480  -54.7  -87.7      1   0.01    270     37  668.0  668.1  668.0
   19.0  26811  -52.3  -87.4      1   0.01    275     39  685.3  685.4  685.3
   18.6  26948  -51.3  -87.3      1   0.01    275     39  692.6  692.7  692.6
   15.0  28353  -50.0  -86.5      1   0.01    275     44  740.7  740.9  740.8
   14.0  28803  -49.6  -86.3      1   0.02    275     48  756.9  757.1  756.9
   13.0  29287  -49.2  -86.0      1   0.02    275     50  774.6  774.8  774.6
   12.0  29810  -48.7  -85.7      1   0.02                794.2  794.5  794.2
</PRE><H3>Station information and sounding indices</H3><PRE>
                         Station identifier: WIII
                             Station number: 96749
                           Observation time: 220918/0000
                           Station latitude: -6.11
                          Station longitude: 106.65
                          Station elevation: 8.0
                            Showalter index: -0.97
                               Lifted index: -2.45
    LIFT computed using virtual temperature: -3.03
                                SWEAT index: 217.79
                                    K index: 34.70
                         Cross totals index: 21.40
                      Vertical totals index: 24.70
                        Totals totals index: 46.10
      Convective Available Potential Energy: 453.82
             CAPE using virtual temperature: 577.44
                      Convective Inhibition: -71.57
             CINS using virtual temperature: -61.49
                           Equilibrum Level: 208.64
 Equilibrum Level using virtual temperature: 207.63
                   Level of Free Convection: 809.14
             LFCT using virtual temperature: 820.79
                     Bulk Richardson Number: 40.48
          Bulk Richardson Number using CAPV: 51.51
  Temp [K] of the Lifted Condensation Level: 293.47
Pres [hPa] of the Lifted Condensation Level: 933.38
   Equivalent potential temp [K] of the LCL: 347.24
     Mean mixed layer potential temperature: 299.32
              Mean mixed layer mixing ratio: 16.38
              1000 hPa to 500 hPa thickness: 5766.00
Precipitable water [mm] for entire sounding: 52.44
</PRE>
<P>Description of the 
<A HREF="/upperair/columns.html">data columns</A>
or <A HREF="/upperair/indices.html">sounding indices</A>.

<P>
<FORM>
<INPUT CLASS="button" TYPE="button" VALUE=" Close this window " 
 onClick="window.close();">
<INPUT CLASS="button" TYPE="button" VALUE=" Select another map " 
 onClick="window.blur();">
</FORM>
<HR SIZE="1">
<I>Interested in graduate studies in atmospheric science?
Check out our program at the
<a href="http://www.uwyo.edu/atsc/howtoapply/"
target=_top>University of Wyoming
</a></I>
<HR SIZE="1"><FONT SIZE="-1">
Questions about the weather data provided by this site can be
addressed to <A HREF="mailto:ldoolman@uwyo.edu">
Larry Oolman (ldoolman@uwyo.edu)</A></FONT>
<HR SIZE="1">
<SCRIPT TYPE="text/javascript">
<!--
window.focus();
// -->
</SCRIPT>
</BODY>
</HTML>
