2019-09-16 00
<HTML>
<TITLE>University of Wyoming - Radiosonde Data</TITLE>
<BODY BGCOLOR="white">
<H2>96749 WIII Jakarta Observations at 00Z 16 Sep 2019</H2>
<PRE>
-----------------------------------------------------------------------------
   PRES   HGHT   TEMP   DWPT   RELH   MIXR   DRCT   SKNT   THTA   THTE   THTV
    hPa     m      C      C      %    g/kg    deg   knot     K      K      K 
-----------------------------------------------------------------------------
 1010.0      8   24.0   22.4     91  17.21    200      2  296.3  346.1  299.4
 1001.0     90   24.8   21.4     81  16.32    160      5  297.9  345.4  300.8
 1000.0     99   24.8   21.3     81  16.23    155      5  297.9  345.2  300.8
  977.0    301   23.6   19.7     79  14.98    110      9  298.7  342.5  301.4
  925.0    776   20.8   15.8     73  12.35     95     15  300.6  337.1  302.8
  856.0   1446   17.4    8.4     55   8.14     68     15  303.8  328.4  305.2
  850.0   1506   17.0    7.0     52   7.44     65     15  303.9  326.6  305.3
  821.0   1797   14.7    6.1     56   7.23     50      8  304.5  326.6  305.9
  792.0   2099   12.3    5.1     62   7.02    355      5  305.1  326.6  306.4
  737.0   2703    7.6    3.2     74   6.60    315      6  306.3  326.6  307.5
  733.0   2749    7.2    3.1     75   6.57    315      8  306.4  326.6  307.6
  731.0   2771    7.0    3.6     79   6.82    315      9  306.4  327.4  307.6
  716.0   2942    7.4    0.4     61   5.53    315     16  308.6  326.0  309.7
  711.0   3000    8.7   -4.7     38   3.80    315     19  310.7  322.9  311.4
  709.0   3023    9.2   -6.8     32   3.25    316     20  311.5  322.1  312.1
  708.0   3035   10.4  -17.6     12   1.36    316     20  312.9  317.6  313.2
  700.0   3130   12.6  -23.4      6   0.83    320     23  316.4  319.4  316.6
  698.0   3154   12.8  -27.2      4   0.59    322     23  316.9  319.1  317.0
  686.0   3298   11.9  -26.4      5   0.65    335     20  317.4  319.8  317.6
  638.0   3899    8.1  -23.1      9   0.94    325     24  319.8  323.2  319.9
  637.0   3912    8.0  -23.0      9   0.95    325     23  319.8  323.2  320.0
  615.0   4200    7.1  -29.0      6   0.57    330     11  322.0  324.2  322.1
  607.0   4307    6.8  -31.2      5   0.47      8      9  322.9  324.6  323.0
  593.0   4496    5.4  -29.7      6   0.55     75      6  323.4  325.5  323.5
  571.0   4801    3.1  -27.2      9   0.72    105     11  324.2  326.9  324.3
  543.0   5207    0.0  -24.0     14   1.02    105      9  325.2  328.9  325.4
  530.0   5399   -1.4  -25.1     15   0.94    105      8  325.8  329.2  325.9
  511.0   5688   -3.6  -26.9     15   0.83     30      6  326.5  329.6  326.7
  500.0   5860   -4.9  -27.9     15   0.78     15      6  327.0  329.9  327.1
  492.0   5985   -6.1  -28.4     15   0.75      0      7  327.1  329.9  327.2
  473.0   6291   -8.9  -29.6     17   0.70    355     10  327.3  329.9  327.4
  465.0   6424  -10.1  -30.1     18   0.68     17     10  327.4  329.9  327.5
  455.0   6590  -11.4  -31.8     17   0.59     45     10  327.8  330.1  328.0
  440.0   6847  -13.3  -34.3     15   0.48     82     18  328.5  330.4  328.6
  437.0   6899  -13.4  -35.4     14   0.43     90     20  329.1  330.8  329.2
  404.0   7494  -14.0  -47.5      4   0.13     90     38  335.7  336.3  335.8
  400.0   7570  -14.1  -49.1      3   0.11     90     37  336.6  337.1  336.6
  397.0   7627  -13.7  -49.7      3   0.10     90     37  337.8  338.3  337.8
  382.0   7921  -14.9  -49.9      3   0.10     88     39  340.0  340.4  340.0
  335.0   8900  -23.9  -49.9      7   0.12     82     45  340.7  341.2  340.7
  317.0   9301  -26.7  -51.7      8   0.10     80     48  342.2  342.6  342.2
  300.0   9700  -29.5  -53.5      8   0.09     60     44  343.7  344.1  343.7
  292.0   9889  -31.1  -54.5      8   0.08     60     44  344.0  344.4  344.0
  253.0  10889  -39.9  -59.9     10   0.05     69     43  345.4  345.6  345.4
  250.0  10970  -40.5                          70     43  345.7         345.7
  214.0  12001  -49.3                          85     23  347.8         347.8
  200.0  12450  -53.1                          75     17  348.5         348.5
  195.0  12608  -54.4                          75     16  349.0         349.0
  169.0  13498  -61.5                         110     23  351.7         351.7
  150.0  14240  -67.5                         115     34  353.6         353.6
  139.0  14693  -71.5                         112     30  354.4         354.4
  132.0  14992  -73.8                         110     28  355.6         355.6
  117.0  15690  -79.1                         101     28  358.2         358.2
  107.0  16192  -82.2                          95     28  361.5         361.5
  105.0  16298  -82.9                         101     31  362.2         362.2
  100.0  16570  -81.9                         115     37  369.2         369.2
   97.3  16723  -82.9                         118     32  370.2         370.2
   96.0  16799  -81.2                         120     29  374.9         374.9
   92.2  17029  -76.1                         154     12  389.4         389.4
   91.0  17105  -75.9                         165      7  391.2         391.2
   87.0  17366  -75.3                         290      9  397.5         397.5
   82.0  17709  -74.5                         295     14  406.0         406.0
   79.9  17860  -74.1                         277     16  409.8         409.8
   76.3  18131  -70.9                         246     20  421.9         421.9
   74.0  18312  -71.5                         225     22  424.2         424.2
   70.0  18640  -72.7                         240     21  428.5         428.5
   63.3  19224  -76.9                         255     17  431.8         431.8
   57.8  19752  -71.7                         285     16  454.9         454.9
   57.0  19834  -72.1                         290     16  455.7         455.7
   55.0  20043  -73.3                         275     15  457.8         457.8
   52.9  20270  -74.5                         299     12  460.1         460.1
   52.0  20371  -73.8                         310     10  464.0         464.0
   50.0  20600  -72.1                         320     12  473.2         473.2
   49.0  20719  -71.3                         310     12  477.8         477.8
   47.2  20940  -69.9                         252     13  486.3         486.3
   47.0  20965  -69.9                         245     13  486.9         486.9
   42.5  21562  -70.1                         272     14  500.6         500.6
   42.0  21633  -69.3                         275     14  504.3         504.3
   39.6  21986  -65.3                         272     16  522.9         522.9
   38.0  22237  -65.2                         270     17  529.3         529.3
   35.0  22736  -65.0                         305     34  542.3         542.3
   32.5  23186  -64.9                         286     36  554.3         554.3
   30.0  23670  -67.3                         265     38  560.6         560.6
   29.0  23874  -68.1                         260     37  563.9         563.9
   27.0  24303  -67.6                         250     35  576.8         576.8
   26.4  24438  -67.5                         253     37  580.9         580.9
   26.0  24531  -66.8                         255     38  585.4         585.4
   25.0  24769  -65.1                         240     30  596.9         596.9
   24.0  25017  -63.3                         262     22  609.1         609.1
   23.3  25201  -58.9                         278     16  627.2         627.2
   23.0  25282  -58.8                         285     13  629.7         629.7
   22.0  25561  -58.6                         325     23  638.4         638.4
   20.5  26005  -58.3                         288     30  652.4         652.4
   20.0  26160  -58.3                         275     32  657.0         657.0
   19.1  26448  -61.1                         271     30  657.0         657.0
   19.0  26480  -61.1                         270     30  658.1         658.1
   18.1  26782  -60.9                         234     21  667.8         667.8
   18.0  26816  -60.7                         230     20  669.5         669.5
   17.2  27100  -58.9                         202     28  684.0         684.0
   17.0  27174  -57.8                         195     30  689.8         689.8
   16.2  27481  -53.3                         139     25  714.0         714.0
   16.0  27561  -51.8                         125     24  721.3         721.3
   15.9  27601  -51.1                         119     24  725.0         725.0
   15.0  27981  -50.9                          65     26  737.9         737.9
   14.2  28337  -50.7                                     750.1         750.1
</PRE><H3>Station information and sounding indices</H3><PRE>
                         Station identifier: WIII
                             Station number: 96749
                           Observation time: 190916/0000
                           Station latitude: -6.11
                          Station longitude: 106.65
                          Station elevation: 8.0
                            Showalter index: 8.11
                               Lifted index: 0.77
    LIFT computed using virtual temperature: 0.08
                                SWEAT index: 119.99
                                    K index: -7.10
                         Cross totals index: 11.90
                      Vertical totals index: 21.90
                        Totals totals index: 33.80
      Convective Available Potential Energy: 104.16
             CAPE using virtual temperature: 167.55
                      Convective Inhibition: -57.21
             CINS using virtual temperature: -29.06
                           Equilibrum Level: 423.09
 Equilibrum Level using virtual temperature: 418.80
                   Level of Free Convection: 817.39
             LFCT using virtual temperature: 847.84
                     Bulk Richardson Number: 9.77
          Bulk Richardson Number using CAPV: 15.72
  Temp [K] of the Lifted Condensation Level: 292.31
Pres [hPa] of the Lifted Condensation Level: 929.89
   Equivalent potential temp [K] of the LCL: 342.99
     Mean mixed layer potential temperature: 298.46
              Mean mixed layer mixing ratio: 15.30
              1000 hPa to 500 hPa thickness: 5761.00
Precipitable water [mm] for entire sounding: 32.39
</PRE>
<P>Description of the 
<A HREF="/upperair/columns.html">data columns</A>
or <A HREF="/upperair/indices.html">sounding indices</A>.

<P>
<FORM>
<INPUT CLASS="button" TYPE="button" VALUE=" Close this window " 
 onClick="window.close();">
<INPUT CLASS="button" TYPE="button" VALUE=" Select another map " 
 onClick="window.blur();">
</FORM>
<HR SIZE="1">
<I>Interested in graduate studies in atmospheric science?
Check out our program at the
<a href="http://www.uwyo.edu/atsc/howtoapply/"
target=_top>University of Wyoming
</a></I>
<HR SIZE="1"><FONT SIZE="-1">
Questions about the weather data provided by this site can be
addressed to <A HREF="mailto:ldoolman@uwyo.edu">
Larry Oolman (ldoolman@uwyo.edu)</A></FONT>
<HR SIZE="1">
<SCRIPT TYPE="text/javascript">
<!--
window.focus();
// -->
</SCRIPT>
</BODY>
</HTML>
